MTS793|BTW|ENU|1|2|.|/|:|1|0|0|A

Data Header:			arielle_monotonic_typei_general			Time:	20.026611	s	4/15/2019 7:29:44 PM
Data Acquisition:	Timed
Station Name:	ft40.cfg
Test File Name:	arielle_monotonic_typei_general.tst
Displacement	Force	Running Time
mm	N	s
9.9786596	-79.96769	0.031494141
9.9794693	-76.536369	0.041259766
9.9780502	-72.591316	0.051025391
9.9791698	-71.350197	0.060791016
9.9799137	-69.894012	0.070556641
9.9806032	-72.727242	0.080322266
9.9802685	-73.722862	0.090087891
9.9824629	-73.13884	0.099853516
9.9824276	-76.073174	0.10961914
9.9831324	-72.905006	0.11938477
9.9848957	-69.674789	0.12915039
9.9849653	-66.138054	0.13891602
9.9869728	-70.891045	0.14868164
9.9877138	-71.442955	0.15844727
9.988245	-74.541359	0.16821289
9.9881029	-71.222214	0.17797852
9.9893475	-66.074638	0.18774414
9.9897432	-67.547203	0.19750977
9.9912205	-64.576431	0.20727539
9.9908686	-66.871475	0.21704102
9.9933519	-68.828094	0.22680664
9.9927301	-69.807404	0.23657227
9.9933519	-70.556168	0.24633789
9.9949284	-60.586155	0.25610352
9.9955759	-61.533295	0.26586914
9.9965076	-63.172409	0.27563477
9.9976301	-67.878273	0.28540039
9.9972219	-69.13327	0.29516602
10.000096	-63.404865	0.30493164
9.9997864	-63.642143	0.31469727
10.000704	-58.704647	0.32446289
10.001532	-58.283699	0.33422852
10.002693	-61.841316	0.34399414
10.002477	-63.809959	0.35375977
10.004188	-67.173897	0.36352539
10.005522	-58.850662	0.37329102
10.006115	-54.930374	0.38305664
10.005459	-56.567883	0.39282227
10.006275	-57.546997	0.40258789
10.007967	-63.463142	0.41235352
10.00825	-60.961006	0.42211914
10.009968	-59.836979	0.43188477
10.009427	-53.843563	0.44165039
10.011139	-51.469799	0.45141602
10.011814	-54.026234	0.46118164
10.012969	-57.465935	0.47094727
10.01312	-60.459911	0.48071289
10.013683	-58.443542	0.49047852
10.014665	-50.177868	0.50024414
10.014656	-46.735611	0.51000977
10.016594	-51.354671	0.51977539
10.01802	-55.771091	0.52954102
10.018366	-53.613205	0.53930664
10.017695	-56.991974	0.54907227
10.02021	-51.895741	0.55883789
10.020748	-47.142811	0.56860352
10.021404	-46.497589	0.57836914
10.023199	-48.502556	0.58813477
10.023826	-56.145863	0.59790039
10.023609	-52.131817	0.60766602
10.025248	-49.307365	0.61743164
10.025933	-44.933857	0.62719727
10.026864	-43.749367	0.63696289
10.027058	-47.87912	0.64672852
10.027543	-48.063026	0.65649414
10.02897	-49.64389	0.66625977
10.029491	-48.005066	0.67602539
10.030568	-42.55862	0.68579102
10.032022	-44.671692	0.69555664
10.031963	-39.653759	0.70532227
10.033294	-45.079121	0.71508789
10.033506	-47.803337	0.72485352
10.034781	-46.586411	0.73461914
10.034585	-42.8834	0.74438477
10.036598	-38.595707	0.75415039
10.037486	-39.496223	0.76391602
10.038164	-40.043312	0.77368164
10.038812	-41.73399	0.78344727
10.03946	-43.652943	0.79321289
10.039171	-43.828636	0.80297852
10.041813	-40.080502	0.81274414
10.042057	-35.268505	0.82250977
10.0426	-36.782269	0.83227539
10.044346	-37.386612	0.84204102
10.044163	-40.558388	0.85180664
10.044425	-39.226967	0.86157227
10.045393	-34.894501	0.87133789
10.045614	-36.462513	0.88110352
10.047505	-31.851706	0.89086914
10.048131	-33.8368	0.90063477
10.049342	-35.61924	0.91040039
10.05037	-36.591949	0.92016602
10.051399	-39.302208	0.92993164
10.050479	-29.892973	0.93969727
10.05281	-29.002834	0.94946289
10.054003	-28.86422	0.95922852
10.054002	-33.617016	0.96899414
10.054691	-36.233719	0.97875977
10.05545	-32.419003	0.98852539
10.057439	-31.734127	0.99829102
10.057655	-26.748745	1.0080566
10.05865	-24.527798	1.0178223
10.059168	-29.787985	1.0275879
10.0601	-29.954607	1.0373535
10.059617	-34.70557	1.0471191
10.062066	-30.781878	1.0568848
10.062235	-21.922319	1.0666504
10.062968	-21.845598	1.076416
10.063136	-25.556965	1.0861816
10.064801	-29.867567	1.0959473
10.06594	-29.814457	1.1057129
10.065523	-26.82295	1.1154785
10.066189	-24.184551	1.1252441
10.066819	-20.237442	1.1350098
10.068863	-20.360769	1.1447754
10.069166	-23.201792	1.154541
10.069887	-29.020111	1.1643066
10.07077	-27.178097	1.1740723
10.072307	-20.799143	1.1838379
10.073114	-17.505913	1.1936035
10.073699	-18.646334	1.2033691
10.074553	-22.142889	1.2131348
10.076078	-23.503611	1.2229004
10.075691	-21.990189	1.232666
10.076597	-20.050179	1.2424316
10.078011	-16.458372	1.2521973
10.078754	-14.95192	1.2619629
10.079098	-13.507009	1.2717285
10.079911	-21.736269	1.2814941
10.081473	-20.753273	1.2912598
10.081923	-20.502638	1.3010254
10.082932	-12.995267	1.310791
10.084168	-11.429729	1.3205566
10.085521	-15.366628	1.3303223
10.085284	-15.093507	1.3400879
10.08606	-15.234101	1.3498535
10.087048	-16.115726	1.3596191
10.087361	-14.528015	1.3693848
10.087999	-12.73762	1.3791504
10.088745	-6.6536393	1.388916
10.090379	-11.469252	1.3986816
10.090387	-13.566404	1.4084473
10.090814	-15.320301	1.4182129
10.092562	-13.967534	1.4279785
10.093685	-7.7026095	1.4377441
10.094019	-9.7841644	1.4475098
10.094658	-5.2355418	1.4572754
10.095325	-7.1454744	1.467041
10.096814	-11.518882	1.4768066
10.096789	-11.653458	1.4865723
10.098145	-9.8765793	1.4963379
10.099233	-4.4006162	1.5061035
10.099553	-0.88367736	1.5158691
10.100077	-4.2807155	1.5256348
10.10181	-7.3161964	1.5354004
10.102606	-9.3344307	1.545166
10.103053	-5.7480183	1.5549316
10.104031	-4.3531303	1.5646973
10.103525	1.1353543	1.5744629
10.105242	1.5043368	1.5842285
10.106011	-2.0838156	1.5939941
10.107543	-5.951519	1.6037598
10.108513	-5.3604865	1.6135254
10.109239	0.25492075	1.623291
10.110073	3.8297853	1.6330566
10.110243	4.8626399	1.6428223
10.110635	-0.46504417	1.6525879
10.112209	-2.9324019	1.6623535
10.112925	-1.0289731	1.6721191
10.112869	-1.1187979	1.6818848
10.114241	6.635148	1.6916504
10.116236	8.0054598	1.701416
10.117217	6.0233397	1.7111816
10.11728	2.5188911	1.7209473
10.116988	-2.2171288	1.7307129
10.118669	2.8361826	1.7404785
10.118352	7.6751599	1.7502441
10.12016	11.590495	1.7600098
10.120669	12.289902	1.7697754
10.121494	4.7016435	1.779541
10.122904	5.1937585	1.7893066
10.122747	3.5939085	1.7990723
10.124252	8.4674158	1.8088379
10.12485	14.640537	1.8186035
10.126288	11.446856	1.8283691
10.125404	12.724298	1.8381348
10.128	4.4614892	1.8479004
10.128854	8.0411806	1.857666
10.128409	11.843791	1.8674316
10.130931	14.338264	1.8771973
10.130758	16.575191	1.8869629
10.130842	13.549508	1.8967285
10.132926	12.936395	1.9064941
10.132079	11.429632	1.9162598
10.134166	12.15462	1.9260254
10.134968	14.895792	1.935791
10.136744	18.095772	1.9455566
10.136338	20.753284	1.9553223
10.137316	14.473544	1.9650879
10.138249	13.448126	1.9748535
10.139292	12.205048	1.9846191
10.139639	19.527828	1.9943848
10.139157	21.385206	2.0041504
10.142152	20.401993	2.013916
10.141816	21.725065	2.0236816
10.14333	20.019142	2.0334473
10.143332	16.895844	2.0432129
10.144609	17.970997	2.0529785
10.145205	20.53289	2.0627441
10.146446	28.351496	2.0725098
10.146804	23.816269	2.0822754
10.147959	22.153212	2.092041
10.148738	20.258989	2.1018066
10.149079	20.065762	2.1115723
10.150873	23.953651	2.1213379
10.151493	24.118345	2.1311035
10.15264	27.45056	2.1408691
10.153591	27.828217	2.1506348
10.15296	23.963936	2.1604004
10.154037	23.442833	2.170166
10.154669	23.439854	2.1799316
10.155681	30.932674	2.1896973
10.158054	35.026207	2.1994629
10.157883	30.657104	2.2092285
10.15749	28.972469	2.2189941
10.158878	25.182604	2.2287598
10.159621	29.237345	2.2385254
10.16046	30.238373	2.248291
10.160975	34.747101	2.2580566
10.163033	37.638981	2.2678223
10.163412	34.664467	2.2775879
10.165292	28.934912	2.2873535
10.164888	28.302446	2.2971191
10.164577	32.631523	2.3068848
10.16685	38.967953	2.3166504
10.167838	39.763752	2.326416
10.168233	37.765057	2.3361816
10.168809	33.374878	2.3459473
10.17063	32.511669	2.3557129
10.170912	33.664471	2.3654785
10.171684	39.955055	2.3752441
10.173211	41.696541	2.3850098
10.17223	41.797562	2.3947754
10.173993	39.565815	2.404541
10.17483	31.668816	2.4143066
10.175144	36.751003	2.4240723
10.176556	41.154247	2.4338379
10.176958	45.464046	2.4436035
10.178387	44.945084	2.4533691
10.178291	39.00523	2.4631348
10.179637	40.708076	2.4729004
10.180741	38.982132	2.482666
10.180342	41.764587	2.4924316
10.182495	45.406918	2.5021973
10.183337	47.068817	2.5119629
10.183292	47.483639	2.5217285
10.183805	41.640755	2.5314941
10.18552	41.309631	2.5412598
10.185913	44.359116	2.5510254
10.185892	46.955677	2.560791
10.187623	52.625828	2.5705566
10.188301	49.989441	2.5803223
10.189418	47.311089	2.5900879
10.190312	48.57695	2.5998535
10.191014	46.257576	2.6096191
10.192023	46.704132	2.6193848
10.193306	52.646976	2.6291504
10.193155	54.929932	2.638916
10.193958	52.499893	2.6486816
10.19556	50.572647	2.6584473
10.195937	48.893848	2.6682129
10.197201	51.993351	2.6779785
10.197442	55.132881	2.6877441
10.198099	55.035404	2.6975098
10.199139	56.198853	2.7072754
10.200194	56.514229	2.717041
10.20044	53.850792	2.7268066
10.20217	51.121742	2.7365723
10.201412	54.130142	2.7463379
10.202868	61.122765	2.7561035
10.203904	60.581841	2.7658691
10.204783	59.936043	2.7756348
10.206566	54.971615	2.7854004
10.20721	52.928288	2.795166
10.207879	60.578541	2.8049316
10.207366	57.191654	2.8146973
10.208642	65.141296	2.8244629
10.209172	63.705975	2.8342285
10.211571	61.436943	2.8439941
10.211812	57.902081	2.8537598
10.212314	54.764526	2.8635254
10.212443	63.821449	2.873291
10.213177	68.148109	2.8830566
10.214934	68.483505	2.8928223
10.215033	64.599892	2.9025879
10.216953	59.839397	2.9123535
10.21748	64.406891	2.9221191
10.219004	64.498634	2.9318848
10.219063	69.454414	2.9416504
10.218968	71.601578	2.951416
10.220023	69.271538	2.9611816
10.220725	66.802887	2.9709473
10.221283	62.62709	2.9807129
10.223329	62.730453	2.9904785
10.223221	72.842606	3.0002441
10.224187	73.886185	3.0100098
10.224756	71.791954	3.0197754
10.224288	68.432648	3.029541
10.227808	68.142776	3.0393066
10.228004	68.673897	3.0490723
10.228843	72.327179	3.0588379
10.229228	76.114532	3.0686035
10.23015	76.327011	3.0783691
10.231608	77.887909	3.0881348
10.231591	67.828796	3.0979004
10.232767	71.280228	3.107666
10.233688	74.34108	3.1174316
10.234385	79.486687	3.1271973
10.235944	81.225815	3.1369629
10.234912	75.960632	3.1467285
10.23603	77.199211	3.1564941
10.237867	74.447098	3.1662598
10.237868	75.898048	3.1760254
10.23824	80.715866	3.185791
10.239823	81.662033	3.1955566
10.241803	85.651115	3.2053223
10.241944	77.651283	3.2150879
10.241725	76.737129	3.2248535
10.243351	78.674255	3.2346191
10.244903	80.394897	3.2443848
10.244661	86.789375	3.2541504
10.244888	83.363602	3.263916
10.246978	83.76992	3.2736816
10.24692	84.986023	3.2834473
10.247841	80.309395	3.2932129
10.248908	82.264114	3.3029785
10.250231	85.745712	3.3127441
10.248878	88.645782	3.3225098
10.250456	90.029037	3.3322754
10.252422	85.817963	3.342041
10.252867	82.43026	3.3518066
10.253735	84.741272	3.3615723
10.25456	88.670784	3.3713379
10.25602	89.853477	3.3811035
10.2559	92.940742	3.3908691
10.257887	90.396576	3.4006348
10.258889	87.409424	3.4104004
10.257941	87.049728	3.420166
10.259479	85.325119	3.4299316
10.260234	93.178162	3.4396973
10.260762	95.543335	3.4494629
10.262417	95.253082	3.4592285
10.262751	91.728981	3.4689941
10.262887	88.47126	3.4787598
10.263942	92.322762	3.4885254
10.265403	93.125244	3.498291
10.26548	99.445763	3.5080566
10.2662	98.877228	3.5178223
10.267867	98.251785	3.5275879
10.268457	95.362709	3.5373535
10.269448	89.004677	3.5471191
10.270285	95.736473	3.5568848
10.270926	103.50677	3.5666504
10.271504	101.99771	3.576416
10.272104	100.76726	3.5861816
10.273393	94.530861	3.5959473
10.273735	96.677689	3.6057129
10.274164	96.389	3.6154785
10.274793	101.56876	3.6252441
10.277201	106.74917	3.6350098
10.277389	104.41299	3.6447754
10.278007	104.38127	3.654541
10.278883	96.271324	3.6643066
10.28027	98.923508	3.6740723
10.280313	105.63003	3.6838379
10.281412	110.49933	3.6936035
10.28249	109.65804	3.7033691
10.282845	104.9819	3.7131348
10.283889	103.83356	3.7229004
10.284444	102.27512	3.732666
10.28543	105.2055	3.7424316
10.286257	109.78105	3.7521973
10.28778	111.45995	3.7619629
10.287741	112.80357	3.7717285
10.289691	105.51508	3.7814941
10.289326	107.02075	3.7912598
10.289401	106.80957	3.8010254
10.290842	112.58483	3.810791
10.29214	115.00591	3.8205566
10.292267	113.28263	3.8303223
10.293531	112.91075	3.8400879
10.294193	109.32426	3.8498535
10.29551	111.27747	3.8596191
10.295548	112.40131	3.8693848
10.295699	115.04831	3.8791504
10.297384	122.2608	3.888916
10.299122	115.53432	3.8986816
10.298826	115.30474	3.9084473
10.300577	113.13869	3.9182129
10.300397	114.20523	3.9279785
10.30091	119.84132	3.9377441
10.302254	119.11787	3.9475098
10.303535	121.44919	3.9572754
10.304229	119.85519	3.967041
10.304749	116.0397	3.9768066
10.305022	115.80622	3.9865723
10.306172	117.60034	3.9963379
10.306512	124.43532	4.0061035
10.308852	124.59114	4.0158691
10.31024	122.38911	4.0256348
10.309332	120.78908	4.0354004
10.310639	117.16323	4.045166
10.311745	124.38157	4.0549316
10.312133	124.82684	4.0646973
10.312971	127.23911	4.0744629
10.314467	130.35835	4.0842285
10.314308	125.15398	4.0939941
10.315003	121.97107	4.1037598
10.315527	120.80486	4.1135254
10.317307	127.56161	4.123291
10.318379	131.92592	4.1330566
10.319687	132.33575	4.1428223
10.3196	127.1123	4.1525879
10.320925	124.45049	4.1623535
10.320816	125.32047	4.1721191
10.321778	126.14271	4.1818848
10.322745	134.23573	4.1916504
10.324213	134.98886	4.201416
10.324703	134.10567	4.2111816
10.326588	130.87639	4.2209473
10.326344	124.41779	4.2307129
10.326076	131.07242	4.2404785
10.327726	135.76707	4.2502441
10.329054	137.97966	4.2600098
10.329038	135.60353	4.2697754
10.330643	129.74991	4.279541
10.33165	132.21231	4.2893066
10.331757	130.86349	4.2990723
10.332416	134.76149	4.3088379
10.332915	140.27667	4.3186035
10.333445	140.18179	4.3283691
10.334883	140.60692	4.3381348
10.335993	132.5863	4.3479004
10.336688	132.63425	4.357666
10.336695	140.28708	4.3674316
10.338122	141.81587	4.3771973
10.33845	144.24675	4.3869629
10.339826	139.87892	4.3967285
10.340812	139.20116	4.4064941
10.341716	138.28296	4.4162598
10.342672	138.79712	4.4260254
10.342544	142.94453	4.435791
10.344286	146.35825	4.4455566
10.345697	147.01933	4.4553223
10.345902	142.47638	4.4650879
10.346378	141.88495	4.4748535
10.347126	141.32214	4.4846191
10.348527	146.94862	4.4943848
10.348782	148.04614	4.5041504
10.350103	147.28618	4.513916
10.349788	148.66249	4.5236816
10.351936	146.75226	4.5334473
10.352055	144.98323	4.5432129
10.352521	145.013	4.5529785
10.353737	147.25119	4.5627441
10.354162	154.37764	4.5725098
10.354551	151.80247	4.5822754
10.356675	150.77121	4.592041
10.357658	147.33443	4.6018066
10.357476	146.77177	4.6115723
10.358041	154.52669	4.6213379
10.359456	152.23088	4.6311035
10.361367	157.64136	4.6408691
10.360143	155.84616	4.6506348
10.361796	152.18344	4.6604004
10.362004	151.24768	4.670166
10.363848	149.27187	4.6799316
10.364569	157.56593	4.6896973
10.365303	160.76913	4.6994629
10.366026	157.87021	4.7092285
10.36648	155.32533	4.7189941
10.368147	153.43567	4.7287598
10.367974	155.77632	4.7385254
10.368887	158.87062	4.748291
10.370042	161.18222	4.7580566
10.370486	163.7303	4.7678223
10.371532	161.29497	4.7775879
10.372128	156.78603	4.7873535
10.372827	153.02393	4.7971191
10.374475	160.3483	4.8068848
10.374313	167.3351	4.8166504
10.37518	167.09305	4.826416
10.377083	162.09196	4.8361816
10.376884	160.04968	4.8459473
10.377949	158.9789	4.8557129
10.378561	159.72409	4.8654785
10.379992	167.08725	4.8752441
10.380211	169.71703	4.8850098
10.382174	169.14114	4.8947754
10.38201	165.72983	4.904541
10.382609	159.04111	4.9143066
10.384047	164.11787	4.9240723
10.384509	168.68739	4.9338379
10.385817	172.42554	4.9436035
10.386633	172.24255	4.9533691
10.3866	166.62042	4.9631348
10.387124	166.71265	4.9729004
10.387859	164.58794	4.982666
10.389249	167.72955	4.9924316
10.390638	173.31842	5.0021973
10.391296	174.40114	5.0119629
10.392041	177.67549	5.0217285
10.393343	168.99869	5.0314941
10.393406	170.34709	5.0412598
10.394272	172.9471	5.0510254
10.394633	174.92599	5.060791
10.396729	178.46977	5.0705566
10.396585	174.53514	5.0803223
10.397704	174.69217	5.0900879
10.398299	173.9924	5.0998535
10.399321	172.57394	5.1096191
10.399981	176.15121	5.1193848
10.401402	176.99312	5.1291504
10.401361	183.89954	5.138916
10.401309	179.12743	5.1486816
10.403086	177.47829	5.1584473
10.403635	174.89403	5.1682129
10.405178	178.31314	5.1779785
10.405499	181.64977	5.1877441
10.407559	182.50452	5.1975098
10.407749	183.38103	5.2072754
10.408655	182.66042	5.217041
10.408787	180.40965	5.2268066
10.410361	179.49937	5.2365723
10.412147	181.83199	5.2463379
10.411408	188.13885	5.2561035
10.41256	188.75089	5.2658691
10.412038	188.26886	5.2756348
10.413838	182.575	5.2854004
10.415681	181.9377	5.295166
10.414224	185.85258	5.3049316
10.416533	186.72488	5.3146973
10.41676	191.22691	5.3244629
10.41779	193.09753	5.3342285
10.418886	187.95323	5.3439941
10.420003	184.88919	5.3537598
10.420463	182.79265	5.3635254
10.420597	191.45316	5.373291
10.422028	196.13443	5.3830566
10.422716	193.93768	5.3928223
10.424469	191.07484	5.4025879
10.423911	186.10291	5.4123535
10.425134	189.69521	5.4221191
10.425847	190.28934	5.4318848
10.426694	196.37216	5.4416504
10.428424	197.67134	5.451416
10.428997	196.42445	5.4611816
10.42965	193.72874	5.4709473
10.430634	187.06148	5.4807129
10.430861	192.46783	5.4904785
10.431675	200.38097	5.5002441
10.433053	200.78198	5.5100098
10.433249	199.30461	5.5197754
10.434246	195.53859	5.529541
10.434707	192.8784	5.5393066
10.435928	195.25241	5.5490723
10.437245	199.30754	5.5588379
10.438272	202.57582	5.5686035
10.438132	205.47708	5.5783691
10.440552	202.22951	5.5881348
10.439959	195.30603	5.5979004
10.440415	198.03033	5.607666
10.441217	200.61247	5.6174316
10.442223	204.95015	5.6271973
10.442966	205.93248	5.6369629
10.443872	202.11885	5.6467285
10.445383	203.28519	5.6564941
10.445956	200.49252	5.6662598
10.446124	203.49507	5.6760254
10.448316	204.61023	5.685791
10.448353	208.23932	5.6955566
10.448462	211.95659	5.7053223
10.449655	203.48129	5.7150879
10.449939	203.89459	5.7248535
10.452407	205.27426	5.7346191
10.451987	209.18495	5.7443848
10.452308	212.93489	5.7541504
10.453486	211.39235	5.763916
10.453815	211.75774	5.7736816
10.454222	209.84796	5.7834473
10.455935	207.90242	5.7932129
10.45721	209.80928	5.8029785
10.457911	211.82079	5.8127441
10.459008	217.2437	5.8225098
10.459812	215.87373	5.8322754
10.459456	213.05304	5.842041
10.461279	210.73483	5.8518066
10.461214	211.15244	5.8615723
10.462098	215.50409	5.8713379
10.463048	218.03252	5.8811035
10.464576	218.72458	5.8908691
10.465175	220.33815	5.9006348
10.466577	215.90602	5.9104004
10.466963	213.75705	5.920166
10.466607	214.2298	5.9299316
10.46809	221.80873	5.9396973
10.469334	224.75006	5.9494629
10.470527	222.85716	5.9592285
10.470608	216.28363	5.9689941
10.471044	215.62538	5.9787598
10.472162	218.78687	5.9885254
10.473158	219.92778	5.998291
10.474372	226.17654	6.0080566
10.474119	225.88966	6.0178223
10.475904	225.90837	6.0275879
10.476027	219.05814	6.0373535
10.477506	215.48935	6.0471191
10.477699	223.88872	6.0568848
10.479338	228.45287	6.0666504
10.480035	230.00055	6.076416
10.480752	227.93614	6.0861816
10.481174	223.30936	6.0959473
10.481508	224.09944	6.1057129
10.483349	223.49539	6.1154785
10.483419	229.58261	6.1252441
10.484356	232.94371	6.1350098
10.485604	231.37448	6.1447754
10.485617	229.26927	6.154541
10.487485	223.03592	6.1643066
10.488325	225.46997	6.1740723
10.489818	233.58003	6.1838379
10.489353	235.77617	6.1936035
10.49111	235.55727	6.2033691
10.491412	231.83727	6.2131348
10.492429	228.74191	6.2229004
10.492489	230.86732	6.232666
10.494043	231.99373	6.2424316
10.493544	235.74641	6.2521973
10.494533	238.45244	6.2619629
10.496201	238.51671	6.2717285
10.497036	232.74998	6.2814941
10.498151	232.79222	6.2912598
10.498384	234.21774	6.3010254
10.498953	239.39891	6.310791
10.499756	240.14107	6.3205566
10.501562	240.35445	6.3303223
10.502133	238.71213	6.3400879
10.502274	236.21056	6.3498535
10.50329	236.53284	6.3596191
10.504679	237.66127	6.3693848
10.505385	242.16232	6.3791504
10.50616	246.73599	6.388916
10.506174	241.20467	6.3986816
10.507689	241.40268	6.4084473
10.508496	237.4332	6.4182129
10.508592	240.5507	6.4279785
10.510103	246.07878	6.4377441
10.511162	243.64078	6.4475098
10.511214	247.85391	6.4572754
10.511863	246.16228	6.467041
10.512893	242.99542	6.4768066
10.51331	240.79106	6.4865723
10.514246	241.51941	6.4963379
10.515428	252.242	6.5061035
10.516607	252.35445	6.5158691
10.516822	248.04169	6.5256348
10.5185	245.88239	6.5354004
10.51857	245.24724	6.545166
10.519318	250.23323	6.5549316
10.520545	249.27589	6.5646973
10.520672	254.88135	6.5744629
10.521106	255.56323	6.5842285
10.522992	251.11678	6.5939941
10.523504	248.757	6.6037598
10.523597	246.04608	6.6135254
10.52551	253.41275	6.623291
10.526424	259.48398	6.6330566
10.52736	257.38318	6.6428223
10.527949	254.24532	6.6525879
10.528914	252.28998	6.6623535
10.52864	251.64651	6.6721191
10.530943	253.31947	6.6818848
10.53102	260.15588	6.6916504
10.532049	261.60455	6.701416
10.532711	261.3877	6.7111816
10.532924	255.60657	6.7209473
10.533199	251.8071	6.7307129
10.536583	256.09616	6.7404785
10.535327	263.38721	6.7502441
10.536552	266.83441	6.7600098
10.538455	264.63263	6.7697754
10.537659	258.56726	6.779541
10.539194	258.44785	6.7893066
10.540475	257.32199	6.7990723
10.54105	263.42233	6.8088379
10.54211	267.41043	6.8186035
10.542418	267.16153	6.8283691
10.543404	268.25235	6.8381348
10.544962	258.46896	6.8479004
10.54432	261.43579	6.857666
10.545816	265.33698	6.8674316
10.545619	269.31488	6.8771973
10.547113	271.62604	6.8869629
10.548447	266.40158	6.8967285
10.548849	266.01846	6.9064941
10.55005	265.08957	6.9162598
10.550786	266.58493	6.9260254
10.551759	270.32718	6.935791
10.553564	272.04132	6.9455566
10.552898	274.31714	6.9553223
10.552891	268.17624	6.9650879
10.55487	266.793	6.9748535
10.555961	268.14328	6.9846191
10.555634	271.45831	6.9943848
10.557484	275.345	7.0041504
10.558368	276.22153	7.013916
10.558835	274.25119	7.0236816
10.559301	274.49158	7.0334473
10.560685	271.13733	7.0432129
10.560958	272.58316	7.0529785
10.562017	275.57877	7.0627441
10.563342	281.75333	7.0725098
10.564642	277.85757	7.0822754
10.563855	276.54434	7.092041
10.566475	273.1748	7.1018066
10.565707	275.9996	7.1115723
10.566883	277.45261	7.1213379
10.568353	279.35144	7.1311035
10.568131	284.19833	7.1408691
10.569921	281.78687	7.1506348
10.570235	278.33377	7.1604004
10.571445	276.54764	7.170166
10.5712	276.2959	7.1799316
10.572656	284.96698	7.1896973
10.573118	287.94748	7.1994629
10.573713	286.30103	7.2092285
10.574533	281.96399	7.2189941
10.575889	277.79828	7.2287598
10.57645	280.0954	7.2385254
10.578514	282.11618	7.248291
10.577747	288.03952	7.2580566
10.578959	291.11108	7.2678223
10.580052	287.09976	7.2775879
10.580605	283.86456	7.2873535
10.580615	279.91815	7.2971191
10.581999	284.35333	7.3068848
10.583553	293.10117	7.3166504
10.583603	293.40039	7.326416
10.584136	291.37939	7.3361816
10.586096	286.19186	7.3459473
10.586832	286.38416	7.3557129
10.587099	287.88806	7.3654785
10.58754	291.37268	7.3752441
10.587771	296.13422	7.3850098
10.589656	297.03662	7.3947754
10.588925	292.75598	7.404541
10.590616	285.92236	7.4143066
10.591774	288.87439	7.4240723
10.592816	295.26593	7.4338379
10.593256	301.08185	7.4436035
10.594637	298.16644	7.4533691
10.595222	296.02127	7.4631348
10.595712	293.69601	7.4729004
10.597745	292.40073	7.482666
10.597813	297.36749	7.4924316
10.598434	297.96838	7.5021973
10.600125	301.17651	7.5119629
10.600584	301.72824	7.5217285
10.600953	294.08475	7.5314941
10.601156	294.57489	7.5412598
10.603112	296.91208	7.5510254
10.603504	302.99048	7.560791
10.60517	305.16852	7.5705566
10.605039	300.0675	7.5803223
10.604994	301.36847	7.5900879
10.606353	298.84595	7.5998535
10.607292	298.9119	7.6096191
10.608095	303.40817	7.6193848
10.608907	304.10724	7.6291504
10.609518	310.02545	7.638916
10.610443	304.49179	7.6486816
10.611173	302.71521	7.6584473
10.612271	302.3541	7.6682129
10.6135	303.25717	7.6779785
10.614121	309.59662	7.6877441
10.613942	309.98065	7.6975098
10.61633	308.2164	7.7072754
10.617177	309.87634	7.717041
10.617351	304.60675	7.7268066
10.618128	302.06998	7.7365723
10.618406	307.25882	7.7463379
10.618401	313.73792	7.7561035
10.620459	314.5434	7.7658691
10.621589	311.96082	7.7756348
10.622197	307.65579	7.7854004
10.623072	310.259	7.795166
10.623953	310.27176	7.8049316
10.624928	311.60574	7.8146973
10.62588	318.06369	7.8244629
10.626156	317.44284	7.8342285
10.627898	316.8746	7.8439941
10.627235	310.5318	7.8537598
10.628819	309.21848	7.8635254
10.628671	315.83081	7.873291
10.629216	319.83438	7.8830566
10.631714	322.59665	7.8928223
10.631946	317.12399	7.9025879
10.632886	313.83408	7.9123535
10.632589	315.1496	7.9221191
10.634305	314.57721	7.9318848
10.634466	322.76108	7.9416504
10.636301	324.8772	7.951416
10.636647	321.58762	7.9611816
10.63706	319.25229	7.9709473
10.638433	311.62521	7.9807129
10.640017	318.05704	7.9904785
10.640399	325.44189	8.0002441
10.640708	327.95084	8.0100098
10.642527	325.99377	8.0197754
10.64221	319.25623	8.029541
10.642562	318.39551	8.0393066
10.643906	320.36765	8.0490723
10.645678	323.14917	8.0588379
10.646332	329.59186	8.0686035
10.647382	328.65405	8.0783691
10.647594	328.35159	8.0881348
10.647596	321.27951	8.0979004
10.649419	322.80093	8.107666
10.650049	327.08496	8.1174316
10.651089	332.87781	8.1271973
10.65239	332.49902	8.1369629
10.651725	329.16647	8.1467285
10.653032	326.44336	8.1564941
10.652946	325.46823	8.1662598
10.655058	327.58307	8.1760254
10.655351	329.86661	8.185791
10.656574	334.17139	8.1955566
10.657288	336.60385	8.2053223
10.657609	327.48254	8.2150879
10.659613	330.01001	8.2248535
10.659341	329.71982	8.2346191
10.660335	332.96964	8.2443848
10.661436	337.96143	8.2541504
10.661865	336.3125	8.263916
10.662812	338.22281	8.2736816
10.664534	334.71387	8.2834473
10.6648	333.08093	8.2932129
10.664134	333.84985	8.3029785
10.666183	335.3822	8.3127441
10.666078	344.3541	8.3225098
10.667619	339.27759	8.3322754
10.668136	338.33835	8.342041
10.67006	334.60468	8.3518066
10.670378	334.75763	8.3615723
10.670863	340.29108	8.3713379
10.671758	341.30621	8.3811035
10.672767	342.92334	8.3908691
10.674331	345.09265	8.4006348
10.674459	339.07272	8.4104004
10.673982	337.54932	8.420166
10.67654	337.56323	8.4299316
10.676867	347.70084	8.4396973
10.677369	350.21231	8.4494629
10.678378	346.82864	8.4592285
10.678783	342.66476	8.4689941
10.679184	340.36386	8.4787598
10.681463	343.20474	8.4885254
10.680829	345.2821	8.498291
10.683678	350.33109	8.5080566
10.682775	351.65067	8.5178223
10.684598	348.12888	8.5275879
10.684696	344.03964	8.5373535
10.684658	340.42276	8.5471191
10.687057	347.67307	8.5568848
10.687601	353.89215	8.5666504
10.687618	356.22729	8.576416
10.68832	353.05096	8.5861816
10.690289	347.1203	8.5959473
10.689975	348.42361	8.6057129
10.691242	346.742	8.6154785
10.692734	354.74847	8.6252441
10.693106	358.22574	8.6350098
10.694042	356.22662	8.6447754
10.694303	354.10651	8.654541
10.695367	346.31503	8.6643066
10.696353	349.94846	8.6740723
10.697141	357.0412	8.6838379
10.698092	360.42603	8.6936035
10.698443	359.64749	8.7033691
10.69898	355.29965	8.7131348
10.700418	354.4028	8.7229004
10.701239	352.50342	8.732666
10.701863	355.16565	8.7424316
10.701965	361.27084	8.7521973
10.704969	363.1236	8.7619629
10.704744	362.52454	8.7717285
10.705475	355.72931	8.7814941
10.705716	355.17383	8.7912598
10.707086	359.69977	8.8010254
10.707436	363.5571	8.810791
10.708769	365.63632	8.8205566
10.708564	363.21597	8.8303223
10.709462	361.69611	8.8400879
10.711437	360.47946	8.8498535
10.712069	359.9313	8.8596191
10.712481	361.9425	8.8693848
10.714091	367.81146	8.8791504
10.714405	369.71399	8.888916
10.715509	364.99078	8.8986816
10.715084	363.55807	8.9084473
10.716602	361.60565	8.9182129
10.71732	364.39233	8.9279785
10.71872	369.45941	8.9377441
10.719069	367.94522	8.9475098
10.719704	372.7067	8.9572754
10.7214	368.29773	8.967041
10.721175	366.83212	8.9768066
10.722159	366.16354	8.9865723
10.722322	368.13672	8.9963379
10.723655	376.16553	9.0061035
10.725409	374.66861	9.0158691
10.725636	372.9183	9.0256348
10.726815	368.45963	9.0354004
10.727015	369.51215	9.045166
10.727674	371.3172	9.0549316
10.728412	372.09125	9.0646973
10.728985	379.26758	9.0744629
10.730468	378.78006	9.0842285
10.730543	371.66431	9.0939941
10.732223	371.67325	9.1037598
10.732678	370.40494	9.1135254
10.73422	376.84451	9.123291
10.734647	382.99243	9.1330566
10.735698	382.10931	9.1428223
10.735968	375.97818	9.1525879
10.736517	374.57712	9.1623535
10.737521	374.0412	9.1721191
10.738011	374.38904	9.1818848
10.740206	383.0484	9.1916504
10.740985	384.65549	9.201416
10.741394	383.39658	9.2111816
10.742469	379.34247	9.2209473
10.743697	374.89008	9.2307129
10.743568	378.88336	9.2404785
10.745187	385.42349	9.2502441
10.744649	389.28226	9.2600098
10.746333	383.62643	9.2697754
10.746698	381.52478	9.279541
10.747711	380.44333	9.2893066
10.74812	378.82999	9.2990723
10.749318	385.98755	9.3088379
10.749675	389.59427	9.3186035
10.750392	390.7858	9.3283691
10.75133	387.84601	9.3381348
10.752206	379.80637	9.3479004
10.753759	381.67465	9.357666
10.753951	385.72369	9.3674316
10.754691	391.24362	9.3771973
10.756598	394.49472	9.3869629
10.756744	388.37213	9.3967285
10.756306	388.81219	9.4064941
10.756708	386.13699	9.4162598
10.758574	386.70728	9.4260254
10.759533	393.30203	9.435791
10.760381	394.40091	9.4455566
10.762589	397.15213	9.4553223
10.761869	390.70016	9.4650879
10.762915	388.84012	9.4748535
10.764905	391.98444	9.4846191
10.764477	393.8165	9.4943848
10.765799	397.11514	9.5041504
10.767687	396.22079	9.513916
10.76646	396.5921	9.5236816
10.767324	396.35172	9.5334473
10.768643	392.17624	9.5432129
10.768891	394.25244	9.5529785
10.770844	399.90402	9.5627441
10.772338	401.38126	9.5725098
10.771273	400.96524	9.5822754
10.773037	397.75833	9.592041
10.773808	393.64865	9.6018066
10.774311	397.39117	9.6115723
10.774639	400.05008	9.6213379
10.775653	401.2821	9.6311035
10.776789	404.56638	9.6408691
10.777165	404.24945	9.6506348
10.779015	398.92392	9.6604004
10.779767	397.99945	9.670166
10.780097	398.36136	9.6799316
10.780078	406.05243	9.6896973
10.782011	408.0274	9.6994629
10.782003	409.40576	9.7092285
10.783652	402.43576	9.7189941
10.783411	398.44025	9.7287598
10.784731	403.93204	9.7385254
10.786518	403.41714	9.748291
10.786433	411.40344	9.7580566
10.787208	412.77386	9.7678223
10.788297	408.78995	9.7775879
10.788375	404.77054	9.7873535
10.788933	400.57782	9.7971191
10.791348	407.32318	9.8068848
10.792131	414.36954	9.8166504
10.792589	414.9263	9.826416
10.79283	411.82986	9.8361816
10.793977	406.78088	9.8459473
10.795415	407.01511	9.8557129
10.795236	409.31256	9.8654785
10.796102	412.63431	9.8752441
10.797825	417.2388	9.8850098
10.798389	417.65311	9.8947754
10.798681	411.87601	9.904541
10.799071	405.54083	9.9143066
10.800612	408.34396	9.9240723
10.801018	415.89676	9.9338379
10.802113	419.97638	9.9436035
10.802384	419.54321	9.9533691
10.803938	415.62387	9.9631348
10.804738	413.71988	9.9729004
10.806517	410.80826	9.982666
10.806397	417.12845	9.9924316
10.807602	421.14429	10.002197
10.808566	425.35059	10.011963
10.808411	420.74774	10.021729
10.808959	415.80557	10.031494
10.810236	415.65833	10.04126
10.810186	418.45905	10.051025
10.812063	423.60544	10.060791
10.812057	425.51764	10.070557
10.814073	422.62595	10.080322
10.813681	422.7272	10.090088
10.815069	419.08533	10.099854
10.816527	419.84354	10.109619
10.816575	422.62158	10.119385
10.817109	425.69159	10.12915
10.818397	431.8905	10.138916
10.818923	425.18042	10.148682
10.820308	423.37231	10.158447
10.821241	422.64044	10.168213
10.821491	426.19672	10.177979
10.821648	428.90567	10.187744
10.82306	427.98297	10.19751
10.823621	430.26126	10.207275
10.824527	429.89218	10.217041
10.825707	423.85712	10.226807
10.826442	426.41769	10.236572
10.828234	426.83719	10.246338
10.827878	434.04437	10.256104
10.828883	434.94568	10.265869
10.830159	431.95398	10.275635
10.830109	427.73911	10.2854
10.830919	428.23932	10.295166
10.83202	429.65372	10.304932
10.832932	432.40088	10.314697
10.833738	437.57938	10.324463
10.8348	437.89011	10.334229
10.835767	433.73471	10.343994
10.83594	429.84644	10.35376
10.836191	429.39508	10.363525
10.837733	437.17191	10.373291
10.839707	441.07007	10.383057
10.840129	441.30472	10.392822
10.839798	436.17117	10.402588
10.841025	433.36795	10.412354
10.841267	433.38968	10.422119
10.841858	433.54681	10.431885
10.843473	443.54807	10.44165
10.844303	444.43344	10.451416
10.845069	442.37094	10.461182
10.845561	439.50906	10.470947
10.847382	431.74655	10.480713
10.847904	438.53601	10.490479
10.848318	445.17447	10.500244
10.849584	447.19437	10.51001
10.850407	447.07834	10.519775
10.850992	439.93173	10.529541
10.852402	439.82449	10.539307
10.852221	439.55249	10.549072
10.853768	442.72253	10.558838
10.854476	449.18073	10.568604
10.855472	450.86456	10.578369
10.857213	446.45493	10.588135
10.857404	439.12936	10.5979
10.856739	441.30136	10.607666
10.858506	447.39844	10.617432
10.858329	450.95349	10.627197
10.859908	451.61935	10.636963
10.85982	447.53223	10.646729
10.86092	448.38611	10.656494
10.861718	445.51544	10.66626
10.864462	446.29205	10.676025
10.864715	450.59845	10.685791
10.866393	454.37491	10.695557
10.867116	455.69446	10.705322
10.866346	448.99719	10.715088
10.867928	448.25433	10.724854
10.868225	448.82355	10.734619
10.86874	453.13785	10.744385
10.868999	457.23492	10.75415
10.870883	455.59296	10.763916
10.870637	457.22867	10.773682
10.871354	453.24472	10.783447
10.872656	450.73401	10.793213
10.874125	452.48682	10.802979
10.873796	455.52838	10.812744
10.875121	464.83554	10.82251
10.876336	458.80182	10.832275
10.876854	457.39859	10.842041
10.876982	453.11774	10.851807
10.877679	455.18903	10.861572
10.88033	461.86423	10.871338
10.880326	461.0018	10.881104
10.881126	463.47632	10.890869
10.881332	463.79904	10.900635
10.8823	457.19525	10.9104
10.8836	457.0972	10.920166
10.884145	457.57111	10.929932
10.883863	465.88571	10.939697
10.886335	469.16443	10.949463
10.886765	465.81766	10.959229
10.887345	462.73389	10.968994
10.888059	459.15744	10.97876
10.889207	462.18692	10.988525
10.889511	464.3974	10.998291
10.891168	470.06668	11.008057
10.891863	471.78351	11.017822
10.892702	466.17096	11.027588
10.893676	463.88583	11.037354
10.893905	461.789	11.047119
10.89519	467.29587	11.056885
10.896339	474.42053	11.06665
10.897155	475.35324	11.076416
10.896352	469.67548	11.086182
10.897528	467.99332	11.095947
10.898997	466.9632	11.105713
10.899231	466.92593	11.115479
10.901055	474.26871	11.125244
10.900047	475.45932	11.13501
10.90213	476.53412	11.144775
10.903068	471.89215	11.154541
10.904298	464.80173	11.164307
10.903971	469.99176	11.174072
10.905327	473.79672	11.183838
10.90645	481.06503	11.193604
10.907119	478.77142	11.203369
10.907114	473.78949	11.213135
10.909363	475.08191	11.2229
10.909553	472.53308	11.232666
10.909711	474.71613	11.242432
10.911362	480.80038	11.252197
10.912789	481.14255	11.261963
10.912505	481.96185	11.271729
10.913879	472.14941	11.281494
10.914208	474.30145	11.29126
10.91495	477.90784	11.301025
10.915826	480.59933	11.310791
10.916947	484.8494	11.320557
10.918069	480.87537	11.330322
10.918945	480.32086	11.340088
10.91978	478.31229	11.349854
10.919539	477.02551	11.359619
10.920137	481.30283	11.369385
10.921826	485.00153	11.37915
10.922623	488.84143	11.388916
10.923084	484.00574	11.398682
10.924599	481.94998	11.408447
10.923804	479.29977	11.418213
10.924834	484.85794	11.427979
10.925768	487.2977	11.437744
10.927724	488.47284	11.44751
10.92766	489.22577	11.457275
10.929764	488.15601	11.467041
10.929844	485.23767	11.476807
10.93057	482.57623	11.486572
10.930938	486.7337	11.496338
10.931941	494.23874	11.506104
10.93332	493.54816	11.515869
10.933872	492.23135	11.525635
10.934644	485.49329	11.5354
10.935118	484.55905	11.545166
10.937068	490.25558	11.554932
10.936746	491.58884	11.564697
10.937855	497.2229	11.574463
10.938495	496.69336	11.584229
10.939565	491.47098	11.593994
10.940186	490.07632	11.60376
10.940628	484.92545	11.613525
10.942263	495.37268	11.623291
10.943345	500.25732	11.633057
10.943877	498.98019	11.642822
10.94472	496.93616	11.652588
10.945397	490.54037	11.662354
10.945811	493.93185	11.672119
10.947318	494.35388	11.681885
10.947425	500.63498	11.69165
10.948732	504.70203	11.701416
10.949096	503.04245	11.711182
10.95104	496.38696	11.720947
10.951112	491.57776	11.730713
10.952232	494.05316	11.740479
10.952539	504.47269	11.750244
10.95447	505.82266	11.76001
10.954413	504.4068	11.769775
10.955053	498.84589	11.779541
10.956309	497.31635	11.789307
10.957012	496.19998	11.799072
10.957714	503.70602	11.808838
10.957351	506.21616	11.818604
10.959777	509.13425	11.828369
10.960083	504.7865	11.838135
10.960677	498.93121	11.8479
10.961759	499.77637	11.857666
10.962001	504.8595	11.867432
10.962541	509.50687	11.877197
10.964408	509.46231	11.886963
10.963783	505.45245	11.896729
10.965138	506.63489	11.906494
10.96667	502.65341	11.91626
10.967697	505.35089	11.926025
10.968064	509.94403	11.935791
10.968911	512.45612	11.945557
10.970196	515.54761	11.955322
10.970622	505.47458	11.965088
10.971155	505.41507	11.974854
10.972023	506.79684	11.984619
10.972415	511.73044	11.994385
10.973882	516.724	12.00415
10.974633	514.21991	12.013916
10.975204	514.13861	12.023682
10.977186	511.9809	12.033447
10.976407	508.43341	12.043213
10.976991	510.03973	12.052979
10.979045	514.25073	12.062744
10.979193	520.47797	12.07251
10.980782	516.96906	12.082275
10.98167	514.30975	12.092041
10.981835	511.20209	12.101807
10.982693	513.82037	12.111572
10.983124	516.30988	12.121338
10.984348	519.26538	12.131104
10.98499	520.49835	12.140869
10.986444	520.62109	12.150635
10.986185	516.42133	12.1604
10.98713	513.08514	12.170166
10.98794	513.94196	12.179932
10.989842	523.72504	12.189697
10.989948	524.25385	12.199463
10.990697	522.77997	12.209229
10.991418	518.1629	12.218994
10.992094	517.36865	12.22876
10.993997	520.55267	12.238525
10.994338	519.73853	12.248291
10.994477	527.18353	12.258057
10.995644	527.23303	12.267822
10.996449	523.87097	12.277588
10.99791	519.73895	12.287354
10.997599	516.79865	12.297119
10.998343	524.05676	12.306885
11.000237	529.38751	12.31665
11.00087	532.50775	12.326416
11.002339	528.10748	12.336182
11.002988	522.2431	12.345947
11.002762	524.48486	12.355713
11.00338	522.86188	12.365479
11.005166	529.19019	12.375244
11.005736	535.28149	12.38501
11.005802	532.72485	12.394775
11.007176	530.89716	12.404541
11.007904	522.23218	12.414307
11.008367	525.19965	12.424072
11.010631	533.11536	12.433838
11.0116	535.81763	12.443604
11.011189	536.59387	12.453369
11.011999	529.7002	12.463135
11.01282	528.55579	12.4729
11.013715	528.2724	12.482666
11.014518	532.29962	12.492432
11.014313	535.20239	12.502197
11.015935	538.45996	12.511963
11.017413	539.13727	12.521729
11.01722	529.55627	12.531494
11.018348	531.8974	12.54126
11.019367	534.07574	12.551025
11.020156	538.72131	12.560791
11.021635	540.77911	12.570557
11.021935	537.14911	12.580322
11.022696	538.0224	12.590088
11.022944	534.10321	12.599854
11.024888	535.47369	12.609619
11.024464	536.67346	12.619385
11.025521	541.1524	12.62915
11.026106	546.42346	12.638916
11.027493	538.99506	12.648682
11.02816	537.48676	12.658447
11.028782	536.79602	12.668213
11.029721	540.05853	12.677979
11.030682	545.56415	12.687744
11.031318	544.86182	12.69751
11.032366	546.83862	12.707275
11.033686	545.39264	12.717041
11.035233	539.26776	12.726807
11.0355	540.29205	12.736572
11.035701	541.85614	12.746338
11.036899	550.6062	12.756104
11.037052	550.63739	12.765869
11.037761	548.16833	12.775635
11.039043	542.95837	12.7854
11.040069	541.53601	12.795166
11.040123	546.96344	12.804932
11.041348	548.45557	12.814697
11.041572	551.9184	12.824463
11.042875	554.57507	12.834229
11.044803	547.84314	12.843994
11.044463	544.06757	12.85376
11.046067	543.58185	12.863525
11.04636	551.40778	12.873291
11.046183	555.03357	12.883057
11.047688	556.32642	12.892822
11.048095	550.0874	12.902588
11.051063	548.48065	12.912354
11.049179	547.89832	12.922119
11.050626	548.24194	12.931885
11.051882	558.96191	12.94165
11.052698	559.70245	12.951416
11.053885	555.06488	12.961182
11.05473	551.42084	12.970947
11.055585	545.06085	12.980713
11.05632	552.69922	12.990479
11.05675	557.41754	13.000244
11.057351	561.38519	13.01001
11.057288	559.87213	13.019775
11.059292	552.7467	13.029541
11.060961	554.23798	13.039307
11.060653	552.55542	13.049072
11.061424	559.41644	13.058838
11.062249	562.74463	13.068604
11.062881	562.37305	13.078369
11.064915	562.875	13.088135
11.065143	553.12183	13.0979
11.065385	555.33289	13.107666
11.066877	560.85724	13.117432
11.067899	565.02466	13.127197
11.067956	567.31952	13.136963
11.06882	561.02435	13.146729
11.069897	559.52197	13.156494
11.070407	559.43719	13.16626
11.071459	560.40997	13.176025
11.072033	563.59314	13.185791
11.072838	566.90948	13.195557
11.074002	570.13806	13.205322
11.073734	561.14679	13.215088
11.075501	561.37305	13.224854
11.076354	563.59924	13.234619
11.076529	566.24152	13.244385
11.078091	570.19116	13.25415
11.078532	567.37518	13.263916
11.078732	570.6438	13.273682
11.080789	568.18799	13.283447
11.080996	565.39581	13.293213
11.082396	566.19617	13.302979
11.082804	570.74512	13.312744
11.084069	575.7005	13.32251
11.084102	570.47107	13.332275
11.084558	570.85223	13.342041
11.086532	564.5083	13.351807
11.086277	567.08905	13.361572
11.087074	572.25171	13.371338
11.089634	572.7959	13.381104
11.089781	575.68555	13.390869
11.089551	576.07227	13.400635
11.091262	570.52509	13.4104
11.090536	568.92267	13.420166
11.093252	569.30261	13.429932
11.093946	579.88574	13.439697
11.093983	578.82715	13.449463
11.095357	577.98608	13.459229
11.095914	574.51587	13.468994
11.097356	572.21558	13.47876
11.096524	575.8092	13.488525
11.098026	574.74408	13.498291
11.099152	581.73456	13.508057
11.099535	584.71564	13.517822
11.100078	578.18024	13.527588
11.100952	574.43304	13.537354
11.102116	571.88983	13.547119
11.103377	577.08228	13.556885
11.104639	583.34937	13.56665
11.104863	584.90344	13.576416
11.105103	582.14331	13.586182
11.106155	576.89917	13.595947
11.106607	578.48663	13.605713
11.10713	577.90167	13.615479
11.109618	585.7135	13.625244
11.10958	587.65106	13.63501
11.109365	588.0332	13.644775
11.110305	583.52277	13.654541
11.111992	576.93652	13.664307
11.113209	582.01709	13.674072
11.114145	585.84772	13.683838
11.11396	590.91406	13.693604
11.115386	590.39331	13.703369
11.114779	584.77911	13.713135
11.118447	585.60883	13.7229
11.118102	582.09253	13.732666
11.117394	586.75916	13.742432
11.120426	590.06952	13.752197
11.121168	592.87134	13.761963
11.120931	592.36011	13.771729
11.121154	582.87714	13.781494
11.123116	584.98694	13.79126
11.12351	588.03168	13.801025
11.123739	592.51837	13.810791
11.125188	596.54596	13.820557
11.125881	591.43048	13.830322
11.127058	591.76758	13.840088
11.127606	589.46082	13.849854
11.128473	586.5351	13.859619
11.128911	588.89941	13.869385
11.129203	595.64795	13.87915
11.130861	600.34064	13.888916
11.131371	593.59393	13.898682
11.132671	591.02277	13.908447
11.133928	589.13226	13.918213
11.135583	594.61981	13.927979
11.134552	597.74933	13.937744
11.13645	596.39075	13.94751
11.136227	598.97296	13.957275
11.136608	597.4881	13.967041
11.138474	592.89996	13.976807
11.138694	592.20099	13.986572
11.140215	594.91888	13.996338
11.13993	603.72736	14.006104
11.14148	600.84735	14.015869
11.142664	601.73401	14.025635
11.14307	595.30743	14.0354
11.14454	594.5036	14.045166
11.14475	598.50391	14.054932
11.145667	599.94836	14.064697
11.146517	604.34692	14.074463
11.146605	604.63251	14.084229
11.147623	600.69971	14.093994
11.14855	599.08038	14.10376
11.149295	594.67023	14.113525
11.15031	604.50909	14.123291
11.150783	607.38501	14.133057
11.152463	608.0365	14.142822
11.153561	603.27527	14.152588
11.153543	598.88177	14.162354
11.155132	601.83691	14.172119
11.153937	601.40485	14.181885
11.155566	608.83728	14.19165
11.156757	611.96509	14.201416
11.157452	609.36334	14.211182
11.157989	604.63458	14.220947
11.159494	598.11896	14.230713
11.160243	603.95691	14.240479
11.159965	612.20557	14.250244
11.16148	614.39679	14.26001
11.162777	611.52759	14.269775
11.162911	605.04462	14.279541
11.163705	605.91132	14.289307
11.165561	605.47992	14.299072
11.165626	610.41486	14.308838
11.166951	614.42188	14.318604
11.167359	618.46906	14.328369
11.167831	611.42126	14.338135
11.16946	606.54596	14.3479
11.169967	607.17786	14.357666
11.170398	611.03705	14.367432
11.171488	616.75427	14.377197
11.172445	616.83032	14.386963
11.173065	613.83386	14.396729
11.174169	612.67444	14.406494
11.174724	609.32025	14.41626
11.175159	614.34332	14.426025
11.175612	615.47327	14.435791
11.176806	620.04193	14.445557
11.178602	623.18488	14.455322
11.178677	612.7215	14.465088
11.17929	614.17712	14.474854
11.179747	614.09631	14.484619
11.181067	616.8147	14.494385
11.183031	623.09717	14.50415
11.183088	619.34503	14.513916
11.182714	620.53235	14.523682
11.184698	618.2464	14.533447
11.184479	613.96191	14.543213
11.186131	616.14978	14.552979
11.187002	621.64709	14.562744
11.186199	626.92242	14.57251
11.188115	624.13196	14.582275
11.189278	618.73669	14.592041
11.190115	618.73749	14.601807
11.190961	619.55627	14.611572
11.191975	623.42871	14.621338
11.192101	624.98761	14.631104
11.193488	628.7785	14.640869
11.194234	626.79608	14.650635
11.194256	621.13037	14.6604
11.196454	618.0246	14.670166
11.19792	621.07739	14.679932
11.196828	628.92358	14.689697
11.198437	629.72968	14.699463
11.199081	629.52881	14.709229
11.199494	624.0636	14.718994
11.200306	623.22473	14.72876
11.201493	626.05182	14.738525
11.202496	625.88947	14.748291
11.203074	633.24353	14.758057
11.203851	633.6828	14.767822
11.205112	631.01471	14.777588
11.206063	624.73712	14.787354
11.206178	621.77246	14.797119
11.206813	630.77344	14.806885
11.207833	634.19379	14.81665
11.209436	637.716	14.826416
11.209366	632.79993	14.836182
11.21034	627.36383	14.845947
11.210922	629.15491	14.855713
11.213037	627.49866	14.865479
11.212899	634.41486	14.875244
11.213882	639.91736	14.88501
11.214926	638.3266	14.894775
11.21554	634.72247	14.904541
11.215808	626.42126	14.914307
11.216962	631.2406	14.924072
11.217885	637.12567	14.933838
11.219697	638.86853	14.943604
11.218961	639.82141	14.953369
11.220201	635.35516	14.963135
11.221541	634.4787	14.9729
11.222389	633.81097	14.982666
11.223124	635.72321	14.992432
11.223574	641.67004	15.002197
11.225028	643.77612	15.011963
11.225	642.74878	15.021729
11.226911	633.83246	15.031494
11.226707	634.55579	15.04126
11.227426	637.65765	15.051025
11.22831	644.05524	15.060791
11.228913	645.47601	15.070557
11.229717	643.94318	15.080322
11.230334	642.91418	15.090088
11.231328	639.09216	15.099854
11.233496	638.61871	15.109619
11.233168	641.21198	15.119385
11.233914	646.83972	15.12915
11.234477	650.06171	15.138916
11.236506	642.46472	15.148682
11.236197	642.4707	15.158447
11.236841	640.86475	15.168213
11.238121	642.78436	15.177979
11.239212	648.67041	15.187744
11.238799	647.89526	15.19751
11.240687	651.38098	15.207275
11.242082	648.52313	15.217041
11.242935	644.24799	15.226807
11.242923	643.91901	15.236572
11.243583	644.08472	15.246338
11.244867	655.54865	15.256104
11.245071	652.99109	15.265869
11.245847	649.19574	15.275635
11.246686	646.12341	15.2854
11.248123	645.21179	15.295166
11.247621	650.38824	15.304932
11.248922	649.50989	15.314697
11.25023	656.52216	15.324463
11.251578	657.38464	15.334229
11.251971	649.64502	15.343994
11.252784	647.62933	15.35376
11.253918	646.09796	15.363525
11.253335	655.6615	15.373291
11.25577	659.20612	15.383057
11.256067	658.26288	15.392822
11.256248	653.33337	15.402588
11.257834	651.06201	15.412354
11.258255	649.83539	15.422119
11.259075	650.92273	15.431885
11.260669	659.11609	15.44165
11.260961	661.50446	15.451416
11.2617	659.21136	15.461182
11.261558	653.40912	15.470947
11.263533	648.09509	15.480713
11.264449	655.70758	15.490479
11.265057	659.78021	15.500244
11.266235	664.46387	15.51001
11.266222	661.31616	15.519775
11.266956	656.96326	15.529541
11.26812	656.72327	15.539307
11.269493	654.4848	15.549072
11.269875	662.52814	15.558838
11.270647	665.85809	15.568604
11.270192	666.81128	15.578369
11.272923	663.78418	15.588135
11.273514	656.06122	15.5979
11.274528	658.79224	15.607666
11.275059	663.1012	15.617432
11.275253	666.37958	15.627197
11.276713	669.6748	15.636963
11.276859	663.29706	15.646729
11.27849	663.9942	15.656494
11.278699	660.81616	15.66626
11.279022	661.28918	15.676025
11.280823	667.30219	15.685791
11.280364	670.52057	15.695557
11.282193	670.26343	15.705322
11.282429	664.19122	15.715088
11.284147	662.87408	15.724854
11.283896	664.56976	15.734619
11.285148	667.54199	15.744385
11.286407	670.94983	15.75415
11.286784	671.10614	15.763916
11.288262	669.98694	15.773682
11.288514	667.93506	15.783447
11.289337	666.6593	15.793213
11.289669	665.7326	15.802979
11.291568	671.77063	15.812744
11.291796	676.94318	15.82251
11.29328	672.15668	15.832275
11.292974	670.4527	15.842041
11.294096	666.66327	15.851807
11.295229	669.45575	15.861572
11.295508	674.34967	15.871338
11.29695	672.64771	15.881104
11.296875	676.95837	15.890869
11.298276	678.12842	15.900635
11.298678	672.26459	15.9104
11.300118	669.82916	15.920166
11.301083	668.92621	15.929932
11.301137	679.16809	15.939697
11.301179	680.95905	15.949463
11.303547	678.21564	15.959229
11.304933	675.04077	15.968994
11.304322	671.50067	15.97876
11.305994	676.31799	15.988525
11.307043	674.82513	15.998291
11.307586	682.52283	16.008057
11.307863	683.48859	16.017822
11.308879	680.34235	16.027588
11.30964	675.11639	16.037354
11.310804	673.07141	16.047119
11.310943	677.62885	16.056885
11.312656	686.45538	16.06665
11.314241	684.66125	16.076416
11.313208	680.52313	16.086182
11.315028	675.79089	16.095947
11.314918	677.0415	16.105713
11.315828	679.05518	16.115479
11.317339	684.65222	16.125244
11.318006	687.48853	16.13501
11.319014	689.17297	16.144775
11.319865	681.96832	16.154541
11.320381	677.46088	16.164307
11.320753	679.80103	16.174072
11.322103	686.50525	16.183838
11.32256	689.50366	16.193604
11.322955	690.23145	16.203369
11.324784	684.94012	16.213135
11.325296	684.23615	16.2229
11.325412	681.6626	16.232666
11.327696	685.86554	16.242432
11.327513	690.30341	16.252197
11.328652	692.87445	16.261963
11.329016	693.88721	16.271729
11.330667	681.10321	16.281494
11.330938	684.51935	16.29126
11.331615	686.68353	16.301025
11.332821	690.77368	16.310791
11.334049	694.47516	16.320557
11.334494	690.81494	16.330322
11.335061	690.7699	16.340088
11.335382	686.34717	16.349854
11.336556	687.12683	16.359619
11.337482	691.00049	16.369385
11.338284	694.8335	16.37915
11.339189	698.63031	16.388916
11.339869	691.13574	16.398682
11.340824	690.96228	16.408447
11.340969	688.8316	16.418213
11.341901	690.4137	16.427979
11.343492	696.02777	16.437744
11.343523	695.06238	16.44751
11.344943	696.3208	16.457275
11.345232	695.60339	16.467041
11.347618	691.63196	16.476807
11.346774	692.01807	16.486572
11.347641	694.71515	16.496338
11.347553	700.6933	16.506104
11.34957	700.9873	16.515869
11.349986	698.60968	16.525635
11.351241	693.84564	16.5354
11.353032	695.88855	16.545166
11.352164	696.78241	16.554932
11.352883	699.2843	16.564697
11.354638	704.742	16.574463
11.355718	702.93933	16.584229
11.356523	700.53119	16.593994
11.357263	695.90228	16.60376
11.357997	694.85028	16.613525
11.359571	702.48175	16.623291
11.358955	704.29248	16.633057
11.361157	708.21057	16.642822
11.360225	702.91382	16.652588
11.362045	698.31061	16.662354
11.363316	702.10229	16.672119
11.363117	698.7807	16.681885
11.363955	708.0412	16.69165
11.364864	710.53571	16.701416
11.366117	706.42084	16.711182
11.367274	702.82245	16.720947
11.368233	696.315	16.730713
11.368594	702.72473	16.740479
11.369431	710.39905	16.750244
11.370546	711.74475	16.76001
11.37095	708.87494	16.769775
11.371728	702.78864	16.779541
11.372467	701.93427	16.789307
11.373252	702.22168	16.799072
11.373836	708.54767	16.808838
11.375133	713.84027	16.818604
11.375061	713.32458	16.828369
11.377323	711.77502	16.838135
11.376469	704.02655	16.8479
11.378477	704.25555	16.857666
11.378947	709.62317	16.867432
11.379451	716.20898	16.877197
11.380257	715.54016	16.886963
11.381599	713.83673	16.896729
11.382552	709.91595	16.906494
11.382456	706.41077	16.91626
11.384304	709.4613	16.926025
11.385219	713.26135	16.935791
11.385778	717.04639	16.945557
11.38609	718.87372	16.955322
11.387136	710.99097	16.965088
11.38876	712.14838	16.974854
11.38896	710.78406	16.984619
11.388915	715.56549	16.994385
11.390493	718.56488	17.00415
11.390271	717.93378	17.013916
11.392974	718.18835	17.023682
11.392582	716.17487	17.033447
11.393726	711.90253	17.043213
11.395446	712.82813	17.052979
11.395467	717.31012	17.062744
11.396543	724.7016	17.07251
11.397167	719.22809	17.082275
11.397861	717.03687	17.092041
11.398116	714.79077	17.101807
11.399158	715.50177	17.111572
11.40057	721.33856	17.121338
11.400894	719.77521	17.131104
11.40129	723.53375	17.140869
11.402576	723.86877	17.150635
11.404193	718.19727	17.1604
11.405007	717.48102	17.170166
11.405556	718.1153	17.179932
11.406912	725.48999	17.189697
11.406417	726.58337	17.199463
11.406286	725.42181	17.209229
11.408409	721.18433	17.218994
11.409297	719.11206	17.22876
11.409712	720.97229	17.238525
11.410554	723.17401	17.248291
11.4119	727.5603	17.258057
11.412513	729.74323	17.267822
11.413621	727.8161	17.277588
11.414934	720.49335	17.287354
11.414623	719.71185	17.297119
11.416726	725.1983	17.306885
11.415321	731.68921	17.31665
11.417179	733.60565	17.326416
11.417451	727.6853	17.336182
11.419202	723.78296	17.345947
11.420179	724.85309	17.355713
11.419569	723.47168	17.365479
11.420199	732.33203	17.375244
11.421825	734.96667	17.38501
11.42243	732.95435	17.394775
11.424225	730.20349	17.404541
11.424956	719.76697	17.414307
11.425249	726.76215	17.424072
11.425603	731.39685	17.433838
11.426601	735.37103	17.443604
11.427734	735.57703	17.453369
11.428603	730.77356	17.463135
11.429482	730.31592	17.4729
11.430752	727.05139	17.482666
11.431269	730.57336	17.492432
11.431627	736.35846	17.502197
11.433006	737.56281	17.511963
11.433514	737.73505	17.521729
11.434184	729.19458	17.531494
11.435033	729.3092	17.54126
11.435635	733.71906	17.551025
11.436525	736.72284	17.560791
11.437312	738.31989	17.570557
11.439054	737.86499	17.580322
11.439095	735.27551	17.590088
11.43957	732.00433	17.599854
11.441316	733.25043	17.609619
11.44241	735.75293	17.619385
11.442473	741.09119	17.62915
11.443132	742.59821	17.638916
11.444065	737.41034	17.648682
11.445567	736.54364	17.658447
11.445725	733.93829	17.668213
11.44772	736.54102	17.677979
11.447366	743.14246	17.687744
11.447923	742.04419	17.69751
11.448813	743.26086	17.707275
11.44956	740.29083	17.717041
11.450984	737.78827	17.726807
11.450677	736.46783	17.736572
11.452082	738.47736	17.746338
11.451941	746.33856	17.756104
11.453709	744.62286	17.765869
11.454736	743.15375	17.775635
11.455566	738.85541	17.7854
11.456162	736.69958	17.795166
11.457055	740.85962	17.804932
11.4575	743.12653	17.814697
11.45915	748.51636	17.824463
11.459848	749.0415	17.834229
11.460386	742.96375	17.843994
11.460455	740.39087	17.85376
11.461319	740.63843	17.863525
11.463795	746.03729	17.873291
11.464424	750.64209	17.883057
11.463828	748.68372	17.892822
11.465446	746.94891	17.902588
11.465758	742.25348	17.912354
11.466188	742.7644	17.922119
11.467155	744.11139	17.931885
11.470116	750.2887	17.94165
11.469181	754.27448	17.951416
11.47005	751.72632	17.961182
11.471364	745.47394	17.970947
11.470694	742.22314	17.980713
11.472592	746.2196	17.990479
11.473173	753.06494	18.000244
11.474784	757.22888	18.01001
11.475387	752.37238	18.019775
11.475577	748.6297	18.029541
11.476678	748.08173	18.039307
11.477478	747.61597	18.049072
11.478284	752.5918	18.058838
11.479766	757.20074	18.068604
11.480025	757.71313	18.078369
11.48176	755.35956	18.088135
11.480969	745.61371	18.0979
11.482971	748.17938	18.107666
11.483161	752.52362	18.117432
11.48363	758.09064	18.127197
11.484025	759.81793	18.136963
11.486209	755.47729	18.146729
11.486318	753.33405	18.156494
11.48654	749.89886	18.16626
11.488132	752.43756	18.176025
11.488783	757.09094	18.185791
11.489372	759.8728	18.195557
11.490655	763.24921	18.205322
11.491299	753.17133	18.215088
11.491739	752.86627	18.224854
11.49329	754.66663	18.234619
11.494176	759.27106	18.244385
11.495211	762.97772	18.25415
11.495248	762.67737	18.263916
11.496434	761.02075	18.273682
11.496058	756.60596	18.283447
11.497578	753.92053	18.293213
11.498631	756.70105	18.302979
11.499907	760.48798	18.312744
11.49971	765.16949	18.32251
11.50138	763.09955	18.332275
11.502101	758.98071	18.342041
11.502878	757.03802	18.351807
11.503872	758.62579	18.361572
11.504495	763.35345	18.371338
11.504339	763.51129	18.381104
11.504615	765.27618	18.390869
11.506325	766.71149	18.400635
11.507023	760.08801	18.4104
11.508671	757.66669	18.420166
11.508915	760.92548	18.429932
11.509454	768.35474	18.439697
11.510838	768.73737	18.449463
11.511941	768.47217	18.459229
11.51267	762.75732	18.468994
11.513189	761.0249	18.47876
11.514696	763.82678	18.488525
11.514958	763.67902	18.498291
11.515939	769.97821	18.508057
11.517001	771.75421	18.517822
11.5176	767.60571	18.527588
11.519126	763.53839	18.537354
11.519299	759.11615	18.547119
11.519354	767.77991	18.556885
11.519938	773.20154	18.56665
11.520273	774.97601	18.576416
11.522415	772.82288	18.586182
11.522729	763.10767	18.595947
11.522704	765.68127	18.605713
11.524178	765.02753	18.615479
11.525245	772.56207	18.625244
11.525706	775.80585	18.63501
11.52704	775.46448	18.644775
11.527853	769.00507	18.654541
11.529326	764.03796	18.664307
11.52898	767.06787	18.674072
11.531372	773.13513	18.683838
11.531564	777.42932	18.693604
11.531496	775.35272	18.703369
11.532295	770.26282	18.713135
11.533249	771.29236	18.7229
11.533444	765.7691	18.732666
11.535442	773.32532	18.742432
11.535906	776.021	18.752197
11.538062	779.83698	18.761963
11.538888	778.57019	18.771729
11.53955	769.29272	18.781494
11.538898	769.60394	18.79126
11.539474	772.05933	18.801025
11.54145	779.32825	18.810791
11.54194	779.92865	18.820557
11.542275	778.08997	18.830322
11.543799	777.58044	18.840088
11.545166	772.98248	18.849854
11.54482	773.33142	18.859619
11.546503	775.22699	18.869385
11.546729	779.16718	18.87915
11.547496	783.74756	18.888916
11.548924	776.10199	18.898682
11.54897	775.37524	18.908447
11.550195	774.49725	18.918213
11.551204	775.46973	18.927979
11.551794	782.06006	18.937744
11.55229	782.00507	18.94751
11.552491	783.75745	18.957275
11.554157	781.10236	18.967041
11.554603	774.90808	18.976807
11.555358	775.06555	18.986572
11.557077	778.8028	18.996338
11.55758	785.56421	19.006104
11.557943	785.15393	19.015869
11.558156	783.25604	19.025635
11.559906	779.39423	19.0354
11.559956	779.85681	19.045166
11.560071	779.94757	19.054932
11.562141	783.54865	19.064697
11.562402	786.3385	19.074463
11.562754	789.23511	19.084229
11.564945	782.62683	19.093994
11.566109	778.46259	19.10376
11.56554	780.09918	19.113525
11.567903	786.68903	19.123291
11.567336	788.90411	19.133057
11.568585	790.42456	19.142822
11.569543	785.21716	19.152588
11.571052	783.22473	19.162354
11.572122	784.27814	19.172119
11.571846	782.78107	19.181885
11.572926	791.88635	19.19165
11.573331	793.78217	19.201416
11.574605	790.78253	19.211182
11.575048	787.27991	19.220947
11.575933	780.71143	19.230713
11.575852	785.87543	19.240479
11.577375	792.3714	19.250244
11.578156	794.74762	19.26001
11.579808	793.78394	19.269775
11.580692	787.13843	19.279541
11.581484	786.92767	19.289307
11.581006	785.26355	19.299072
11.582181	789.78107	19.308838
11.58377	795.24573	19.318604
11.583982	795.14893	19.328369
11.58566	792.08191	19.338135
11.584542	785.10748	19.3479
11.587186	784.76447	19.357666
11.586707	794.08527	19.367432
11.588556	794.94617	19.377197
11.589708	797.7359	19.386963
11.589714	792.38593	19.396729
11.589436	791.24548	19.406494
11.592079	787.35803	19.41626
11.592397	790.99304	19.426025
11.593569	794.86865	19.435791
11.594907	799.53015	19.445557
11.594784	799.26746	19.455322
11.595581	792.03772	19.465088
11.596784	791.56787	19.474854
11.597307	791.97192	19.484619
11.598126	797.27631	19.494385
11.59932	798.36243	19.50415
11.598539	797.80157	19.513916
11.600332	797.86389	19.523682
11.601053	795.10944	19.533447
11.602156	792.8335	19.543213
11.602682	795.61731	19.552979
11.603775	798.37524	19.562744
11.604805	805.61957	19.57251
11.605435	799.23022	19.582275
11.606397	798.45612	19.592041
11.606688	795.58014	19.601807
11.607762	795.33026	19.611572
11.608006	800.48267	19.621338
11.609318	798.99121	19.631104
11.609994	804.7605	19.640869
11.611836	802.7597	19.650635
11.611886	797.39545	19.6604
11.613211	796.13922	19.670166
11.61422	796.22882	19.679932
11.613992	804.91327	19.689697
11.613894	806.95862	19.699463
11.615982	803.04749	19.709229
11.616032	800.8667	19.718994
11.616514	798.77716	19.72876
11.618612	799.7912	19.738525
11.619423	800.55267	19.748291
11.619604	806.58514	19.758057
11.621351	808.67664	19.767822
11.621085	804.58954	19.777588
11.622009	797.03247	19.787354
11.622105	796.38391	19.797119
11.623263	802.91455	19.806885
11.624899	807.88159	19.81665
11.625396	810.61932	19.826416
11.625111	806.79633	19.836182
11.626701	801.50378	19.845947
11.627676	801.15277	19.855713
11.628499	799.06763	19.865479
11.629286	807.37811	19.875244
11.631101	811.46832	19.88501
11.631414	810.22522	19.894775
11.631618	805.5304	19.904541
11.631496	798.75763	19.914307
11.632392	802.74536	19.924072
11.635259	808.58081	19.933838
11.634856	812.0741	19.943604
11.636002	810.67487	19.953369
11.637355	806.78656	19.963135
11.637524	807.78809	19.9729
11.639132	802.4942	19.982666
11.639359	807.18671	19.992432
11.639974	811.92126	20.002197
11.640787	812.83984	20.011963
11.641929	814.55676	20.021729


Data Header:			arielle_monotonic_typei_general			Time:	31.45874	s	4/15/2019 7:29:55 PM
Data Acquisition:	Timed
Station Name:	ft40.cfg
Test File Name:	arielle_monotonic_typei_general.tst
Displacement	Force	Running Time
mm	N	s
11.642811	804.71472	20.031494
11.64262	805.21497	20.04126
11.644237	806.41632	20.051025
11.645185	812.06305	20.060791
11.64562	813.5882	20.070557
11.647616	811.38721	20.080322
11.647978	811.23102	20.090088
11.648304	808.80212	20.099854
11.648077	807.98676	20.109619
11.649208	810.33313	20.119385
11.650498	814.99451	20.12915
11.651436	818.67853	20.138916
11.652778	811.43817	20.148682
11.653524	808.45697	20.158447
11.653932	809.07794	20.168213
11.654279	811.70935	20.177979
11.655892	814.45563	20.187744
11.65698	816.88074	20.19751
11.657203	816.60681	20.207275
11.658407	813.95746	20.217041
11.657887	812.26086	20.226807
11.65888	807.41919	20.236572
11.660387	811.72321	20.246338
11.661752	820.66974	20.256104
11.66203	818.70203	20.265869
11.662743	816.75037	20.275635
11.663425	812.85541	20.2854
11.663858	811.57178	20.295166
11.665819	814.95544	20.304932
11.66571	814.83307	20.314697
11.667994	820.27136	20.324463
11.667728	822.53217	20.334229
11.668144	815.93604	20.343994
11.670084	812.38843	20.35376
11.670893	811.29419	20.363525
11.67112	820.77277	20.373291
11.67134	822.21985	20.383057
11.672961	822.17206	20.392822
11.673309	819.11096	20.402588
11.674298	814.3064	20.412354
11.674743	816.12915	20.422119
11.676991	815.61456	20.431885
11.676719	822.14648	20.44165
11.678249	826.98932	20.451416
11.678002	821.74243	20.461182
11.678834	817.65753	20.470947
11.67909	812.46246	20.480713
11.681027	816.70123	20.490479
11.682645	825.49353	20.500244
11.682384	825.07562	20.51001
11.682987	823.41663	20.519775
11.684278	818.66846	20.529541
11.684546	817.28375	20.539307
11.684745	815.31238	20.549072
11.687105	822.5155	20.558838
11.686768	825.51501	20.568604
11.687708	827.43903	20.578369
11.687739	825.11011	20.588135
11.690522	815.94238	20.5979
11.690891	817.7345	20.607666
11.69148	820.58691	20.617432
11.691898	826.92529	20.627197
11.693449	828.68127	20.636963
11.694268	824.07904	20.646729
11.694338	824.85803	20.656494
11.694787	817.42206	20.66626
11.695909	822.51208	20.676025
11.696965	824.72253	20.685791
11.697716	830.11768	20.695557
11.700002	832.30951	20.705322
11.69948	820.23218	20.715088
11.70024	821.58978	20.724854
11.701444	822.87561	20.734619
11.701959	827.09833	20.744385
11.702224	827.70453	20.75415
11.703805	827.73175	20.763916
11.705322	828.20074	20.773682
11.705026	825.07495	20.783447
11.705179	821.36395	20.793213
11.706829	823.94446	20.802979
11.70742	828.27673	20.812744
11.708497	834.91229	20.82251
11.709569	829.11627	20.832275
11.709356	827.27429	20.842041
11.711395	823.41254	20.851807
11.712164	826.02026	20.861572
11.711712	828.64496	20.871338
11.713034	829.80115	20.881104
11.714281	832.39038	20.890869
11.714851	831.63025	20.900635
11.715526	828.10675	20.9104
11.716159	824.40637	20.920166
11.717968	824.7204	20.929932
11.717709	832.89331	20.939697
11.719504	833.03644	20.949463
11.720561	832.58435	20.959229
11.720244	827.24573	20.968994
11.722575	825.10602	20.97876
11.723115	828.10645	20.988525
11.72315	828.55151	20.998291
11.724551	834.75568	21.008057
11.724688	837.53296	21.017822
11.725883	833.09399	21.027588
11.72584	827.31445	21.037354
11.727398	824.14783	21.047119
11.728718	831.54645	21.056885
11.729434	835.7442	21.06665
11.729932	836.94653	21.076416
11.730627	833.78265	21.086182
11.730399	828.62018	21.095947
11.731608	829.4657	21.105713
11.732913	826.20081	21.115479
11.734116	836.04083	21.125244
11.734529	839.67474	21.13501
11.734441	837.14642	21.144775
11.736506	834.2644	21.154541
11.736858	825.84686	21.164307
11.737753	828.79578	21.174072
11.738607	836.65326	21.183838
11.739941	836.8299	21.193604
11.739849	838.02429	21.203369
11.741296	833.02167	21.213135
11.742743	833.22546	21.2229
11.743202	829.33331	21.232666
11.742802	832.34326	21.242432
11.744493	837.13696	21.252197
11.745002	840.9541	21.261963
11.745212	837.74969	21.271729
11.747375	831.54926	21.281494
11.747591	830.26691	21.29126
11.748189	833.23755	21.301025
11.749785	839.38464	21.310791
11.749837	840.45752	21.320557
11.751109	838.24469	21.330322
11.751446	836.12042	21.340088
11.752543	831.93494	21.349854
11.754674	834.31055	21.359619
11.754162	835.84808	21.369385
11.755459	840.94238	21.37915
11.7559	842.41785	21.388916
11.756692	837.32141	21.398682
11.757303	836.263	21.408447
11.757821	834.42822	21.418213
11.759702	836.71875	21.427979
11.759382	839.54059	21.437744
11.760919	838.42535	21.44751
11.761063	842.77222	21.457275
11.763208	839.36841	21.467041
11.763125	834.29919	21.476807
11.764166	833.59747	21.486572
11.764602	835.90411	21.496338
11.765998	843.79761	21.506104
11.766933	841.5271	21.515869
11.766768	839.22803	21.525635
11.767962	836.63159	21.5354
11.769787	834.64648	21.545166
11.76937	838.02936	21.554932
11.77028	837.83319	21.564697
11.772429	844.10095	21.574463
11.771888	846.07922	21.584229
11.773357	839.39209	21.593994
11.773554	835.43695	21.60376
11.77529	836.44714	21.613525
11.774766	841.72662	21.623291
11.777079	846.16791	21.633057
11.776846	846.62909	21.642822
11.777815	840.56146	21.652588
11.778758	838.73242	21.662354
11.779687	836.64575	21.672119
11.779696	839.60236	21.681885
11.781736	845.13989	21.69165
11.781741	846.54926	21.701416
11.781597	844.96906	21.711182
11.784085	838.63934	21.720947
11.784086	834.72461	21.730713
11.785429	840.4679	21.740479
11.786158	844.5603	21.750244
11.786245	848.56506	21.76001
11.788116	844.8559	21.769775
11.788547	840.33038	21.779541
11.789105	840.3764	21.789307
11.790069	835.21777	21.799072
11.79014	843.31647	21.808838
11.790915	847.73102	21.818604
11.791572	849.80359	21.828369
11.793791	844.93152	21.838135
11.794334	835.84869	21.8479
11.794277	837.71899	21.857666
11.795613	843.328	21.867432
11.796812	846.25415	21.877197
11.79774	848.89349	21.886963
11.798765	844.41302	21.896729
11.799626	841.87518	21.906494
11.799321	839.81494	21.91626
11.800533	840.02887	21.926025
11.800623	845.56122	21.935791
11.80197	849.55994	21.945557
11.802651	849.09357	21.955322
11.803658	842.93933	21.965088
11.804241	839.47247	21.974854
11.805574	841.8877	21.984619
11.807331	845.67993	21.994385
11.807652	845.49854	22.00415
11.807825	848.45569	22.013916
11.808896	846.60083	22.023682
11.80883	843.56458	22.033447
11.81143	839.58618	22.043213
11.811396	842.18347	22.052979
11.813439	847.66931	22.062744
11.813756	850.84723	22.07251
11.814057	844.14587	22.082275
11.814395	845.00525	22.092041
11.815372	840.64331	22.101807
11.815397	842.87653	22.111572
11.816029	845.78223	22.121338
11.818032	846.66516	22.131104
11.818544	851.16901	22.140869
11.818858	848.0108	22.150635
11.820122	843.06927	22.1604
11.820533	841.60883	22.170166
11.821846	843.21216	22.179932
11.822476	851.86542	22.189697
11.823081	849.02594	22.199463
11.824665	851.17993	22.209229
11.824618	845.6142	22.218994
11.826148	842.85443	22.22876
11.825999	843.66333	22.238525
11.827878	844.64532	22.248291
11.827876	849.91766	22.258057
11.829306	854.76019	22.267822
11.829411	847.60779	22.277588
11.831029	842.12817	22.287354
11.832185	839.70978	22.297119
11.832139	847.34033	22.306885
11.832797	851.2713	22.31665
11.83417	851.55682	22.326416
11.834737	849.58936	22.336182
11.835818	845.95276	22.345947
11.835769	842.05225	22.355713
11.835225	842.19922	22.365479
11.83814	848.72644	22.375244
11.838674	853.78723	22.38501
11.839204	852.70239	22.394775
11.839885	846.07605	22.404541
11.840748	841.07574	22.414307
11.842468	844.35144	22.424072
11.841677	848.38568	22.433838
11.843913	854.66724	22.443604
11.845028	850.28082	22.453369
11.84487	846.23755	22.463135
11.845691	845.74841	22.4729
11.846805	841.20044	22.482666
11.847733	848.07684	22.492432
11.848133	851.18384	22.502197
11.849674	853.96368	22.511963
11.850085	852.99774	22.521729
11.852472	843.04694	22.531494
11.850599	844.32898	22.54126
11.853088	847.24805	22.551025
11.852949	850.32471	22.560791
11.854848	853.07635	22.570557
11.854781	851.78937	22.580322
11.855608	849.57654	22.590088
11.855624	845.65088	22.599854
11.857501	844.81024	22.609619
11.857677	850.39777	22.619385
11.859397	853.08203	22.62915
11.860341	855.15131	22.638916
11.860543	850.36084	22.648682
11.860927	846.40631	22.658447
11.863642	846.78027	22.668213
11.863056	847.50067	22.677979
11.86387	851.39606	22.687744
11.866	852.22498	22.69751
11.866949	853.35352	22.707275
11.866077	850.04303	22.717041
11.868022	847.14832	22.726807
11.867448	846.18469	22.736572
11.868822	850.36182	22.746338
11.87011	855.07098	22.756104
11.870343	851.6861	22.765869
11.871479	851.12927	22.775635
11.872246	847.4173	22.7854
11.873052	847.39722	22.795166
11.872916	847.28522	22.804932
11.874611	851.03436	22.814697
11.876354	855.85858	22.824463
11.875854	853.90741	22.834229
11.876338	851.03607	22.843994
11.878077	844.96863	22.85376
11.87876	845.38953	22.863525
11.879642	852.55927	22.873291
11.879754	853.28442	22.883057
11.880834	856.69855	22.892822
11.881835	851.37268	22.902588
11.882661	848.48486	22.912354
11.883245	848.05249	22.922119
11.882893	845.70496	22.931885
11.885411	854.2052	22.94165
11.886333	857.40131	22.951416
11.886871	851.4704	22.961182
11.887812	848.27521	22.970947
11.889541	843.36444	22.980713
11.888623	850.47534	22.990479
11.889844	853.23944	23.000244
11.891109	855.65894	23.01001
11.891722	853.98804	23.019775
11.89172	849.07581	23.029541
11.893817	847.12811	23.039307
11.893601	846.45062	23.049072
11.895147	850.09406	23.058838
11.89546	855.39825	23.068604
11.896463	857.41357	23.078369
11.8978	851.77905	23.088135
11.898793	845.44177	23.0979
11.898683	847.57581	23.107666
11.899529	850.32391	23.117432
11.900667	855.14539	23.127197
11.900482	855.24274	23.136963
11.901827	853.26953	23.146729
11.903319	849.84302	23.156494
11.905016	844.77271	23.16626
11.904634	849.80164	23.176025
11.905103	851.3407	23.185791
11.904902	857.31744	23.195557
11.906768	855.84241	23.205322
11.908133	846.72839	23.215088
11.909112	847.59668	23.224854
11.909726	847.6012	23.234619
11.909786	852.26697	23.244385
11.911642	851.69183	23.25415
11.911524	853.5282	23.263916
11.912994	853.7677	23.273682
11.913824	850.04553	23.283447
11.913877	847.07391	23.293213
11.914809	848.91046	23.302979
11.916914	853.0329	23.312744
11.916874	857.56079	23.32251
11.917039	849.53906	23.332275
11.918365	850.55786	23.342041
11.919374	849.414	23.351807
11.920602	848.21167	23.361572
11.92197	852.88416	23.371338
11.921324	852.51404	23.381104
11.922129	854.77313	23.390869
11.924085	855.78436	23.400635
11.924418	848.02374	23.4104
11.924912	846.25342	23.420166
11.925789	849.16815	23.429932
11.927215	854.96234	23.439697
11.928023	855.62555	23.449463
11.927908	854.47302	23.459229
11.928741	851.23676	23.468994
11.930552	849.40582	23.47876
11.929776	849.19806	23.488525
11.931014	849.95313	23.498291
11.932006	855.82275	23.508057
11.932062	857.62341	23.517822
11.934555	854.02924	23.527588
11.934227	846.38147	23.537354
11.935629	844.99286	23.547119
11.93596	852.85773	23.556885
11.937399	855.03784	23.56665
11.937751	855.92493	23.576416
11.939226	853.27325	23.586182
11.939005	849.17169	23.595947
11.941289	847.95111	23.605713
11.941357	846.66583	23.615479
11.942994	854.50623	23.625244
11.943488	857.08722	23.63501
11.943044	856.71802	23.644775
11.944716	850.63049	23.654541
11.945397	845.00842	23.664307
11.946213	847.13055	23.674072
11.946999	853.21716	23.683838
11.947124	855.07776	23.693604
11.947439	857.32727	23.703369
11.950121	852.20349	23.713135
11.949982	848.09003	23.7229
11.951729	843.71509	23.732666
11.951345	850.31683	23.742432
11.952071	855.76538	23.752197
11.953348	856.32208	23.761963
11.953482	855.11401	23.771729
11.954664	847.69556	23.781494
11.95662	844.61371	23.79126
11.957418	850.1156	23.801025
11.95709	854.71271	23.810791
11.958149	853.78278	23.820557
11.958759	851.68878	23.830322
11.960841	851.883	23.840088
11.960545	845.80774	23.849854
11.961077	846.39264	23.859619
11.962451	849.22113	23.869385
11.964046	854.77734	23.87915
11.964002	855.54205	23.888916
11.964352	849.41589	23.898682
11.966289	848.90283	23.908447
11.966053	846.46643	23.918213
11.967936	850.99872	23.927979
11.968432	851.68829	23.937744
11.968623	852.91174	23.94751
11.968757	853.56812	23.957275
11.970717	850.33875	23.967041
11.970683	846.54266	23.976807
11.971559	845.36871	23.986572
11.971869	848.14886	23.996338
11.974052	855.82214	24.006104
11.973613	851.10193	24.015869
11.975112	852.70172	24.025635
11.976904	850.28461	24.0354
11.976561	846.84467	24.045166
11.977363	848.74622	24.054932
11.979004	851.02716	24.064697
11.978618	854.64856	24.074463
11.980358	853.4483	24.084229
11.980795	848.03223	24.093994
11.982385	844.51752	24.10376
11.982626	845.8457	24.113525
11.984155	850.98486	24.123291
11.98431	852.48456	24.133057
11.986428	853.92108	24.142822
11.985878	849.67273	24.152588
11.986818	845.24426	24.162354
11.987601	845.3822	24.172119
11.988663	846.35596	24.181885
11.98882	851.9707	24.19165
11.989043	855.62207	24.201416
11.990819	854.30725	24.211182
11.991796	845.1123	24.220947
11.991842	842.53955	24.230713
11.992553	846.53644	24.240479
11.994521	851.20575	24.250244
11.994267	854.00232	24.26001
11.99586	850.73584	24.269775
11.997669	848.40375	24.279541
11.996449	844.36334	24.289307
11.99802	841.35291	24.299072
11.999413	847.95471	24.308838
11.9997	853.20319	24.318604
12.000995	853.68805	24.328369
12.001958	849.34167	24.338135
12.001605	841.51563	24.3479
12.003505	843.78418	24.357666
12.004384	847.31116	24.367432
12.004807	849.4624	24.377197
12.005073	852.18524	24.386963
12.005911	849.12781	24.396729
12.006704	847.8775	24.406494
12.007376	841.00708	24.41626
12.009241	843.76019	24.426025
12.009171	850.05682	24.435791
12.010013	853.49713	24.445557
12.01196	852.37091	24.455322
12.012392	842.79797	24.465088
12.013254	843.24603	24.474854
12.013198	844.56384	24.484619
12.014386	846.67255	24.494385
12.014827	849.72308	24.50415
12.016309	849.38013	24.513916
12.017513	849.73181	24.523682
12.017735	844.73499	24.533447
12.017643	842.06268	24.543213
12.019592	843.66827	24.552979
12.019433	848.93866	24.562744
12.021381	852.25116	24.57251
12.022281	846.72461	24.582275
12.022825	845.14459	24.592041
12.023365	842.99536	24.601807
12.024263	845.71252	24.611572
12.024858	844.93958	24.621338
12.025349	846.8266	24.631104
12.028121	850.88324	24.640869
12.027521	847.33478	24.650635
12.028509	844.39301	24.6604
12.030231	838.33386	24.670166
12.029078	844.23792	24.679932
12.030323	850.43872	24.689697
12.031003	847.64343	24.699463
12.031758	847.87213	24.709229
12.033329	844.40863	24.718994
12.034553	840.52441	24.72876
12.034028	842.31628	24.738525
12.03604	842.54333	24.748291
12.036272	849.59546	24.758057
12.037749	851.61719	24.767822
12.036879	844.40753	24.777588
12.039091	840.75897	24.787354
12.039061	836.82794	24.797119
12.040964	845.2312	24.806885
12.040878	848.06195	24.81665
12.042416	848.96625	24.826416
12.042349	847.17957	24.836182
12.043059	841.55896	24.845947
12.045713	840.21704	24.855713
12.045628	838.82776	24.865479
12.046369	843.86597	24.875244
12.046576	851.02173	24.88501
12.047967	848.43109	24.894775
12.048947	842.30261	24.904541
12.048464	836.27216	24.914307
12.049603	838.95135	24.924072
12.051579	843.28912	24.933838
12.051281	848.60651	24.943604
12.052014	846.16028	24.953369
12.053966	844.93494	24.963135
12.054288	840.36914	24.9729
12.055181	836.784	24.982666
12.055675	842.46948	24.992432
12.056804	844.57135	25.002197
12.057218	848.78033	25.011963
12.058383	843.3476	25.021729
12.059748	837.27045	25.031494
12.059476	838.0802	25.04126
12.0607	837.83258	25.051025
12.062092	844.28589	25.060791
12.062743	845.89795	25.070557
12.063873	842.8894	25.080322
12.064795	843.74054	25.090088
12.06537	834.77185	25.099854
12.065176	838.25555	25.109619
12.065824	839.74335	25.119385
12.067255	844.84351	25.12915
12.069134	846.83026	25.138916
12.06955	837.76648	25.148682
12.069198	839.42346	25.158447
12.069914	838.04895	25.168213
12.07058	839.16956	25.177979
12.072061	841.29272	25.187744
12.072376	843.62567	25.19751
12.073464	843.91858	25.207275
12.074924	839.38806	25.217041
12.075692	834.26483	25.226807
12.07612	835.31171	25.236572
12.076821	840.63647	25.246338
12.077414	843.78259	25.256104
12.079819	842.22131	25.265869
12.078941	839.51697	25.275635
12.081214	837.02185	25.2854
12.081387	836.16937	25.295166
12.080942	835.38855	25.304932
12.082076	838.89197	25.314697
12.083922	843.92572	25.324463
12.084661	841.24677	25.334229
12.085073	836.9267	25.343994
12.08544	831.81848	25.35376
12.086702	834.31244	25.363525
12.088269	840.03314	25.373291
12.088769	839.53497	25.383057
12.089862	842.94232	25.392822
12.090339	836.6156	25.402588
12.090397	834.39801	25.412354
12.091294	832.95618	25.422119
12.092289	832.97235	25.431885
12.092863	840.01044	25.44165
12.094593	842.91943	25.451416
12.095339	841.61438	25.461182
12.0963	833.61676	25.470947
12.096623	828.3476	25.480713
12.097615	837.2113	25.490479
12.098051	837.69238	25.500244
12.098846	843.00079	25.51001
12.099557	841.31445	25.519775
12.10002	836.14886	25.529541
12.101374	832.32745	25.539307
12.101494	831.55865	25.549072
12.10317	833.74597	25.558838
12.103988	842.08636	25.568604
12.104866	841.16785	25.578369
12.105488	836.94543	25.588135
12.106955	829.31915	25.5979
12.107531	831.00177	25.607666
12.108211	835.94397	25.617432
12.10952	838.2229	25.627197
12.109321	840.04169	25.636963
12.110282	837.35168	25.646729
12.110912	833.41956	25.656494
12.112341	828.55951	25.66626
12.113597	830.935	25.676025
12.1139	836.70453	25.685791
12.11434	841.15369	25.695557
12.115808	839.45654	25.705322
12.116086	831.34778	25.715088
12.117588	830.47803	25.724854
12.117608	830.76459	25.734619
12.118645	834.70435	25.744385
12.119148	837.86499	25.75415
12.120989	838.24048	25.763916
12.121407	837.58777	25.773682
12.121903	828.46924	25.783447
12.121935	831.2652	25.793213
12.123219	829.74481	25.802979
12.124041	835.05585	25.812744
12.124446	840.58972	25.82251
12.12605	833.33545	25.832275
12.126425	833.30609	25.842041
12.127739	830.10876	25.851807
12.127191	830.33618	25.861572
12.128385	832.45935	25.871338
12.130607	835.85706	25.881104
12.131762	838.12372	25.890869
12.132506	836.09869	25.900635
12.13325	830.11804	25.9104
12.133546	828.55627	25.920166
12.135077	831.08392	25.929932
12.134314	836.40924	25.939697
12.136157	836.70428	25.949463
12.137053	834.95856	25.959229
12.136546	834.47778	25.968994
12.138104	828.58337	25.97876
12.139313	829.36029	25.988525
12.139379	831.20093	25.998291
12.13997	834.77136	26.008057
12.141494	837.97394	26.017822
12.143076	833.20941	26.027588
12.143494	826.64917	26.037354
12.143298	827.11041	26.047119
12.14521	831.70691	26.056885
12.145485	831.7915	26.06665
12.146458	837.44995	26.076416
12.147017	832.59613	26.086182
12.148572	830.50916	26.095947
12.148387	827.0116	26.105713
12.148973	823.8493	26.115479
12.150752	832.03516	26.125244
12.150978	837.98926	26.13501
12.151584	835.74158	26.144775
12.152575	828.74683	26.154541
12.153637	822.08044	26.164307
12.154938	828.07892	26.174072
12.155844	828.42847	26.183838
12.156032	835.80701	26.193604
12.156417	834.2735	26.203369
12.157918	832.05975	26.213135
12.15838	827.66162	26.2229
12.159357	821.41406	26.232666
12.159925	827.96844	26.242432
12.160286	834.79834	26.252197
12.16117	836.70795	26.261963
12.162794	833.24097	26.271729
12.163735	824.64563	26.281494
12.162847	824.76935	26.29126
12.16604	826.51477	26.301025
12.165242	831.03827	26.310791
12.166946	835.46674	26.320557
12.167489	833.9726	26.330322
12.168316	829.20947	26.340088
12.168675	823.76953	26.349854
12.169363	824.54028	26.359619
12.170501	829.77014	26.369385
12.172597	833.87036	26.37915
12.172425	834.01819	26.388916
12.172879	829.01532	26.398682
12.174221	824.66156	26.408447
12.173936	824.88647	26.418213
12.175086	828.18518	26.427979
12.176051	830.72076	26.437744
12.17564	831.76703	26.44751
12.176586	832.28442	26.457275
12.177788	826.27716	26.467041
12.179597	823.70483	26.476807
12.180744	821.87207	26.486572
12.180756	829.30237	26.496338
12.183009	831.5166	26.506104
12.182932	827.30206	26.515869
12.183498	829.03424	26.525635
12.185368	826.20477	26.5354
12.185172	824.38226	26.545166
12.187043	825.58368	26.554932
12.18811	826.51135	26.564697
12.187198	831.37384	26.574463
12.188745	832.22992	26.584229
12.188272	824.3692	26.593994
12.190219	821.10364	26.60376
12.191056	820.521	26.613525
12.192963	828.72449	26.623291
12.193458	827.80231	26.633057
12.193162	831.32739	26.642822
12.194789	829.65961	26.652588
12.195151	823.04797	26.662354
12.196402	822.50775	26.672119
12.196849	822.70856	26.681885
12.196733	829.01373	26.69165
12.198903	832.19196	26.701416
12.199198	829.49585	26.711182
12.200085	821.55017	26.720947
12.200739	819.82404	26.730713
12.201351	823.44226	26.740479
12.202495	827.10034	26.750244
12.202929	831.34692	26.76001
12.204381	829.44604	26.769775
12.205676	822.7406	26.779541
12.205853	820.3667	26.789307
12.207028	819.98969	26.799072
12.20685	825.80219	26.808838
12.207576	830.6261	26.818604
12.209096	830.3504	26.828369
12.209785	825.01984	26.838135
12.21021	818.52679	26.8479
12.210383	818.82184	26.857666
12.212315	822.19727	26.867432
12.213223	828.97205	26.877197
12.21384	829.64746	26.886963
12.214328	826.43585	26.896729
12.216586	824.40125	26.906494
12.215894	815.65942	26.91626
12.217824	821.06244	26.926025
12.217615	825.73529	26.935791
12.218975	829.97418	26.945557
12.219874	827.66455	26.955322
12.220256	819.96906	26.965088
12.221243	819.33398	26.974854
12.222102	819.38904	26.984619
12.222812	822.32544	26.994385
12.223393	826.27118	27.00415
12.22421	825.86707	27.013916
12.224644	825.53827	27.023682
12.225238	818.461	27.033447
12.22737	816.61987	27.043213
12.227734	821.23779	27.052979
12.228381	825.14368	27.062744
12.228507	827.38409	27.07251
12.230114	823.83698	27.082275
12.230806	820.96204	27.092041
12.232	820.94702	27.101807
12.232729	818.76263	27.111572
12.233616	820.79895	27.121338
12.233809	825.1767	27.131104
12.234305	827.71698	27.140869
12.235629	822.90149	27.150635
12.23662	818.72394	27.1604
12.237474	815.24457	27.170166
12.237668	822.7326	27.179932
12.238946	825.76447	27.189697
12.24017	824.24548	27.199463
12.24013	824.71234	27.209229
12.24097	819.89526	27.218994
12.243136	817.92511	27.22876
12.242765	818.2132	27.238525
12.244462	820.16852	27.248291
12.244873	826.16058	27.258057
12.24527	825.10345	27.267822
12.246259	823.15894	27.277588
12.246575	817.04108	27.287354
12.247971	815.20898	27.297119
12.248524	822.22009	27.306885
12.248633	822.37079	27.31665
12.249845	827.60968	27.326416
12.250793	824.38458	27.336182
12.251682	817.97333	27.345947
12.252725	815.68494	27.355713
12.253771	816.23871	27.365479
12.254723	821.77411	27.375244
12.25504	827.13538	27.38501
12.256873	823.66949	27.394775
12.257085	819.26477	27.404541
12.257424	813.33063	27.414307
12.260049	817.27118	27.424072
12.258913	818.87781	27.433838
12.260355	824.43378	27.443604
12.26076	826.12183	27.453369
12.261807	822.59894	27.463135
12.262728	817.14636	27.4729
12.263399	812.81769	27.482666
12.26405	816.72778	27.492432
12.264559	824.31097	27.502197
12.266465	825.52527	27.511963
12.267365	821.71167	27.521729
12.267437	814.50781	27.531494
12.267959	814.08661	27.54126
12.270054	816.30322	27.551025
12.269733	821.68628	27.560791
12.269947	822.46368	27.570557
12.271474	824.74585	27.580322
12.272115	819.03967	27.590088
12.272816	813.00275	27.599854
12.274213	813.5553	27.609619
12.274992	818.38824	27.619385
12.275873	823.68365	27.62915
12.276628	824.83435	27.638916
12.277815	817.39362	27.648682
12.278253	816.76746	27.658447
12.278246	813.70923	27.668213
12.279758	816.80322	27.677979
12.281653	821.51666	27.687744
12.281909	821.83929	27.69751
12.282081	821.97333	27.707275
12.282212	817.12091	27.717041
12.282892	813.59241	27.726807
12.284629	814.41199	27.736572
12.284475	818.09222	27.746338
12.286533	825.21381	27.756104
12.287382	818.2677	27.765869
12.287377	817.19269	27.775635
12.288129	814.85931	27.7854
12.290372	814.48291	27.795166
12.289418	814.12378	27.804932
12.291368	817.5	27.814697
12.29218	820.13165	27.824463
12.291876	821.22314	27.834229
12.29308	814.91504	27.843994
12.294496	812.66492	27.85376
12.295695	815.39563	27.863525
12.295703	818.6214	27.873291
12.29623	819.98053	27.883057
12.297095	820.41284	27.892822
12.298806	818.20746	27.902588
12.29892	815.40466	27.912354
12.300425	810.21448	27.922119
12.30125	813.39111	27.931885
12.301901	820.25946	27.94165
12.302264	823.79492	27.951416
12.303507	820.19879	27.961182
12.304083	812.58002	27.970947
12.304859	811.04266	27.980713
12.306078	815.28796	27.990479
12.307452	815.34106	28.000244
12.306632	820.59991	28.01001
12.308021	819.95776	28.019775
12.308653	814.42096	28.029541
12.311068	812.73553	28.039307
12.311406	808.43481	28.049072
12.312108	816.224	28.058838
12.311646	821.28693	28.068604
12.312975	821.45172	28.078369
12.31438	816.92963	28.088135
12.315061	810.40045	28.0979
12.3155	811.896	28.107666
12.31599	813.59314	28.117432
12.316725	817.9173	28.127197
12.317323	820.02301	28.136963
12.318863	818.117	28.146729
12.318712	814.23145	28.156494
12.320022	808.79852	28.16626
12.321559	810.69446	28.176025
12.321724	819.38678	28.185791
12.32351	820.58344	28.195557
12.323284	817.96667	28.205322
12.324607	812.94928	28.215088
12.324644	811.43573	28.224854
12.326122	811.24316	28.234619
12.326805	814.40515	28.244385
12.328184	816.45508	28.25415
12.32843	819.39917	28.263916
12.329078	818.63892	28.273682
12.330442	810.62506	28.283447
12.330893	810.25385	28.293213
12.331998	810.76556	28.302979
12.33299	817.15875	28.312744
12.334069	820.07788	28.32251
12.334407	814.30255	28.332275
12.334221	812.82233	28.342041
12.336388	810.47748	28.351807
12.335935	812.88507	28.361572
12.338762	812.09009	28.371338
12.338092	815.14838	28.381104
12.340153	819.80438	28.390869
12.339323	814.20221	28.400635
12.340305	811.2699	28.4104
12.341372	808.41638	28.420166
12.342586	812.98315	28.429932
12.343085	817.16919	28.439697
12.344292	814.59027	28.449463
12.344963	817.07172	28.459229
12.344969	812.95294	28.468994
12.346159	809.8501	28.47876
12.348029	810.13928	28.488525
12.347542	811.43549	28.498291
12.349193	817.30951	28.508057
12.35056	817.98883	28.517822
12.350549	812.8913	28.527588
12.350904	810.09009	28.537354
12.351556	807.97754	28.547119
12.352559	812.38446	28.556885
12.353979	814.11047	28.56665
12.354331	817.35602	28.576416
12.354981	816.09717	28.586182
12.356185	811.54504	28.595947
12.357089	808.39899	28.605713
12.3583	808.16083	28.615479
12.358731	812.19965	28.625244
12.359483	821.12714	28.63501
12.360015	816.33661	28.644775
12.360815	809.55676	28.654541
12.361803	808.37177	28.664307
12.363341	808.81677	28.674072
12.363283	810.6355	28.683838
12.364533	817.57739	28.693604
12.364468	816.61139	28.703369
12.365473	813.18219	28.713135
12.367029	809.17188	28.7229
12.368104	804.35315	28.732666
12.368488	810.4234	28.742432
12.368909	815.25562	28.752197
12.370317	818.26703	28.761963
12.371308	813.85986	28.771729
12.371703	807.26068	28.781494
12.372326	808.00098	28.79126
12.373994	807.09888	28.801025
12.374802	812.92426	28.810791
12.375187	817.19269	28.820557
12.376289	815.25079	28.830322
12.375818	813.33264	28.840088
12.376397	804.16608	28.849854
12.377948	807.46552	28.859619
12.379495	811.93127	28.869385
12.379957	814.72083	28.87915
12.381043	816.42438	28.888916
12.381112	809.88251	28.898682
12.382529	807.77173	28.908447
12.383712	808.25061	28.918213
12.383851	807.34338	28.927979
12.384668	811.73499	28.937744
12.385808	814.7757	28.94751
12.386674	814.96698	28.957275
12.386043	808.27545	28.967041
12.38693	805.81	28.976807
12.38924	806.2005	28.986572
12.389496	812.29919	28.996338
12.389977	813.15131	29.006104
12.391092	813.03638	29.015869
12.391788	810.04626	29.025635
12.393743	808.22168	29.0354
12.394262	807.87073	29.045166
12.394489	807.61322	29.054932
12.395515	811.08209	29.064697
12.395317	815.60748	29.074463
12.397158	812.35632	29.084229
12.397538	808.22931	29.093994
12.397767	803.88489	29.10376
12.399137	805.14081	29.113525
12.400915	810.97241	29.123291
12.400846	809.4566	29.133057
12.40156	813.31982	29.142822
12.403278	811.04889	29.152588
12.402246	805.58685	29.162354
12.404461	805.1228	29.172119
12.405749	805.10785	29.181885
12.406349	812.54187	29.19165
12.406645	814.84412	29.201416
12.40701	810.74225	29.211182
12.408417	805.9491	29.220947
12.408625	801.91205	29.230713
12.409772	807.49969	29.240479
12.411251	808.5296	29.250244
12.411227	813.87598	29.26001
12.412561	814.1604	29.269775
12.41277	807.84674	29.279541
12.413295	804.14618	29.289307
12.413913	800.9657	29.299072
12.415585	805.99438	29.308838
12.417323	814.78827	29.318604
12.417871	813.24286	29.328369
12.418271	808.98553	29.338135
12.4192	803.61047	29.3479
12.418756	805.15125	29.357666
12.419743	804.62317	29.367432
12.419726	813.2049	29.377197
12.421713	813.49207	29.386963
12.423344	811.44904	29.396729
12.423801	806.10785	29.406494
12.424335	800.0296	29.41626
12.425801	803.41241	29.426025
12.426288	810.38257	29.435791
12.42725	814.63129	29.445557
12.427924	810.46039	29.455322
12.427956	805.64575	29.465088
12.429336	803.32208	29.474854
12.430596	801.83057	29.484619
12.43061	807.39233	29.494385
12.431642	810.54211	29.50415
12.433314	812.49445	29.513916
12.434064	809.16614	29.523682
12.435847	799.85669	29.533447
12.435506	802.87555	29.543213
12.43536	805.69781	29.552979
12.436229	807.7655	29.562744
12.437287	814.13361	29.57251
12.439607	806.32269	29.582275
12.440026	807.53168	29.592041
12.43976	804.16095	29.601807
12.44005	801.95532	29.611572
12.441996	805.10535	29.621338
12.442532	809.61029	29.631104
12.442759	811.38318	29.640869
12.443579	806.49139	29.650635
12.444817	803.38458	29.6604
12.446542	803.47284	29.670166
12.446924	805.68549	29.679932
12.447423	808.18945	29.689697
12.44804	807.44794	29.699463
12.448734	808.89435	29.709229
12.449792	806.46191	29.718994
12.450476	801.72546	29.72876
12.451309	802.71472	29.738525
12.452523	806.16565	29.748291
12.452172	810.00775	29.758057
12.453727	809.33191	29.767822
12.454896	806.46094	29.777588
12.455001	801.07684	29.787354
12.456482	802.72052	29.797119
12.457002	806.29065	29.806885
12.457552	805.37164	29.81665
12.459273	809.32849	29.826416
12.459929	807.79663	29.836182
12.460932	804.8028	29.845947
12.461078	799.08502	29.855713
12.460854	801.37256	29.865479
12.462605	807.72668	29.875244
12.462826	810.55157	29.88501
12.465358	810.49323	29.894775
12.465308	801.92255	29.904541
12.466278	798.44165	29.914307
12.466479	803.50952	29.924072
12.466433	801.91913	29.933838
12.467702	810.50421	29.943604
12.469889	809.62085	29.953369
12.470351	806.80701	29.963135
12.470608	803.02118	29.9729
12.470531	798.05902	29.982666
12.472744	800.66718	29.992432
12.473299	809.50885	30.002197
12.473903	809.78265	30.011963
12.47493	806.8999	30.021729
12.475029	800.80743	30.031494
12.477231	798.70917	30.04126
12.478698	800.99066	30.051025
12.477798	805.05518	30.060791
12.479376	809.09253	30.070557
12.479828	808.15906	30.080322
12.480276	804.68396	30.090088
12.482908	798.10474	30.099854
12.481673	799.07269	30.109619
12.482571	802.91345	30.119385
12.483846	808.35754	30.12915
12.484935	805.61115	30.138916
12.485912	802.8092	30.148682
12.486842	802.57947	30.158447
12.488211	799.12701	30.168213
12.487309	799.77509	30.177979
12.489255	804.43628	30.187744
12.489948	807.23816	30.19751
12.490983	806.90424	30.207275
12.491459	798.88239	30.217041
12.491438	798.5163	30.226807
12.492838	799.94031	30.236572
12.492989	805.07727	30.246338
12.494125	807.29102	30.256104
12.494643	802.88922	30.265869
12.497939	804.41547	30.275635
12.496974	800.67804	30.2854
12.497965	799.32544	30.295166
12.498101	801.85321	30.304932
12.498443	801.3595	30.314697
12.500027	809.086	30.324463
12.500947	802.55145	30.334229
12.501022	800.54285	30.343994
12.503003	797.2774	30.35376
12.503726	798.81921	30.363525
12.503812	803.03363	30.373291
12.50508	804.18542	30.383057
12.506252	805.04535	30.392822
12.507508	803.64545	30.402588
12.508274	797.73956	30.412354
12.509097	797.29443	30.422119
12.508474	799.00104	30.431885
12.510164	805.96887	30.44165
12.510802	806.40356	30.451416
12.512234	801.72797	30.461182
12.512002	798.34332	30.470947
12.512728	796.84814	30.480713
12.513367	797.20465	30.490479
12.515727	800.75592	30.500244
12.514976	805.87164	30.51001
12.516943	805.48145	30.519775
12.51761	800.85193	30.529541
12.518559	795.93018	30.539307
12.518762	793.14807	30.549072
12.519294	800.62628	30.558838
12.521293	804.03717	30.568604
12.520866	804.58679	30.578369
12.521722	799.53571	30.588135
12.522269	796.15894	30.5979
12.524023	795.05371	30.607666
12.524384	795.35754	30.617432
12.525851	803.29468	30.627197
12.526535	803.96503	30.636963
12.526934	803.5202	30.646729
12.528298	797.66241	30.656494
12.528699	791.07703	30.66626
12.52973	794.0816	30.676025
12.530635	801.466	30.685791
12.531465	802.59363	30.695557
12.531822	802.40082	30.705322
12.532207	796.23633	30.715088
12.534406	795.00995	30.724854
12.535763	792.99005	30.734619
12.535051	795.2334	30.744385
12.53553	799.93347	30.75415
12.536757	800.84399	30.763916
12.537358	799.45758	30.773682
12.538918	791.19635	30.783447
12.538977	790.26324	30.793213
12.540206	793.45813	30.802979
12.541449	799.93121	30.812744
12.542084	799.7522	30.82251
12.542061	794.03735	30.832275
12.543924	794.90363	30.842041
12.542896	789.58569	30.851807
12.545838	788.63397	30.861572
12.545096	792.91315	30.871338
12.546368	795.16492	30.881104
12.546745	798.11139	30.890869
12.548197	790.15442	30.900635
12.548882	786.5835	30.9104
12.550007	780.49634	30.920166
12.550797	782.99036	30.929932
12.550986	783.75592	30.939697
12.552588	779.84003	30.949463
12.553216	775.98358	30.959229
12.554033	766.9375	30.968994
12.559083	-170.64162	30.97876
12.562838	-10.615788	30.988525
12.561888	-61.074081	30.998291
12.562062	-45.246777	31.008057
12.56109	-57.103878	31.017822
12.562016	-44.073318	31.027588
12.561126	-52.425968	31.037354
12.562276	-48.19672	31.047119
12.563196	-50.72102	31.056885
12.564437	-48.171585	31.06665
12.564064	-44.660706	31.076416
12.564602	-44.599796	31.086182
12.566077	-52.213459	31.095947
12.565823	-54.90723	31.105713
12.568146	-51.896137	31.115479
12.56784	-47.477501	31.125244
12.568634	-43.846729	31.13501
12.569259	-45.932793	31.144775
12.570484	-50.355835	31.154541
12.570373	-54.794563	31.164307
12.572411	-51.671982	31.174072
12.571708	-50.247715	31.183838
12.573123	-45.576923	31.193604
12.574076	-43.017273	31.203369
12.574171	-45.516533	31.213135
12.57534	-53.254047	31.2229
12.577826	-57.781765	31.232666
12.577889	-52.522011	31.242432
12.577622	-45.571442	31.252197
12.579073	-42.830479	31.261963
12.579509	-48.22921	31.271729
12.580279	-51.695744	31.281494
12.581051	-53.010002	31.29126
12.581849	-53.959835	31.301025
12.584578	-47.653267	31.310791
12.583513	-44.510014	31.320557
12.585096	-42.758724	31.330322
12.584988	-49.432224	31.340088
12.586572	-57.052776	31.349854
12.586579	-52.893757	31.359619
12.587734	-49.047916	31.369385
12.588786	-44.459866	31.37915
12.589943	-45.021503	31.388916
12.590364	-50.783894	31.398682
12.591786	-50.447487	31.408447
12.591597	-53.969925	31.418213
12.592645	-52.413231	31.427979
12.592953	-46.056267	31.437744
12.595038	-45.428238	31.44751

