MTS793|BTW|ENU|1|2|.|/|:|1|0|0|A

Data Header:			typeiv_0.3302_solid_090_monotonic_r0			Time:	20.018311	s	4/14/2019 3:52:34 AM
Data Acquisition:	Timed
Station Name:	ft40.cfg
Test File Name:	monotonic_0.2540_typeiv_solid_090_dimension.tst
Displacement	Force	Running Time
mm	N	s
-40.041416	-121.92266	0.022705078
-40.04105	-121.76402	0.032470703
-40.04118	-119.92313	0.042236328
-40.041275	-122.33678	0.052001953
-40.040745	-126.25314	0.061767578
-40.040646	-124.45657	0.071533203
-40.040672	-124.22803	0.081298828
-40.040394	-120.17715	0.091064453
-40.041115	-121.30845	0.10083008
-40.040062	-122.92455	0.1105957
-40.039219	-120.23083	0.12036133
-40.038261	-121.53922	0.13012695
-40.037815	-123.05058	0.13989258
-40.037212	-124.46146	0.1496582
-40.03569	-121.15771	0.15942383
-40.035419	-116.25129	0.16918945
-40.033817	-117.23142	0.17895508
-40.033112	-116.67847	0.1887207
-40.031837	-122.4432	0.19848633
-40.03141	-118.33943	0.20825195
-40.031376	-118.65295	0.21801758
-40.030186	-119.29147	0.2277832
-40.029045	-113.41955	0.23754883
-40.02787	-113.62029	0.24731445
-40.028122	-114.86579	0.25708008
-40.026627	-117.46122	0.2668457
-40.026131	-119.75857	0.27661133
-40.024227	-112.10954	0.28637695
-40.024296	-109.41888	0.29614258
-40.022903	-110.15466	0.3059082
-40.021	-113.82595	0.31567383
-40.022209	-114.36397	0.32543945
-40.020481	-114.58682	0.33520508
-40.019985	-113.81818	0.3449707
-40.01923	-108.97081	0.35473633
-40.018642	-105.51435	0.36450195
-40.017872	-106.42348	0.37426758
-40.017014	-112.88093	0.3840332
-40.015404	-113.57214	0.39379883
-40.015625	-109.48795	0.40356445
-40.015232	-104.67149	0.41333008
-40.013012	-100.73543	0.4230957
-40.01199	-105.96677	0.43286133
-40.011631	-106.60944	0.44262695
-40.01244	-108.44185	0.45239258
-40.010437	-109.76233	0.4621582
-40.009758	-103.58234	0.47192383
-40.009239	-101.65704	0.48168945
-40.00864	-99.518227	0.49145508
-40.007843	-104.48327	0.5012207
-40.006477	-108.26157	0.51098633
-40.005417	-104.89101	0.52075195
-40.004475	-100.62891	0.53051758
-40.004742	-97.90625	0.5402832
-40.003677	-99.386658	0.55004883
-40.002831	-101.75845	0.55981445
-40.001114	-99.957047	0.56958008
-40.000103	-102.30312	0.5793457
-40.000362	-100.00256	0.58911133
-39.998013	-98.776001	0.59887695
-39.998558	-95.59877	0.60864258
-39.997787	-94.477684	0.6184082
-39.996429	-98.925812	0.62817383
-39.994991	-98.438057	0.63793945
-39.995262	-98.159248	0.64770508
-39.993145	-94.863602	0.6574707
-39.994495	-93.567589	0.66723633
-39.992226	-93.239052	0.67700195
-39.992104	-95.362137	0.68676758
-39.991386	-94.286003	0.6965332
-39.989647	-97.911797	0.70629883
-39.989651	-95.035301	0.71606445
-39.988804	-92.291504	0.72583008
-39.988628	-89.296478	0.7355957
-39.986271	-90.346657	0.74536133
-39.986111	-91.843407	0.75512695
-39.986076	-94.864021	0.76489258
-39.985184	-90.750282	0.7746582
-39.983459	-90.128746	0.78442383
-39.982212	-89.34288	0.79418945
-39.981983	-86.989952	0.80395508
-39.98093	-86.023552	0.8137207
-39.979713	-88.144073	0.82348633
-39.980072	-91.587807	0.83325195
-39.979198	-88.795311	0.84301758
-39.978767	-82.795853	0.8527832
-39.977997	-83.534561	0.86254883
-39.976894	-82.172287	0.87231445
-39.97493	-87.100708	0.88208008
-39.974411	-86.392075	0.8918457
-39.974014	-84.069244	0.90161133
-39.972809	-85.283646	0.91137695
-39.971802	-79.538857	0.92114258
-39.970821	-79.044586	0.9309082
-39.970684	-81.008286	0.94067383
-39.970005	-85.209969	0.95043945
-39.967888	-87.28466	0.96020508
-39.968426	-80.93322	0.9699707
-39.967449	-76.362007	0.97973633
-39.967113	-76.436867	0.98950195
-39.965637	-80.303963	0.99926758
-39.965412	-81.512497	1.0090332
-39.964962	-80.594879	1.0187988
-39.963676	-81.964714	1.0285645
-39.962372	-77.182655	1.0383301
-39.961212	-73.686722	1.0480957
-39.960888	-74.406952	1.0578613
-39.959923	-78.711639	1.067627
-39.960255	-80.903885	1.0773926
-39.959183	-78.557343	1.0871582
-39.958126	-73.141037	1.0969238
-39.956593	-70.550125	1.1066895
-39.955757	-73.213409	1.1164551
-39.956291	-72.933548	1.1262207
-39.953323	-75.603645	1.1359863
-39.953136	-74.67691	1.145752
-39.95216	-71.088097	1.1555176
-39.951836	-69.254547	1.1652832
-39.952232	-66.619469	1.1750488
-39.950806	-68.476257	1.1848145
-39.949997	-75.486084	1.1945801
-39.948078	-72.708122	1.2043457
-39.947033	-71.130661	1.2141113
-39.94717	-66.248978	1.223877
-39.945591	-67.798698	1.2336426
-39.945576	-66.571465	1.2434082
-39.944195	-66.66597	1.2531738
-39.943752	-68.726082	1.2629395
-39.943958	-67.278831	1.2727051
-39.941265	-66.651649	1.2824707
-39.941078	-63.496075	1.2922363
-39.939739	-62.163311	1.302002
-39.939766	-66.546165	1.3117676
-39.940178	-65.871437	1.3215332
-39.938614	-66.579803	1.3312988
-39.937321	-64.101112	1.3410645
-39.935814	-60.194054	1.3508301
-39.934551	-63.218109	1.3605957
-39.934044	-60.573975	1.3703613
-39.933949	-59.435593	1.380127
-39.934357	-63.524166	1.3898926
-39.932369	-63.846977	1.3996582
-39.932045	-59.704094	1.4094238
-39.930809	-55.851147	1.4191895
-39.92944	-56.327873	1.4289551
-39.929588	-58.540733	1.4387207
-39.929482	-59.597729	1.4484863
-39.928516	-59.488911	1.458252
-39.926445	-58.663265	1.4680176
-39.926224	-55.82946	1.4777832
-39.925003	-54.512756	1.4875488
-39.925022	-54.753181	1.4973145
-39.923489	-54.865707	1.5070801
-39.921871	-60.069099	1.5168457
-39.922188	-59.664616	1.5266113
-39.921551	-54.471981	1.536377
-39.920071	-51.10788	1.5461426
-39.919563	-49.642937	1.5559082
-39.919605	-54.609158	1.5656738
-39.91758	-55.455662	1.5754395
-39.917332	-55.26646	1.5852051
-39.916706	-55.243782	1.5949707
-39.915745	-49.457817	1.6047363
-39.914009	-47.529556	1.614502
-39.913162	-48.253849	1.6242676
-39.911903	-52.071693	1.6340332
-39.91172	-55.327496	1.6437988
-39.911636	-51.576038	1.6535645
-39.910763	-44.789925	1.6633301
-39.910934	-45.109787	1.6730957
-39.908722	-47.050789	1.6828613
-39.908577	-49.585342	1.692627
-39.906475	-48.849052	1.7023926
-39.906204	-48.086296	1.7121582
-39.905308	-46.091705	1.7219238
-39.9048	-41.818409	1.7316895
-39.903282	-40.820602	1.7414551
-39.904118	-43.785252	1.7512207
-39.903473	-48.638046	1.7609863
-39.90126	-46.513653	1.770752
-39.901104	-40.912788	1.7805176
-39.899967	-39.216339	1.7902832
-39.899002	-39.63335	1.8000488
-39.898201	-42.448208	1.8098145
-39.897648	-43.41777	1.8195801
-39.897156	-42.606411	1.8293457
-39.895908	-42.227844	1.8391113
-39.894821	-39.771145	1.848877
-39.894444	-34.881439	1.8586426
-39.893047	-35.982849	1.8684082
-39.893692	-40.103565	1.8781738
-39.892014	-40.239262	1.8879395
-39.890121	-39.839905	1.8977051
-39.890411	-34.439056	1.9074707
-39.888783	-34.698444	1.9172363
-39.887798	-35.020355	1.927002
-39.886951	-34.703747	1.9367676
-39.887356	-36.981998	1.9465332
-39.886345	-35.874424	1.9562988
-39.885429	-35.464405	1.9660645
-39.884018	-33.213078	1.9758301
-39.884579	-28.948212	1.9855957
-39.882538	-31.341251	1.9953613
-39.880806	-30.587688	2.005127
-39.881096	-35.238018	2.0148926
-39.880322	-32.557129	2.0246582
-39.879894	-30.777891	2.0344238
-39.87904	-30.495232	2.0441895
-39.877865	-26.909618	2.0539551
-39.876396	-26.690384	2.0637207
-39.876358	-30.24209	2.0734863
-39.875607	-30.989708	2.083252
-39.875195	-30.421833	2.0930176
-39.874527	-25.521595	2.1027832
-39.873993	-23.590555	2.1125488
-39.872181	-25.015322	2.1223145
-39.870399	-27.087992	2.1320801
-39.871998	-26.662867	2.1418457
-39.869495	-28.608301	2.1516113
-39.869377	-27.628246	2.161377
-39.867359	-22.139503	2.1711426
-39.86657	-20.257202	2.1809082
-39.866695	-21.793917	2.1906738
-39.866051	-27.536661	2.2004395
-39.865826	-26.59914	2.2102051
-39.864132	-22.414787	2.2199707
-39.863037	-19.367746	2.2297363
-39.862156	-15.799542	2.239502
-39.86145	-21.240158	2.2492676
-39.860748	-22.464697	2.2590332
-39.86145	-22.03871	2.2687988
-39.858299	-23.95546	2.2785645
-39.857746	-15.827496	2.2883301
-39.857826	-16.474415	2.2980957
-39.856903	-13.056631	2.3078613
-39.856167	-18.001911	2.317627
-39.855965	-23.690334	2.3273926
-39.853954	-20.286842	2.3371582
-39.853508	-13.910531	2.3469238
-39.852386	-11.2704	2.3566895
-39.851364	-12.714856	2.3664551
-39.852299	-16.302057	2.3762207
-39.850468	-15.609992	2.3859863
-39.849525	-17.962017	2.395752
-39.848366	-12.359409	2.4055176
-39.848354	-11.592145	2.4152832
-39.847404	-9.919343	2.4250488
-39.847481	-10.758908	2.4348145
-39.846489	-15.389443	2.4445801
-39.844524	-16.749439	2.4543457
-39.842896	-11.608157	2.4641113
-39.84259	-8.6500006	2.473877
-39.841381	-8.310358	2.4836426
-39.841187	-9.3910828	2.4934082
-39.840401	-11.395097	2.5031738
-39.84127	-10.016521	2.5129395
-39.838577	-10.375022	2.5227051
-39.837925	-9.1658316	2.5324707
-39.837765	-3.3625209	2.5422363
-39.837029	-3.8146894	2.552002
-39.835121	-7.2205515	2.5617676
-39.83593	-6.0963287	2.5715332
-39.833771	-8.0071621	2.5812988
-39.833164	-3.3520606	2.5910645
-39.831989	-4.7655492	2.6008301
-39.830456	-3.4688647	2.6105957
-39.831421	-3.0925391	2.6203613
-39.830318	-1.3623593	2.630127
-39.829258	-2.6658483	2.6398926
-39.828659	-5.6437664	2.6496582
-39.827435	-2.0635679	2.6594238
-39.825394	2.4052043	2.6691895
-39.8255	0.29032034	2.6789551
-39.82457	1.7615174	2.6887207
-39.824257	-3.3251221	2.6984863
-39.823936	-3.7869537	2.708252
-39.82312	2.4219513	2.7180176
-39.821587	1.0209632	2.7277832
-39.821487	5.8366785	2.7375488
-39.820007	6.9448066	2.7473145
-39.820004	2.854183	2.7570801
-39.817585	-0.63922524	2.7668457
-39.817505	-0.069817446	2.7766113
-39.817638	5.8004923	2.786377
-39.815907	9.9824524	2.7961426
-39.814522	9.4694271	2.8059082
-39.814095	5.8206778	2.8156738
-39.813599	3.5959904	2.8254395
-39.812595	4.9295869	2.8352051
-39.811459	3.7823615	2.8449707
-39.811481	9.3894939	2.8547363
-39.810402	11.513502	2.864502
-39.809193	12.802367	2.8742676
-39.809864	6.09447	2.8840332
-39.807953	4.1035991	2.8937988
-39.806355	6.5988684	2.9035645
-39.806885	13.39138	2.9133301
-39.805931	15.768023	2.9230957
-39.803894	12.713962	2.9328613
-39.803619	11.147161	2.942627
-39.803833	9.1036453	2.9523926
-39.802464	10.556407	2.9621582
-39.801121	14.373746	2.9719238
-39.801472	15.938196	2.9816895
-39.800293	18.591944	2.9914551
-39.799053	15.058099	3.0012207
-39.797966	11.616572	3.0109863
-39.796917	13.916046	3.020752
-39.797005	15.619884	3.0305176
-39.795887	20.540421	3.0402832
-39.795647	19.232941	3.0500488
-39.793827	17.823624	3.0598145
-39.793411	17.282707	3.0695801
-39.792656	17.208445	3.0793457
-39.792225	19.717613	3.0891113
-39.790432	21.320818	3.098877
-39.790863	23.030367	3.1086426
-39.789814	24.610512	3.1184082
-39.788555	19.321344	3.1281738
-39.788002	18.563366	3.1379395
-39.786304	21.434752	3.1477051
-39.785892	21.832958	3.1574707
-39.785015	26.520336	3.1672363
-39.784378	25.018074	3.177002
-39.78244	24.217327	3.1867676
-39.782444	24.567257	3.1965332
-39.781651	23.122614	3.2062988
-39.781361	22.709057	3.2160645
-39.780075	28.110031	3.2258301
-39.779922	29.559105	3.2355957
-39.779259	27.80057	3.2453613
-39.777836	26.281546	3.255127
-39.7771	24.121397	3.2648926
-39.776443	27.790005	3.2746582
-39.775852	27.687809	3.2844238
-39.774837	30.716295	3.2941895
-39.773716	30.10125	3.3039551
-39.773083	33.949085	3.3137207
-39.772858	31.446508	3.3234863
-39.771633	26.89374	3.333252
-39.771214	28.778032	3.3430176
-39.769329	34.051666	3.3527832
-39.768612	33.480255	3.3625488
-39.769375	35.278923	3.3723145
-39.767323	31.709034	3.3820801
-39.766941	31.424343	3.3918457
-39.766563	33.343136	3.4016113
-39.765472	32.007156	3.411377
-39.763493	38.597218	3.4211426
-39.763077	38.260731	3.4309082
-39.761856	37.760818	3.4406738
-39.760147	33.633659	3.4504395
-39.760086	30.350477	3.4602051
-39.760258	35.041992	3.4699707
-39.760227	40.095356	3.4797363
-39.759136	41.530266	3.489502
-39.757683	39.38649	3.4992676
-39.75676	36.97047	3.5090332
-39.755863	36.687458	3.5187988
-39.755386	38.444427	3.5285645
-39.754295	41.400639	3.5383301
-39.753849	43.569584	3.5480957
-39.752804	43.396351	3.5578613
-39.752148	39.839622	3.567627
-39.750584	38.294884	3.5773926
-39.749817	38.912643	3.5871582
-39.748917	44.349995	3.5969238
-39.748398	48.765293	3.6066895
-39.748112	45.512909	3.6164551
-39.7477	43.477371	3.6262207
-39.746914	43.151535	3.6359863
-39.744312	41.110573	3.645752
-39.744106	47.133755	3.6555176
-39.743896	46.097305	3.6652832
-39.742367	52.430706	3.6750488
-39.742718	49.347515	3.6848145
-39.741375	43.536964	3.6945801
-39.740734	45.184471	3.7043457
-39.739578	46.158321	3.7141113
-39.73983	52.284355	3.723877
-39.73859	51.151489	3.7336426
-39.736908	49.031509	3.7434082
-39.735962	50.701355	3.7531738
-39.736565	49.248085	3.7629395
-39.734974	49.632629	3.7727051
-39.734009	50.031296	3.7824707
-39.732067	53.348778	3.7922363
-39.733177	57.512383	3.802002
-39.731339	50.689949	3.8117676
-39.730389	52.839088	3.8215332
-39.730694	51.951111	3.8312988
-39.729942	53.334572	3.8410645
-39.729401	56.952621	3.8508301
-39.728748	56.654591	3.8605957
-39.72554	56.857964	3.8703613
-39.725395	56.804264	3.880127
-39.725079	55.554241	3.8898926
-39.724487	52.882591	3.8996582
-39.723724	57.196995	3.9094238
-39.721893	61.960403	3.9191895
-39.721184	61.073578	3.9289551
-39.721882	59.827717	3.9387207
-39.720539	56.889668	3.9484863
-39.719284	58.401512	3.958252
-39.719025	59.084122	3.9680176
-39.718071	61.539368	3.9777832
-39.717514	63.971886	3.9875488
-39.716137	65.279984	3.9973145
-39.715195	63.737743	4.0070801
-39.713947	58.673859	4.0168457
-39.714108	59.040955	4.0266113
-39.712017	64.495766	4.036377
-39.71154	68.953728	4.0461426
-39.712196	68.432213	4.0559082
-39.71067	63.774967	4.0656738
-39.710762	63.211971	4.0754395
-39.709122	63.549438	4.0852051
-39.707329	63.273766	4.0949707
-39.707523	71.274208	4.1047363
-39.705837	70.896988	4.114502
-39.70623	68.908478	4.1242676
-39.70483	66.734886	4.1340332
-39.704788	61.528347	4.1437988
-39.703602	67.019028	4.1535645
-39.702625	72.485847	4.1633301
-39.701405	74.365593	4.1730957
-39.700741	72.402687	4.1828613
-39.700603	68.855721	4.192627
-39.698738	70.4571	4.2023926
-39.698208	69.370972	4.2121582
-39.698261	72.261459	4.2219238
-39.696804	75.181229	4.2316895
-39.696369	77.708344	4.2414551
-39.6945	74.645515	4.2512207
-39.69495	70.292618	4.2609863
-39.692566	69.616211	4.270752
-39.692947	77.015335	4.2805176
-39.69183	79.538414	4.2902832
-39.690697	77.140984	4.3000488
-39.690147	76.614395	4.3098145
-39.689083	74.979103	4.3195801
-39.688709	76.13636	4.3293457
-39.688431	76.952118	4.3391113
-39.685703	77.185028	4.348877
-39.685982	83.412689	4.3586426
-39.685444	82.606239	4.3684082
-39.684719	76.809639	4.3781738
-39.683674	79.212936	4.3879395
-39.682835	76.709846	4.3977051
-39.682526	83.802673	4.4074707
-39.681351	84.554283	4.4172363
-39.681545	82.529846	4.427002
-39.67939	83.46946	4.4367676
-39.679836	82.081528	4.4465332
-39.678436	82.015137	4.4562988
-39.677486	82.764	4.4660645
-39.676346	85.243065	4.4758301
-39.675209	89.64431	4.4855957
-39.673992	87.630333	4.4953613
-39.674011	83.952393	4.505127
-39.672821	83.345657	4.5148926
-39.672531	86.038658	4.5246582
-39.672234	86.36779	4.5344238
-39.670826	87.629318	4.5441895
-39.670204	90.09082	4.5539551
-39.66843	90.922813	4.5637207
-39.6684	87.151993	4.5734863
-39.667801	86.201073	4.583252
-39.666328	86.963203	4.5930176
-39.665527	92.912041	4.6027832
-39.664921	94.736687	4.6125488
-39.66468	93.496071	4.6223145
-39.663177	89.755775	4.6320801
-39.66222	89.273773	4.6418457
-39.659992	91.131111	4.6516113
-39.661568	91.84726	4.661377
-39.659252	95.956474	4.6711426
-39.659615	97.070679	4.6809082
-39.65852	97.582817	4.6906738
-39.656757	91.436058	4.7004395
-39.656296	89.833298	4.7102051
-39.655296	94.633186	4.7199707
-39.655399	97.767845	4.7297363
-39.654591	102.45187	4.739502
-39.653564	97.627197	4.7492676
-39.652924	94.607513	4.7590332
-39.651215	95.346466	4.7687988
-39.649837	96.288483	4.7785645
-39.649891	101.52007	4.7883301
-39.649914	102.28996	4.7980957
-39.64893	105.72515	4.8078613
-39.649193	101.32572	4.817627
-39.647198	95.215088	4.8273926
-39.646389	98.370636	4.8371582
-39.644955	102.95563	4.8469238
-39.64436	105.72617	4.8566895
-39.64325	105.51627	4.8664551
-39.643581	102.78506	4.8762207
-39.64209	100.51811	4.8859863
-39.640636	101.04483	4.895752
-39.640774	104.38171	4.9055176
-39.639339	107.02846	4.9152832
-39.638618	108.64462	4.9250488
-39.638794	108.42765	4.9348145
-39.636852	102.95737	4.9445801
-39.636475	103.80122	4.9543457
-39.634949	105.16398	4.9641113
-39.634411	109.5474	4.973877
-39.634289	109.61011	4.9836426
-39.633266	110.04575	4.9934082
-39.632545	107.2006	5.0031738
-39.632275	107.67074	5.0129395
-39.630878	108.24577	5.0227051
-39.630009	109.06323	5.0324707
-39.629539	113.08379	5.0422363
-39.628948	113.9114	5.052002
-39.62693	111.3988	5.0617676
-39.626617	111.74995	5.0715332
-39.626293	109.5916	5.0812988
-39.62598	112.11356	5.0910645
-39.624832	114.77756	5.1008301
-39.622959	114.38989	5.1105957
-39.623566	116.14168	5.1203613
-39.621914	114.21912	5.130127
-39.620785	114.24493	5.1398926
-39.620827	112.49239	5.1496582
-39.618587	114.14018	5.1594238
-39.618568	119.49801	5.1691895
-39.617905	119.77567	5.1789551
-39.616989	119.26889	5.1887207
-39.616131	115.55083	5.1984863
-39.614929	114.95323	5.208252
-39.613777	119.31817	5.2180176
-39.613365	118.03601	5.2277832
-39.613827	121.85617	5.2375488
-39.612259	123.00842	5.2473145
-39.611008	120.55761	5.2570801
-39.609772	118.75869	5.2668457
-39.609112	116.90785	5.2766113
-39.608936	121.66731	5.286377
-39.6073	126.28156	5.2961426
-39.608654	125.66138	5.3059082
-39.606544	123.99036	5.3156738
-39.6054	120.59956	5.3254395
-39.605576	121.52109	5.3352051
-39.604179	123.26698	5.3449707
-39.603516	127.5346	5.3547363
-39.602257	129.49536	5.364502
-39.600491	128.53777	5.3742676
-39.599682	123.11216	5.3840332
-39.601009	121.601	5.3937988
-39.59935	123.94394	5.4035645
-39.597546	131.09558	5.4133301
-39.598186	133.94485	5.4230957
-39.596565	128.7581	5.4328613
-39.594849	127.39419	5.442627
-39.594891	125.94107	5.4523926
-39.594383	127.8185	5.4621582
-39.592854	130.24965	5.4719238
-39.592037	133.53877	5.4816895
-39.592381	134.53716	5.4914551
-39.590763	133.59477	5.5012207
-39.590656	126.30328	5.5109863
-39.589405	129.91238	5.520752
-39.588684	132.92105	5.5305176
-39.588161	137.10847	5.5402832
-39.58691	136.93958	5.5500488
-39.586311	133.55272	5.5598145
-39.584984	132.91914	5.5695801
-39.584408	133.51918	5.5793457
-39.583069	134.35551	5.5891113
-39.581749	136.98857	5.598877
-39.581482	138.50148	5.6086426
-39.581135	140.94481	5.6184082
-39.580532	136.29866	5.6281738
-39.579147	134.7249	5.6379395
-39.579987	136.68346	5.6477051
-39.578548	138.28194	5.6574707
-39.577652	141.69984	5.6672363
-39.575298	140.11118	5.677002
-39.57653	139.49794	5.6867676
-39.573662	140.7359	5.6965332
-39.574543	139.71608	5.7062988
-39.573032	138.30469	5.7160645
-39.571423	142.75291	5.7258301
-39.572224	146.35547	5.7355957
-39.570232	143.52016	5.7453613
-39.569511	144.72653	5.755127
-39.568424	139.45432	5.7648926
-39.567635	143.85187	5.7746582
-39.566982	144.31311	5.7844238
-39.565269	145.53516	5.7941895
-39.56551	149.22209	5.8039551
-39.565083	146.78703	5.8137207
-39.562988	146.6505	5.8234863
-39.563526	142.32689	5.833252
-39.561897	143.85941	5.8430176
-39.562435	149.05453	5.8527832
-39.561062	151.63435	5.8625488
-39.559479	151.52306	5.8723145
-39.559185	145.59158	5.8820801
-39.558277	146.24777	5.8918457
-39.55706	149.09845	5.9016113
-39.556267	148.98894	5.911377
-39.555954	154.12508	5.9211426
-39.554935	153.52135	5.9309082
-39.553837	153.56686	5.9406738
-39.553543	149.29575	5.9504395
-39.55312	147.22852	5.9602051
-39.551838	151.39665	5.9699707
-39.550385	157.99092	5.9797363
-39.550724	158.4823	5.989502
-39.549141	154.20769	5.9992676
-39.548206	151.26506	6.0090332
-39.547916	151.56186	6.0187988
-39.547909	153.13872	6.0285645
-39.546776	157.43117	6.0383301
-39.545074	160.17853	6.0480957
-39.545246	160.31335	6.0578613
-39.543652	155.60545	6.067627
-39.542046	152.84378	6.0773926
-39.54195	155.52782	6.0871582
-39.541115	160.11864	6.0969238
-39.541172	163.63501	6.1066895
-39.540012	160.69093	6.1164551
-39.538563	159.21123	6.1262207
-39.538483	158.19797	6.1359863
-39.536816	157.67572	6.145752
-39.537365	161.90388	6.1555176
-39.536228	162.2691	6.1652832
-39.534176	167.09099	6.1750488
-39.533939	165.3577	6.1848145
-39.533646	160.71283	6.1945801
-39.531818	161.93289	6.2043457
-39.532188	162.05698	6.2141113
-39.530037	166.28233	6.223877
-39.530613	168.40602	6.2336426
-39.529957	164.54893	6.2434082
-39.528141	166.09074	6.2531738
-39.527973	164.37599	6.2629395
-39.527256	165.92632	6.2727051
-39.526096	165.72858	6.2824707
-39.524681	168.74434	6.2922363
-39.523777	171.92255	6.302002
-39.523273	168.39713	6.3117676
-39.52264	167.89977	6.3215332
-39.521381	167.28056	6.3312988
-39.521351	170.43918	6.3410645
-39.520275	172.73576	6.3508301
-39.51926	171.80725	6.3605957
-39.519081	172.15695	6.3703613
-39.517632	173.75069	6.380127
-39.516796	170.69583	6.3898926
-39.516384	168.83641	6.3996582
-39.514584	171.96335	6.4094238
-39.514893	174.38998	6.4191895
-39.513847	178.77754	6.4289551
-39.513432	173.6906	6.4387207
-39.512661	171.78271	6.4484863
-39.511002	174.04166	6.458252
-39.511021	173.96939	6.4680176
-39.508415	176.8087	6.4777832
-39.50877	180.20184	6.4875488
-39.508003	178.81558	6.4973145
-39.507908	176.43863	6.5070801
-39.506119	174.26213	6.5168457
-39.505501	173.58475	6.5266113
-39.503506	179.68367	6.536377
-39.503025	181.90947	6.5461426
-39.503181	183.4222	6.5559082
-39.501766	179.25012	6.5656738
-39.501945	176.5233	6.5754395
-39.499775	179.912	6.5852051
-39.499516	178.32925	6.5949707
-39.49939	184.69644	6.6047363
-39.498886	185.46559	6.614502
-39.497257	186.53055	6.6242676
-39.496399	181.58675	6.6340332
-39.495045	176.89957	6.6437988
-39.494316	182.51913	6.6535645
-39.49445	187.70924	6.6633301
-39.49379	188.73691	6.6730957
-39.492798	185.95885	6.6828613
-39.492134	183.27731	6.692627
-39.490643	183.70917	6.7023926
-39.490276	184.33952	6.7121582
-39.489017	187.20369	6.7219238
-39.488827	190.10139	6.7316895
-39.486992	192.57997	6.7414551
-39.488052	188.01041	6.7512207
-39.4851	184.8192	6.7609863
-39.486385	185.25462	6.770752
-39.484528	188.66541	6.7805176
-39.484207	194.37553	6.7902832
-39.482258	193.2056	6.8000488
-39.481949	190.81384	6.8098145
-39.481697	190.0088	6.8195801
-39.479244	189.06779	6.8293457
-39.479168	192.62225	6.8391113
-39.477867	191.85736	6.848877
-39.477528	196.9427	6.8586426
-39.476765	197.17836	6.8684082
-39.474827	192.44643	6.8781738
-39.475689	194.1911	6.8879395
-39.474026	192.37184	6.8977051
-39.474415	197.44731	6.9074707
-39.47414	198.34586	6.9172363
-39.472824	196.28505	6.927002
-39.471588	197.02127	6.9367676
-39.470619	195.73598	6.9465332
-39.470024	195.31837	6.9562988
-39.468719	195.36302	6.9660645
-39.467422	198.4088	6.9758301
-39.468163	202.12344	6.9855957
-39.466866	200.07645	6.9953613
-39.466518	199.58257	7.005127
-39.464119	196.79211	7.0148926
-39.464947	200.15808	7.0246582
-39.463951	201.15692	7.0344238
-39.463295	202.15268	7.0441895
-39.461319	204.21362	7.0539551
-39.460903	204.69116	7.0637207
-39.459751	201.14842	7.0734863
-39.459393	199.18794	7.083252
-39.458508	200.74086	7.0930176
-39.457626	205.37898	7.1027832
-39.456554	210.58466	7.1125488
-39.455509	206.90787	7.1223145
-39.454998	203.46307	7.1320801
-39.453648	201.56163	7.1418457
-39.453911	203.14168	7.1516113
-39.452118	205.62013	7.161377
-39.451744	209.86115	7.1711426
-39.451786	208.92041	7.1809082
-39.449707	209.21217	7.1906738
-39.448048	203.50342	7.2004395
-39.447769	204.74185	7.2102051
-39.448624	206.69037	7.2199707
-39.446846	212.34081	7.2297363
-39.444695	215.0162	7.239502
-39.445164	208.55952	7.2492676
-39.444424	207.81209	7.2590332
-39.444099	208.43341	7.2687988
-39.442909	207.85292	7.2785645
-39.443069	213.17102	7.2883301
-39.441582	214.80887	7.2980957
-39.440044	215.28635	7.3078613
-39.439701	212.43999	7.317627
-39.438511	206.76332	7.3273926
-39.438301	210.82347	7.3371582
-39.437584	216.33147	7.3469238
-39.436436	218.32114	7.3566895
-39.43623	218.46542	7.3664551
-39.435081	211.91693	7.3762207
-39.434093	212.36487	7.3859863
-39.432678	214.43323	7.395752
-39.432373	216.37254	7.4055176
-39.430855	219.22931	7.4152832
-39.43005	220.89767	7.4250488
-39.429813	221.04698	7.4348145
-39.429131	216.76596	7.4445801
-39.428383	215.07079	7.4543457
-39.427975	217.01468	7.4641113
-39.427746	222.64218	7.473877
-39.425961	222.14235	7.4836426
-39.426144	221.51094	7.4934082
-39.424782	219.42604	7.5031738
-39.423813	220.73941	7.5129395
-39.423279	219.82082	7.5227051
-39.421909	218.7562	7.5324707
-39.420521	223.25099	7.5422363
-39.419434	226.41063	7.552002
-39.419968	223.39957	7.5617676
-39.418343	223.00841	7.5715332
-39.417553	218.16475	7.5812988
-39.417648	225.69276	7.5910645
-39.414677	225.71405	7.6008301
-39.415634	225.05176	7.6105957
-39.414734	228.75403	7.6203613
-39.413902	228.03362	7.630127
-39.413818	224.48007	7.6398926
-39.411366	223.28056	7.6496582
-39.41069	225.53789	7.6594238
-39.410213	232.19601	7.6691895
-39.409943	232.28421	7.6789551
-39.408497	229.41753	7.6887207
-39.407478	226.94855	7.6984863
-39.406231	226.18661	7.708252
-39.406303	230.04745	7.7180176
-39.405212	230.78311	7.7277832
-39.403812	234.2301	7.7375488
-39.404308	234.50194	7.7473145
-39.403797	231.87312	7.7570801
-39.403114	228.81802	7.7668457
-39.401768	226.39723	7.7766113
-39.400097	232.57854	7.786377
-39.398823	237.9283	7.7961426
-39.398674	236.39595	7.8059082
-39.397411	232.82678	7.8156738
-39.3979	230.86629	7.8254395
-39.396923	231.78204	7.8352051
-39.395157	234.50529	7.8449707
-39.394371	239.37398	7.8547363
-39.394878	238.83791	7.864502
-39.394058	238.95909	7.8742676
-39.39307	235.89127	7.8840332
-39.392147	232.59921	7.8937988
-39.390533	235.00783	7.9035645
-39.389523	241.43962	7.9133301
-39.389462	242.5036	7.9230957
-39.388168	241.00496	7.9328613
-39.38694	236.82788	7.942627
-39.386326	238.0932	7.9523926
-39.385372	237.6769	7.9621582
-39.386059	243.19913	7.9719238
-39.38538	243.7912	7.9816895
-39.383957	245.62473	7.9914551
-39.381886	242.98917	8.0012207
-39.382706	235.56519	8.0109863
-39.380821	241.45041	8.020752
-39.381664	243.43895	8.0305176
-39.379559	246.57414	8.0402832
-39.378784	247.53125	8.0500488
-39.378773	243.88997	8.0598145
-39.375725	243.07077	8.0695801
-39.376076	243.64307	8.0793457
-39.375664	243.56931	8.0891113
-39.37492	248.22047	8.098877
-39.374012	250.72202	8.1086426
-39.372845	251.28233	8.1184082
-39.371357	246.61604	8.1281738
-39.370785	245.59576	8.1379395
-39.369976	246.04904	8.1477051
-39.369553	249.97186	8.1574707
-39.369278	251.29015	8.1672363
-39.369099	250.90627	8.177002
-39.366566	249.6013	8.1867676
-39.366734	250.13911	8.1965332
-39.364788	250.28911	8.2062988
-39.364475	249.17419	8.2160645
-39.363308	252.58693	8.2258301
-39.363148	256.02841	8.2355957
-39.361298	254.56047	8.2453613
-39.361568	254.70415	8.255127
-39.360695	248.59055	8.2648926
-39.359638	253.50768	8.2746582
-39.358986	254.46266	8.2844238
-39.357742	254.44147	8.2941895
-39.35775	259.76138	8.3039551
-39.356697	258.08795	8.3137207
-39.35527	255.83449	8.3234863
-39.354465	252.72176	8.333252
-39.353798	252.09558	8.3430176
-39.35387	259.31882	8.3527832
-39.352737	262.69019	8.3625488
-39.352013	259.44382	8.3723145
-39.351727	256.21121	8.3820801
-39.349895	255.4416	8.3918457
-39.35078	259.10123	8.4016113
-39.348011	257.62494	8.411377
-39.347576	263.15649	8.4211426
-39.346905	265.18149	8.4309082
-39.346046	260.34467	8.4406738
-39.344009	258.02255	8.4504395
-39.344048	255.82367	8.4602051
-39.343647	260.39725	8.4699707
-39.342335	267.09995	8.4797363
-39.342667	267.48978	8.489502
-39.342052	263.76801	8.4992676
-39.340294	259.92566	8.5090332
-39.33926	260.36267	8.5187988
-39.337257	263.20526	8.5285645
-39.338493	266.16861	8.5383301
-39.336647	266.62482	8.5480957
-39.336437	269.3147	8.5578613
-39.336006	264.13226	8.567627
-39.334389	260.03107	8.5773926
-39.332798	262.95779	8.5871582
-39.333664	268.14023	8.5969238
-39.332237	273.04221	8.6066895
-39.331478	268.87985	8.6164551
-39.329193	268.22284	8.6262207
-39.329891	265.79166	8.6359863
-39.328743	266.59137	8.645752
-39.327984	270.60617	8.6555176
-39.327824	272.20529	8.6652832
-39.325466	272.78329	8.6750488
-39.325169	273.2937	8.6848145
-39.324802	266.26343	8.6945801
-39.324608	268.92505	8.7043457
-39.322693	269.54813	8.7141113
-39.322533	274.539	8.723877
-39.321064	275.7749	8.7336426
-39.32122	272.7352	8.7434082
-39.32019	272.38416	8.7531738
-39.319977	273.66415	8.7629395
-39.31953	271.99118	8.7727051
-39.317699	273.36447	8.7824707
-39.317596	275.8624	8.7922363
-39.314575	279.30023	8.802002
-39.314476	275.94464	8.8117676
-39.314377	275.04153	8.8215332
-39.313419	273.46204	8.8312988
-39.312252	276.64734	8.8410645
-39.311611	277.48715	8.8508301
-39.310841	277.85831	8.8605957
-39.309841	278.90802	8.8703613
-39.308842	277.86722	8.880127
-39.307953	276.77301	8.8898926
-39.30735	275.04886	8.8996582
-39.307518	278.30222	8.9094238
-39.306702	282.91269	8.9191895
-39.304951	285.27643	8.9289551
-39.304169	283.04865	8.9387207
-39.303516	277.91785	8.9484863
-39.303249	278.69684	8.958252
-39.301682	280.65607	8.9680176
-39.301373	282.65112	8.9777832
-39.300564	285.58713	8.9875488
-39.298889	284.83145	8.9973145
-39.298058	284.89777	9.0070801
-39.298409	279.99261	9.0168457
-39.297512	279.2742	9.0266113
-39.29623	285.25815	9.036377
-39.296127	288.11578	9.0461426
-39.295071	291.12735	9.0559082
-39.293934	284.55164	9.0656738
-39.292496	281.88712	9.0754395
-39.292046	284.75629	9.0852051
-39.291683	285.97269	9.0949707
-39.29023	290.40552	9.1047363
-39.290016	291.98816	9.114502
-39.2901	289.48419	9.1242676
-39.28759	287.40677	9.1340332
-39.286686	282.11282	9.1437988
-39.287613	286.31458	9.1535645
-39.286694	293.07785	9.1633301
-39.284519	294.31326	9.1730957
-39.283508	293.59601	9.1828613
-39.283981	287.80374	9.192627
-39.282211	287.88126	9.2023926
-39.281509	291.0361	9.2121582
-39.280746	291.94797	9.2219238
-39.279701	294.71631	9.2316895
-39.279213	296.96878	9.2414551
-39.278782	293.19266	9.2512207
-39.277649	289.05331	9.2609863
-39.276848	290.9278	9.270752
-39.275864	293.97308	9.2805176
-39.275646	299.66074	9.2902832
-39.273563	295.79257	9.3000488
-39.273403	295.65268	9.3098145
-39.271729	293.43912	9.3195801
-39.272022	294.04269	9.3293457
-39.270954	297.55212	9.3391113
-39.270443	296.52618	9.348877
-39.269852	300.59033	9.3586426
-39.269859	300.99503	9.3684082
-39.267181	295.83945	9.3781738
-39.266666	297.03192	9.3879395
-39.266533	294.72882	9.3977051
-39.265575	299.13986	9.4074707
-39.263737	302.24371	9.4172363
-39.264004	299.27612	9.427002
-39.262749	301.94025	9.4367676
-39.261681	299.73618	9.4465332
-39.261909	299.65732	9.4562988
-39.26025	298.98553	9.4660645
-39.259228	301.74289	9.4758301
-39.259148	306.07294	9.4855957
-39.257843	303.4382	9.4953613
-39.256798	302.41238	9.505127
-39.255959	299.98801	9.5148926
-39.25576	300.5119	9.5246582
-39.254852	304.29306	9.5344238
-39.254578	304.08371	9.5441895
-39.253155	306.9426	9.5539551
-39.253193	306.62622	9.5637207
-39.2528	303.92545	9.5734863
-39.250671	300.05203	9.583252
-39.249588	303.73047	9.5930176
-39.248615	307.87244	9.6027832
-39.247929	311.76642	9.6125488
-39.247017	310.13953	9.6223145
-39.247242	303.63437	9.6320801
-39.246281	306.00485	9.6418457
-39.245731	304.47119	9.6516113
-39.243443	306.97977	9.661377
-39.242577	313.84518	9.6711426
-39.242123	310.58514	9.6809082
-39.242695	312.05667	9.6906738
-39.241924	308.3562	9.7004395
-39.240501	304.73914	9.7102051
-39.238934	309.34439	9.7199707
-39.238064	315.31595	9.7297363
-39.237751	316.40509	9.739502
-39.236797	313.29355	9.7492676
-39.236835	309.40704	9.7590332
-39.234703	310.73993	9.7687988
-39.235497	310.11832	9.7785645
-39.234497	315.43842	9.7883301
-39.232681	316.33356	9.7980957
-39.232353	315.94031	9.8078613
-39.231426	315.10815	9.817627
-39.231018	309.01477	9.8273926
-39.230003	313.53467	9.8371582
-39.229321	318.50626	9.8469238
-39.228531	319.61954	9.8566895
-39.226444	321.80908	9.8664551
-39.227211	314.82541	9.8762207
-39.225826	315.4614	9.8859863
-39.224121	315.23325	9.895752
-39.223724	317.07721	9.9055176
-39.222355	318.9415	9.9152832
-39.222137	322.45163	9.9250488
-39.221725	320.11691	9.9348145
-39.221043	317.54309	9.9445801
-39.221073	314.92377	9.9543457
-39.219498	318.84369	9.9641113
-39.218224	322.79437	9.973877
-39.21748	323.5433	9.9836426
-39.216557	321.57126	9.9934082
-39.215416	319.38235	10.003174
-39.215214	319.99564	10.012939
-39.214104	321.62668	10.022705
-39.213619	320.02356	10.032471
-39.212406	325.12988	10.042236
-39.211361	326.95694	10.052002
-39.210461	321.74567	10.061768
-39.210751	323.1044	10.071533
-39.209637	319.95758	10.081299
-39.208218	323.32977	10.091064
-39.208439	326.90375	10.10083
-39.20673	324.86444	10.110596
-39.206127	328.14343	10.120361
-39.206051	325.72385	10.130127
-39.203651	326.44055	10.139893
-39.202869	323.9549	10.149658
-39.203217	325.92227	10.159424
-39.201946	330.10764	10.169189
-39.201241	329.99469	10.178955
-39.200359	328.9191	10.188721
-39.199757	325.60419	10.198486
-39.198845	323.65598	10.208252
-39.196709	329.90103	10.218018
-39.197235	329.23907	10.227783
-39.197041	333.21158	10.237549
-39.195297	332.83087	10.247314
-39.194893	330.91626	10.25708
-39.194481	326.93805	10.266846
-39.193394	324.85699	10.276611
-39.191975	330.35785	10.286377
-39.191372	336.71112	10.296143
-39.18998	335.01468	10.305908
-39.1894	329.98541	10.315674
-39.18882	329.91321	10.325439
-39.189194	329.47632	10.335205
-39.187584	331.79785	10.344971
-39.18679	336.73666	10.354736
-39.186226	336.67896	10.364502
-39.185333	339.02386	10.374268
-39.183334	332.17932	10.384033
-39.182903	328.86295	10.393799
-39.183491	332.23563	10.403564
-39.182076	336.30347	10.41333
-39.18045	342.32425	10.423096
-39.179623	338.88095	10.432861
-39.18021	333.8949	10.442627
-39.178528	334.62192	10.452393
-39.17725	334.93069	10.462158
-39.176601	338.64063	10.471924
-39.176224	340.94998	10.481689
-39.175156	343.47366	10.491455
-39.173862	341.50684	10.501221
-39.174145	333.4624	10.510986
-39.173302	337.59402	10.520752
-39.172474	339.87994	10.530518
-39.170971	344.69397	10.540283
-39.169781	345.77914	10.550049
-39.168732	340.15582	10.559814
-39.16758	338.98138	10.56958
-39.167995	339.97324	10.579346
-39.166649	340.2225	10.589111
-39.165798	343.54269	10.598877
-39.166569	345.28125	10.608643
-39.165005	347.51212	10.618408
-39.16481	343.11417	10.628174
-39.163078	341.18494	10.637939
-39.161999	340.78104	10.647705
-39.16254	345.56378	10.657471
-39.161106	347.86053	10.667236
-39.159279	347.6203	10.677002
-39.159473	345.8526	10.686768
-39.158409	345.30682	10.696533
-39.157314	343.8479	10.706299
-39.156395	342.93408	10.716064
-39.156467	347.68878	10.72583
-39.154682	350.61841	10.735596
-39.153606	349.88312	10.745361
-39.153008	347.19955	10.755127
-39.152267	343.59445	10.764893
-39.151466	347.90427	10.774658
-39.149014	348.65088	10.784424
-39.150143	349.19293	10.794189
-39.15028	352.12097	10.803955
-39.148891	351.73837	10.813721
-39.147678	348.3089	10.823486
-39.146526	346.29465	10.833252
-39.145859	347.2186	10.843018
-39.144745	353.08011	10.852783
-39.144104	355.24448	10.862549
-39.143429	354.56216	10.872314
-39.141804	349.35498	10.88208
-39.140751	347.44397	10.891846
-39.140232	350.4129	10.901611
-39.13998	353.41156	10.911377
-39.139309	356.9646	10.921143
-39.137802	356.74161	10.930908
-39.138138	354.26068	10.940674
-39.137825	351.31064	10.950439
-39.136562	348.30627	10.960205
-39.136433	353.79559	10.969971
-39.134415	358.71289	10.979736
-39.134087	361.83188	10.989502
-39.132229	357.20996	10.999268
-39.131657	351.60068	11.009033
-39.131001	354.423	11.018799
-39.130917	356.06064	11.028564
-39.130051	360.99249	11.03833
-39.128845	360.31638	11.048096
-39.127785	362.01346	11.057861
-39.126736	357.66733	11.067627
-39.125687	353.06244	11.077393
-39.12569	356.03528	11.087158
-39.124729	359.54034	11.096924
-39.124237	364.75381	11.106689
-39.123432	361.01093	11.116455
-39.121918	358.81696	11.126221
-39.121838	356.99689	11.135986
-39.121254	357.34134	11.145752
-39.119511	360.82587	11.155518
-39.118687	362.26935	11.165283
-39.118874	363.37173	11.175049
-39.117817	365.2623	11.184814
-39.116798	358.1731	11.19458
-39.115852	358.97906	11.204346
-39.114475	360.32971	11.214111
-39.11364	365.43576	11.223877
-39.113739	366.20596	11.233643
-39.111744	362.11243	11.243408
-39.112717	363.42291	11.253174
-39.11071	362.88171	11.262939
-39.109814	361.80692	11.272705
-39.10955	363.99863	11.282471
-39.109413	366.23676	11.292236
-39.107109	370.22952	11.302002
-39.107151	367.01373	11.311768
-39.106426	364.35477	11.321533
-39.106152	364.50589	11.331299
-39.104465	366.50058	11.341064
-39.102825	367.58206	11.35083
-39.101906	368.26797	11.360596
-39.101978	369.6424	11.370361
-39.10141	368.79871	11.380127
-39.100864	366.74475	11.389893
-39.099331	364.98807	11.399658
-39.098255	367.13345	11.409424
-39.097221	371.87241	11.419189
-39.0979	373.49429	11.428955
-39.095245	372.60022	11.438721
-39.095718	364.68683	11.448486
-39.095581	366.17279	11.458252
-39.093777	370.58594	11.468018
-39.092789	370.80203	11.477783
-39.092609	375.04709	11.487549
-39.091679	373.29782	11.497314
-39.08997	372.28012	11.50708
-39.089634	368.61847	11.516846
-39.088436	366.00964	11.526611
-39.087231	373.03384	11.536377
-39.086658	378.3671	11.546143
-39.086815	376.82455	11.555908
-39.085106	374.37482	11.565674
-39.084595	368.83322	11.575439
-39.084991	372.05463	11.585205
-39.083931	373.75684	11.594971
-39.082947	378.61481	11.604736
-39.081825	379.11127	11.614502
-39.081028	376.40326	11.624268
-39.080025	373.75601	11.634033
-39.078136	368.57135	11.643799
-39.078899	372.83871	11.653564
-39.077724	379.86121	11.66333
-39.076591	382.29007	11.673096
-39.075134	377.49582	11.682861
-39.075775	375.20663	11.692627
-39.075294	373.18436	11.702393
-39.073612	376.64685	11.712158
-39.07304	377.96274	11.721924
-39.071678	380.82498	11.731689
-39.071064	381.97052	11.741455
-39.070187	378.42899	11.751221
-39.068813	375.21579	11.760986
-39.068382	377.18063	11.770752
-39.067772	377.64172	11.780518
-39.067398	383.92575	11.790283
-39.066105	382.40048	11.800049
-39.065014	377.09741	11.809814
-39.064266	379.60498	11.81958
-39.063919	377.55695	11.829346
-39.063385	380.54556	11.839111
-39.062267	379.87555	11.848877
-39.061283	382.88293	11.858643
-39.059914	385.30194	11.868408
-39.060833	379.1532	11.878174
-39.05901	380.78342	11.887939
-39.057934	377.68912	11.897705
-39.05751	384.15106	11.907471
-39.05619	385.91913	11.917236
-39.055649	382.68842	11.927002
-39.05481	383.63617	11.936768
-39.054016	383.41125	11.946533
-39.053158	381.63129	11.956299
-39.052853	381.54025	11.966064
-39.050446	383.51321	11.97583
-39.050713	388.63324	11.985596
-39.049797	388.48526	11.995361
-39.049679	384.73907	12.005127
-39.047588	381.92935	12.014893
-39.047256	382.19601	12.024658
-39.047344	386.91565	12.034424
-39.044758	388.63828	12.044189
-39.045086	389.22473	12.053955
-39.043953	386.35477	12.063721
-39.044209	387.10873	12.073486
-39.042713	382.86829	12.083252
-39.041813	383.60938	12.093018
-39.040279	387.36453	12.102783
-39.040924	392.50885	12.112549
-39.03875	391.75082	12.122314
-39.037827	385.47629	12.13208
-39.037136	386.25137	12.141846
-39.037201	387.03622	12.151611
-39.035309	388.38467	12.161377
-39.034904	392.49805	12.171143
-39.03492	390.21094	12.180908
-39.034348	390.84647	12.190674
-39.032959	385.83261	12.200439
-39.0327	384.19821	12.210205
-39.031082	389.41626	12.219971
-39.029808	393.56247	12.229736
-39.028927	397.21051	12.239502
-39.02792	389.63284	12.249268
-39.027809	386.2236	12.259033
-39.026855	389.3334	12.268799
-39.026615	389.24728	12.278564
-39.02504	392.51593	12.28833
-39.025105	395.5372	12.298096
-39.023659	394.77731	12.307861
-39.02243	392.42007	12.317627
-39.021423	387.19821	12.327393
-39.020977	391.2244	12.337158
-39.021374	394.09534	12.346924
-39.01955	397.9505	12.356689
-39.017937	399.15448	12.366455
-39.017838	391.62808	12.376221
-39.017262	389.54947	12.385986
-39.016922	393.40842	12.395752
-39.015533	394.48648	12.405518
-39.014633	395.4382	12.415283
-39.014011	397.25226	12.425049
-39.012363	396.29919	12.434814
-39.01376	393.07764	12.44458
-39.012371	391.9144	12.454346
-39.011532	391.2439	12.464111
-39.009384	399.07608	12.473877
-39.008148	397.89056	12.483643
-39.007896	396.87296	12.493408
-39.008266	393.91162	12.503174
-39.006763	394.92316	12.512939
-39.004719	394.36237	12.522705
-39.005711	394.71878	12.532471
-39.00404	397.84491	12.542236
-39.002548	400.7702	12.552002
-39.003536	397.49478	12.561768
-39.0023	396.63455	12.571533
-39.000996	392.66974	12.581299
-39.000748	397.59433	12.591064
-38.999271	400.80652	12.60083
-38.998554	397.32254	12.610596
-38.997768	401.05069	12.620361
-38.995754	398.60596	12.630127
-38.995998	395.82635	12.639893
-38.994648	395.82782	12.649658
-38.994354	395.51682	12.659424
-38.993702	400.60809	12.669189
-38.992908	403.14417	12.678955
-38.992989	399.8237	12.688721
-38.99094	397.90024	12.698486
-38.990211	395.90417	12.708252
-38.988953	398.98865	12.718018
-38.989777	401.18655	12.727783
-38.988422	403.65332	12.737549
-38.988037	403.7103	12.747314
-38.985348	400.99173	12.75708
-38.985809	396.41519	12.766846
-38.984699	396.23657	12.776611
-38.984501	400.74643	12.786377
-38.98222	406.75986	12.796143
-38.981808	406.48181	12.805908
-38.981831	399.22452	12.815674
-38.980373	398.40829	12.825439
-38.978619	398.9342	12.835205
-38.978821	401.92044	12.844971
-38.979229	404.88837	12.854736
-38.976849	406.52759	12.864502
-38.976784	405.37228	12.874268
-38.97625	401.56863	12.884033
-38.975609	396.30518	12.893799
-38.974205	400.95096	12.903564
-38.974098	405.52347	12.91333
-38.971931	410.16177	12.923096
-38.971493	404.50232	12.932861
-38.970936	399.82584	12.942627
-38.970306	401.07916	12.952393
-38.969799	402.57584	12.962158
-38.968468	406.92291	12.971924
-38.968136	406.83447	12.981689
-38.967308	407.80972	12.991455
-38.966457	407.58334	13.001221
-38.965034	401.4812	13.010986
-38.964283	402.8342	13.020752
-38.962955	404.729	13.030518
-38.963459	408.77771	13.040283
-38.961491	409.85779	13.050049
-38.962055	404.98886	13.059814
-38.960709	404.06729	13.06958
-38.959137	404.28235	13.079346
-38.958862	404.61649	13.089111
-38.956078	405.69525	13.098877
-38.957249	407.59024	13.108643
-38.956326	409.88986	13.118408
-38.955185	406.80682	13.128174
-38.954559	404.09	13.137939
-38.953178	402.34814	13.147705
-38.953316	407.20828	13.157471
-38.950985	408.75742	13.167236
-38.952469	408.98322	13.177002
-38.95005	408.47684	13.186768
-38.949619	406.56247	13.196533
-38.94873	406.88626	13.206299
-38.948273	402.59726	13.216064
-38.947872	407.14743	13.22583
-38.94664	410.76352	13.235596
-38.945503	410.88544	13.245361
-38.944588	408.48102	13.255127
-38.943554	401.77652	13.264893
-38.943115	403.95221	13.274658
-38.943333	408.41782	13.284424
-38.940731	409.88901	13.294189
-38.940613	412.85425	13.303955
-38.939026	410.3364	13.313721
-38.940334	407.45383	13.323486
-38.938309	406.80191	13.333252
-38.939041	404.74762	13.343018
-38.936539	410.77295	13.352783
-38.93539	415.5824	13.362549
-38.934372	412.81958	13.372314
-38.935303	407.41776	13.38208
-38.933083	404.28424	13.391846
-38.931961	409.44489	13.401611
-38.93137	411.32028	13.411377
-38.930786	414.09683	13.421143
-38.929111	412.20425	13.430908
-38.92852	411.29575	13.440674
-38.928719	406.55936	13.450439
-38.928173	404.48248	13.460205
-38.927605	407.17548	13.469971
-38.92651	414.92691	13.479736
-38.925289	415.00571	13.489502
-38.924576	408.79593	13.499268
-38.923203	407.91696	13.509033
-38.924263	406.87717	13.518799
-38.921978	410.02347	13.528564
-38.92136	412.87527	13.53833
-38.920219	411.65961	13.548096
-38.919834	413.94299	13.557861
-38.918415	408.81091	13.567627
-38.917591	405.87299	13.577393
-38.916855	409.01236	13.587158
-38.916252	409.79868	13.596924
-38.915318	415.85913	13.606689
-38.914909	413.82809	13.616455
-38.913246	410.12408	13.626221
-38.913303	409.57794	13.635986
-38.913292	409.98959	13.645752
-38.911949	413.50229	13.655518
-38.911079	412.05499	13.665283
-38.910244	413.9144	13.675049
-38.908199	415.24133	13.684814
-38.907925	409.43976	13.69458
-38.907627	409.23196	13.704346
-38.906639	409.01758	13.714111
-38.905033	414.34515	13.723877
-38.904743	414.94324	13.733643
-38.903728	413.16412	13.743408
-38.905159	411.49374	13.753174
-38.902821	411.88113	13.762939
-38.902054	410.36096	13.772705
-38.900623	410.76929	13.782471
-38.900532	412.87616	13.792236
-38.897484	416.00381	13.802002
-38.898853	415.49826	13.811768
-38.897148	410.95288	13.821533
-38.896786	407.7637	13.831299
-38.896339	411.46088	13.841064
-38.895351	415.7301	13.85083
-38.894264	414.35175	13.860596
-38.893002	415.85678	13.870361
-38.892212	412.86664	13.880127
-38.891708	412.66754	13.889893
-38.890633	409.3638	13.899658
-38.891197	411.35428	13.909424
-38.889557	415.84375	13.919189
-38.888252	418.53702	13.928955
-38.887867	417.33505	13.938721
-38.886116	410.13522	13.948486
-38.887051	410.54193	13.958252
-38.886745	412.53964	13.968018
-38.884281	413.66708	13.977783
-38.884136	418.7211	13.987549
-38.883945	416.21942	13.997314
-38.882023	414.83783	14.00708
-38.88131	410.45947	14.016846
-38.880348	408.8364	14.026611
-38.879868	414.93387	14.036377
-38.88007	418.75037	14.046143
-38.87846	417.7514	14.055908
-38.877254	413.61481	14.065674
-38.876694	407.92871	14.075439
-38.875439	410.74442	14.085205
-38.875042	412.60132	14.094971
-38.874081	418.33069	14.104736
-38.873665	416.45325	14.114502
-38.872444	415.63208	14.124268
-38.87233	412.69754	14.134033
-38.870255	409.0741	14.143799
-38.86998	412.0921	14.153564
-38.868214	415.09348	14.16333
-38.868084	419.87186	14.173096
-38.868141	416.40054	14.182861
-38.866428	411.53439	14.192627
-38.865715	410.43182	14.202393
-38.865192	412.40756	14.212158
-38.863926	415.57135	14.221924
-38.862919	416.1315	14.231689
-38.862965	417.61835	14.241455
-38.862225	415.96857	14.251221
-38.861832	410.43124	14.260986
-38.860252	410.72781	14.270752
-38.859005	412.56027	14.280518
-38.858883	418.07114	14.290283
-38.858772	417.35828	14.300049
-38.857929	413.0289	14.309814
-38.855804	411.68958	14.31958
-38.856087	409.80835	14.329346
-38.854244	413.7934	14.339111
-38.853371	414.61856	14.348877
-38.852627	415.4314	14.358643
-38.851055	417.12418	14.368408
-38.851768	412.29504	14.378174
-38.85059	412.75839	14.387939
-38.850845	410.20151	14.397705
-38.849327	411.55249	14.407471
-38.848293	418.22348	14.417236
-38.848293	415.67572	14.427002
-38.846508	416.51108	14.436768
-38.845974	414.06683	14.446533
-38.84486	411.96005	14.456299
-38.843071	409.96295	14.466064
-38.842667	412.3866	14.47583
-38.841248	416.66684	14.485596
-38.841431	417.81732	14.495361
-38.840847	413.70328	14.505127
-38.839851	409.69467	14.514893
-38.838585	410.9874	14.524658
-38.838383	414.1803	14.534424
-38.838131	416.98218	14.544189
-38.836391	418.67419	14.553955
-38.836136	415.71671	14.563721
-38.835449	413.02176	14.573486
-38.834026	411.18954	14.583252
-38.832649	410.57117	14.593018
-38.833454	415.42059	14.602783
-38.831875	418.66013	14.612549
-38.830772	417.62164	14.622314
-38.828709	411.22141	14.63208
-38.827908	410.30228	14.641846
-38.828339	412.88882	14.651611
-38.82719	413.18015	14.661377
-38.827164	419.13928	14.671143
-38.826099	414.9313	14.680908
-38.82552	415.31421	14.690674
-38.824024	410.60999	14.700439
-38.824974	408.3486	14.710205
-38.822319	412.01004	14.719971
-38.822197	416.0665	14.729736
-38.820877	420.39966	14.739502
-38.820621	414.74466	14.749268
-38.818588	409.29706	14.759033
-38.818092	409.42407	14.768799
-38.818321	411.68912	14.778564
-38.81691	414.82938	14.78833
-38.816376	415.8486	14.798096
-38.815216	414.16266	14.807861
-38.815845	413.27661	14.817627
-38.814766	407.98602	14.827393
-38.813267	410.26648	14.837158
-38.810909	414.81012	14.846924
-38.812038	416.12277	14.856689
-38.810223	416.16617	14.866455
-38.809956	411.56219	14.876221
-38.808945	408.22781	14.885986
-38.808964	410.99356	14.895752
-38.8069	413.24243	14.905518
-38.805668	414.08664	14.915283
-38.805702	415.6087	14.925049
-38.804134	414.33118	14.934814
-38.802902	411.00232	14.94458
-38.802528	409.34055	14.954346
-38.801411	408.36398	14.964111
-38.801014	415.68918	14.973877
-38.800877	414.69449	14.983643
-38.799908	412.46259	14.993408
-38.798897	410.94559	15.003174
-38.798454	409.74289	15.012939
-38.796661	410.44565	15.022705
-38.797203	409.49463	15.032471
-38.795853	412.23697	15.042236
-38.795586	415.81635	15.052002
-38.794304	413.11835	15.061768
-38.792591	410.49496	15.071533
-38.793018	408.11368	15.081299
-38.791866	409.84317	15.091064
-38.790695	415.25153	15.10083
-38.789738	411.4314	15.110596
-38.790138	413.87387	15.120361
-38.788895	411.90512	15.130127
-38.787743	409.47827	15.139893
-38.787273	408.12903	15.149658
-38.786972	408.78577	15.159424
-38.785347	412.72775	15.169189
-38.78458	415.28912	15.178955
-38.784668	411.68774	15.188721
-38.782928	407.29633	15.198486
-38.782951	405.83963	15.208252
-38.781208	409.16275	15.218018
-38.781055	412.96136	15.227783
-38.779758	414.17319	15.237549
-38.77906	412.79041	15.247314
-38.778622	409.9549	15.25708
-38.778328	407.52692	15.266846
-38.776264	405.30258	15.276611
-38.775356	412.32159	15.286377
-38.774387	414.21194	15.296143
-38.773502	416.04031	15.305908
-38.77269	408.29456	15.315674
-38.77158	404.28275	15.325439
-38.772163	406.10016	15.335205
-38.771709	410.32019	15.344971
-38.770355	414.94247	15.354736
-38.769138	410.86719	15.364502
-38.769012	410.90872	15.374268
-38.767075	408.50482	15.384033
-38.766632	403.73395	15.393799
-38.764454	408.62775	15.403564
-38.764904	410.15027	15.41333
-38.764889	413.47327	15.423096
-38.763443	412.57468	15.432861
-38.762108	404.93185	15.442627
-38.760612	405.47653	15.452393
-38.760929	407.74872	15.462158
-38.760231	409.32144	15.471924
-38.759789	409.67947	15.481689
-38.757385	410.28271	15.491455
-38.757114	410.29803	15.501221
-38.757229	405.69281	15.510986
-38.755566	404.89008	15.520752
-38.754841	408.33041	15.530518
-38.754429	411.22968	15.540283
-38.753052	411.7655	15.550049
-38.752544	407.5105	15.559814
-38.752708	405.21561	15.56958
-38.751156	405.01855	15.579346
-38.750557	406.37952	15.589111
-38.748035	406.23672	15.598877
-38.748592	408.39426	15.608643
-38.747082	408.59137	15.618408
-38.747093	407.36108	15.628174
-38.746334	405.79605	15.637939
-38.745663	402.49802	15.647705
-38.745243	407.48566	15.657471
-38.74485	410.49155	15.667236
-38.743591	407.49313	15.677002
-38.74118	408.6044	15.686768
-38.741074	405.09213	15.696533
-38.73909	405.38162	15.706299
-38.738911	404.24478	15.716064
-38.739452	404.42599	15.72583
-38.738762	409.21848	15.735596
-38.736679	409.45392	15.745361
-38.736057	405.85147	15.755127
-38.735298	401.68231	15.764893
-38.735043	402.05286	15.774658
-38.733879	407.44336	15.784424
-38.732883	407.159	15.794189
-38.733429	408.3754	15.803955
-38.731243	405.85745	15.813721
-38.730354	402.51044	15.823486
-38.730171	402.71222	15.833252
-38.729015	400.75168	15.843018
-38.728043	407.24496	15.852783
-38.727608	411.117	15.862549
-38.726692	407.73743	15.872314
-38.727016	403.2269	15.88208
-38.724945	399.35526	15.891846
-38.724422	403.19888	15.901611
-38.722702	406.59439	15.911377
-38.722759	409.07562	15.921143
-38.721832	406.82349	15.930908
-38.721943	405.2121	15.940674
-38.719955	402.72568	15.950439
-38.718727	399.74646	15.960205
-38.717125	403.82965	15.969971
-38.717537	407.26453	15.979736
-38.718117	409.70404	15.989502
-38.715378	404.79404	15.999268
-38.715809	399.79617	16.009033
-38.714535	398.73172	16.018799
-38.714481	402.34457	16.028564
-38.712749	408.09229	16.03833
-38.712696	405.69669	16.048096
-38.711014	406.8678	16.057861
-38.710892	403.63898	16.067627
-38.708828	397.77142	16.077393
-38.708427	402.6669	16.087158
-38.707222	401.88837	16.096924
-38.707199	407.43631	16.106689
-38.706478	407.48834	16.116455
-38.706654	398.47437	16.126221
-38.704784	401.77298	16.135986
-38.704357	401.04016	16.145752
-38.703007	402.4483	16.155518
-38.702713	404.38437	16.165283
-38.701077	403.80698	16.175049
-38.70126	403.96954	16.184814
-38.700153	402.70416	16.19458
-38.698784	398.07263	16.204346
-38.698837	399.59665	16.214111
-38.698254	401.94595	16.223877
-38.69696	406.36047	16.233643
-38.696037	403.12607	16.243408
-38.694759	400.54233	16.253174
-38.693359	400.8154	16.262939
-38.692993	400.79755	16.272705
-38.692051	400.22919	16.282471
-38.692902	402.31351	16.292236
-38.690952	405.95682	16.302002
-38.689533	404.21054	16.311768
-38.688969	399.60837	16.321533
-38.688419	395.85284	16.331299
-38.688816	400.3302	16.341064
-38.68568	403.29694	16.35083
-38.685341	403.46048	16.360596
-38.683567	404.18411	16.370361
-38.684036	400.82928	16.380127
-38.684231	399.8259	16.389893
-38.682999	398.33234	16.399658
-38.682484	399.27048	16.409424
-38.681099	403.16135	16.419189
-38.680336	404.45502	16.428955
-38.679455	402.86578	16.438721
-38.678585	397.647	16.448486
-38.677967	395.90814	16.458252
-38.67778	398.70569	16.468018
-38.67683	402.45532	16.477783
-38.675652	404.55307	16.487549
-38.673908	400.50977	16.497314
-38.6735	399.24628	16.50708
-38.673759	398.51038	16.516846
-38.671291	394.76321	16.526611
-38.671539	400.96271	16.536377
-38.671318	404.70874	16.546143
-38.669998	403.96463	16.555908
-38.669239	400.20477	16.565674
-38.668205	393.55817	16.575439
-38.667137	395.34949	16.585205
-38.6661	400.2692	16.594971
-38.665974	402.72614	16.604736
-38.665161	401.22278	16.614502
-38.664341	399.30542	16.624268
-38.66264	397.72064	16.634033
-38.662415	393.92877	16.643799
-38.661907	397.89758	16.653564
-38.660545	401.19083	16.66333
-38.660007	403.97104	16.673096
-38.659447	401.18195	16.682861
-38.657452	396.1459	16.692627
-38.657654	395.3649	16.702393
-38.656769	397.88882	16.712158
-38.655739	400.06754	16.721924
-38.656548	399.78717	16.731689
-38.654003	400.75858	16.741455
-38.653488	399.73068	16.751221
-38.651703	396.68774	16.760986
-38.651791	396.76764	16.770752
-38.650246	396.41632	16.780518
-38.649788	400.91034	16.790283
-38.649345	401.26611	16.800049
-38.648743	397.84491	16.809814
-38.646954	397.46518	16.81958
-38.647064	394.48029	16.829346
-38.646782	396.67209	16.839111
-38.645668	399.06766	16.848877
-38.644772	398.16095	16.858643
-38.644009	401.97098	16.868408
-38.642387	398.08365	16.878174
-38.641922	395.966	16.887939
-38.640835	394.03494	16.897705
-38.63953	395.61911	16.907471
-38.640938	400.58359	16.917236
-38.638546	399.61884	16.927002
-38.63858	398.59576	16.936768
-38.637493	397.22449	16.946533
-38.637379	394.8562	16.956299
-38.635773	395.64691	16.966064
-38.634575	396.48541	16.97583
-38.633148	399.11472	16.985596
-38.633564	401.08817	16.995361
-38.632378	397.75299	17.005127
-38.631557	392.40201	17.014893
-38.631092	392.69611	17.024658
-38.629665	395.85916	17.034424
-38.629959	400.5535	17.044189
-38.627178	403.20181	17.053955
-38.626717	397.18198	17.063721
-38.627079	394.953	17.073486
-38.625706	393.33142	17.083252
-38.625717	394.24277	17.093018
-38.624416	399.34641	17.102783
-38.623207	401.66919	17.112549
-38.622238	400.83142	17.122314
-38.621124	393.48618	17.13208
-38.620415	391.13068	17.141846
-38.62022	393.35501	17.151611
-38.620701	398.0192	17.161377
-38.617977	399.89691	17.171143
-38.617977	398.22736	17.180908
-38.617531	396.62692	17.190674
-38.617435	393.65637	17.200439
-38.614864	390.39291	17.210205
-38.614498	396.38837	17.219971
-38.613987	399.55405	17.229736
-38.613609	399.43796	17.239502
-38.612225	398.64944	17.249268
-38.612095	389.54205	17.259033
-38.610199	391.78516	17.268799
-38.610065	396.08215	17.278564
-38.608337	398.93591	17.28833
-38.608364	399.11337	17.298096
-38.606922	396.60791	17.307861
-38.606888	395.48972	17.317627
-38.606335	393.07272	17.327393
-38.605408	393.53214	17.337158
-38.604137	396.39694	17.346924
-38.603485	398.72449	17.356689
-38.601097	399.46741	17.366455
-38.60154	394.33859	17.376221
-38.600571	392.65219	17.385986
-38.599758	393.60123	17.395752
-38.599247	397.81177	17.405518
-38.597298	396.44736	17.415283
-38.597599	396.17691	17.425049
-38.595833	398.0246	17.434814
-38.595554	393.17349	17.44458
-38.595074	394.28366	17.454346
-38.593952	390.32294	17.464111
-38.593815	397.67422	17.473877
-38.592262	398.42188	17.483643
-38.591663	396.1839	17.493408
-38.59111	396.78128	17.503174
-38.59058	392.89908	17.512939
-38.58886	393.93896	17.522705
-38.587982	395.96863	17.532471
-38.58749	393.98834	17.542236
-38.587715	398.28198	17.552002
-38.58646	398.6459	17.561768
-38.58485	395.33011	17.571533
-38.58448	390.33957	17.581299
-38.583778	391.80743	17.591064
-38.582203	396.74069	17.60083
-38.582417	397.56601	17.610596
-38.582279	396.75882	17.620361
-38.580776	395.3782	17.630127
-38.579521	392.44562	17.639893
-38.578678	391.6843	17.649658
-38.577999	391.20978	17.659424
-38.576569	396.23993	17.669189
-38.576733	399.43338	17.678955
-38.576263	396.57712	17.688721
-38.574638	390.52426	17.698486
-38.574699	389.0097	17.708252
-38.572845	392.32941	17.718018
-38.572365	396.62253	17.727783
-38.571529	398.94254	17.737549
-38.571037	394.61951	17.747314
-38.569721	393.94794	17.75708
-38.569691	392.05829	17.766846
-38.568172	389.77231	17.776611
-38.566776	394.88782	17.786377
-38.566036	396.77243	17.796143
-38.565617	398.83231	17.805908
-38.564735	394.83768	17.815674
-38.56287	388.66013	17.825439
-38.563103	390.13153	17.835205
-38.562046	395.68524	17.844971
-38.560593	398.4953	17.854736
-38.56142	396.9165	17.864502
-38.559669	393.0466	17.874268
-38.560509	393.14249	17.884033
-38.557983	388.74722	17.893799
-38.55801	392.89844	17.903564
-38.556477	394.37051	17.91333
-38.555702	399.0314	17.923096
-38.555077	395.5686	17.932861
-38.554073	390.15265	17.942627
-38.55278	391.10541	17.952393
-38.552315	393.15912	17.962158
-38.552071	394.76929	17.971924
-38.550884	395.36612	17.981689
-38.550014	395.09491	17.991455
-38.549294	393.22125	18.001221
-38.549377	391.65692	18.010986
-38.548058	390.09341	18.020752
-38.547272	391.77707	18.030518
-38.547009	395.98822	18.040283
-38.544884	396.68292	18.050049
-38.545563	393.23273	18.059814
-38.542324	393.22888	18.06958
-38.542206	389.59027	18.079346
-38.54229	394.17868	18.089111
-38.542065	393.32874	18.098877
-38.539906	394.38586	18.108643
-38.540279	395.80472	18.118408
-38.538765	394.17606	18.128174
-38.537991	391.05176	18.137939
-38.536045	387.83167	18.147705
-38.534908	391.08774	18.157471
-38.535812	396.12735	18.167236
-38.534748	395.70508	18.177002
-38.532627	396.6828	18.186768
-38.532528	390.45981	18.196533
-38.532391	389.82858	18.206299
-38.532639	390.92914	18.216064
-38.530796	392.62476	18.22583
-38.529701	395.79453	18.235596
-38.528557	395.70612	18.245361
-38.528904	393.49091	18.255127
-38.527145	387.45264	18.264893
-38.527302	386.6925	18.274658
-38.52491	393.37778	18.284424
-38.524895	395.0867	18.294189
-38.524609	395.26553	18.303955
-38.524067	393.58154	18.313721
-38.523151	388.63098	18.323486
-38.521229	389.20468	18.333252
-38.52174	388.82068	18.343018
-38.520699	393.43753	18.352783
-38.518597	397.47552	18.362549
-38.518757	393.71622	18.372314
-38.517529	389.47537	18.38208
-38.51717	386.11084	18.391846
-38.515759	387.7066	18.401611
-38.515347	393.90961	18.411377
-38.513767	396.55737	18.421143
-38.514503	393.2876	18.430908
-38.51255	390.10895	18.440674
-38.512146	389.01575	18.450439
-38.510418	386.99316	18.460205
-38.510448	392.60645	18.469971
-38.509335	394.7587	18.479736
-38.508881	397.26883	18.489502
-38.507294	392.68408	18.499268
-38.508514	385.69009	18.509033
-38.505962	387.62674	18.518799
-38.504757	390.54047	18.528564
-38.504654	394.24002	18.53833
-38.504292	392.60397	18.548096
-38.502106	392.13519	18.557861
-38.502705	392.88895	18.567627
-38.501495	387.06033	18.577393
-38.501621	389.45728	18.587158
-38.499344	390.14197	18.596924
-38.498466	394.68506	18.606689
-38.497997	395.24829	18.616455
-38.497776	388.69849	18.626221
-38.496758	388.76138	18.635986
-38.495403	389.43564	18.645752
-38.494301	391.00735	18.655518
-38.493401	393.56018	18.665283
-38.49268	391.62747	18.675049
-38.492294	392.00037	18.684814
-38.492218	390.79749	18.69458
-38.491001	387.97653	18.704346
-38.489063	388.18845	18.714111
-38.48962	390.40994	18.723877
-38.487984	394.46616	18.733643
-38.487869	392.75613	18.743408
-38.486656	392.52698	18.753174
-38.485126	387.66406	18.762939
-38.48505	389.29834	18.772705
-38.484722	389.21524	18.782471
-38.484135	390.9455	18.792236
-38.481434	392.46347	18.802002
-38.480774	392.41684	18.811768
-38.481804	390.86731	18.821533
-38.480297	385.14514	18.831299
-38.479259	386.32074	18.841064
-38.47776	391.89993	18.85083
-38.478756	393.65717	18.860596
-38.4772	395.05579	18.870361
-38.476437	387.11096	18.880127
-38.475883	387.97882	18.889893
-38.474995	389.66443	18.899658
-38.474628	387.12683	18.909424
-38.473045	394.27374	18.919189
-38.471882	395.15067	18.928955
-38.470978	393.18936	18.938721
-38.470333	387.78378	18.948486
-38.4706	382.80405	18.958252
-38.468616	389.81906	18.968018
-38.46851	393.88281	18.977783
-38.466263	394.68118	18.987549
-38.465797	391.48969	18.997314
-38.465702	387.57932	19.00708
-38.465214	387.91293	19.016846
-38.464077	386.41089	19.026611
-38.46299	391.15277	19.036377
-38.46257	393.78668	19.046143
-38.462208	393.92923	19.055908
-38.459072	389.87769	19.065674
-38.459393	385.84131	19.075439
-38.459454	385.35858	19.085205
-38.458252	390.2337	19.094971
-38.457058	393.08444	19.104736
-38.456867	389.87921	19.114502
-38.455151	391.65802	19.124268
-38.45517	387.16064	19.134033
-38.454384	386.40195	19.143799
-38.453041	388.5957	19.153564
-38.452656	390.33597	19.16333
-38.452	394.31363	19.173096
-38.450932	391.54211	19.182861
-38.450779	386.50574	19.192627
-38.450039	386.11316	19.202393
-38.448521	386.009	19.212158
-38.447624	392.09109	19.221924
-38.44722	392.46924	19.231689
-38.446323	390.13931	19.241455
-38.444988	390.48239	19.251221
-38.445015	387.06824	19.260986
-38.443665	387.99771	19.270752
-38.442715	387.7438	19.280518
-38.441013	389.62585	19.290283
-38.441608	393.26755	19.300049
-38.439846	389.0939	19.309814
-38.440365	388.25784	19.31958
-38.437603	385.40402	19.329346
-38.438503	387.85269	19.339111
-38.43681	390.47827	19.348877
-38.437016	389.37866	19.358643
-38.436317	391.72079	19.368408
-38.434074	389.90085	19.378174
-38.433826	388.56552	19.387939
-38.433277	385.41919	19.397705
-38.433296	387.32751	19.407471
-38.431534	390.78555	19.417236
-38.431915	393.04819	19.427002
-38.43055	390.18665	19.436768
-38.428226	386.07248	19.446533
-38.428635	386.4798	19.456299
-38.427662	386.70276	19.466064
-38.425961	388.28946	19.47583
-38.425583	391.62729	19.485596
-38.424088	391.67685	19.495361
-38.42374	391.44055	19.505127
-38.423706	383.36661	19.514893
-38.422047	381.63467	19.524658
-38.421215	388.05765	19.534424
-38.419647	393.50601	19.544189
-38.41906	392.51569	19.553955
-38.419533	387.69519	19.563721
-38.418274	385.13373	19.573486
-38.417946	386.86972	19.583252
-38.417221	384.44153	19.593018
-38.416302	392.62686	19.602783
-38.416367	391.60361	19.612549
-38.413483	392.81415	19.622314
-38.412964	386.72891	19.63208
-38.414265	381.87808	19.641846
-38.411335	384.34537	19.651611
-38.411621	390.28738	19.661377
-38.411301	391.83267	19.671143
-38.408894	391.56339	19.680908
-38.40855	386.94626	19.690674
-38.408676	386.66245	19.700439
-38.406956	385.0831	19.710205
-38.405277	388.12009	19.719971
-38.405296	390.1936	19.729736
-38.405003	392.75729	19.739502
-38.403812	389.9577	19.749268
-38.40189	383.59113	19.759033
-38.402607	382.48834	19.768799
-38.401546	386.35065	19.778564
-38.400295	390.30325	19.78833
-38.400135	389.42331	19.798096
-38.399197	389.80176	19.807861
-38.398495	386.55753	19.817627
-38.398739	386.55661	19.827393
-38.396297	386.00046	19.837158
-38.395317	387.09784	19.846924
-38.393093	392.98065	19.856689
-38.393631	390.1615	19.866455
-38.392921	386.48984	19.876221
-38.392574	385.72659	19.885986
-38.391663	381.84528	19.895752
-38.390598	388.07526	19.905518
-38.390427	390.5209	19.915283
-38.38842	388.05173	19.925049
-38.388035	388.14148	19.934814
-38.386524	387.1926	19.94458
-38.387028	386.86838	19.954346
-38.386562	383.99188	19.964111
-38.384205	386.50534	19.973877
-38.384777	392.1933	19.983643
-38.383053	387.8501	19.993408
-38.381905	387.42218	20.003174
-38.381924	384.29636	20.012939


Data Header:			typeiv_0.3302_solid_090_monotonic_r0			Time:	28.185791	s	4/14/2019 3:52:42 AM
Data Acquisition:	Timed
Station Name:	ft40.cfg
Test File Name:	monotonic_0.2540_typeiv_solid_090_dimension.tst
Displacement	Force	Running Time
mm	N	s
-38.380863	385.6644	20.022705
-38.380138	387.02429	20.032471
-38.379337	386.50064	20.042236
-38.37862	389.67056	20.052002
-38.378368	390.95959	20.061768
-38.377357	384.63412	20.071533
-38.375427	383.24234	20.081299
-38.374538	385.43341	20.091064
-38.374557	388.89355	20.10083
-38.372814	392.33969	20.110596
-38.373837	389.71445	20.120361
-38.372215	386.0144	20.130127
-38.371071	383.91928	20.139893
-38.370056	384.74265	20.149658
-38.369667	386.40643	20.159424
-38.36853	390.14441	20.169189
-38.369373	389.14032	20.178955
-38.367271	390.15079	20.188721
-38.366581	383.87167	20.198486
-38.365208	380.11343	20.208252
-38.365208	385.38977	20.218018
-38.364006	389.66052	20.227783
-38.362419	392.60049	20.237549
-38.360222	386.81015	20.247314
-38.36031	385.53482	20.25708
-38.360851	384.11401	20.266846
-38.359894	382.66977	20.276611
-38.359715	387.65985	20.286377
-38.357231	387.91138	20.296143
-38.357792	390.01465	20.305908
-38.356995	386.19049	20.315674
-38.356335	380.09756	20.325439
-38.354355	383.79395	20.335205
-38.354515	386.6922	20.344971
-38.353127	390.38324	20.354736
-38.352802	389.72003	20.364502
-38.351044	383.87878	20.374268
-38.349674	384.60986	20.384033
-38.350037	383.38995	20.393799
-38.348843	384.6015	20.403564
-38.348701	386.19135	20.41333
-38.347572	389.02722	20.423096
-38.346386	390.49847	20.432861
-38.346207	384.02078	20.442627
-38.344383	382.60544	20.452393
-38.343849	384.63498	20.462158
-38.343067	387.44083	20.471924
-38.342148	387.76614	20.481689
-38.342831	386.29575	20.491455
-38.342422	386.13538	20.501221
-38.340298	385.15225	20.510986
-38.339962	384.35898	20.520752
-38.338833	382.58658	20.530518
-38.337841	388.35043	20.540283
-38.337517	388.72971	20.550049
-38.335747	387.00922	20.559814
-38.335823	385.99454	20.56958
-38.333172	382.40002	20.579346
-38.334568	385.37997	20.589111
-38.333035	386.19904	20.598877
-38.33284	386.00458	20.608643
-38.33147	388.314	20.618408
-38.330051	386.51324	20.628174
-38.330376	383.064	20.637939
-38.32827	381.31097	20.647705
-38.326435	381.14175	20.657471
-38.327236	388.0885	20.667236
-38.326683	388.26114	20.677002
-38.325977	386.74911	20.686768
-38.324566	381.50201	20.696533
-38.323822	381.80209	20.706299
-38.322727	384.41913	20.716064
-38.322414	383.35626	20.72583
-38.321831	388.75168	20.735596
-38.319828	388.75104	20.745361
-38.319729	385.10559	20.755127
-38.319519	380.72559	20.764893
-38.319237	378.21457	20.774658
-38.317226	385.2955	20.784424
-38.315933	389.00568	20.794189
-38.316402	389.18094	20.803955
-38.315006	384.32138	20.813721
-38.314167	381.65112	20.823486
-38.314865	380.15335	20.833252
-38.312923	383.59811	20.843018
-38.311172	386.68851	20.852783
-38.311802	386.90463	20.862549
-38.310616	388.01697	20.872314
-38.310349	381.85806	20.88208
-38.308315	378.70499	20.891846
-38.307243	380.71198	20.901611
-38.307117	386.51947	20.911377
-38.305702	390.35129	20.921143
-38.304714	385.42831	20.930908
-38.303322	383.42288	20.940674
-38.304466	382.64185	20.950439
-38.303036	381.59448	20.960205
-38.303127	384.20584	20.969971
-38.301174	385.78757	20.979736
-38.299526	387.00211	20.989502
-38.299721	386.9487	20.999268
-38.298595	380.12653	21.009033
-38.29707	384.53482	21.018799
-38.297562	383.03754	21.028564
-38.296192	386.47495	21.03833
-38.296188	387.29572	21.048096
-38.29538	383.18585	21.057861
-38.293915	383.4053	21.067627
-38.293282	382.72739	21.077393
-38.292053	382.87033	21.087158
-38.291454	383.18793	21.096924
-38.290527	385.34985	21.106689
-38.288948	387.7352	21.116455
-38.289379	382.86752	21.126221
-38.288044	380.98056	21.135986
-38.287422	380.2684	21.145752
-38.286808	381.5108	21.155518
-38.2859	385.98654	21.165283
-38.284561	385.96817	21.175049
-38.28368	384.67593	21.184814
-38.283234	383.87152	21.19458
-38.282852	379.76709	21.204346
-38.281513	379.60251	21.214111
-38.28056	382.60208	21.223877
-38.279564	386.41888	21.233643
-38.279671	387.52878	21.243408
-38.278515	385.0726	21.253174
-38.277855	377.32639	21.262939
-38.276764	381.12601	21.272705
-38.275917	383.67831	21.282471
-38.274853	383.81531	21.292236
-38.274258	386.30298	21.302002
-38.272884	384.57211	21.311768
-38.273197	383.16052	21.321533
-38.269897	378.69128	21.331299
-38.272194	378.24329	21.341064
-38.270191	384.81839	21.35083
-38.269699	387.46237	21.360596
-38.2687	388.03928	21.370361
-38.267353	380.74881	21.380127
-38.266449	379.19766	21.389893
-38.266312	381.55447	21.399658
-38.264957	380.90054	21.409424
-38.264595	388.17093	21.419189
-38.262531	385.99017	21.428955
-38.262619	383.58096	21.438721
-38.263195	380.68192	21.448486
-38.261868	376.39557	21.458252
-38.260883	379.63425	21.468018
-38.260029	386.89548	21.477783
-38.258793	388.44955	21.487549
-38.258045	383.84045	21.497314
-38.25779	379.54947	21.50708
-38.257549	378.43326	21.516846
-38.254742	381.67352	21.526611
-38.254269	384.0047	21.536377
-38.253902	385.28378	21.546143
-38.253338	388.06497	21.555908
-38.253071	383.08307	21.565674
-38.251934	378.90567	21.575439
-38.250401	379.23163	21.585205
-38.250244	383.59802	21.594971
-38.248257	387.90164	21.604736
-38.248188	384.01859	21.614502
-38.247334	381.06134	21.624268
-38.247009	377.61395	21.634033
-38.24633	378.7937	21.643799
-38.24464	381.46585	21.653564
-38.243752	380.57407	21.66333
-38.243938	384.12039	21.673096
-38.242996	385.07779	21.682861
-38.242317	379.15314	21.692627
-38.240211	379.01135	21.702393
-38.239811	378.37485	21.712158
-38.239605	382.41904	21.721924
-38.238815	385.651	21.731689
-38.237938	381.84949	21.741455
-38.235851	382.08841	21.751221
-38.236603	380.91348	21.760986
-38.235523	378.20062	21.770752
-38.234241	379.1445	21.780518
-38.233768	381.31824	21.790283
-38.232723	384.69476	21.800049
-38.232456	383.97498	21.809814
-38.231781	381.10141	21.81958
-38.230221	377.7023	21.829346
-38.23016	378.71008	21.839111
-38.229488	382.45059	21.848877
-38.227829	382.23544	21.858643
-38.226612	383.68341	21.868408
-38.227222	381.42538	21.878174
-38.225876	380.68692	21.887939
-38.225388	376.15204	21.897705
-38.223736	377.01144	21.907471
-38.223183	381.57193	21.917236
-38.221668	385.59991	21.927002
-38.222694	382.55112	21.936768
-38.220585	376.00815	21.946533
-38.220558	376.55801	21.956299
-38.219566	378.55518	21.966064
-38.218006	380.15881	21.97583
-38.216862	386.48529	21.985596
-38.21664	381.52231	21.995361
-38.215076	380.78506	22.005127
-38.214344	377.0293	22.014893
-38.214378	374.8222	22.024658
-38.214172	380.65521	22.034424
-38.213154	383.84668	22.044189
-38.211506	387.27475	22.053955
-38.210629	380.44543	22.063721
-38.209866	374.48279	22.073486
-38.209354	378.15756	22.083252
-38.207794	377.18649	22.093018
-38.207615	383.02255	22.102783
-38.207081	383.24429	22.112549
-38.206856	382.8703	22.122314
-38.205437	379.65268	22.13208
-38.203156	373.96149	22.141846
-38.20348	376.8429	22.151611
-38.202396	383.19019	22.161377
-38.20211	385.1438	22.171143
-38.202106	384.63614	22.180908
-38.201561	377.58334	22.190674
-38.199528	375.01752	22.200439
-38.1982	378.82065	22.210205
-38.197437	379.88892	22.219971
-38.197136	380.55734	22.229736
-38.196304	383.29007	22.239502
-38.19545	380.91885	22.249268
-38.195107	377.54498	22.259033
-38.192879	375.25092	22.268799
-38.192154	378.0094	22.278564
-38.192524	383.7529	22.28833
-38.190731	382.8335	22.298096
-38.190571	378.8443	22.307861
-38.189522	378.30707	22.317627
-38.188911	375.97141	22.327393
-38.188755	378.79617	22.337158
-38.186584	376.323	22.346924
-38.186153	381.39389	22.356689
-38.184967	382.94098	22.366455
-38.185978	379.7077	22.376221
-38.183537	376.20001	22.385986
-38.182064	374.36075	22.395752
-38.183033	376.93042	22.405518
-38.181908	381.11746	22.415283
-38.179848	379.59924	22.425049
-38.180042	380.93228	22.434814
-38.179405	378.7204	22.44458
-38.177795	375.98941	22.454346
-38.177711	376.34427	22.464111
-38.178223	376.02182	22.473877
-38.176071	381.41794	22.483643
-38.175175	381.87125	22.493408
-38.174202	380.24442	22.503174
-38.173504	374.06268	22.512939
-38.172935	372.95792	22.522705
-38.172138	378.43011	22.532471
-38.170811	377.77365	22.542236
-38.171673	381.31985	22.552002
-38.170147	379.7283	22.561768
-38.167999	376.44449	22.571533
-38.168228	373.31476	22.581299
-38.167221	371.89792	22.591064
-38.165314	377.9545	22.60083
-38.166225	382.88223	22.610596
-38.164543	382.48029	22.620361
-38.162395	374.22644	22.630127
-38.163502	373.29883	22.639893
-38.160206	374.02844	22.649658
-38.16164	378.19064	22.659424
-38.160477	381.08328	22.669189
-38.159122	379.20935	22.678955
-38.158581	379.82806	22.688721
-38.159313	374.08411	22.698486
-38.156845	370.93661	22.708252
-38.155792	375.84137	22.718018
-38.155014	378.49072	22.727783
-38.154823	381.49905	22.737549
-38.154213	377.72601	22.747314
-38.152771	374.24551	22.75708
-38.152157	372.99756	22.766846
-38.152187	373.78754	22.776611
-38.15086	379.0043	22.786377
-38.150051	379.47702	22.796143
-38.14851	378.7179	22.805908
-38.148746	377.32159	22.815674
-38.148113	371.42862	22.825439
-38.146034	374.19958	22.835205
-38.145763	377.38232	22.844971
-38.144993	378.86853	22.854736
-38.144947	381.31091	22.864502
-38.14373	374.41772	22.874268
-38.143612	372.90219	22.884033
-38.141472	374.70486	22.893799
-38.140362	373.56552	22.903564
-38.140114	375.74179	22.91333
-38.139706	379.1767	22.923096
-38.138493	377.95618	22.932861
-38.138588	374.76709	22.942627
-38.137619	372.85944	22.952393
-38.13604	371.68213	22.962158
-38.135166	377.3963	22.971924
-38.133808	378.37973	22.981689
-38.133072	376.87698	22.991455
-38.133186	375.12976	23.001221
-38.13158	374.58136	23.010986
-38.130703	373.32471	23.020752
-38.130032	372.0152	23.030518
-38.129459	375.34259	23.040283
-38.128708	380.65411	23.050049
-38.128307	380.1366	23.059814
-38.127399	376.33694	23.06958
-38.126614	369.67224	23.079346
-38.12558	372.92712	23.089111
-38.1241	376.63269	23.098877
-38.123585	376.8598	23.108643
-38.121929	379.36148	23.118408
-38.122707	374.90457	23.128174
-38.120651	374.10834	23.137939
-38.120346	371.44388	23.147705
-38.119637	372.4697	23.157471
-38.11908	377.47916	23.167236
-38.117729	380.47333	23.177002
-38.117462	378.11511	23.186768
-38.116234	371.34622	23.196533
-38.115612	369.02325	23.206299
-38.114586	372.46103	23.216064
-38.114239	375.16943	23.22583
-38.113625	378.06418	23.235596
-38.112366	377.80292	23.245361
-38.111732	374.85495	23.255127
-38.110916	372.086	23.264893
-38.109867	370.33273	23.274658
-38.109646	372.99503	23.284424
-38.107094	379.24411	23.294189
-38.107533	379.53796	23.303955
-38.107246	374.21204	23.313721
-38.106514	370.84039	23.323486
-38.105766	369.68155	23.333252
-38.104321	372.9147	23.343018
-38.104843	377.20078	23.352783
-38.102406	376.10309	23.362549
-38.101936	376.70261	23.372314
-38.101883	372.02002	23.38208
-38.101112	367.9295	23.391846
-38.098835	372.16415	23.401611
-38.09853	374.56467	23.411377
-38.097393	379.09924	23.421143
-38.097252	376.47952	23.430908
-38.096207	369.89502	23.440674
-38.094986	367.96887	23.450439
-38.09539	371.50482	23.460205
-38.0937	373.54077	23.469971
-38.092487	373.86053	23.479736
-38.093121	375.40439	23.489502
-38.090984	376.93671	23.499268
-38.089962	369.92554	23.509033
-38.089592	367.70224	23.518799
-38.08865	371.10928	23.528564
-38.087914	373.03867	23.53833
-38.08799	376.6149	23.548096
-38.087547	371.12653	23.557861
-38.084881	370.06274	23.567627
-38.0849	369.31689	23.577393
-38.084122	369.76596	23.587158
-38.083	371.58231	23.596924
-38.081963	372.49515	23.606689
-38.080559	374.69028	23.616455
-38.081158	372.50787	23.626221
-38.080479	369.04163	23.635986
-38.078495	365.27271	23.645752
-38.077862	370.5621	23.655518
-38.077465	372.72147	23.665283
-38.077209	373.96301	23.675049
-38.075161	372.11917	23.684814
-38.074329	368.97281	23.69458
-38.074478	367.66605	23.704346
-38.072876	365.53464	23.714111
-38.073353	368.0444	23.723877
-38.071861	371.2598	23.733643
-38.070099	372.82547	23.743408
-38.070934	370.99292	23.753174
-38.069607	363.28799	23.762939
-38.068295	364.05481	23.772705
-38.066238	368.9278	23.782471
-38.066967	368.01837	23.792236
-38.065483	373.05368	23.802002
-38.065189	368.42972	23.811768
-38.063457	366.23108	23.821533
-38.064919	363.43936	23.831299
-38.062325	362.32065	23.841064
-38.06171	368.44009	23.85083
-38.061626	371.62836	23.860596
-38.060135	369.36081	23.870361
-38.059162	363.42645	23.880127
-38.058632	360.52194	23.889893
-38.057423	361.72021	23.899658
-38.057781	364.77725	23.909424
-38.056011	366.69766	23.919189
-38.055656	366.31882	23.928955
-38.054886	363.79962	23.938721
-38.053886	359.89252	23.948486
-38.053185	356.60022	23.958252
-38.053268	360.51251	23.968018
-38.051327	364.82138	23.977783
-38.050114	365.83716	23.987549
-38.048424	363.23758	23.997314
-38.048187	357.5242	24.00708
-38.049187	355.19611	24.016846
-38.046341	358.73901	24.026611
-38.04546	362.5972	24.036377
-38.045753	362.99222	24.046143
-38.04454	361.97595	24.055908
-38.043869	359.87225	24.065674
-38.042549	356.45206	24.075439
-38.041924	357.26846	24.085205
-38.041306	356.32468	24.094971
-38.041218	363.5867	24.104736
-38.040302	360.18155	24.114502
-38.039333	356.70557	24.124268
-38.037827	354.27045	24.134033
-38.037731	354.06848	24.143799
-38.037205	355.63135	24.153564
-38.035637	356.67947	24.16333
-38.035225	356.95444	24.173096
-38.034184	358.56607	24.182861
-38.032757	354.49399	24.192627
-38.032127	351.96939	24.202393
-38.032391	352.34213	24.212158
-38.032066	354.96075	24.221924
-38.029678	357.70587	24.231689
-38.03006	353.74304	24.241455
-38.028942	354.13629	24.251221
-38.028164	350.97626	24.260986
-38.026424	350.53705	24.270752
-38.026276	350.98981	24.280518
-38.025848	350.62979	24.290283
-38.024948	352.74655	24.300049
-38.023396	355.23172	24.309814
-38.021599	350.21848	24.31958
-38.022274	346.93546	24.329346
-38.020672	346.74976	24.339111
-38.019924	350.32623	24.348877
-38.019241	351.99857	24.358643
-38.017429	352.66589	24.368408
-38.017345	349.54611	24.378174
-38.018627	347.18695	24.387939
-38.017101	343.40045	24.397705
-38.016251	345.15549	24.407471
-38.014408	349.25446	24.417236
-38.014538	351.74332	24.427002
-38.012974	350.85663	24.436768
-38.010963	343.47876	24.446533
-38.010738	342.6507	24.456299
-38.010445	345.69354	24.466064
-38.009773	346.55032	24.47583
-38.009083	352.15927	24.485596
-38.008068	347.69733	24.495361
-38.00769	345.47629	24.505127
-38.005745	342.75397	24.514893
-38.005791	339.36081	24.524658
-38.005009	344.2363	24.534424
-38.00473	347.54153	24.544189
-38.002987	347.90912	24.553955
-38.002411	342.69714	24.563721
-38.002491	338.09644	24.573486
-38.001373	338.19302	24.583252
-37.999821	342.76581	24.593018
-37.999668	344.92175	24.602783
-37.99826	346.96878	24.612549
-37.998276	342.3053	24.622314
-37.997856	340.13971	24.63208
-37.996944	335.9516	24.641846
-37.996044	337.9985	24.651611
-37.994019	342.92761	24.661377
-37.993912	346.15204	24.671143
-37.992611	342.32391	24.680908
-37.992657	336.46301	24.690674
-37.990932	334.79434	24.700439
-37.991192	337.60568	24.710205
-37.98925	338.76733	24.719971
-37.988159	339.38806	24.729736
-37.988277	340.61209	24.739502
-37.988098	337.54797	24.749268
-37.986122	335.45493	24.759033
-37.985512	334.55017	24.768799
-37.984863	332.75485	24.778564
-37.983418	339.99539	24.78833
-37.982876	339.35403	24.798096
-37.982372	334.84897	24.807861
-37.980183	334.33569	24.817627
-37.981495	331.46912	24.827393
-37.98045	332.11337	24.837158
-37.978592	331.65375	24.846924
-37.978855	333.34656	24.856689
-37.976395	335.6774	24.866455
-37.976624	332.39011	24.876221
-37.976414	331.04922	24.885986
-37.974899	328.34021	24.895752
-37.974747	328.85538	24.905518
-37.973293	333.17773	24.915283
-37.972351	330.48645	24.925049
-37.97139	331.89944	24.934814
-37.971653	327.41479	24.94458
-37.969097	324.47369	24.954346
-37.969383	326.33401	24.964111
-37.969261	325.28909	24.973877
-37.967213	327.76535	24.983643
-37.967247	330.06415	24.993408
-37.965553	325.1571	25.003174
-37.965454	318.35568	25.012939
-37.963573	317.49222	25.022705
-37.963898	320.6543	25.032471
-37.962536	322.34647	25.042236
-37.961632	322.31763	25.052002
-37.96051	317.25684	25.061768
-37.960831	315.21173	25.071533
-37.960003	308.92297	25.081299
-37.959496	298.7793	25.091064
-37.954456	-44.984768	25.10083
-37.954384	-29.514555	25.110596
-37.953732	-26.518574	25.120361
-37.954319	-46.937199	25.130127
-37.952	-49.010487	25.139893
-37.953419	-45.771046	25.149658
-37.952362	-40.686138	25.159424
-37.952293	-37.67387	25.169189
-37.95071	-41.830536	25.178955
-37.950134	-42.023109	25.188721
-37.949039	-45.894016	25.198486
-37.949104	-49.099152	25.208252
-37.947609	-45.376808	25.218018
-37.946609	-40.89349	25.227783
-37.946289	-39.19141	25.237549
-37.945049	-40.977871	25.247314
-37.944298	-47.391811	25.25708
-37.943623	-45.792004	25.266846
-37.94239	-44.19878	25.276611
-37.942402	-40.936443	25.286377
-37.941368	-39.553909	25.296143
-37.940384	-43.555672	25.305908
-37.940384	-42.768692	25.315674
-37.938877	-45.470802	25.325439
-37.937267	-46.001392	25.335205
-37.936745	-41.579506	25.344971
-37.937302	-40.360344	25.354736
-37.935814	-39.667351	25.364502
-37.934345	-43.542633	25.374268
-37.933918	-45.723198	25.384033
-37.93364	-45.355545	25.393799
-37.932705	-44.026203	25.403564
-37.930683	-42.939735	25.41333
-37.931557	-38.853374	25.423096
-37.929626	-41.760845	25.432861
-37.929211	-42.927189	25.442627
-37.928158	-45.696709	25.452393
-37.927662	-48.883762	25.462158
-37.927555	-41.460861	25.471924
-37.926388	-40.012688	25.481689
-37.923889	-41.632431	25.491455
-37.92395	-42.819088	25.501221
-37.923904	-46.83514	25.510986
-37.922359	-44.878632	25.520752
-37.921135	-44.556007	25.530518
-37.920223	-46.467606	25.540283
-37.920231	-41.122574	25.550049
-37.918835	-41.102203	25.559814
-37.919018	-43.622253	25.56958
-37.918144	-47.908127	25.579346
-37.917389	-46.230114	25.589111
-37.915783	-40.531677	25.598877
-37.915237	-41.092636	25.608643
-37.915062	-40.712559	25.618408
-37.914078	-44.264244	25.628174
-37.912495	-45.494209	25.637939
-37.912151	-45.917938	25.647705
-37.910931	-46.505741	25.657471
-37.910404	-40.53157	25.667236
-37.909187	-39.325886	25.677002
-37.908413	-40.439384	25.686768
-37.908104	-45.374931	25.696533
-37.907391	-48.503166	25.706299
-37.906376	-45.615696	25.716064
-37.905037	-41.165081	25.72583
-37.90453	-39.716034	25.735596
-37.902958	-43.191845	25.745361
-37.903419	-42.210789	25.755127
-37.902164	-46.416164	25.764893
-37.901638	-47.305653	25.774658
-37.900455	-43.442856	25.784424
-37.899994	-39.614372	25.794189
-37.898991	-37.849964	25.803955
-37.898228	-42.312225	25.813721
-37.89735	-47.401814	25.823486
-37.896465	-48.210537	25.833252
-37.896015	-44.696995	25.843018
-37.895153	-37.887466	25.852783
-37.894196	-40.588291	25.862549
-37.892963	-41.229664	25.872314
-37.892952	-45.395809	25.88208
-37.891544	-47.18718	25.891846
-37.891071	-44.521809	25.901611
-37.890064	-42.994663	25.911377
-37.888924	-39.655167	25.921143
-37.888939	-38.940807	25.930908
-37.886791	-46.367798	25.940674
-37.886429	-45.216045	25.950439
-37.88662	-45.270329	25.960205
-37.885452	-42.184689	25.969971
-37.884605	-42.269653	25.979736
-37.884834	-42.254066	25.989502
-37.881977	-42.081615	25.999268
-37.88295	-43.71096	26.009033
-37.880333	-47.471771	26.018799
-37.881516	-44.886433	26.028564
-37.879208	-42.862015	26.03833
-37.879421	-41.590828	26.048096
-37.878277	-42.445805	26.057861
-37.87793	-45.182678	26.067627
-37.875927	-45.450485	26.077393
-37.875225	-45.566025	26.087158
-37.874245	-44.205223	26.096924
-37.872967	-42.041939	26.106689
-37.871925	-42.159676	26.116455
-37.872452	-41.104897	26.126221
-37.871246	-44.235443	26.135986
-37.870598	-48.804428	26.145752
-37.869789	-44.914539	26.155518
-37.868855	-40.364346	26.165283
-37.868847	-40.585232	26.175049
-37.867069	-40.425892	26.184814
-37.86618	-46.176811	26.19458
-37.865887	-44.574268	26.204346
-37.864754	-46.169403	26.214111
-37.863197	-45.819756	26.223877
-37.863266	-41.674461	26.233643
-37.861992	-40.197929	26.243408
-37.861374	-39.910332	26.253174
-37.86042	-46.061939	26.262939
-37.859303	-48.583298	26.272705
-37.859898	-43.732716	26.282471
-37.857689	-42.058292	26.292236
-37.85693	-39.085442	26.302002
-37.856037	-42.500851	26.311768
-37.856861	-44.78302	26.321533
-37.855633	-45.773502	26.331299
-37.854187	-48.706432	26.341064
-37.853508	-41.733555	26.35083
-37.852432	-36.77211	26.360596
-37.851292	-39.427368	26.370361
-37.851368	-43.834011	26.380127
-37.850883	-48.765297	26.389893
-37.850319	-48.692211	26.399658
-37.848377	-43.193546	26.409424
-37.847691	-39.956947	26.419189
-37.847141	-40.238983	26.428955
-37.845654	-43.029896	26.438721
-37.844891	-46.733894	26.448486
-37.843903	-46.898823	26.458252
-37.843861	-43.64576	26.468018
-37.842705	-40.503582	26.477783
-37.840603	-38.713444	26.487549
-37.840832	-42.522797	26.497314
-37.841339	-46.015987	26.50708
-37.840332	-48.451168	26.516846
-37.838638	-45.996727	26.526611
-37.837265	-40.36274	26.536377
-37.837185	-41.453583	26.546143
-37.836544	-42.004627	26.555908
-37.83614	-43.968868	26.565674
-37.835335	-45.247929	26.575439
-37.834557	-46.445072	26.585205
-37.833107	-46.177811	26.594971
-37.831551	-41.357998	26.604736
-37.832054	-37.90556	26.614502
-37.830814	-45.374805	26.624268
-37.829788	-45.883205	26.634033
-37.828827	-47.691185	26.643799
-37.827808	-44.483963	26.653564
-37.82724	-41.319519	26.66333
-37.826839	-43.098969	26.673096
-37.825371	-42.055912	26.682861
-37.824642	-42.081257	26.692627
-37.823746	-45.919151	26.702393
-37.82233	-46.784992	26.712158
-37.821739	-45.356796	26.721924
-37.82143	-40.215569	26.731689
-37.821091	-40.519485	26.741455
-37.818642	-42.24799	26.751221
-37.818798	-45.636047	26.760986
-37.817799	-46.326763	26.770752
-37.816532	-44.484089	26.780518
-37.817726	-43.428265	26.790283
-37.816055	-41.72937	26.800049
-37.815296	-39.698086	26.809814
-37.814388	-42.735321	26.81958
-37.813141	-48.682549	26.829346
-37.813534	-46.572212	26.839111
-37.811344	-43.476124	26.848877
-37.810574	-39.637211	26.858643
-37.811131	-38.676338	26.868408
-37.809536	-44.504723	26.878174
-37.810005	-45.023598	26.887939
-37.806938	-46.632469	26.897705
-37.806625	-45.251633	26.907471
-37.806763	-40.44939	26.917236
-37.805584	-38.708889	26.927002
-37.804832	-39.016144	26.936768
-37.804073	-44.834553	26.946533
-37.804039	-50.176315	26.956299
-37.80304	-45.359859	26.966064
-37.802055	-40.51759	26.97583
-37.80085	-38.683521	26.985596
-37.800888	-40.918236	26.995361
-37.799049	-45.324226	27.005127
-37.798256	-45.303265	27.014893
-37.797672	-48.037205	27.024658
-37.796352	-43.873917	27.034424
-37.795929	-38.901276	27.044189
-37.794842	-40.191795	27.053955
-37.792534	-41.871727	27.063721
-37.792759	-48.779476	27.073486
-37.792473	-48.729073	27.083252
-37.791595	-42.075851	27.093018
-37.789928	-40.025871	27.102783
-37.790218	-41.050255	27.112549
-37.788746	-41.688522	27.122314
-37.7882	-43.662159	27.13208
-37.787231	-45.404198	27.141846
-37.78603	-45.038509	27.151611
-37.787476	-43.790192	27.161377
-37.78508	-38.408726	27.171143
-37.784611	-41.367138	27.180908
-37.783482	-45.478115	27.190674
-37.783218	-46.858887	27.200439
-37.781952	-46.37891	27.210205
-37.781033	-43.317135	27.219971
-37.780415	-42.91502	27.229736
-37.77879	-42.416332	27.239502
-37.778637	-42.766586	27.249268
-37.777149	-43.970577	27.259033
-37.776234	-44.273132	27.268799
-37.775661	-46.871422	27.278564
-37.774776	-42.476513	27.28833
-37.774303	-38.420834	27.298096
-37.773308	-41.309029	27.307861
-37.772213	-43.043072	27.317627
-37.772579	-45.897743	27.327393
-37.770706	-44.270802	27.337158
-37.770084	-42.78492	27.346924
-37.769516	-45.166855	27.356689
-37.769516	-41.454571	27.366455
-37.768002	-40.766071	27.376221
-37.766914	-45.591118	27.385986
-37.766403	-46.981194	27.395752
-37.765217	-47.009995	27.405518
-37.763302	-41.866673	27.415283
-37.764664	-39.708157	27.425049
-37.763828	-41.55402	27.434814
-37.76207	-44.698029	27.44458
-37.761116	-45.641289	27.454346
-37.760036	-45.160408	27.464111
-37.760696	-43.764935	27.473877
-37.759018	-41.146935	27.483643
-37.757278	-38.792278	27.493408
-37.757736	-43.152748	27.503174
-37.756901	-46.818466	27.512939
-37.755795	-49.149269	27.522705
-37.754128	-45.378616	27.532471
-37.753784	-40.429913	27.542236
-37.753777	-39.079948	27.552002
-37.751652	-42.221943	27.561768
-37.751873	-45.631977	27.571533
-37.75211	-47.409107	27.581299
-37.750851	-48.132893	27.591064
-37.750023	-41.446392	27.60083
-37.748558	-39.314816	27.610596
-37.746651	-37.784199	27.620361
-37.746479	-44.09346	27.630127
-37.745964	-49.1054	27.639893
-37.74519	-47.550671	27.649658
-37.744823	-43.367561	27.659424
-37.74361	-36.908363	27.669189
-37.743778	-40.466335	27.678955
-37.741268	-45.033394	27.688721
-37.740177	-46.105545	27.698486
-37.740273	-47.069069	27.708252
-37.73999	-44.273037	27.718018
-37.737862	-42.479092	27.727783
-37.738369	-40.231869	27.737549
-37.73827	-40.671452	27.747314
-37.736523	-46.144829	27.75708
-37.735626	-47.601494	27.766846
-37.734337	-44.485229	27.776611
-37.734043	-40.593704	27.786377
-37.733475	-40.510414	27.796143
-37.732033	-41.718102	27.805908
-37.731632	-44.522484	27.815674
-37.730816	-43.790733	27.825439
-37.729221	-46.514336	27.835205
-37.729687	-46.332493	27.844971
-37.727814	-41.40221	27.854736
-37.726044	-38.615479	27.864502
-37.726681	-42.30312	27.874268
-37.725758	-44.918736	27.884033
-37.724461	-47.00816	27.893799
-37.723541	-42.780445	27.903564
-37.722988	-43.987583	27.91333
-37.721226	-42.338737	27.923096
-37.721397	-42.163467	27.932861
-37.72113	-43.428452	27.942627
-37.719753	-44.051434	27.952393
-37.719959	-46.525681	27.962158
-37.718895	-46.627663	27.971924
-37.716118	-38.329632	27.981689
-37.717091	-40.438332	27.991455
-37.716415	-39.418316	28.001221
-37.715942	-45.913769	28.010986
-37.713799	-45.748131	28.020752
-37.713799	-41.365215	28.030518
-37.710972	-43.262119	28.040283
-37.711933	-39.345802	28.050049
-37.711369	-39.452248	28.059814
-37.709419	-42.714088	28.06958
-37.70916	-46.367725	28.079346
-37.708595	-49.090225	28.089111
-37.707535	-43.323391	28.098877
-37.706871	-36.789848	28.108643
-37.706955	-40.318359	28.118408
-37.705753	-44.251122	28.128174
-37.70496	-46.403137	28.137939
-37.705006	-46.019737	28.147705
-37.703415	-45.252266	28.157471
-37.702362	-41.005917	28.167236
-37.701317	-39.971706	28.177002

