MTS793|BTW|ENU|1|2|.|/|:|1|0|0|A

Data Header:			typeiv_0.3302_solid_090_monotonic_r0			Time:	20.017334	s	4/14/2019 3:36:30 AM
Data Acquisition:	Timed
Station Name:	ft40.cfg
Test File Name:	monotonic_0.2540_typeiv_solid_090_dimension.tst
Displacement	Force	Running Time
mm	N	s
-40.041088	-129.06975	0.022705078
-40.041492	-125.53519	0.032470703
-40.041119	-126.62204	0.042236328
-40.039932	-130.22058	0.052001953
-40.040993	-126.8743	0.061767578
-40.040836	-125.11027	0.071533203
-40.040386	-123.71455	0.081298828
-40.037868	-122.13395	0.091064453
-40.037476	-128.13303	0.10083008
-40.036083	-125.90388	0.1105957
-40.035667	-124.78448	0.12036133
-40.035069	-125.68893	0.13012695
-40.032925	-120.74089	0.13989258
-40.033451	-120.45993	0.1496582
-40.034355	-121.01311	0.15942383
-40.031898	-125.57863	0.16918945
-40.031593	-126.98138	0.17895508
-40.029621	-121.21784	0.1887207
-40.029629	-116.99686	0.19848633
-40.028355	-115.96333	0.20825195
-40.027748	-119.493	0.21801758
-40.027065	-122.08593	0.2277832
-40.02541	-120.41024	0.23754883
-40.025806	-120.67318	0.24731445
-40.024639	-117.38803	0.25708008
-40.02449	-112.86792	0.2668457
-40.0224	-113.18791	0.27661133
-40.021839	-118.52232	0.28637695
-40.021832	-119.8257	0.29614258
-40.021229	-119.25784	0.3059082
-40.019707	-111.78709	0.31567383
-40.018864	-110.36217	0.32543945
-40.018391	-112.17178	0.33520508
-40.017597	-112.80364	0.3449707
-40.017033	-116.33522	0.35473633
-40.015274	-115.36707	0.36450195
-40.015057	-111.86615	0.37426758
-40.014664	-109.95998	0.3840332
-40.013092	-105.3991	0.39379883
-40.013622	-109.06121	0.40356445
-40.01099	-111.9971	0.41333008
-40.011398	-113.38643	0.4230957
-40.010052	-109.06625	0.43286133
-40.008827	-105.85275	0.44262695
-40.007885	-106.76105	0.45239258
-40.007942	-108.45226	0.4621582
-40.006142	-108.53757	0.47192383
-40.005543	-109.62788	0.48168945
-40.005043	-105.7508	0.49145508
-40.005318	-107.04353	0.5012207
-40.003075	-103.21474	0.51098633
-40.002983	-101.24912	0.52075195
-40.002857	-106.98711	0.53051758
-40.001934	-105.32772	0.5402832
-39.999416	-106.01622	0.55004883
-39.999382	-103.80579	0.55981445
-39.997826	-100.46259	0.56958008
-39.997356	-101.80614	0.5793457
-39.996658	-100.83425	0.58911133
-39.995911	-99.288704	0.59887695
-39.995953	-102.69893	0.60864258
-39.99519	-103.49133	0.6184082
-39.993252	-100.17294	0.62817383
-39.992477	-96.94857	0.63793945
-39.991859	-96.252724	0.64770508
-39.992096	-98.299995	0.6574707
-39.991467	-98.57515	0.66723633
-39.990093	-99.812714	0.67700195
-39.988117	-98.324333	0.68676758
-39.987087	-96.153938	0.6965332
-39.986923	-95.273399	0.70629883
-39.986725	-92.194527	0.71606445
-39.985344	-95.016029	0.72583008
-39.985176	-99.395874	0.7355957
-39.985447	-95.883316	0.74536133
-39.983917	-94.058151	0.75512695
-39.982037	-88.934319	0.76489258
-39.982574	-88.998268	0.7746582
-39.980602	-94.297417	0.78442383
-39.980659	-94.063927	0.79418945
-39.978722	-94.190262	0.80395508
-39.978657	-94.009102	0.8137207
-39.978828	-87.587173	0.82348633
-39.976765	-87.181122	0.83325195
-39.976868	-86.02681	0.84301758
-39.975487	-91.56189	0.8527832
-39.9743	-95.506783	0.86254883
-39.972912	-90.259003	0.87231445
-39.972588	-84.323074	0.88208008
-39.97197	-82.294456	0.8918457
-39.969879	-84.186089	0.90161133
-39.970085	-89.291466	0.91137695
-39.968807	-87.692726	0.92114258
-39.968979	-88.020767	0.9309082
-39.9678	-83.858688	0.94067383
-39.966862	-80.739922	0.95043945
-39.965466	-79.921753	0.96020508
-39.965561	-84.754143	0.9699707
-39.965015	-87.806648	0.97973633
-39.963242	-86.459846	0.98950195
-39.963627	-80.71656	0.99926758
-39.96228	-78.406837	1.0090332
-39.96199	-79.245682	1.0187988
-39.960335	-79.855904	1.0285645
-39.958893	-82.698807	1.0383301
-39.958439	-81.495506	1.0480957
-39.95866	-80.276642	1.0578613
-39.957066	-79.582054	1.067627
-39.956646	-73.156944	1.0773926
-39.956295	-76.35849	1.0871582
-39.955364	-78.436417	1.0969238
-39.953827	-79.795746	1.1066895
-39.953064	-79.043495	1.1164551
-39.952141	-74.119072	1.1262207
-39.951546	-72.696419	1.1359863
-39.951057	-73.877632	1.145752
-39.949497	-74.15435	1.1555176
-39.948795	-75.184502	1.1652832
-39.94788	-74.038536	1.1750488
-39.947376	-75.667023	1.1848145
-39.947613	-71.841515	1.1945801
-39.946934	-67.960083	1.2043457
-39.945999	-70.256462	1.2141113
-39.944946	-71.680038	1.223877
-39.943577	-71.954849	1.2336426
-39.94265	-70.687241	1.2434082
-39.94202	-69.163498	1.2531738
-39.940548	-70.945236	1.2629395
-39.941101	-68.065239	1.2727051
-39.940079	-66.829025	1.2824707
-39.939339	-69.466805	1.2922363
-39.937485	-72.363861	1.302002
-39.936634	-70.213402	1.3117676
-39.935448	-65.283661	1.3215332
-39.936516	-62.634514	1.3312988
-39.935165	-64.075439	1.3410645
-39.932911	-65.277214	1.3508301
-39.933125	-67.070099	1.3605957
-39.931042	-66.903214	1.3703613
-39.93264	-64.592003	1.380127
-39.930809	-61.508564	1.3898926
-39.928635	-59.050266	1.3996582
-39.928993	-61.207336	1.4094238
-39.927464	-65.636383	1.4191895
-39.927811	-65.467392	1.4289551
-39.926723	-62.561115	1.4387207
-39.924969	-55.918976	1.4484863
-39.92506	-56.137089	1.458252
-39.92379	-59.660728	1.4680176
-39.923367	-61.279293	1.4777832
-39.923336	-60.44825	1.4875488
-39.922073	-60.115707	1.4973145
-39.920692	-56.233212	1.5070801
-39.919163	-54.52557	1.5168457
-39.919117	-52.69376	1.5266113
-39.918037	-56.730431	1.536377
-39.917126	-61.528477	1.5461426
-39.917595	-58.049549	1.5559082
-39.916245	-52.283066	1.5656738
-39.914688	-50.70734	1.5754395
-39.915043	-52.237144	1.5852051
-39.914558	-54.989998	1.5949707
-39.911819	-55.110336	1.6047363
-39.911636	-54.649353	1.614502
-39.910835	-51.198048	1.6242676
-39.909828	-48.977928	1.6340332
-39.908993	-47.394493	1.6437988
-39.90855	-49.214352	1.6535645
-39.907707	-53.052567	1.6633301
-39.906322	-53.855793	1.6730957
-39.906738	-50.217339	1.6828613
-39.904873	-45.512924	1.692627
-39.904404	-46.610905	1.7023926
-39.903202	-48.420013	1.7121582
-39.903191	-48.313007	1.7219238
-39.902493	-48.115894	1.7316895
-39.900166	-49.404106	1.7414551
-39.899872	-47.397041	1.7512207
-39.899364	-42.789673	1.7609863
-39.898319	-42.518696	1.770752
-39.898315	-44.824944	1.7805176
-39.896004	-45.847462	1.7902832
-39.896759	-47.770237	1.8000488
-39.895733	-42.29306	1.8098145
-39.895172	-41.493763	1.8195801
-39.89323	-42.082542	1.8293457
-39.893658	-41.700485	1.8391113
-39.893173	-40.856251	1.848877
-39.890869	-42.341087	1.8586426
-39.890488	-44.893204	1.8684082
-39.890343	-41.889435	1.8781738
-39.888092	-35.859505	1.8879395
-39.888138	-36.994968	1.8977051
-39.887447	-37.867428	1.9074707
-39.887226	-41.312031	1.9172363
-39.885536	-40.429062	1.927002
-39.885563	-37.81731	1.9367676
-39.884212	-37.674561	1.9465332
-39.883713	-33.629993	1.9562988
-39.882862	-33.545639	1.9660645
-39.881107	-35.508949	1.9758301
-39.88073	-36.622047	1.9855957
-39.880444	-38.197094	1.9953613
-39.878998	-34.417454	2.005127
-39.877701	-27.722277	2.0148926
-39.877392	-30.681892	2.0246582
-39.877182	-33.151901	2.0344238
-39.87606	-35.578224	2.0441895
-39.87537	-35.041008	2.0539551
-39.874237	-33.68935	2.0637207
-39.873711	-29.136377	2.0734863
-39.872372	-27.219938	2.083252
-39.872921	-26.542406	2.0930176
-39.871601	-31.519531	2.1027832
-39.869202	-34.365192	2.1125488
-39.870159	-32.154449	2.1223145
-39.868202	-24.510117	2.1320801
-39.86763	-23.08913	2.1418457
-39.86742	-27.902576	2.1516113
-39.866024	-29.054308	2.161377
-39.86591	-29.25321	2.1711426
-39.864094	-30.060659	2.1809082
-39.863564	-24.077845	2.1906738
-39.863422	-23.455688	2.2004395
-39.862431	-21.422096	2.2102051
-39.861397	-23.336193	2.2199707
-39.860939	-30.1007	2.2297363
-39.859238	-26.492723	2.239502
-39.858971	-21.186789	2.2492676
-39.858166	-18.861807	2.2590332
-39.857597	-18.596548	2.2687988
-39.856945	-22.929594	2.2785645
-39.855892	-21.712399	2.2883301
-39.855026	-21.505095	2.2980957
-39.854847	-21.060228	2.3078613
-39.85302	-20.058165	2.317627
-39.852448	-17.64373	2.3273926
-39.851398	-17.141581	2.3371582
-39.849728	-20.671858	2.3469238
-39.850487	-20.875774	2.3566895
-39.849094	-18.861826	2.3664551
-39.848385	-15.80994	2.3762207
-39.847435	-14.666868	2.3859863
-39.848034	-15.106671	2.395752
-39.845512	-16.778913	2.4055176
-39.844666	-13.829312	2.4152832
-39.843845	-16.732143	2.4250488
-39.844009	-17.26202	2.4348145
-39.841675	-12.453419	2.4445801
-39.841602	-11.619923	2.4543457
-39.841354	-8.9838209	2.4641113
-39.840675	-10.778928	2.473877
-39.838684	-15.216289	2.4836426
-39.838753	-11.162182	2.4934082
-39.837147	-10.667053	2.5031738
-39.837566	-9.7563572	2.5129395
-39.83633	-5.7663188	2.5227051
-39.836338	-7.3505087	2.5324707
-39.835484	-9.5346689	2.5422363
-39.833813	-12.128671	2.552002
-39.83292	-12.700481	2.5617676
-39.830925	-5.7939401	2.5715332
-39.831535	-4.2178802	2.5812988
-39.829792	-4.3550358	2.5910645
-39.830151	-9.4269896	2.6008301
-39.829819	-10.342636	2.6105957
-39.828293	-7.6238871	2.6203613
-39.828045	-5.5091586	2.630127
-39.826427	-1.3862214	2.6398926
-39.825195	-0.84093469	2.6496582
-39.824951	-4.3455386	2.6594238
-39.824066	-5.236598	2.6691895
-39.822567	-7.1748571	2.6789551
-39.821075	-3.1156867	2.6887207
-39.822426	1.6429422	2.6984863
-39.820557	2.0255334	2.708252
-39.820518	-0.59788078	2.7180176
-39.819477	-3.2271156	2.7277832
-39.819157	-4.1865821	2.7375488
-39.818317	-2.2800567	2.7473145
-39.816975	2.6159346	2.7570801
-39.816158	5.458396	2.7668457
-39.814606	6.0540061	2.7766113
-39.813568	0.75601488	2.786377
-39.813812	-0.39200786	2.7961426
-39.811962	-0.18867235	2.8059082
-39.810966	4.9913754	2.8156738
-39.811329	9.9691238	2.8254395
-39.811047	5.2840905	2.8352051
-39.809666	3.5202925	2.8449707
-39.808239	2.5047956	2.8547363
-39.807419	4.5704122	2.864502
-39.806961	7.0507054	2.8742676
-39.80584	8.1658964	2.8840332
-39.806229	10.974782	2.8937988
-39.804436	11.610566	2.9035645
-39.804459	4.661252	2.9133301
-39.802654	6.603498	2.9230957
-39.801853	8.9488726	2.9328613
-39.802002	12.69274	2.942627
-39.799702	12.823993	2.9523926
-39.799114	10.325688	2.9621582
-39.799519	9.464716	2.9719238
-39.799126	9.9529982	2.9816895
-39.79829	10.22966	2.9914551
-39.796528	11.546965	3.0012207
-39.795292	14.063922	3.0109863
-39.795204	17.074453	3.020752
-39.794506	14.988672	3.0305176
-39.792637	11.665105	3.0402832
-39.79245	12.596505	3.0500488
-39.792736	15.028944	3.0598145
-39.791439	16.918406	3.0695801
-39.789551	17.536848	3.0793457
-39.789471	17.753063	3.0891113
-39.787693	20.055897	3.098877
-39.787403	16.882883	3.1086426
-39.786247	14.471452	3.1184082
-39.784698	18.600142	3.1281738
-39.785496	20.724834	3.1379395
-39.783718	25.19832	3.1477051
-39.78334	22.015181	3.1574707
-39.78175	16.650839	3.1672363
-39.781891	19.505644	3.177002
-39.780472	21.001024	3.1867676
-39.780342	22.439722	3.1965332
-39.779655	24.702351	3.2062988
-39.777798	23.017628	3.2160645
-39.77784	24.332012	3.2258301
-39.776527	18.616894	3.2355957
-39.775791	19.344534	3.2453613
-39.775955	25.464806	3.255127
-39.774067	29.217319	3.2648926
-39.773392	28.388319	3.2746582
-39.772198	23.984022	3.2844238
-39.771202	22.217957	3.2941895
-39.771881	25.264364	3.3039551
-39.771286	25.862455	3.3137207
-39.770046	29.829792	3.3234863
-39.769489	30.440762	3.333252
-39.767723	29.428631	3.3430176
-39.767712	26.432278	3.3527832
-39.765301	23.492399	3.3625488
-39.765263	27.852871	3.3723145
-39.764606	33.509983	3.3820801
-39.764015	34.316082	3.3918457
-39.762978	33.65316	3.4016113
-39.763065	29.730282	3.411377
-39.760929	28.158361	3.4211426
-39.760956	32.093391	3.4309082
-39.7607	34.196968	3.4406738
-39.759281	35.726494	3.4504395
-39.757923	37.672382	3.4602051
-39.756115	33.778839	3.4699707
-39.757393	30.52689	3.4797363
-39.75552	31.988586	3.489502
-39.755054	34.620968	3.4992676
-39.754189	39.822811	3.5090332
-39.753342	38.863148	3.5187988
-39.753021	36.969818	3.5285645
-39.750725	34.408012	3.5383301
-39.750374	35.791161	3.5480957
-39.75071	37.761059	3.5578613
-39.749413	37.527225	3.567627
-39.74958	42.010471	3.5773926
-39.746452	43.602283	3.5871582
-39.747044	37.939728	3.5969238
-39.746174	38.71627	3.6066895
-39.745991	36.776146	3.6164551
-39.745022	40.130962	3.6262207
-39.742462	45.03447	3.6359863
-39.742908	39.969677	3.645752
-39.742027	43.551422	3.6555176
-39.740719	42.201893	3.6652832
-39.739983	42.938232	3.6750488
-39.739498	41.923504	3.6848145
-39.739033	44.462692	3.6945801
-39.737389	48.201565	3.7043457
-39.737236	48.933144	3.7141113
-39.735958	46.526943	3.723877
-39.734329	42.264408	3.7336426
-39.734123	44.362072	3.7434082
-39.73402	48.903717	3.7531738
-39.733826	49.590569	3.7629395
-39.732357	50.159374	3.7727051
-39.73138	50.487007	3.7824707
-39.731129	48.262238	3.7922363
-39.730042	45.651878	3.802002
-39.728294	47.700764	3.8117676
-39.728291	50.1245	3.8215332
-39.728439	56.095802	3.8312988
-39.727196	54.606918	3.8410645
-39.724464	48.550156	3.8508301
-39.725426	49.146751	3.8605957
-39.723923	51.265301	3.8703613
-39.723225	52.760326	3.880127
-39.72319	58.112556	3.8898926
-39.721069	56.664909	3.8996582
-39.719471	57.033623	3.9094238
-39.719643	53.196922	3.9191895
-39.717674	52.076336	3.9289551
-39.717976	55.506821	3.9387207
-39.71706	59.070457	3.9484863
-39.717079	61.213326	3.958252
-39.715729	56.976635	3.9680176
-39.715313	52.746422	3.9777832
-39.714706	54.848785	3.9875488
-39.713963	59.40324	3.9973145
-39.712269	61.56171	4.0070801
-39.711319	62.426533	4.0168457
-39.710575	61.95388	4.0266113
-39.709343	60.340973	4.036377
-39.70969	56.603889	4.0461426
-39.708195	58.419266	4.0559082
-39.707371	63.802986	4.0656738
-39.70599	65.442657	4.0754395
-39.70599	66.601082	4.0852051
-39.7052	61.773952	4.0949707
-39.703671	59.089474	4.1047363
-39.704353	65.082901	4.114502
-39.702335	64.209206	4.1242676
-39.701996	66.346191	4.1340332
-39.700989	69.1828	4.1437988
-39.700363	69.651802	4.1535645
-39.699043	65.806976	4.1633301
-39.699356	63.540176	4.1730957
-39.698265	65.405365	4.1828613
-39.696537	69.980499	4.192627
-39.696541	71.909424	4.2023926
-39.695278	71.293419	4.2121582
-39.694637	69.172333	4.2219238
-39.694298	68.873917	4.2316895
-39.693882	71.359245	4.2414551
-39.692459	68.330193	4.2512207
-39.691711	72.014221	4.2609863
-39.690647	75.775429	4.270752
-39.690357	72.69632	4.2805176
-39.689667	71.101257	4.2902832
-39.686558	67.390312	4.3000488
-39.687428	71.75824	4.3098145
-39.685383	77.540947	4.3195801
-39.684628	75.694527	4.3293457
-39.685085	78.496994	4.3391113
-39.68438	75.421295	4.348877
-39.682762	74.26226	4.3586426
-39.681854	74.861801	4.3684082
-39.681343	74.593353	4.3781738
-39.681381	80.207428	4.3879395
-39.679977	82.635719	4.3977051
-39.679047	78.752861	4.4074707
-39.678223	74.794014	4.4172363
-39.678307	73.588455	4.427002
-39.676769	76.86235	4.4367676
-39.676418	81.267822	4.4465332
-39.675537	83.014404	4.4562988
-39.675377	82.362099	4.4660645
-39.673443	80.597382	4.4758301
-39.672176	77.227463	4.4855957
-39.671917	78.818047	4.4953613
-39.670212	82.827019	4.505127
-39.670307	88.188263	4.5148926
-39.668617	88.205421	4.5246582
-39.668724	81.240662	4.5344238
-39.667542	80.958481	4.5441895
-39.668182	80.139091	4.5539551
-39.665726	85.97039	4.5637207
-39.665161	89.741547	4.5734863
-39.664494	86.819244	4.583252
-39.665096	88.249474	4.5930176
-39.663353	84.731918	4.6027832
-39.662754	81.937737	4.6125488
-39.661694	86.827133	4.6223145
-39.659885	89.490799	4.6320801
-39.659683	93.895546	4.6418457
-39.658398	91.028587	4.6516113
-39.658058	85.803925	4.661377
-39.658142	86.118233	4.6711426
-39.655441	89.857788	4.6809082
-39.654751	91.842941	4.6906738
-39.6544	92.871506	4.7004395
-39.654518	95.027763	4.7102051
-39.655216	93.857544	4.7199707
-39.652405	89.477959	4.7297363
-39.651737	89.515022	4.739502
-39.650269	93.662193	4.7492676
-39.650146	97.320053	4.7590332
-39.648979	97.950996	4.7687988
-39.648327	94.868065	4.7785645
-39.647415	94.52993	4.7883301
-39.645626	94.438705	4.7980957
-39.645596	96.002769	4.8078613
-39.645302	98.580666	4.817627
-39.643959	99.379059	4.8273926
-39.643307	99.524162	4.8371582
-39.642776	101.47721	4.8469238
-39.641636	96.729828	4.8566895
-39.640415	95.192192	4.8664551
-39.640316	100.60031	4.8762207
-39.639359	102.51453	4.8859863
-39.638805	104.00546	4.895752
-39.637314	102.71713	4.9055176
-39.636646	100.87161	4.9152832
-39.635559	101.60208	4.9250488
-39.636028	99.78437	4.9348145
-39.634769	103.57792	4.9445801
-39.633255	106.2528	4.9543457
-39.632641	108.81676	4.9641113
-39.631268	105.31311	4.973877
-39.631039	100.979	4.9836426
-39.630894	101.11116	4.9934082
-39.628555	107.18377	5.0031738
-39.628937	108.34303	5.0129395
-39.627689	109.92126	5.0227051
-39.626041	107.26426	5.0324707
-39.626144	106.17416	5.0422363
-39.62579	106.22322	5.052002
-39.624828	104.68864	5.0617676
-39.624615	108.30217	5.0715332
-39.623138	114.53096	5.0812988
-39.622208	112.70454	5.0910645
-39.621552	108.28362	5.1008301
-39.620293	104.98206	5.1105957
-39.619251	108.62844	5.1203613
-39.619423	113.31582	5.130127
-39.61837	116.37684	5.1398926
-39.616272	115.62399	5.1496582
-39.616722	112.05679	5.1594238
-39.615818	111.78034	5.1691895
-39.616856	109.27245	5.1789551
-39.614262	113.6189	5.1887207
-39.613457	119.38026	5.1984863
-39.611553	120.00084	5.208252
-39.610546	116.7106	5.2180176
-39.610218	111.69415	5.2277832
-39.610157	112.76273	5.2375488
-39.608871	118.06426	5.2473145
-39.608116	119.58922	5.2570801
-39.607674	119.80376	5.2668457
-39.607075	119.66739	5.2766113
-39.605267	117.24773	5.286377
-39.604969	115.23976	5.2961426
-39.603832	118.60775	5.3059082
-39.60371	121.42691	5.3156738
-39.601425	124.37619	5.3254395
-39.602329	124.57253	5.3352051
-39.601978	118.56144	5.3449707
-39.600662	118.95211	5.3547363
-39.599236	120.2671	5.364502
-39.598358	123.99855	5.3742676
-39.598129	126.18179	5.3840332
-39.596218	126.34887	5.3937988
-39.59613	124.81388	5.4035645
-39.59623	122.90987	5.4133301
-39.595367	121.87099	5.4230957
-39.59396	123.17222	5.4328613
-39.592541	127.40157	5.442627
-39.591068	128.87549	5.4523926
-39.592045	126.59953	5.4621582
-39.590866	127.07665	5.4719238
-39.590542	127.06641	5.4816895
-39.588642	126.43866	5.4914551
-39.588642	128.2216	5.5012207
-39.587402	130.08374	5.5109863
-39.586193	131.08072	5.520752
-39.586262	132.1483	5.5305176
-39.58456	129.50552	5.5402832
-39.584839	125.71591	5.5500488
-39.583023	129.7653	5.5598145
-39.581581	134.17027	5.5695801
-39.580944	135.23155	5.5793457
-39.579891	135.45325	5.5891113
-39.579697	131.4528	5.598877
-39.578133	132.6552	5.6086426
-39.579327	130.18675	5.6184082
-39.577705	131.83328	5.6281738
-39.57671	136.31944	5.6379395
-39.576042	139.45772	5.6477051
-39.575771	137.60924	5.6574707
-39.574245	131.87111	5.6672363
-39.572842	131.36328	5.677002
-39.572826	137.68626	5.6867676
-39.571945	140.46179	5.6965332
-39.570499	142.66333	5.7062988
-39.570751	139.03531	5.7160645
-39.569084	137.02385	5.7258301
-39.568321	137.86935	5.7355957
-39.567612	134.66068	5.7453613
-39.567307	140.29411	5.755127
-39.565483	144.98262	5.7648926
-39.565289	141.78957	5.7746582
-39.564854	141.34344	5.7844238
-39.564407	135.64709	5.7941895
-39.562828	137.47433	5.8039551
-39.561447	144.1689	5.8137207
-39.560368	143.51892	5.8234863
-39.560585	143.72231	5.833252
-39.559509	144.5253	5.8430176
-39.559502	141.657	5.8527832
-39.557796	141.22478	5.8625488
-39.557163	144.06628	5.8723145
-39.555904	147.06659	5.8820801
-39.555832	150.88359	5.8918457
-39.554592	148.1846	5.9016113
-39.553902	143.36192	5.911377
-39.553036	143.19714	5.9211426
-39.55254	146.92955	5.9309082
-39.551231	151.06955	5.9406738
-39.551525	149.32162	5.9504395
-39.549839	152.53252	5.9602051
-39.549603	150.57544	5.9699707
-39.548	148.03435	5.9797363
-39.546688	148.47389	5.989502
-39.547005	148.51819	5.9992676
-39.545807	155.04326	6.0090332
-39.545033	156.22144	6.0187988
-39.544273	150.46317	6.0285645
-39.544174	150.22043	6.0383301
-39.543823	150.01274	6.0480957
-39.541954	152.58275	6.0578613
-39.541077	155.00464	6.067627
-39.53994	154.46265	6.0773926
-39.539944	157.60741	6.0871582
-39.537971	156.48483	6.0969238
-39.538506	153.9234	6.1066895
-39.53664	151.98668	6.1164551
-39.536839	154.60889	6.1262207
-39.534813	159.46802	6.1359863
-39.534649	159.76006	6.145752
-39.534306	158.295	6.1555176
-39.532219	155.88762	6.1652832
-39.531239	156.93994	6.1750488
-39.532333	158.63847	6.1848145
-39.530792	158.27643	6.1945801
-39.529743	161.73755	6.2043457
-39.52951	163.25121	6.2141113
-39.528404	162.29242	6.223877
-39.527618	158.6084	6.2336426
-39.526817	157.47336	6.2434082
-39.52507	161.8334	6.2531738
-39.524395	165.49136	6.2629395
-39.524002	166.18756	6.2727051
-39.522858	162.85985	6.2824707
-39.5238	162.46204	6.2922363
-39.522713	160.18552	6.302002
-39.52079	161.90091	6.3117676
-39.520035	165.94601	6.3215332
-39.518806	168.52112	6.3312988
-39.518604	171.61987	6.3410645
-39.517239	163.77142	6.3508301
-39.517025	160.62294	6.3605957
-39.515877	164.62816	6.3703613
-39.515068	170.23695	6.380127
-39.513977	172.22255	6.3898926
-39.513988	169.58154	6.3996582
-39.512428	168.80766	6.4094238
-39.511501	167.49992	6.4191895
-39.511803	163.41612	6.4289551
-39.509445	169.5117	6.4387207
-39.509552	174.1244	6.4484863
-39.508507	174.98842	6.458252
-39.508781	174.20512	6.4680176
-39.506363	167.34151	6.4777832
-39.50536	167.9711	6.4875488
-39.505562	173.05533	6.4973145
-39.504463	174.92978	6.5070801
-39.503414	176.00629	6.5168457
-39.502209	174.77003	6.5266113
-39.500916	172.39537	6.536377
-39.501324	171.4165	6.5461426
-39.500179	173.87065	6.5559082
-39.499302	174.46152	6.5656738
-39.499126	179.63106	6.5754395
-39.497593	179.58649	6.5852051
-39.496872	175.0023	6.5949707
-39.495758	174.05362	6.6047363
-39.495281	176.17296	6.614502
-39.494392	179.37901	6.6242676
-39.493839	179.33797	6.6340332
-39.492733	180.96422	6.6437988
-39.492527	180.12926	6.6535645
-39.492958	180.05911	6.6633301
-39.491337	178.00192	6.6730957
-39.49081	176.65045	6.6828613
-39.489704	182.13278	6.692627
-39.487652	184.49792	6.7023926
-39.487259	183.04184	6.7121582
-39.486229	183.54326	6.7219238
-39.485744	178.76555	6.7316895
-39.486248	182.22968	6.7414551
-39.484337	182.87202	6.7512207
-39.483089	184.73946	6.7609863
-39.482876	187.50505	6.770752
-39.482784	188.31665	6.7805176
-39.481602	184.13719	6.7902832
-39.480484	180.15427	6.8000488
-39.479927	182.40703	6.8098145
-39.479668	187.7775	6.8195801
-39.477913	190.06282	6.8293457
-39.476944	188.74571	6.8391113
-39.475887	187.06998	6.848877
-39.475418	185.39981	6.8586426
-39.473026	187.13918	6.8684082
-39.473812	188.13065	6.8781738
-39.473297	190.31023	6.8879395
-39.471912	194.73154	6.8977051
-39.470463	191.48477	6.9074707
-39.470692	186.86803	6.9172363
-39.470055	187.37978	6.927002
-39.469757	189.90082	6.9367676
-39.467567	196.40559	6.9465332
-39.466484	196.32626	6.9562988
-39.466488	193.49217	6.9660645
-39.465267	192.18602	6.9758301
-39.463978	189.25458	6.9855957
-39.46381	189.78265	6.9953613
-39.46307	195.33528	7.005127
-39.460983	198.87122	7.0148926
-39.461708	200.97362	7.0246582
-39.460991	194.29916	7.0344238
-39.459888	191.23528	7.0441895
-39.459557	193.3786	7.0539551
-39.457016	196.9872	7.0637207
-39.457134	201.04124	7.0734863
-39.456261	199.20424	7.083252
-39.455864	198.2924	7.0930176
-39.455002	196.53061	7.1027832
-39.453972	194.84138	7.1125488
-39.453419	199.33075	7.1223145
-39.45195	201.5213	7.1320801
-39.451336	204.0251	7.1418457
-39.450218	204.44513	7.1516113
-39.450851	197.47771	7.161377
-39.448341	198.40335	7.1711426
-39.448376	200.82347	7.1809082
-39.448227	202.99664	7.1906738
-39.446888	205.64009	7.2004395
-39.445984	204.08719	7.2102051
-39.444611	202.44907	7.2199707
-39.443199	203.47749	7.2297363
-39.442616	201.57074	7.239502
-39.443439	203.26074	7.2492676
-39.441845	206.92365	7.2590332
-39.441238	208.11856	7.2687988
-39.440727	205.78859	7.2785645
-39.438828	205.0938	7.2883301
-39.439095	204.42191	7.2980957
-39.437168	207.25986	7.3078613
-39.436928	207.69107	7.317627
-39.436104	208.53206	7.3273926
-39.435318	209.30974	7.3371582
-39.434395	209.85793	7.3469238
-39.433887	208.70981	7.3566895
-39.432407	204.89896	7.3664551
-39.432388	208.51308	7.3762207
-39.431656	212.50398	7.3859863
-39.430901	214.2702	7.395752
-39.430359	212.83742	7.4055176
-39.429333	209.04915	7.4152832
-39.428173	210.7682	7.4250488
-39.425457	209.30223	7.4348145
-39.425758	210.61029	7.4445801
-39.425323	215.66844	7.4543457
-39.424892	218.09705	7.4641113
-39.423275	215.42952	7.473877
-39.423023	210.46632	7.4836426
-39.42239	209.60939	7.4934082
-39.421143	214.80055	7.5031738
-39.420761	218.52832	7.5129395
-39.420082	219.09932	7.5227051
-39.418758	216.5537	7.5324707
-39.418713	212.47169	7.5422363
-39.417301	215.23843	7.552002
-39.41692	214.81792	7.5617676
-39.416451	219.85271	7.5715332
-39.414806	223.45329	7.5812988
-39.414005	221.35249	7.5910645
-39.412155	217.80804	7.6008301
-39.412823	214.45412	7.6105957
-39.411575	216.33334	7.6203613
-39.410553	224.76926	7.630127
-39.410736	226.08168	7.6398926
-39.408375	223.1331	7.6496582
-39.408497	221.62106	7.6594238
-39.407532	218.91147	7.6691895
-39.406403	220.19821	7.6789551
-39.405621	222.3486	7.6887207
-39.404758	224.80699	7.6984863
-39.405159	228.59703	7.708252
-39.403591	223.70587	7.7180176
-39.40332	220.55505	7.7277832
-39.402866	223.24147	7.7375488
-39.400829	224.13254	7.7473145
-39.400795	229.91002	7.7570801
-39.400101	228.95334	7.7668457
-39.399532	228.13799	7.7766113
-39.397205	225.80222	7.786377
-39.396641	226.67735	7.7961426
-39.397484	226.46657	7.8059082
-39.394611	228.86308	7.8156738
-39.395519	232.96687	7.8254395
-39.39307	234.30051	7.8352051
-39.394001	227.65897	7.8449707
-39.391235	228.84941	7.8547363
-39.390892	229.56143	7.864502
-39.390652	231.52335	7.8742676
-39.390022	234.61006	7.8840332
-39.388355	232.55113	7.8937988
-39.387836	233.25267	7.9035645
-39.387623	234.61935	7.9133301
-39.386662	232.80521	7.9230957
-39.385513	232.29893	7.9328613
-39.38538	233.64536	7.942627
-39.383156	237.49422	7.9523926
-39.383404	238.95799	7.9621582
-39.382626	235.75607	7.9719238
-39.381935	231.88153	7.9816895
-39.379841	235.97177	7.9914551
-39.379192	236.88242	8.0012207
-39.3787	237.65773	8.0109863
-39.377918	239.77943	8.020752
-39.376534	240.41971	8.0305176
-39.376408	238.51024	8.0402832
-39.374638	234.09004	8.0500488
-39.375645	236.53198	8.0598145
-39.373974	240.71561	8.0695801
-39.374531	243.62419	8.0793457
-39.372803	244.75508	8.0891113
-39.371483	237.31932	8.098877
-39.370216	239.47839	8.1086426
-39.370819	240.41393	8.1184082
-39.368855	240.89543	8.1281738
-39.368416	245.25728	8.1379395
-39.368332	246.72484	8.1477051
-39.36681	246.51431	8.1574707
-39.366585	241.81033	8.1672363
-39.364647	239.23465	8.177002
-39.364582	244.08199	8.1867676
-39.363979	249.00241	8.1965332
-39.362663	249.2851	8.2062988
-39.361351	246.76408	8.2160645
-39.361065	241.93704	8.2258301
-39.359192	244.37018	8.2355957
-39.358822	243.85031	8.2453613
-39.359283	249.62204	8.255127
-39.356964	251.69167	8.2648926
-39.357681	250.63721	8.2746582
-39.355507	249.74075	8.2844238
-39.355862	244.95528	8.2941895
-39.354382	245.24626	8.3039551
-39.354061	251.31107	8.3137207
-39.353336	254.88437	8.3234863
-39.352669	252.87775	8.333252
-39.352013	251.6413	8.3430176
-39.350082	249.45795	8.3527832
-39.348827	250.46283	8.3625488
-39.348858	250.77882	8.3723145
-39.347507	254.27794	8.3820801
-39.348145	256.41974	8.3918457
-39.346416	255.8741	8.4016113
-39.346272	251.63869	8.411377
-39.344734	251.33377	8.4211426
-39.3447	253.20131	8.4309082
-39.342915	257.59644	8.4406738
-39.34214	258.34088	8.4504395
-39.34108	258.62708	8.4602051
-39.342331	255.74969	8.4699707
-39.340111	255.66089	8.4797363
-39.340027	254.68805	8.489502
-39.338326	254.89479	8.4992676
-39.337456	257.97565	8.5090332
-39.335854	263.20126	8.5187988
-39.335037	259.91513	8.5285645
-39.335579	259.02106	8.5383301
-39.334126	255.77477	8.5480957
-39.334007	259.47214	8.5578613
-39.33252	260.89792	8.567627
-39.332104	262.09119	8.5773926
-39.33094	262.24207	8.5871582
-39.330532	263.05341	8.5969238
-39.328632	259.87082	8.6066895
-39.328121	259.11441	8.6164551
-39.328335	260.9754	8.6262207
-39.326885	264.20709	8.6359863
-39.325443	269.17673	8.645752
-39.326553	265.47266	8.6555176
-39.325653	262.77499	8.6652832
-39.323895	261.57721	8.6750488
-39.323376	263.44965	8.6848145
-39.321754	265.84247	8.6945801
-39.321602	268.84332	8.7043457
-39.3204	269.16037	8.7141113
-39.320694	268.28247	8.723877
-39.318386	262.64233	8.7336426
-39.317829	262.59891	8.7434082
-39.316612	266.95041	8.7531738
-39.316093	273.2818	8.7629395
-39.315208	273.89801	8.7727051
-39.314495	266.52908	8.7824707
-39.314068	266.7493	8.7922363
-39.31295	267.1058	8.802002
-39.312881	268.16748	8.8117676
-39.311577	273.99377	8.8215332
-39.312004	272.98187	8.8312988
-39.309631	273.68768	8.8410645
-39.309181	270.06876	8.8508301
-39.307766	266.16269	8.8605957
-39.307755	270.27029	8.8703613
-39.307121	273.58026	8.880127
-39.30669	277.61429	8.8898926
-39.305344	276.8027	8.8996582
-39.304611	270.55722	8.9094238
-39.302994	272.1626	8.9191895
-39.302719	273.87234	8.9289551
-39.30085	276.26437	8.9387207
-39.300617	277.28217	8.9484863
-39.299774	280.09528	8.958252
-39.29882	278.33057	8.9680176
-39.298939	274.09396	8.9777832
-39.297115	273.47668	8.9875488
-39.29797	278.42581	8.9973145
-39.296192	281.54352	9.0070801
-39.296078	281.70502	9.0168457
-39.294678	279.77646	9.0266113
-39.293316	276.76199	9.036377
-39.292164	278.7327	9.0461426
-39.292053	279.86606	9.0559082
-39.2906	277.88382	9.0656738
-39.290955	284.62164	9.0754395
-39.290192	284.47833	9.0852051
-39.289169	281.81323	9.0949707
-39.287006	280.20599	9.1047363
-39.287045	279.83771	9.114502
-39.287071	283.56424	9.1242676
-39.286549	285.01166	9.1340332
-39.283764	284.43683	9.1437988
-39.283382	284.09048	9.1535645
-39.284142	284.10654	9.1633301
-39.281517	281.97852	9.1730957
-39.280491	281.02457	9.1828613
-39.279987	284.18573	9.192627
-39.279083	290.25681	9.2023926
-39.278553	288.84674	9.2121582
-39.278458	287.44952	9.2219238
-39.276684	283.27954	9.2316895
-39.277058	284.79086	9.2414551
-39.276421	287.61859	9.2512207
-39.274418	288.30679	9.2609863
-39.273987	291.73563	9.270752
-39.273701	290.62112	9.2805176
-39.27216	288.13211	9.2902832
-39.271584	285.41367	9.3000488
-39.271	287.02866	9.3098145
-39.270729	289.86481	9.3195801
-39.269604	296.65564	9.3293457
-39.267696	294.10907	9.3391113
-39.267559	289.34448	9.348877
-39.267014	288.70511	9.3586426
-39.2663	288.13367	9.3684082
-39.265842	293.91119	9.3781738
-39.262917	295.29758	9.3879395
-39.263382	296.2673	9.3977051
-39.262775	296.38708	9.4074707
-39.262016	290.76736	9.4172363
-39.259766	289.57074	9.427002
-39.259407	293.67068	9.4367676
-39.261089	299.41428	9.4465332
-39.258968	301.39648	9.4562988
-39.257244	295.77707	9.4660645
-39.257294	293.87418	9.4758301
-39.256783	293.41696	9.4855957
-39.255249	294.88281	9.4953613
-39.254498	299.23941	9.505127
-39.252632	299.78836	9.5148926
-39.252815	300.21158	9.5246582
-39.251835	299.24545	9.5344238
-39.253273	293.52826	9.5441895
-39.25132	296.8157	9.5539551
-39.250126	299.83517	9.5637207
-39.250099	303.96698	9.5734863
-39.248653	304.41135	9.583252
-39.246132	298.79202	9.5930176
-39.245834	298.39618	9.6027832
-39.244904	299.24469	9.6125488
-39.244953	302.35208	9.6223145
-39.24482	304.57019	9.6320801
-39.243515	306.05719	9.6418457
-39.242302	306.59042	9.6516113
-39.241611	302.09384	9.661377
-39.241051	300.5676	9.6711426
-39.239517	300.58157	9.6809082
-39.23933	305.19855	9.6906738
-39.2379	307.9035	9.7004395
-39.237087	305.54184	9.7102051
-39.237122	304.8064	9.7199707
-39.236538	306.86996	9.7297363
-39.235672	303.23904	9.739502
-39.233677	304.64822	9.7492676
-39.232826	308.38693	9.7590332
-39.233089	310.17206	9.7687988
-39.232063	310.58282	9.7785645
-39.229492	308.44672	9.7883301
-39.230057	305.20898	9.7980957
-39.22897	307.7023	9.8078613
-39.228691	309.69766	9.817627
-39.227943	310.97937	9.8273926
-39.227108	313.47433	9.8371582
-39.226757	308.95322	9.8469238
-39.225182	309.43701	9.8566895
-39.225189	307.43622	9.8664551
-39.223881	307.03421	9.8762207
-39.223209	313.24622	9.8859863
-39.223083	317.25391	9.895752
-39.221611	314.74826	9.9055176
-39.221546	310.03641	9.9152832
-39.220016	307.25555	9.9250488
-39.219254	312.97845	9.9348145
-39.218655	313.57513	9.9445801
-39.216961	317.42972	9.9543457
-39.215923	316.10324	9.9641113
-39.215218	315.61523	9.973877
-39.215626	312.27109	9.9836426
-39.213238	310.72314	9.9934082
-39.213272	314.50693	10.003174
-39.212551	320.78702	10.012939
-39.211681	321.37875	10.022705
-39.210033	315.88422	10.032471
-39.209671	313.90057	10.042236
-39.208862	313.13617	10.052002
-39.207985	317.2131	10.061768
-39.207176	320.16919	10.071533
-39.20612	321.93439	10.081299
-39.205254	321.03986	10.091064
-39.204899	315.63654	10.10083
-39.203938	315.03238	10.110596
-39.204357	317.75616	10.120361
-39.203934	321.853	10.130127
-39.201935	326.28619	10.139893
-39.201775	322.24179	10.149658
-39.200233	319.77124	10.159424
-39.198685	318.28616	10.169189
-39.198402	319.89822	10.178955
-39.197781	322.52151	10.188721
-39.196201	323.62967	10.198486
-39.19458	325.58725	10.208252
-39.194828	324.64386	10.218018
-39.194508	319.30396	10.227783
-39.193367	321.11942	10.237549
-39.192665	321.96741	10.247314
-39.19072	328.1022	10.25708
-39.190395	327.95279	10.266846
-39.189159	324.55896	10.276611
-39.189087	323.91663	10.286377
-39.188641	325.10217	10.296143
-39.186714	325.31723	10.305908
-39.188202	326.77451	10.315674
-39.185539	328.70969	10.325439
-39.185242	329.05704	10.335205
-39.184383	329.05295	10.344971
-39.183163	325.27359	10.354736
-39.181313	326.42236	10.364502
-39.182301	328.35577	10.374268
-39.180496	331.58835	10.384033
-39.181381	331.52368	10.393799
-39.179672	331.2309	10.403564
-39.177525	329.81418	10.41333
-39.177639	330.02707	10.423096
-39.17775	326.86487	10.432861
-39.1768	330.00974	10.442627
-39.175713	333.27692	10.452393
-39.174541	337.13748	10.462158
-39.173668	333.45816	10.471924
-39.173042	327.33072	10.481689
-39.172951	328.19278	10.491455
-39.172283	333.7728	10.501221
-39.169918	335.66623	10.510986
-39.169975	337.71674	10.520752
-39.16935	335.49445	10.530518
-39.167656	336.75912	10.540283
-39.16753	331.4155	10.550049
-39.166622	331.10895	10.559814
-39.164803	336.57886	10.56958
-39.164841	341.75439	10.579346
-39.163841	341.34018	10.589111
-39.163475	336.18863	10.598877
-39.162388	332.21887	10.608643
-39.161087	335.04169	10.618408
-39.161064	339.4942	10.628174
-39.159966	343.25934	10.637939
-39.159889	340.72983	10.647705
-39.158882	339.54907	10.657471
-39.157784	337.75507	10.667236
-39.156471	334.40994	10.677002
-39.156731	337.13623	10.686768
-39.155056	343.50861	10.696533
-39.154594	345.28104	10.706299
-39.152161	342.03992	10.716064
-39.153046	336.48663	10.72583
-39.152138	336.48392	10.735596
-39.15012	342.44434	10.745361
-39.149971	343.12677	10.755127
-39.149544	344.44513	10.764893
-39.148445	345.64322	10.774658
-39.147469	341.89255	10.784424
-39.146889	339.03702	10.794189
-39.145962	340.84494	10.803955
-39.146278	344.51724	10.813721
-39.144547	349.59961	10.823486
-39.144142	346.20352	10.833252
-39.143536	343.40439	10.843018
-39.142975	342.6701	10.852783
-39.141312	342.62866	10.862549
-39.140968	346.95303	10.872314
-39.140007	345.11255	10.88208
-39.139523	348.85022	10.891846
-39.137589	349.3876	10.901611
-39.138096	345.51181	10.911377
-39.13792	345.09915	10.921143
-39.136353	343.03821	10.930908
-39.134361	347.95767	10.940674
-39.133434	351.94006	10.950439
-39.13213	349.04123	10.960205
-39.132813	347.1835	10.969971
-39.131115	347.96127	10.979736
-39.130081	348.41544	10.989502
-39.12904	347.99127	10.999268
-39.130554	348.99585	11.009033
-39.128738	353.5015	11.018799
-39.127457	354.44229	11.028564
-39.127213	349.30338	11.03833
-39.126064	346.61011	11.048096
-39.124805	350.07748	11.057861
-39.124615	352.48444	11.067627
-39.12373	356.12839	11.077393
-39.122021	354.80136	11.087158
-39.122459	351.7659	11.096924
-39.121613	352.37183	11.106689
-39.120224	349.79221	11.116455
-39.118744	352.39932	11.126221
-39.118664	354.59302	11.135986
-39.118355	360.56522	11.145752
-39.11692	359.76007	11.155518
-39.116322	350.07135	11.165283
-39.114777	350.48349	11.175049
-39.115101	355.14008	11.184814
-39.113354	357.02008	11.19458
-39.112984	361.68176	11.204346
-39.112411	357.16806	11.214111
-39.111301	356.23795	11.223877
-39.11121	352.86835	11.233643
-39.110329	352.38055	11.243408
-39.108685	358.67633	11.253174
-39.107914	361.34375	11.262939
-39.108852	362.90125	11.272705
-39.107445	359.50934	11.282471
-39.105186	353.44412	11.292236
-39.104618	355.85901	11.302002
-39.104012	359.55331	11.311768
-39.104137	363.78241	11.321533
-39.102772	362.064	11.331299
-39.101486	362.60748	11.341064
-39.100708	359.27603	11.35083
-39.099594	355.814	11.360596
-39.098824	360.81384	11.370361
-39.097805	362.75354	11.380127
-39.097767	366.1936	11.389893
-39.096127	363.96527	11.399658
-39.095654	358.40796	11.409424
-39.094784	357.99878	11.419189
-39.094158	361.63638	11.428955
-39.093403	363.35727	11.438721
-39.093235	364.99023	11.448486
-39.091633	366.25763	11.458252
-39.091122	364.42041	11.468018
-39.090107	362.15268	11.477783
-39.089729	361.11771	11.487549
-39.08844	362.43008	11.497314
-39.087204	368.10156	11.50708
-39.087746	367.81424	11.516846
-39.085766	366.85153	11.526611
-39.084801	363.75537	11.536377
-39.085747	364.17761	11.546143
-39.084808	365.99179	11.555908
-39.083702	365.10971	11.565674
-39.082512	368.03342	11.575439
-39.081097	369.75681	11.585205
-39.081043	368.89258	11.594971
-39.079002	366.93259	11.604736
-39.079132	363.09439	11.614502
-39.076523	368.31393	11.624268
-39.078064	372.36835	11.634033
-39.076324	370.72427	11.643799
-39.07513	372.72876	11.653564
-39.07468	367.4606	11.66333
-39.074539	367.56595	11.673096
-39.073589	368.37582	11.682861
-39.072277	368.02524	11.692627
-39.070877	374.32327	11.702393
-39.071926	374.51379	11.712158
-39.070278	372.88007	11.721924
-39.069477	367.70178	11.731689
-39.068752	366.40695	11.741455
-39.066677	372.49728	11.751221
-39.066513	376.40005	11.760986
-39.066475	377.07535	11.770752
-39.065132	374.28348	11.780518
-39.064404	371.83298	11.790283
-39.064159	367.90784	11.800049
-39.062222	370.37799	11.809814
-39.062229	375.48636	11.81958
-39.059917	379.88663	11.829346
-39.059818	378.76816	11.839111
-39.058811	372.22803	11.848877
-39.05928	370.98965	11.858643
-39.057327	371.59085	11.868408
-39.056667	377.97336	11.878174
-39.055931	379.91876	11.887939
-39.055382	377.96011	11.897705
-39.054707	377.49899	11.907471
-39.052677	374.15347	11.917236
-39.053177	370.5809	11.927002
-39.052479	377.09891	11.936768
-39.051266	380.93024	11.946533
-39.050785	383.47244	11.956299
-39.049	380.32593	11.966064
-39.048576	373.3551	11.97583
-39.048096	374.95212	11.985596
-39.047752	378.5347	11.995361
-39.046753	381.62628	12.005127
-39.045506	382.5704	12.014893
-39.044098	381.0123	12.024658
-39.043858	378.96594	12.034424
-39.04388	377.12384	12.044189
-39.042465	377.93091	12.053955
-39.040943	380.45914	12.063721
-39.04158	383.88852	12.073486
-39.039219	385.79984	12.083252
-39.040001	378.14514	12.093018
-39.037674	377.97311	12.102783
-39.037094	380.44128	12.112549
-39.035995	381.5556	12.122314
-39.035748	382.28204	12.13208
-39.035568	384.14532	12.141846
-39.034851	384.7858	12.151611
-39.033371	382.6713	12.161377
-39.03241	380.11102	12.171143
-39.031162	379.51361	12.180908
-39.031036	383.61215	12.190674
-39.029617	385.99423	12.200439
-39.029633	385.23611	12.210205
-39.027672	384.42096	12.219971
-39.028065	382.57913	12.229736
-39.02766	383.47989	12.239502
-39.025581	383.36432	12.249268
-39.026058	383.19092	12.259033
-39.024067	388.2507	12.268799
-39.022972	385.77115	12.278564
-39.022961	385.25198	12.28833
-39.02174	380.34814	12.298096
-39.02039	381.39459	12.307861
-39.020229	387.52155	12.317627
-39.019012	388.94473	12.327393
-39.019741	390.47229	12.337158
-39.017536	386.6871	12.346924
-39.016872	384.59341	12.356689
-39.015141	384.79654	12.366455
-39.015507	383.6803	12.376221
-39.014786	388.98526	12.385986
-39.012608	394.30289	12.395752
-39.012608	389.76297	12.405518
-39.012863	384.40591	12.415283
-39.011505	382.73358	12.425049
-39.010254	386.70624	12.434814
-39.009579	391.23019	12.44458
-39.009354	392.88303	12.454346
-39.008266	390.80911	12.464111
-39.007835	388.04837	12.473877
-39.005966	384.42786	12.483643
-39.006218	386.10477	12.493408
-39.004044	388.29636	12.503174
-39.004074	393.97229	12.512939
-39.002945	395.21933	12.522705
-39.002079	389.73422	12.532471
-39.002502	384.54993	12.542236
-39.00069	384.70959	12.552002
-38.99979	391.67557	12.561768
-38.999161	394.60516	12.571533
-38.998646	392.82703	12.581299
-38.996693	391.64294	12.591064
-38.995464	388.7049	12.60083
-38.996315	387.056	12.610596
-38.994602	391.07233	12.620361
-38.99366	391.59573	12.630127
-38.993397	397.20178	12.639893
-38.992641	395.14923	12.649658
-38.990936	388.63535	12.659424
-38.992222	388.39709	12.669189
-38.990353	389.95886	12.678955
-38.99007	394.23038	12.688721
-38.987328	393.86246	12.698486
-38.987499	393.43036	12.708252
-38.986179	393.34262	12.718018
-38.986362	390.78354	12.727783
-38.985119	390.77692	12.737549
-38.985748	389.36496	12.747314
-38.984501	395.26822	12.75708
-38.981503	399.32996	12.766846
-38.982067	394.78494	12.776611
-38.981979	392.45691	12.786377
-38.981018	392.1105	12.796143
-38.98074	393.26947	12.805908
-38.978958	394.05118	12.815674
-38.978806	395.48895	12.825439
-38.976768	395.88922	12.835205
-38.976357	397.76031	12.844971
-38.976059	393.36188	12.854736
-38.974346	391.0368	12.864502
-38.973835	394.55661	12.874268
-38.973392	396.61493	12.884033
-38.972065	398.72562	12.893799
-38.971462	398.38049	12.903564
-38.972229	394.75769	12.91333
-38.969784	394.68631	12.923096
-38.969078	394.62827	12.932861
-38.967751	394.43594	12.942627
-38.966541	398.30225	12.952393
-38.967026	401.40323	12.962158
-38.966595	399.64484	12.971924
-38.964905	392.54074	12.981689
-38.964233	393.21661	12.991455
-38.963158	397.52628	13.001221
-38.962189	400.6637	13.010986
-38.963142	402.00305	13.020752
-38.960136	399.51926	13.030518
-38.959908	395.91922	13.040283
-38.959473	395.47339	13.050049
-38.958675	393.03793	13.059814
-38.956799	400.80347	13.06958
-38.956001	403.56943	13.079346
-38.955009	401.96536	13.089111
-38.955215	398.64172	13.098877
-38.953735	393.20557	13.108643
-38.953259	395.00891	13.118408
-38.95277	401.98724	13.128174
-38.953308	402.63623	13.137939
-38.951191	401.8241	13.147705
-38.94873	398.3894	13.157471
-38.948582	396.26639	13.167236
-38.949783	397.22995	13.177002
-38.948708	398.42206	13.186768
-38.947147	402.49591	13.196533
-38.947727	405.59872	13.206299
-38.945023	402.2543	13.216064
-38.945026	396.14929	13.22583
-38.94392	396.75925	13.235596
-38.941601	400.41705	13.245361
-38.942497	404.70837	13.255127
-38.942013	401.32263	13.264893
-38.940483	401.98672	13.274658
-38.939247	400.43658	13.284424
-38.938442	399.18845	13.294189
-38.938816	399.63596	13.303955
-38.937077	399.97736	13.313721
-38.936207	406.15146	13.323486
-38.935375	404.75397	13.333252
-38.935444	399.49496	13.343018
-38.93399	400.5506	13.352783
-38.933022	399.50876	13.362549
-38.932129	402.25409	13.372314
-38.930912	405.34274	13.38208
-38.931328	402.43823	13.391846
-38.929668	404.4826	13.401611
-38.929157	403.06204	13.411377
-38.927593	399.44641	13.421143
-38.928196	398.96329	13.430908
-38.925556	402.57703	13.440674
-38.927094	407.19431	13.450439
-38.925083	405.77502	13.460205
-38.92564	406.01074	13.469971
-38.922237	402.06415	13.479736
-38.921181	401.69998	13.489502
-38.922115	402.44785	13.499268
-38.921131	403.30591	13.509033
-38.920105	405.73981	13.518799
-38.91906	408.0463	13.528564
-38.918926	403.62296	13.53833
-38.917236	398.74231	13.548096
-38.916622	401.34921	13.557861
-38.917439	404.20087	13.567627
-38.915539	409.35986	13.577393
-38.914776	407.87228	13.587158
-38.914093	405.04135	13.596924
-38.913006	402.75937	13.606689
-38.912109	401.81543	13.616455
-38.911057	401.7243	13.626221
-38.910976	406.99219	13.635986
-38.909027	408.33517	13.645752
-38.907894	410.31525	13.655518
-38.907703	400.9201	13.665283
-38.905807	399.48349	13.675049
-38.90712	403.35205	13.684814
-38.905064	408.08765	13.69458
-38.905174	411.54251	13.704346
-38.903175	408.34732	13.714111
-38.90279	404.56171	13.723877
-38.902512	404.01923	13.733643
-38.901962	401.34589	13.743408
-38.90078	406.57275	13.753174
-38.899998	409.57324	13.762939
-38.899731	410.59357	13.772705
-38.898769	407.17047	13.782471
-38.897457	399.77142	13.792236
-38.896729	401.95114	13.802002
-38.8965	408.38443	13.811768
-38.895298	409.4104	13.821533
-38.894321	410.16724	13.831299
-38.893257	406.17572	13.841064
-38.8918	405.70157	13.85083
-38.891918	405.20529	13.860596
-38.89135	404.22983	13.870361
-38.890106	407.98697	13.880127
-38.888775	410.08102	13.889893
-38.889221	410.13565	13.899658
-38.887653	405.08826	13.909424
-38.887112	403.4949	13.919189
-38.886665	403.48822	13.928955
-38.88559	410.62076	13.938721
-38.885071	409.74078	13.948486
-38.882278	407.86554	13.958252
-38.882427	407.15439	13.968018
-38.882126	406.32599	13.977783
-38.879864	404.99454	13.987549
-38.879642	405.13162	13.997314
-38.879116	408.81894	14.00708
-38.87986	411.94382	14.016846
-38.877304	410.25934	14.026611
-38.877495	406.75201	14.036377
-38.877056	403.48047	14.046143
-38.875313	406.73715	14.055908
-38.874184	406.28439	14.065674
-38.873711	407.23215	14.075439
-38.872608	411.46857	14.085205
-38.873219	410.72534	14.094971
-38.871655	407.43466	14.104736
-38.870644	404.35812	14.114502
-38.869587	405.74503	14.124268
-38.870411	410.05807	14.134033
-38.868214	411.56494	14.143799
-38.86713	410.68945	14.153564
-38.866901	407.35385	14.16333
-38.866268	406.13556	14.173096
-38.864365	406.63654	14.182861
-38.863422	407.87888	14.192627
-38.862679	410.87381	14.202393
-38.862873	413.2627	14.212158
-38.861877	410.81195	14.221924
-38.861469	404.29294	14.231689
-38.85915	404.91196	14.241455
-38.860226	407.18008	14.251221
-38.857651	415.14627	14.260986
-38.858055	413.30203	14.270752
-38.856739	407.25165	14.280518
-38.855186	406.07922	14.290283
-38.854744	405.42221	14.300049
-38.85408	406.82007	14.309814
-38.853588	411.21176	14.31958
-38.852928	410.91733	14.329346
-38.852501	414.54617	14.339111
-38.85033	406.68542	14.348877
-38.850658	402.08395	14.358643
-38.850052	405.06918	14.368408
-38.848122	410.96478	14.378174
-38.847794	414.70816	14.387939
-38.84687	410.21304	14.397705
-38.845753	408.21735	14.407471
-38.845634	407.0925	14.417236
-38.844418	404.41928	14.427002
-38.844166	408.94363	14.436768
-38.842113	410.16434	14.446533
-38.841846	413.06845	14.456299
-38.841183	412.54086	14.466064
-38.841232	404.32278	14.47583
-38.83989	404.66882	14.485596
-38.83881	409.32623	14.495361
-38.837383	411.39224	14.505127
-38.837322	412.40964	14.514893
-38.836052	409.76254	14.524658
-38.835373	407.5451	14.534424
-38.834999	407.92239	14.544189
-38.834045	405.74487	14.553955
-38.832596	407.31842	14.563721
-38.832264	411.21262	14.573486
-38.832214	412.7074	14.583252
-38.831581	409.32816	14.593018
-38.830215	407.03345	14.602783
-38.828686	406.22498	14.612549
-38.828129	409.86789	14.622314
-38.826775	409.88562	14.63208
-38.826962	411.55502	14.641846
-38.825687	410.2305	14.651611
-38.824898	409.608	14.661377
-38.823776	409.00754	14.671143
-38.823849	403.32959	14.680908
-38.82222	409.19415	14.690674
-38.822098	411.8504	14.700439
-38.821362	411.6886	14.710205
-38.820076	409.93561	14.719971
-38.819016	405.97516	14.729736
-38.819141	407.1171	14.739502
-38.818718	409.44562	14.749268
-38.817692	408.07504	14.759033
-38.815987	413.80225	14.768799
-38.81588	411.54434	14.778564
-38.814537	408.14801	14.78833
-38.813927	405.33731	14.798096
-38.813217	405.0528	14.807861
-38.813328	409.00674	14.817627
-38.811676	413.89972	14.827393
-38.810902	411.84027	14.837158
-38.809277	408.24487	14.846924
-38.808594	404.646	14.856689
-38.80632	405.53693	14.866455
-38.806709	408.64786	14.876221
-38.805294	411.92871	14.885986
-38.805416	412.99933	14.895752
-38.804325	411.87598	14.905518
-38.803371	405.90692	14.915283
-38.803192	402.70001	14.925049
-38.802845	405.44125	14.934814
-38.801044	412.99374	14.94458
-38.80027	412.96265	14.954346
-38.800518	409.4303	14.964111
-38.798519	408.1058	14.973877
-38.798103	403.84677	14.983643
-38.795937	405.9093	14.993408
-38.795773	411.05508	15.003174
-38.795982	411.05063	15.012939
-38.794765	413.05801	15.022705
-38.7953	407.71295	15.032471
-38.792881	402.89844	15.042236
-38.792843	405.10861	15.052002
-38.790497	406.51407	15.061768
-38.791813	412.29233	15.071533
-38.790237	410.19861	15.081299
-38.788284	407.48807	15.091064
-38.789181	405.18204	15.10083
-38.787701	404.33502	15.110596
-38.78643	407.62814	15.120361
-38.786667	407.48117	15.130127
-38.786648	410.60587	15.139893
-38.783966	412.28928	15.149658
-38.783466	405.58902	15.159424
-38.782879	405.38214	15.169189
-38.781937	403.80399	15.178955
-38.779961	407.44397	15.188721
-38.779915	411.51581	15.198486
-38.779118	406.16565	15.208252
-38.777351	407.83026	15.218018
-38.778835	407.25851	15.227783
-38.778412	403.77072	15.237549
-38.77578	404.74814	15.247314
-38.775276	407.10831	15.25708
-38.774803	411.04877	15.266846
-38.773434	410.27982	15.276611
-38.773277	405.49838	15.286377
-38.771133	403.73941	15.296143
-38.771519	403.57605	15.305908
-38.771233	406.78934	15.315674
-38.769703	408.14273	15.325439
-38.769966	409.26328	15.335205
-38.767681	408.02066	15.344971
-38.76807	405.07825	15.354736
-38.766617	400.73471	15.364502
-38.764812	402.51208	15.374268
-38.764603	405.56808	15.384033
-38.763927	410.99442	15.393799
-38.763401	407.77847	15.403564
-38.762947	402.73611	15.41333
-38.762131	401.15091	15.423096
-38.760284	403.77954	15.432861
-38.75959	402.92593	15.442627
-38.759556	410.73593	15.452393
-38.758392	408.4838	15.462158
-38.757248	405.76361	15.471924
-38.756695	401.46677	15.481689
-38.754761	398.52521	15.491455
-38.754772	403.42068	15.501221
-38.755096	409.25974	15.510986
-38.753681	408.97568	15.520752
-38.751759	405.26276	15.530518
-38.752487	399.85696	15.540283
-38.751129	400.80652	15.550049
-38.750626	401.81348	15.559814
-38.749348	406.1243	15.56958
-38.7491	407.58337	15.579346
-38.747662	407.06512	15.589111
-38.746662	403.67273	15.598877
-38.746124	399.24179	15.608643
-38.745247	399.47852	15.618408
-38.743481	406.84283	15.628174
-38.742905	408.7005	15.637939
-38.742348	405.35104	15.647705
-38.741695	400.71359	15.657471
-38.741089	399.21167	15.667236
-38.740818	399.91006	15.677002
-38.740482	402.15439	15.686768
-38.739548	403.73401	15.696533
-38.737843	406.99304	15.706299
-38.736679	403.17715	15.716064
-38.735809	398.87231	15.72583
-38.735149	399.64548	15.735596
-38.735317	400.46194	15.745361
-38.734566	406.4129	15.755127
-38.732502	405.75784	15.764893
-38.730747	402.69849	15.774658
-38.732418	400.30649	15.784424
-38.730854	400.10339	15.794189
-38.729473	399.84735	15.803955
-38.729507	400.18552	15.813721
-38.728779	402.65033	15.823486
-38.727089	406.43167	15.833252
-38.726662	401.32568	15.843018
-38.725796	399.32666	15.852783
-38.72551	397.35205	15.862549
-38.724152	399.55292	15.872314
-38.72345	403.67499	15.88208
-38.722973	400.98123	15.891846
-38.721008	402.16025	15.901611
-38.720749	400.85226	15.911377
-38.720741	397.27957	15.921143
-38.718529	396.83447	15.930908
-38.717663	398.61252	15.940674
-38.716385	402.54526	15.950439
-38.717461	405.20065	15.960205
-38.716232	400.45969	15.969971
-38.715351	396.11044	15.979736
-38.714893	397.52286	15.989502
-38.713017	398.83496	15.999268
-38.71254	400.24066	16.009033
-38.712704	402.72198	16.018799
-38.711143	402.41434	16.028564
-38.711273	400.37158	16.03833
-38.709328	394.02332	16.048096
-38.70892	394.84857	16.057861
-38.707767	398.90497	16.067627
-38.706802	403.07504	16.077393
-38.706333	401.5145	16.087158
-38.705097	396.80914	16.096924
-38.704712	394.98227	16.106689
-38.70388	395.43848	16.116455
-38.703465	397.39661	16.126221
-38.702614	402.50156	16.135986
-38.700947	400.61252	16.145752
-38.700291	400.40054	16.155518
-38.700493	394.75208	16.165283
-38.700729	391.1665	16.175049
-38.69799	396.87091	16.184814
-38.698158	401.11401	16.19458
-38.697285	403.79089	16.204346
-38.696507	400.32379	16.214111
-38.695686	393.71005	16.223877
-38.693939	395.13376	16.233643
-38.693699	396.81079	16.243408
-38.692188	399.15924	16.253174
-38.691605	400.02667	16.262939
-38.689987	400.80817	16.272705
-38.689461	398.46695	16.282471
-38.690159	392.70871	16.292236
-38.688534	393.30838	16.302002
-38.686836	398.95624	16.311768
-38.687267	400.7728	16.321533
-38.686504	400.25305	16.331299
-38.684784	396.69608	16.341064
-38.684803	392.68985	16.35083
-38.682198	395.52151	16.360596
-38.682487	396.26993	16.370361
-38.682884	396.26877	16.380127
-38.682842	399.57272	16.389893
-38.679527	400.30896	16.399658
-38.679512	394.1893	16.409424
-38.67812	394.53442	16.419189
-38.676937	392.38162	16.428955
-38.675968	397.95905	16.438721
-38.677567	398.53979	16.448486
-38.674572	397.63681	16.458252
-38.675804	396.66663	16.468018
-38.6731	394.86853	16.477783
-38.672665	393.34686	16.487549
-38.671623	392.92892	16.497314
-38.671738	394.88843	16.50708
-38.670597	400.18735	16.516846
-38.668934	397.65741	16.526611
-38.66832	394.76782	16.536377
-38.669373	390.58597	16.546143
-38.666973	392.55264	16.555908
-38.666656	396.51843	16.565674
-38.665115	397.02515	16.575439
-38.664635	398.27869	16.585205
-38.664261	396.32611	16.594971
-38.663372	392.29483	16.604736
-38.661884	391.03671	16.614502
-38.661793	390.81961	16.624268
-38.6604	395.06445	16.634033
-38.660255	400.35626	16.643799
-38.659454	396.57919	16.653564
-38.659321	390.65381	16.66333
-38.657742	389.39078	16.673096
-38.65694	391.64249	16.682861
-38.655472	393.85297	16.692627
-38.654694	396.31204	16.702393
-38.654499	396.73785	16.712158
-38.652378	396.0018	16.721924
-38.652821	389.30194	16.731689
-38.652817	388.30316	16.741455
-38.652138	390.86362	16.751221
-38.649513	398.50909	16.760986
-38.649685	398.63214	16.770752
-38.648865	393.392	16.780518
-38.648048	388.98132	16.790283
-38.646271	389.39465	16.800049
-38.646133	392.9118	16.809814
-38.64579	397.69199	16.81958
-38.645222	395.06171	16.829346
-38.643059	394.60254	16.839111
-38.643265	392.77109	16.848877
-38.640968	387.56693	16.858643
-38.640907	391.11804	16.868408
-38.640614	394.47028	16.878174
-38.639301	397.10764	16.887939
-38.637962	398.46866	16.897705
-38.637405	389.13882	16.907471
-38.636642	389.30161	16.917236
-38.636372	391.00061	16.927002
-38.635704	392.11197	16.936768
-38.634838	394.14426	16.946533
-38.634422	395.39362	16.956299
-38.633301	396.00711	16.966064
-38.631756	389.39273	16.97583
-38.630215	387.95459	16.985596
-38.630695	390.53644	16.995361
-38.62973	393.65536	17.005127
-38.629005	395.28458	17.014893
-38.627609	392.65128	17.024658
-38.627289	391.25385	17.034424
-38.626266	390.58002	17.044189
-38.625576	389.78009	17.053955
-38.625797	388.40582	17.063721
-38.624985	393.21899	17.073486
-38.623421	395.69226	17.083252
-38.62088	393.25003	17.093018
-38.621635	389.64929	17.102783
-38.619949	387.01367	17.112549
-38.6194	389.67139	17.122314
-38.619537	392.82315	17.13208
-38.618046	393.20508	17.141846
-38.617771	394.8085	17.151611
-38.615982	390.66061	17.161377
-38.615696	390.31781	17.171143
-38.61549	387.81683	17.180908
-38.614624	389.08432	17.190674
-38.612862	394.4205	17.200439
-38.61277	395.07217	17.210205
-38.611794	392.63843	17.219971
-38.612545	386.30481	17.229736
-38.610683	385.83322	17.239502
-38.609341	390.67984	17.249268
-38.608902	390.87302	17.259033
-38.607235	393.83258	17.268799
-38.607285	392.18823	17.278564
-38.606033	389.42743	17.28833
-38.605228	387.74979	17.298096
-38.604427	385.90765	17.307861
-38.603855	389.54138	17.317627
-38.60302	395.98743	17.327393
-38.602276	393.7695	17.337158
-38.601215	388.99548	17.346924
-38.601299	385.50342	17.356689
-38.598831	388.4129	17.366455
-38.599262	391.30026	17.376221
-38.597809	392.09186	17.385986
-38.598431	393.62292	17.395752
-38.595535	390.62857	17.405518
-38.596504	387.37811	17.415283
-38.593475	384.15747	17.425049
-38.594204	387.44406	17.434814
-38.592667	392.00073	17.44458
-38.59148	395.38293	17.454346
-38.592068	389.50192	17.464111
-38.592087	385.41724	17.473877
-38.590111	384.94156	17.483643
-38.589497	388.35254	17.493408
-38.588421	392.43915	17.503174
-38.58783	390.32761	17.512939
-38.586929	390.84116	17.522705
-38.586216	389.8197	17.532471
-38.584091	385.25836	17.542236
-38.583847	387.25751	17.552002
-38.583843	386.47162	17.561768
-38.583019	392.18216	17.571533
-38.580975	392.64395	17.581299
-38.581078	388.12503	17.591064
-38.580769	386.45367	17.60083
-38.579052	387.37677	17.610596
-38.578087	387.41351	17.620361
-38.577293	389.69122	17.630127
-38.576031	389.98389	17.639893
-38.576057	391.63269	17.649658
-38.574265	389.46249	17.659424
-38.573555	385.53445	17.669189
-38.573914	383.87613	17.678955
-38.572659	387.02969	17.688721
-38.572681	390.78641	17.698486
-38.570461	390.46149	17.708252
-38.569889	388.87775	17.718018
-38.569294	387.353	17.727783
-38.568913	384.88251	17.737549
-38.567482	383.40063	17.747314
-38.566261	387.32794	17.75708
-38.566483	388.1344	17.766846
-38.565403	391.66388	17.776611
-38.564503	388.23563	17.786377
-38.563564	381.79434	17.796143
-38.562366	386.12317	17.805908
-38.561913	387.57034	17.815674
-38.561031	389.30893	17.825439
-38.559895	392.42947	17.835205
-38.559513	386.94376	17.844971
-38.559319	386.68124	17.854736
-38.55872	383.47943	17.864502
-38.556194	382.62781	17.874268
-38.556358	387.94888	17.884033
-38.55584	390.51431	17.893799
-38.555168	390.46655	17.903564
-38.554714	383.79095	17.91333
-38.55328	381.28442	17.923096
-38.552322	384.02051	17.932861
-38.551746	388.26599	17.942627
-38.550663	390.81757	17.952393
-38.550194	389.4704	17.962158
-38.549416	386.69177	17.971924
-38.549671	384.69919	17.981689
-38.548447	380.33023	17.991455
-38.546711	386.31628	18.001221
-38.546192	390.34271	18.010986
-38.545925	391.85574	18.020752
-38.543972	387.70645	18.030518
-38.544041	381.88416	18.040283
-38.541779	379.45535	18.050049
-38.541035	386.51578	18.059814
-38.540333	387.45901	18.06958
-38.539494	389.35635	18.079346
-38.539951	389.43188	18.089111
-38.537762	385.74026	18.098877
-38.538174	382.23776	18.108643
-38.536751	382.86584	18.118408
-38.536057	386.97839	18.128174
-38.535568	390.36932	18.137939
-38.534851	387.78693	18.147705
-38.53355	385.59781	18.157471
-38.531528	382.2435	18.167236
-38.531006	383.69043	18.177002
-38.531891	386.79578	18.186768
-38.529667	387.36536	18.196533
-38.530258	389.03366	18.206299
-38.528645	389.55334	18.216064
-38.528305	384.15393	18.22583
-38.526897	383.6857	18.235596
-38.525871	382.17371	18.245361
-38.525093	388.94455	18.255127
-38.52523	391.61447	18.264893
-38.524456	386.66885	18.274658
-38.524521	385.11166	18.284424
-38.522404	383.77771	18.294189
-38.521591	382.88403	18.303955
-38.521278	384.46164	18.313721
-38.519512	384.44708	18.323486
-38.519215	387.16919	18.333252
-38.51804	388.43576	18.343018
-38.518124	384.29813	18.352783
-38.516159	381.34985	18.362549
-38.515877	383.47794	18.372314
-38.515606	388.0434	18.38208
-38.515099	386.62192	18.391846
-38.513283	387.18439	18.401611
-38.512897	384.74234	18.411377
-38.511826	383.41766	18.421143
-38.511829	381.15219	18.430908
-38.510036	383.55353	18.440674
-38.509083	386.44849	18.450439
-38.507866	391.42953	18.460205
-38.508179	386.82892	18.469971
-38.506618	380.06161	18.479736
-38.506569	382.16858	18.489502
-38.504025	383.91431	18.499268
-38.503902	385.65976	18.509033
-38.5033	387.61896	18.518799
-38.502689	385.20123	18.528564
-38.502113	385.11069	18.53833
-38.501076	381.14322	18.548096
-38.500904	378.52209	18.557861
-38.498661	384.15903	18.567627
-38.499409	388.25046	18.577393
-38.49736	388.56088	18.587158
-38.497066	382.55399	18.596924
-38.496494	380.86899	18.606689
-38.495979	381.32886	18.616455
-38.49461	383.63083	18.626221
-38.49448	388.06161	18.635986
-38.493397	386.45853	18.645752
-38.491665	384.01703	18.655518
-38.491726	383.59561	18.665283
-38.491016	377.78708	18.675049
-38.488884	381.19922	18.684814
-38.488937	386.61719	18.69458
-38.489105	387.69891	18.704346
-38.487087	386.08185	18.714111
-38.487034	380.82687	18.723877
-38.486099	377.80457	18.733643
-38.484417	382.62701	18.743408
-38.483589	383.6456	18.753174
-38.483345	386.85916	18.762939
-38.481678	385.10327	18.772705
-38.480816	383.02475	18.782471
-38.481464	381.79114	18.792236
-38.479431	380.92038	18.802002
-38.479141	381.7724	18.811768
-38.477821	387.75793	18.821533
-38.477783	386.06964	18.831299
-38.477634	383.08975	18.841064
-38.476063	379.86432	18.85083
-38.474789	379.26431	18.860596
-38.475113	382.83234	18.870361
-38.473221	381.30634	18.880127
-38.473381	385.28107	18.889893
-38.471996	387.51031	18.899658
-38.471569	382.7384	18.909424
-38.46978	381.16702	18.919189
-38.469467	378.5553	18.928955
-38.468624	383.21155	18.938721
-38.467663	386.04587	18.948486
-38.467461	383.76218	18.958252
-38.466843	384.1059	18.968018
-38.465572	382.56818	18.977783
-38.464382	381.49008	18.987549
-38.463081	381.75891	18.997314
-38.464176	381.27219	19.00708
-38.461899	385.05734	19.016846
-38.461277	386.21481	19.026611
-38.459927	382.94583	19.036377
-38.459293	377.72162	19.046143
-38.458336	377.90845	19.055908
-38.457829	383.96689	19.065674
-38.456158	385.5788	19.075439
-38.456379	387.23087	19.085205
-38.454807	383.89316	19.094971
-38.454994	380.2251	19.104736
-38.453735	379.51276	19.114502
-38.453518	379.85291	19.124268
-38.452114	383.3248	19.134033
-38.451309	387.92081	19.143799
-38.450188	386.49625	19.153564
-38.449615	379.01166	19.16333
-38.448902	378.0481	19.173096
-38.448372	378.67084	19.182861
-38.447857	384.54797	19.192627
-38.445873	386.50311	19.202393
-38.446224	383.52283	19.212158
-38.44582	382.9227	19.221924
-38.444294	379.17111	19.231689
-38.443123	378.41653	19.241455
-38.443066	384.13858	19.251221
-38.441978	385.20743	19.260986
-38.44051	387.99039	19.270752
-38.439514	381.59836	19.280518
-38.440556	376.30026	19.290283
-38.438309	379.05029	19.300049
-38.436966	381.0874	19.309814
-38.437611	384.21469	19.31958
-38.436325	383.64468	19.329346
-38.43578	383.11179	19.339111
-38.434212	382.38641	19.348877
-38.4342	377.64218	19.358643
-38.431347	380.49896	19.368408
-38.433624	382.44534	19.378174
-38.431839	384.30905	19.387939
-38.429741	386.07977	19.397705
-38.429935	378.52979	19.407471
-38.429588	376.8913	19.417236
-38.428429	379.76947	19.427002
-38.426235	381.43195	19.436768
-38.426182	381.67529	19.446533
-38.426231	382.27573	19.456299
-38.424709	381.30664	19.466064
-38.42421	380.1235	19.47583
-38.422436	378.09149	19.485596
-38.421886	377.76242	19.495361
-38.421215	381.77325	19.505127
-38.42094	383.34592	19.514893
-38.419998	382.57385	19.524658
-38.419361	380.93558	19.534424
-38.417469	378.54565	19.544189
-38.418255	379.63931	19.553955
-38.416683	378.55157	19.563721
-38.416748	380.38223	19.573486
-38.414993	382.85895	19.583252
-38.414516	382.91046	19.593018
-38.413559	379.30109	19.602783
-38.412563	375.12927	19.612549
-38.411491	376.27759	19.622314
-38.410748	382.41769	19.63208
-38.410748	382.41519	19.641846
-38.409607	383.65842	19.651611
-38.408398	379.00726	19.661377
-38.407898	377.94257	19.671143
-38.406216	377.16559	19.680908
-38.406586	376.37439	19.690674
-38.40527	381.78952	19.700439
-38.404507	385.56473	19.710205
-38.403214	380.79852	19.719971
-38.402325	376.63229	19.729736
-38.401737	374.73615	19.739502
-38.4006	377.39468	19.749268
-38.400959	381.80023	19.759033
-38.399677	383.42194	19.768799
-38.39938	381.25516	19.778564
-38.398773	377.53473	19.78833
-38.395863	375.80679	19.798096
-38.394886	375.90472	19.807861
-38.395149	379.04254	19.817627
-38.393597	385.35452	19.827393
-38.394009	384.6395	19.837158
-38.393559	378.37357	19.846924
-38.391979	374.02798	19.856689
-38.390984	373.92862	19.866455
-38.391178	381.1586	19.876221
-38.389759	382.77866	19.885986
-38.388599	380.78198	19.895752
-38.387806	381.28735	19.905518
-38.387482	376.19852	19.915283
-38.385506	375.16	19.925049
-38.385067	378.52753	19.934814
-38.384426	380.32764	19.94458
-38.384052	383.95181	19.954346
-38.383385	380.72815	19.964111
-38.382225	374.74655	19.973877
-38.381344	375.19339	19.983643
-38.380833	375.33279	19.993408
-38.379963	381.56152	20.003174
-38.380463	382.01843	20.012939


Data Header:			typeiv_0.3302_solid_090_monotonic_r0			Time:	31.162109	s	4/14/2019 3:36:42 AM
Data Acquisition:	Timed
Station Name:	ft40.cfg
Test File Name:	monotonic_0.2540_typeiv_solid_090_dimension.tst
Displacement	Force	Running Time
mm	N	s
-38.377872	380.6059	20.022705
-38.377735	379.81039	20.032471
-38.376846	375.46674	20.042236
-38.375786	376.57214	20.052002
-38.375504	377.39307	20.061768
-38.373943	379.03171	20.071533
-38.373623	383.78195	20.081299
-38.373257	378.03674	20.091064
-38.372234	375.72903	20.10083
-38.370777	376.79272	20.110596
-38.370438	376.47787	20.120361
-38.370464	379.58621	20.130127
-38.367252	378.31152	20.139893
-38.367947	379.82797	20.149658
-38.367832	382.06427	20.159424
-38.365543	374.54318	20.169189
-38.365002	374.25754	20.178955
-38.365307	379.07925	20.188721
-38.364273	380.43823	20.198486
-38.363132	382.30585	20.208252
-38.362247	379.73709	20.218018
-38.360752	376.09161	20.227783
-38.359367	377.69278	20.237549
-38.359684	375.19302	20.247314
-38.359745	377.29977	20.25708
-38.358887	381.35489	20.266846
-38.356316	382.93948	20.276611
-38.357075	378.67804	20.286377
-38.355686	373.95441	20.296143
-38.354073	372.88776	20.305908
-38.353275	378.99716	20.315674
-38.352821	381.04831	20.325439
-38.350929	382.37921	20.335205
-38.352211	376.49722	20.344971
-38.35083	376.10095	20.354736
-38.349686	375.34763	20.364502
-38.349068	373.85565	20.374268
-38.347748	381.04498	20.384033
-38.348892	384.12051	20.393799
-38.347065	380.84094	20.403564
-38.344864	375.25131	20.41333
-38.344795	371.1041	20.423096
-38.343922	375.56418	20.432861
-38.343601	380.11139	20.442627
-38.342171	381.61423	20.452393
-38.341793	379.00131	20.462158
-38.341015	375.81854	20.471924
-38.341621	373.96793	20.481689
-38.338997	371.61374	20.491455
-38.339855	374.92322	20.501221
-38.337601	380.58127	20.510986
-38.336285	381.85248	20.520752
-38.335251	377.30899	20.530518
-38.334877	372.62064	20.540283
-38.333939	372.69464	20.550049
-38.333755	376.17487	20.559814
-38.332661	379.79333	20.56958
-38.33213	378.00626	20.579346
-38.331753	377.92053	20.589111
-38.33046	375.70578	20.598877
-38.330502	373.33044	20.608643
-38.32782	374.73987	20.618408
-38.327423	375.21884	20.628174
-38.327469	380.80527	20.637939
-38.326576	380.18457	20.647705
-38.324654	374.25131	20.657471
-38.323906	373.3136	20.667236
-38.324169	373.78162	20.677002
-38.322811	375.81085	20.686768
-38.321651	378.00375	20.696533
-38.322041	377.87347	20.706299
-38.320206	377.69772	20.716064
-38.32077	374.96341	20.72583
-38.318691	373.98013	20.735596
-38.316986	375.27393	20.745361
-38.317123	374.19363	20.755127
-38.315876	381.43643	20.764893
-38.316181	376.72778	20.774658
-38.315269	376.63867	20.784424
-38.31403	374.31158	20.794189
-38.313408	373.01968	20.803955
-38.312717	374.00146	20.813721
-38.311295	375.21768	20.823486
-38.310009	377.68109	20.833252
-38.30965	378.41327	20.843018
-38.309284	373.96915	20.852783
-38.308327	369.6445	20.862549
-38.308079	373.34299	20.872314
-38.306229	377.18335	20.88208
-38.306122	379.88736	20.891846
-38.305267	376.94638	20.901611
-38.304398	374.05389	20.911377
-38.30368	373.17603	20.921143
-38.302303	371.44891	20.930908
-38.30135	374.52026	20.940674
-38.300827	377.33099	20.950439
-38.30003	378.92303	20.960205
-38.299862	377.86896	20.969971
-38.298306	370.03955	20.979736
-38.297054	369.27902	20.989502
-38.29694	373.7149	20.999268
-38.296093	379.38354	21.009033
-38.294861	379.54294	21.018799
-38.294331	375.30469	21.028564
-38.293465	373.67203	21.03833
-38.292404	372.95328	21.048096
-38.292103	370.02698	21.057861
-38.291759	376.86414	21.067627
-38.29039	378.18799	21.077393
-38.290119	378.98618	21.087158
-38.290005	373.49942	21.096924
-38.2873	367.86075	21.106689
-38.287365	370.59949	21.116455
-38.286728	375.67194	21.126221
-38.2854	377.48495	21.135986
-38.285118	378.55283	21.145752
-38.283939	373.86511	21.155518
-38.282391	371.50479	21.165283
-38.282955	371.19934	21.175049
-38.281502	372.33078	21.184814
-38.280598	375.79373	21.19458
-38.280064	377.39075	21.204346
-38.279995	375.27127	21.214111
-38.277405	371.37878	21.223877
-38.277187	368.35126	21.233643
-38.276443	371.96109	21.243408
-38.275978	375.83856	21.253174
-38.275349	374.93802	21.262939
-38.274353	376.7999	21.272705
-38.273483	373.68161	21.282471
-38.272133	372.14786	21.292236
-38.270809	371.80771	21.302002
-38.271206	372.58008	21.311768
-38.271057	377.5802	21.321533
-38.269596	377.47455	21.331299
-38.268417	373.7688	21.341064
-38.269497	372.67111	21.35083
-38.266262	369.03619	21.360596
-38.266609	372.3179	21.370361
-38.264149	375.7193	21.380127
-38.26437	373.53946	21.389893
-38.263302	374.85019	21.399658
-38.262192	374.50912	21.409424
-38.262772	371.39478	21.419189
-38.260479	367.37094	21.428955
-38.260593	369.94623	21.438721
-38.259064	376.9357	21.448486
-38.258926	375.83411	21.458252
-38.25798	375.60471	21.468018
-38.256767	371.04135	21.477783
-38.257515	370.69556	21.487549
-38.254868	371.09357	21.497314
-38.254669	371.94357	21.50708
-38.253487	376.35571	21.516846
-38.253128	379.24966	21.526611
-38.251968	373.40387	21.536377
-38.250927	369.65543	21.546143
-38.250397	368.92047	21.555908
-38.250679	372.37308	21.565674
-38.249039	377.64011	21.575439
-38.24884	375.89191	21.585205
-38.246468	372.31885	21.594971
-38.246414	371.64407	21.604736
-38.24575	369.26791	21.614502
-38.24445	370.90811	21.624268
-38.244411	375.33847	21.634033
-38.243271	376.99768	21.643799
-38.243279	376.52924	21.653564
-38.241482	370.2037	21.66333
-38.241867	366.88443	21.673096
-38.240108	367.0257	21.682861
-38.239796	374.23764	21.692627
-38.23703	377.07089	21.702393
-38.237152	372.38406	21.712158
-38.238014	371.21625	21.721924
-38.236473	369.73376	21.731689
-38.235374	366.74246	21.741455
-38.235252	371.61447	21.751221
-38.233688	373.02518	21.760986
-38.232491	377.09625	21.770752
-38.232162	373.27316	21.780518
-38.231747	367.28638	21.790283
-38.229671	366.94626	21.800049
-38.230381	370.599	21.809814
-38.228462	374.76892	21.81958
-38.227394	376.23291	21.829346
-38.227551	372.1839	21.839111
-38.226048	371.1012	21.848877
-38.225018	369.05414	21.858643
-38.224751	370.10703	21.868408
-38.224148	371.02289	21.878174
-38.222633	375.43924	21.887939
-38.222614	373.8566	21.897705
-38.221561	370.68954	21.907471
-38.220619	369.02554	21.917236
-38.21883	368.55728	21.927002
-38.218731	372.88156	21.936768
-38.217808	371.76273	21.946533
-38.217598	372.69611	21.956299
-38.216816	370.85898	21.966064
-38.215355	371.13287	21.97583
-38.215034	369.20349	21.985596
-38.214558	367.92749	21.995361
-38.212532	372.00845	22.005127
-38.211315	375.84915	22.014893
-38.211525	372.74112	22.024658
-38.209568	371.93701	22.034424
-38.208858	367.526	22.044189
-38.208611	369.69016	22.053955
-38.209614	370.24179	22.063721
-38.207375	371.43839	22.073486
-38.206711	373.80402	22.083252
-38.205063	373.48553	22.093018
-38.204838	371.29126	22.102783
-38.20388	366.03415	22.112549
-38.202209	367.69916	22.122314
-38.202625	371.72748	22.13208
-38.202263	374.22375	22.141846
-38.202019	373.02887	22.151611
-38.199863	367.74265	22.161377
-38.198994	367.09409	22.171143
-38.198223	368.29556	22.180908
-38.198029	368.75488	22.190674
-38.196346	372.29788	22.200439
-38.19577	375.28079	22.210205
-38.194099	370.16864	22.219971
-38.193607	367.14572	22.229736
-38.192989	364.03467	22.239502
-38.19352	367.66049	22.249268
-38.192009	374.46161	22.259033
-38.190567	373.92996	22.268799
-38.191334	370.24414	22.278564
-38.189205	367.55029	22.28833
-38.189217	367.10608	22.298096
-38.188442	367.7489	22.307861
-38.186558	371.45111	22.317627
-38.186577	372.94025	22.327393
-38.185284	374.17108	22.337158
-38.185459	368.53006	22.346924
-38.183434	365.36832	22.356689
-38.182171	364.4155	22.366455
-38.182819	370.40393	22.376221
-38.180984	373.85767	22.385986
-38.181389	369.6351	22.395752
-38.179604	368.65353	22.405518
-38.177582	366.22101	22.415283
-38.178574	365.72137	22.425049
-38.177082	368.24963	22.434814
-38.17664	370.30505	22.44458
-38.176632	374.43869	22.454346
-38.175255	372.58212	22.464111
-38.174656	364.0173	22.473877
-38.173935	365.55362	22.483643
-38.172821	365.2955	22.493408
-38.171715	368.93198	22.503174
-38.170078	371.37543	22.512939
-38.170067	368.89597	22.522705
-38.167915	370.12234	22.532471
-38.168926	368.10394	22.542236
-38.167747	366.80093	22.552002
-38.166817	367.04108	22.561768
-38.166378	370.10492	22.571533
-38.165253	373.00153	22.581299
-38.164967	369.65698	22.591064
-38.163555	367.14273	22.60083
-38.162666	365.15964	22.610596
-38.161453	367.8721	22.620361
-38.160908	368.85715	22.630127
-38.159805	370.49179	22.639893
-38.158573	370.49167	22.649658
-38.158699	369.67508	22.659424
-38.157661	367.17355	22.669189
-38.156967	364.21915	22.678955
-38.155682	366.41046	22.688721
-38.155514	370.13501	22.698486
-38.154152	372.43564	22.708252
-38.154423	369.26138	22.718018
-38.152863	364.79291	22.727783
-38.152161	364.94827	22.737549
-38.151596	366.90552	22.747314
-38.149891	367.25955	22.75708
-38.149704	371.87894	22.766846
-38.148502	369.90036	22.776611
-38.148998	368.1521	22.786377
-38.146992	363.70706	22.796143
-38.146198	362.27179	22.805908
-38.146366	367.87335	22.815674
-38.144592	371.08191	22.825439
-38.143272	372.46121	22.835205
-38.142986	367.64532	22.844971
-38.142696	364.73355	22.854736
-38.141907	363.47107	22.864502
-38.140659	364.24078	22.874268
-38.140621	369.18372	22.884033
-38.139095	371.86624	22.893799
-38.138416	370.1373	22.903564
-38.136856	365.46289	22.91333
-38.137329	361.21747	22.923096
-38.136093	362.65314	22.932861
-38.134979	370.21146	22.942627
-38.133644	371.26422	22.952393
-38.133564	368.01553	22.962158
-38.132198	365.74719	22.971924
-38.13192	363.0997	22.981689
-38.130764	364.70898	22.991455
-38.130074	366.94806	23.001221
-38.128361	369.93823	23.010986
-38.12822	370.81937	23.020752
-38.128056	367.526	23.030518
-38.126293	362.71127	23.040283
-38.12619	361.97308	23.050049
-38.125561	365.03094	23.059814
-38.124935	370.39017	23.06958
-38.123615	369.55664	23.079346
-38.122131	366.65182	23.089111
-38.122276	364.97577	23.098877
-38.120956	364.76364	23.108643
-38.120705	365.72467	23.118408
-38.120098	365.50916	23.128174
-38.118195	369.47772	23.137939
-38.11813	369.28802	23.147705
-38.11681	364.9313	23.157471
-38.115654	363.86423	23.167236
-38.115528	363.49115	23.177002
-38.114571	366.23029	23.186768
-38.114487	367.93491	23.196533
-38.112873	367.39252	23.206299
-38.113213	366.59579	23.216064
-38.110451	366.52414	23.22583
-38.110275	361.44531	23.235596
-38.108547	364.57257	23.245361
-38.108021	364.96603	23.255127
-38.107914	369.32144	23.264893
-38.106533	368.18597	23.274658
-38.106979	365.35138	23.284424
-38.106972	362.65298	23.294189
-38.104435	362.29858	23.303955
-38.104244	364.72794	23.313721
-38.102962	367.74731	23.323486
-38.102562	368.26291	23.333252
-38.102234	368.72986	23.343018
-38.100082	364.40152	23.352783
-38.099625	360.22415	23.362549
-38.098957	361.93863	23.372314
-38.098125	365.32242	23.38208
-38.098228	370.26801	23.391846
-38.097733	369.6055	23.401611
-38.096031	362.24725	23.411377
-38.094093	362.27283	23.421143
-38.094856	363.12155	23.430908
-38.092484	362.58487	23.440674
-38.092159	368.21573	23.450439
-38.091423	367.5473	23.460205
-38.090771	366.57538	23.469971
-38.089752	360.88113	23.479736
-38.089611	358.1319	23.489502
-38.088974	362.99481	23.499268
-38.08773	368.48599	23.509033
-38.087799	369.71942	23.518799
-38.085796	365.61755	23.528564
-38.085835	360.25406	23.53833
-38.084301	360.93243	23.548096
-38.08395	361.06174	23.557861
-38.083729	364.35114	23.567627
-38.082199	366.8222	23.577393
-38.080978	366.80499	23.587158
-38.080017	363.44989	23.596924
-38.079556	358.4379	23.606689
-38.078266	359.75064	23.616455
-38.078121	364.88406	23.626221
-38.076412	366.67252	23.635986
-38.076065	366.16821	23.645752
-38.076649	362.86426	23.655518
-38.074543	360.02689	23.665283
-38.073479	361.21841	23.675049
-38.073177	361.48825	23.684814
-38.072723	363.98328	23.69458
-38.072235	367.57449	23.704346
-38.071785	364.29001	23.714111
-38.070503	361.88898	23.723877
-38.069679	358.96014	23.733643
-38.068672	359.45355	23.743408
-38.066994	364.31537	23.753174
-38.066223	365.35004	23.762939
-38.065075	363.91135	23.772705
-38.064068	360.92432	23.782471
-38.063656	361.25977	23.792236
-38.06395	361.34174	23.802002
-38.063198	358.78842	23.811768
-38.061962	362.13632	23.821533
-38.061089	366.37439	23.831299
-38.061501	362.80945	23.841064
-38.058651	361.94144	23.85083
-38.059242	358.54419	23.860596
-38.057243	359.91544	23.870361
-38.057949	363.43204	23.880127
-38.055744	361.52893	23.889893
-38.055714	364.88794	23.899658
-38.054531	362.39404	23.909424
-38.053616	359.27151	23.919189
-38.052662	357.98163	23.928955
-38.051418	358.34384	23.938721
-38.049839	363.24353	23.948486
-38.050236	365.34915	23.958252
-38.049698	362.75079	23.968018
-38.049259	357.65161	23.977783
-38.047668	356.18396	23.987549
-38.048168	358.5069	23.997314
-38.046127	361.56921	24.00708
-38.045067	363.40097	24.016846
-38.044601	362.97681	24.026611
-38.043102	360.24435	24.036377
-38.042763	355.65549	24.046143
-38.041618	354.18851	24.055908
-38.042786	358.44641	24.065674
-38.04063	363.90494	24.075439
-38.039944	362.595	24.085205
-38.039215	358.01758	24.094971
-38.038052	355.15134	24.104736
-38.037666	354.18927	24.114502
-38.037151	357.68674	24.124268
-38.035595	359.34698	24.134033
-38.034328	359.90939	24.143799
-38.035431	359.45181	24.153564
-38.034721	355.56073	24.16333
-38.033276	350.54767	24.173096
-38.031029	353.25537	24.182861
-38.030262	357.84177	24.192627
-38.030231	360.46649	24.202393
-38.029556	357.43896	24.212158
-38.027554	352.28549	24.221924
-38.027229	351.02344	24.231689
-38.02689	352.36713	24.241455
-38.025742	354.28958	24.251221
-38.025639	355.79361	24.260986
-38.024433	356.49478	24.270752
-38.024044	354.54196	24.280518
-38.022503	348.72092	24.290283
-38.021084	348.46439	24.300049
-38.020924	349.17386	24.309814
-38.020508	354.75598	24.31958
-38.019707	355.05075	24.329346
-38.018467	351.12018	24.339111
-38.017353	347.41846	24.348877
-38.016911	348.56207	24.358643
-38.016678	347.59457	24.368408
-38.015556	348.51575	24.378174
-38.013206	351.3432	24.387939
-38.014084	351.65491	24.397705
-38.011803	349.81131	24.407471
-38.011894	346.42914	24.417236
-38.011364	343.7085	24.427002
-38.010983	348.39651	24.436768
-38.010204	349.07581	24.446533
-38.009056	349.13013	24.456299
-38.008675	347.34473	24.466064
-38.007168	345.77011	24.47583
-38.006165	344.45462	24.485596
-38.005741	343.51184	24.495361
-38.004467	343.74164	24.505127
-38.004379	347.42798	24.514893
-38.003292	347.65417	24.524658
-38.001942	345.82104	24.534424
-38.001759	339.57159	24.544189
-38.00021	341.13605	24.553955
-38.000027	343.28259	24.563721
-37.999531	343.11578	24.573486
-37.999363	346.42822	24.583252
-37.998039	344.883	24.593018
-37.997391	342.16544	24.602783
-37.995712	336.0311	24.612549
-37.996639	336.68018	24.622314
-37.993221	341.26743	24.63208
-37.992714	346.9863	24.641846
-37.992622	343.68823	24.651611
-37.991219	338.56662	24.661377
-37.991356	333.96365	24.671143
-37.988804	337.35593	24.680908
-37.98843	337.93332	24.690674
-37.988804	341.56137	24.700439
-37.987961	342.46945	24.710205
-37.987114	338.80743	24.719971
-37.986191	334.16827	24.729736
-37.985973	330.5376	24.739502
-37.984417	331.51126	24.749268
-37.983242	338.40048	24.759033
-37.981663	339.08563	24.768799
-37.982273	332.68457	24.778564
-37.980621	327.72482	24.78833
-37.980633	325.46716	24.798096
-37.978756	327.77728	24.807861
-37.977901	328.75989	24.817627
-37.976952	327.49161	24.827393
-37.976917	326.91187	24.837158
-37.976974	322.02475	24.846924
-37.975368	313.61478	24.856689
-37.97525	312.6362	24.866455
-37.972736	312.04822	24.876221
-37.97237	312.18179	24.885986
-37.971806	296.61371	24.895752
-37.968857	3.5492189	24.905518
-37.967693	-32.235435	24.915283
-37.967472	-33.462597	24.925049
-37.967083	-46.483784	24.934814
-37.96645	-36.261768	24.94458
-37.965012	-35.668095	24.954346
-37.965488	-35.223164	24.964111
-37.965118	-40.568649	24.973877
-37.964554	-41.203896	24.983643
-37.963345	-40.023376	24.993408
-37.962692	-37.993271	25.003174
-37.962036	-34.352974	25.012939
-37.960438	-38.760094	25.022705
-37.959755	-40.353466	25.032471
-37.959229	-38.654556	25.042236
-37.958019	-40.488003	25.052002
-37.957874	-41.157207	25.061768
-37.956573	-38.847233	25.071533
-37.956203	-36.793152	25.081299
-37.956532	-34.465675	25.091064
-37.954891	-39.441902	25.10083
-37.953255	-43.950535	25.110596
-37.953609	-41.594795	25.120361
-37.952396	-37.431694	25.130127
-37.951736	-37.179382	25.139893
-37.950199	-35.311382	25.149658
-37.950047	-38.442623	25.159424
-37.949913	-40.383026	25.169189
-37.948166	-43.795101	25.178955
-37.947796	-41.954052	25.188721
-37.946484	-38.289486	25.198486
-37.94532	-34.89706	25.208252
-37.945259	-37.546261	25.218018
-37.944756	-42.305016	25.227783
-37.943256	-41.518681	25.237549
-37.943363	-41.561321	25.247314
-37.941891	-39.54863	25.25708
-37.939674	-34.044899	25.266846
-37.940296	-38.144783	25.276611
-37.940189	-38.792839	25.286377
-37.938976	-42.093143	25.296143
-37.939041	-44.489288	25.305908
-37.937714	-40.026592	25.315674
-37.93623	-34.574928	25.325439
-37.934437	-34.88813	25.335205
-37.933479	-39.315163	25.344971
-37.934177	-43.755466	25.354736
-37.932659	-42.07386	25.364502
-37.933147	-40.587208	25.374268
-37.931698	-38.333309	25.384033
-37.930252	-35.446861	25.393799
-37.929955	-36.661522	25.403564
-37.9296	-41.007813	25.41333
-37.92828	-43.722977	25.423096
-37.927544	-43.397564	25.432861
-37.926453	-38.343159	25.442627
-37.926025	-34.995487	25.452393
-37.925053	-37.573967	25.462158
-37.923622	-42.644543	25.471924
-37.923565	-43.171494	25.481689
-37.922539	-41.947063	25.491455
-37.921673	-39.704002	25.501221
-37.921062	-38.139542	25.510986
-37.919991	-35.651287	25.520752
-37.918457	-37.693481	25.530518
-37.919033	-43.62735	25.540283
-37.917114	-42.454079	25.550049
-37.91721	-41.086338	25.559814
-37.916775	-36.50169	25.56958
-37.914913	-34.924835	25.579346
-37.91407	-40.771114	25.589111
-37.913399	-40.331894	25.598877
-37.912708	-40.606628	25.608643
-37.911827	-40.655056	25.618408
-37.910851	-39.463589	25.628174
-37.910667	-37.768135	25.637939
-37.907246	-35.463329	25.647705
-37.909283	-40.649879	25.657471
-37.908051	-41.562595	25.667236
-37.906864	-42.686569	25.677002
-37.90625	-40.086674	25.686768
-37.905701	-36.627712	25.696533
-37.905064	-38.201561	25.706299
-37.903622	-37.25975	25.716064
-37.902874	-40.725403	25.72583
-37.902454	-42.476513	25.735596
-37.901039	-42.360641	25.745361
-37.900738	-41.570217	25.755127
-37.899193	-37.483086	25.764893
-37.899014	-34.33606	25.774658
-37.897892	-38.917133	25.784424
-37.896858	-44.554081	25.794189
-37.897556	-43.918327	25.803955
-37.894985	-41.725842	25.813721
-37.89542	-38.715607	25.823486
-37.892952	-36.648003	25.833252
-37.89257	-39.555302	25.843018
-37.893242	-39.605156	25.852783
-37.890713	-44.188816	25.862549
-37.890411	-43.914474	25.872314
-37.889462	-39.108154	25.88208
-37.889885	-35.335194	25.891846
-37.888523	-34.76424	25.901611
-37.887363	-43.076595	25.911377
-37.886909	-43.972878	25.921143
-37.885822	-42.242985	25.930908
-37.884007	-40.08419	25.940674
-37.884293	-35.477444	25.950439
-37.883629	-37.698879	25.960205
-37.882053	-38.071114	25.969971
-37.881672	-40.812317	25.979736
-37.880974	-44.312	25.989502
-37.880943	-39.211834	25.999268
-37.879108	-35.119347	26.009033
-37.879032	-34.51828	26.018799
-37.877754	-38.638172	26.028564
-37.875656	-43.293602	26.03833
-37.876205	-41.97427	26.048096
-37.87553	-39.421848	26.057861
-37.87389	-38.769825	26.067627
-37.87368	-36.77528	26.077393
-37.872089	-35.977825	26.087158
-37.871449	-39.205692	26.096924
-37.870602	-43.534111	26.106689
-37.870449	-43.068756	26.116455
-37.869148	-39.915157	26.126221
-37.869934	-35.548553	26.135986
-37.866825	-36.268147	26.145752
-37.867512	-40.13319	26.155518
-37.866848	-42.632313	26.165283
-37.864735	-39.873638	26.175049
-37.864243	-38.379177	26.184814
-37.86367	-40.17765	26.19458
-37.862171	-36.914249	26.204346
-37.861767	-37.694393	26.214111
-37.861202	-39.179211	26.223877
-37.859772	-41.352093	26.233643
-37.859406	-42.796535	26.243408
-37.859257	-39.208076	26.253174
-37.858509	-37.100948	26.262939
-37.857872	-37.637081	26.272705
-37.856922	-37.334526	26.282471
-37.855759	-41.339447	26.292236
-37.855175	-40.838581	26.302002
-37.853947	-41.425453	26.311768
-37.853306	-40.011944	26.321533
-37.852974	-35.738335	26.331299
-37.851379	-35.983177	26.341064
-37.851521	-38.985081	26.35083
-37.849457	-43.89637	26.360596
-37.848404	-41.186733	26.370361
-37.848457	-37.30241	26.380127
-37.847145	-38.090752	26.389893
-37.846748	-37.12281	26.399658
-37.84584	-38.30027	26.409424
-37.844093	-42.015396	26.419189
-37.844135	-43.21339	26.428955
-37.844765	-42.023724	26.438721
-37.84325	-39.778065	26.448486
-37.841072	-33.864834	26.458252
-37.840778	-37.083675	26.468018
-37.84016	-41.973244	26.477783
-37.839642	-43.941826	26.487549
-37.837837	-42.760746	26.497314
-37.83757	-35.929985	26.50708
-37.836121	-36.103329	26.516846
-37.837185	-37.69767	26.526611
-37.834755	-37.53487	26.536377
-37.834812	-41.855019	26.546143
-37.834011	-44.597424	26.555908
-37.83136	-40.510933	26.565674
-37.832462	-34.74968	26.575439
-37.831001	-33.596821	26.585205
-37.829605	-38.762276	26.594971
-37.829571	-44.471901	26.604736
-37.828991	-42.184212	26.614502
-37.828712	-41.192558	26.624268
-37.826694	-35.507832	26.634033
-37.826992	-37.555851	26.643799
-37.825825	-36.922657	26.653564
-37.824776	-39.646603	26.66333
-37.823673	-44.960846	26.673096
-37.823601	-40.069485	26.682861
-37.821598	-37.272831	26.692627
-37.821697	-34.1436	26.702393
-37.821209	-35.986298	26.712158
-37.820202	-41.543976	26.721924
-37.819069	-42.452362	26.731689
-37.818439	-39.037838	26.741455
-37.81786	-38.926971	26.751221
-37.81662	-38.56789	26.760986
-37.817089	-38.436729	26.770752
-37.816509	-37.449238	26.780518
-37.814175	-40.821587	26.790283
-37.812679	-45.101727	26.800049
-37.813061	-42.536179	26.809814
-37.813118	-36.25721	26.81958
-37.811035	-35.642284	26.829346
-37.81004	-38.532654	26.839111
-37.809124	-40.969864	26.848877
-37.809246	-41.005791	26.858643
-37.807255	-40.58429	26.868408
-37.807434	-40.453545	26.878174
-37.806732	-37.303612	26.887939
-37.805733	-35.777191	26.897705
-37.804733	-37.585743	26.907471
-37.804283	-40.192738	26.917236
-37.802826	-44.52129	26.927002
-37.80225	-40.196655	26.936768
-37.802044	-37.766438	26.946533
-37.799713	-37.945358	26.956299
-37.799004	-36.502922	26.966064
-37.798729	-40.01836	26.97583
-37.798447	-40.402622	26.985596
-37.796696	-41.606716	26.995361
-37.796268	-42.356323	27.005127
-37.79493	-38.188023	27.014893
-37.794353	-35.585114	27.024658
-37.793556	-38.640068	27.034424
-37.793072	-42.86158	27.044189
-37.792202	-44.854759	27.053955
-37.791973	-40.019127	27.063721
-37.791172	-36.828564	27.073486
-37.790401	-36.283817	27.083252
-37.788853	-37.649075	27.093018
-37.788128	-41.79578	27.102783
-37.787319	-42.285439	27.112549
-37.787045	-42.496677	27.122314
-37.785381	-39.941319	27.13208
-37.785473	-33.18354	27.141846
-37.784836	-34.347626	27.151611
-37.783184	-41.071835	27.161377
-37.782589	-44.733212	27.171143
-37.781689	-42.805706	27.180908
-37.781185	-39.51622	27.190674
-37.779823	-35.230228	27.200439
-37.778881	-37.970074	27.210205
-37.778004	-40.08881	27.219971
-37.77858	-42.818638	27.229736
-37.777031	-43.326786	27.239502
-37.776718	-39.598587	27.249268
-37.776321	-36.362411	27.259033
-37.774654	-33.202744	27.268799
-37.773796	-37.68708	27.278564
-37.772625	-43.562653	27.28833
-37.771229	-44.477325	27.298096
-37.771046	-41.506531	27.307861
-37.769314	-38.3494	27.317627
-37.769699	-37.9874	27.327393
-37.769451	-37.039085	27.337158
-37.768677	-39.478813	27.346924
-37.767181	-43.987625	27.356689
-37.766884	-42.059036	27.366455
-37.765087	-40.351395	27.376221
-37.765144	-36.520378	27.385986
-37.764652	-34.961796	27.395752
-37.762238	-40.489693	27.405518
-37.761845	-41.310387	27.415283
-37.761742	-40.822796	27.425049
-37.761169	-39.826687	27.434814
-37.761414	-38.474594	27.44458
-37.758778	-38.672855	27.454346
-37.757835	-37.523048	27.464111
-37.756981	-37.532009	27.473877
-37.755684	-41.914635	27.483643
-37.75563	-43.0741	27.493408
-37.754734	-39.272629	27.503174
-37.753967	-37.245361	27.512939
-37.753731	-37.453575	27.522705
-37.752586	-39.20528	27.532471
-37.751751	-40.13673	27.542236
-37.75082	-41.413082	27.552002
-37.750427	-41.931099	27.561768
-37.749142	-39.874794	27.571533
-37.747887	-36.77301	27.581299
-37.746826	-37.620838	27.591064
-37.746807	-39.708012	27.60083
-37.745449	-46.135662	27.610596
-37.744995	-43.883102	27.620361
-37.743961	-39.447495	27.630127
-37.743336	-36.119797	27.639893
-37.742165	-37.092052	27.649658
-37.741478	-40.474392	27.659424
-37.740746	-41.224754	27.669189
-37.74094	-41.413479	27.678955
-37.740673	-43.069469	27.688721
-37.73888	-37.024338	27.698486
-37.737087	-35.439175	27.708252
-37.735966	-36.080853	27.718018
-37.73637	-41.494987	27.727783
-37.734798	-45.381393	27.737549
-37.734833	-41.81086	27.747314
-37.733604	-36.662277	27.75708
-37.733089	-35.487125	27.766846
-37.731804	-36.568439	27.776611
-37.730934	-41.878925	27.786377
-37.728664	-42.675602	27.796143
-37.728317	-42.670517	27.805908
-37.729431	-39.595078	27.815674
-37.727856	-36.261757	27.825439
-37.726643	-35.43409	27.835205
-37.726765	-39.846272	27.844971
-37.726841	-43.406174	27.854736
-37.724731	-45.815239	27.864502
-37.722942	-38.782753	27.874268
-37.723564	-35.901005	27.884033
-37.721424	-36.388752	27.893799
-37.721928	-38.21439	27.903564
-37.720779	-42.876122	27.91333
-37.720097	-43.98835	27.923096
-37.717773	-40.816055	27.932861
-37.718742	-37.766735	27.942627
-37.717327	-33.992855	27.952393
-37.716976	-36.826378	27.962158
-37.714767	-40.841305	27.971924
-37.714596	-44.072239	27.981689
-37.713474	-41.081169	27.991455
-37.712383	-37.40258	28.001221
-37.712948	-38.740486	28.010986
-37.711205	-39.486351	28.020752
-37.710384	-38.168095	28.030518
-37.709789	-40.426979	28.040283
-37.709003	-41.048534	28.050049
-37.708397	-42.86623	28.059814
-37.706802	-37.150639	28.06958
-37.70845	-34.324459	28.079346
-37.706264	-38.227795	28.089111
-37.704426	-39.531185	28.098877
-37.70438	-41.520203	28.108643
-37.703777	-41.794952	28.118408
-37.702347	-38.304317	28.128174
-37.702736	-39.153236	28.137939
-37.700306	-36.935219	28.147705
-37.699524	-37.240341	28.157471
-37.699532	-41.39439	28.167236
-37.698483	-42.58033	28.177002
-37.698288	-42.184116	28.186768
-37.697136	-38.193054	28.196533
-37.695698	-37.784718	28.206299
-37.694805	-37.380066	28.216064
-37.693748	-40.282742	28.22583
-37.69392	-42.077236	28.235596
-37.692463	-43.487556	28.245361
-37.692505	-40.361286	28.255127
-37.692062	-39.358322	28.264893
-37.691032	-35.771774	28.274658
-37.690319	-37.145161	28.284424
-37.688553	-45.48373	28.294189
-37.687988	-43.722572	28.303955
-37.687084	-40.452179	28.313721
-37.686279	-37.213982	28.323486
-37.686016	-35.620293	28.333252
-37.685375	-38.764847	28.343018
-37.685123	-42.329868	28.352783
-37.683723	-42.442936	28.362549
-37.682453	-44.269104	28.372314
-37.681122	-38.108948	28.38208
-37.680622	-36.397537	28.391846
-37.679901	-35.35656	28.401611
-37.679184	-41.406113	28.411377
-37.679527	-46.120209	28.421143
-37.677197	-43.64246	28.430908
-37.676147	-36.420307	28.440674
-37.675812	-35.792088	28.450439
-37.675434	-37.374722	28.460205
-37.674084	-39.241528	28.469971
-37.673229	-42.060863	28.479736
-37.672768	-43.563171	28.489502
-37.673241	-41.650265	28.499268
-37.671181	-36.887089	28.509033
-37.670116	-33.59211	28.518799
-37.668697	-37.143471	28.528564
-37.668194	-43.715965	28.53833
-37.666592	-44.497417	28.548096
-37.666599	-39.760334	28.557861
-37.666359	-37.9123	28.567627
-37.66515	-37.470634	28.577393
-37.664509	-37.524387	28.587158
-37.664413	-41.578175	28.596924
-37.66293	-41.442902	28.606689
-37.661144	-41.20953	28.616455
-37.661373	-42.572788	28.626221
-37.660408	-35.725231	28.635986
-37.659698	-38.275898	28.645752
-37.659218	-39.831627	28.655518
-37.657673	-41.860168	28.665283
-37.658569	-43.0909	28.675049
-37.656631	-40.442783	28.684814
-37.655529	-39.369633	28.69458
-37.655571	-38.9827	28.704346
-37.654411	-37.347515	28.714111
-37.652542	-41.100796	28.723877
-37.65213	-41.306202	28.733643
-37.650234	-45.68285	28.743408
-37.650818	-42.159023	28.753174
-37.649895	-37.196171	28.762939
-37.649128	-39.337719	28.772705
-37.649067	-38.724953	28.782471
-37.646843	-43.147003	28.792236
-37.647644	-44.468346	28.802002
-37.645901	-41.639919	28.811768
-37.645462	-40.714413	28.821533
-37.644012	-37.588921	28.831299
-37.642387	-35.647388	28.841064
-37.642811	-40.877888	28.85083
-37.641827	-45.238888	28.860596
-37.642006	-44.420105	28.870361
-37.639549	-39.824295	28.880127
-37.640095	-35.805817	28.889893
-37.637951	-37.860008	28.899658
-37.638279	-41.308014	28.909424
-37.636272	-42.395668	28.919189
-37.635315	-42.7542	28.928955
-37.634472	-42.734573	28.938721
-37.635464	-37.64399	28.948486
-37.633469	-35.90633	28.958252
-37.632526	-36.153042	28.968018
-37.632813	-42.691364	28.977783
-37.631992	-46.246677	28.987549
-37.630684	-42.822338	28.997314
-37.630165	-37.098431	29.00708
-37.628696	-34.763519	29.016846
-37.627579	-38.816204	29.026611
-37.626568	-40.861317	29.036377
-37.627071	-41.952858	29.046143
-37.625065	-45.045719	29.055908
-37.623852	-39.45874	29.065674
-37.624763	-37.831226	29.075439
-37.623589	-35.62236	29.085205
-37.621941	-37.610577	29.094971
-37.621506	-44.054653	29.104736
-37.620644	-44.330372	29.114502
-37.620758	-39.265762	29.124268
-37.619457	-37.109402	29.134033
-37.617851	-37.359467	29.143799
-37.616798	-39.829048	29.153564
-37.615559	-40.883781	29.16333
-37.615803	-42.474037	29.173096
-37.615597	-42.255569	29.182861
-37.613892	-38.021805	29.192627
-37.613888	-35.967144	29.202393
-37.611008	-36.162704	29.212158
-37.611618	-42.528286	29.221924
-37.610645	-44.035599	29.231689
-37.61013	-41.448753	29.241455
-37.608727	-39.719402	29.251221
-37.608032	-37.192081	29.260986
-37.607895	-37.687538	29.270752
-37.606922	-40.008812	29.280518
-37.604923	-39.497425	29.290283
-37.604366	-41.839058	29.300049
-37.604698	-42.817917	29.309814
-37.60302	-38.755173	29.31958
-37.602371	-37.81303	29.329346
-37.60091	-38.400845	29.339111
-37.601303	-40.327503	29.348877
-37.600754	-44.138771	29.358643
-37.598454	-40.984863	29.368408
-37.597874	-40.274643	29.378174
-37.596802	-40.334949	29.387939
-37.596165	-38.784878	29.397705
-37.595112	-40.260319	29.407471
-37.595913	-41.499981	29.417236
-37.594711	-44.376057	29.427002
-37.593174	-42.793983	29.436768
-37.59322	-37.803608	29.446533
-37.592567	-36.044151	29.456299
-37.59211	-38.762142	29.466064
-37.590542	-42.3685	29.47583
-37.589523	-44.802746	29.485596
-37.588894	-41.592289	29.495361
-37.588932	-41.895813	29.505127
-37.586742	-37.099323	29.514893
-37.586266	-36.89814	29.524658
-37.585693	-38.779594	29.534424
-37.584473	-44.194908	29.544189
-37.582542	-44.483921	29.553955
-37.582954	-42.727417	29.563721
-37.581291	-35.674919	29.573486
-37.581276	-36.548374	29.583252
-37.580212	-40.815338	29.593018
-37.580265	-42.129143	29.602783
-37.578442	-44.42804	29.612549
-37.577053	-43.471947	29.622314
-37.577358	-38.830578	29.63208
-37.57568	-36.537495	29.641846
-37.575596	-36.040142	29.651611
-37.57465	-42.111549	29.661377
-37.574013	-45.421299	29.671143
-37.573074	-44.345932	29.680908
-37.572083	-37.877743	29.690674
-37.571419	-36.2938	29.700439
-37.569931	-39.156635	29.710205
-37.57058	-41.775543	29.719971
-37.569836	-43.184498	29.729736
-37.569939	-44.740059	29.739502
-37.566208	-39.64444	29.749268
-37.567364	-40.273357	29.759033
-37.564968	-36.796623	29.768799
-37.564468	-37.708668	29.778564
-37.563396	-45.465347	29.78833
-37.564442	-44.756546	29.798096
-37.562878	-41.084972	29.807861
-37.561394	-38.58543	29.817627
-37.560966	-37.978493	29.827393
-37.559875	-42.623341	29.837158
-37.55901	-40.387997	29.846924
-37.559063	-43.355133	29.856689
-37.557491	-44.076691	29.866455
-37.55748	-42.025833	29.876221
-37.556339	-39.132805	29.885986
-37.556183	-35.490772	29.895752
-37.554325	-42.174507	29.905518
-37.555096	-42.451344	29.915283
-37.552475	-43.709854	29.925049
-37.551884	-41.518929	29.934814
-37.55109	-40.143372	29.94458
-37.550888	-38.195446	29.954346
-37.548901	-39.370312	29.964111
-37.549377	-39.822422	29.973877
-37.547733	-41.407772	29.983643
-37.547855	-45.591038	29.993408
-37.54715	-41.958008	30.003174
-37.545761	-38.15723	30.012939
-37.544155	-37.140545	30.022705
-37.544846	-40.14603	30.032471
-37.54356	-45.377552	30.042236
-37.542545	-42.292183	30.052002
-37.542137	-42.040264	30.061768
-37.540474	-40.340076	30.071533
-37.53981	-37.260578	30.081299
-37.538879	-38.838058	30.091064
-37.538792	-38.260769	30.10083
-37.53751	-44.85096	30.110596
-37.53661	-44.914364	30.120361
-37.536392	-40.236912	30.130127
-37.534737	-36.161541	30.139893
-37.533459	-36.876472	30.149658
-37.533199	-43.002808	30.159424
-37.53302	-45.172085	30.169189
-37.530525	-42.684872	30.178955
-37.53162	-42.343086	30.188721
-37.529671	-36.944344	30.198486
-37.529331	-35.271942	30.208252
-37.527882	-38.495922	30.218018
-37.527664	-41.254532	30.227783
-37.526714	-46.017376	30.237549
-37.52536	-44.251545	30.247314
-37.524506	-35.922562	30.25708
-37.523621	-36.361832	30.266846
-37.523346	-38.958229	30.276611
-37.522697	-42.116333	30.286377
-37.52177	-43.994221	30.296143
-37.52129	-41.561466	30.305908
-37.52087	-41.289444	30.315674
-37.519524	-38.756454	30.325439
-37.51852	-35.925541	30.335205
-37.517521	-39.094193	30.344971
-37.517658	-44.081799	30.354736
-37.515667	-44.718124	30.364502
-37.515266	-41.636917	30.374268
-37.515129	-37.734962	30.384033
-37.514271	-38.064217	30.393799
-37.513554	-42.582951	30.403564
-37.511757	-42.986298	30.41333
-37.511311	-43.496761	30.423096
-37.51149	-41.547653	30.432861
-37.509819	-41.647461	30.442627
-37.508835	-37.578354	30.452393
-37.507656	-37.979012	30.462158
-37.506821	-42.967342	30.471924
-37.506977	-43.066551	30.481689
-37.506149	-44.54771	30.491455
-37.505238	-40.032284	30.501221
-37.503433	-38.104763	30.510986
-37.503052	-41.654762	30.520752
-37.502293	-40.047726	30.530518
-37.501129	-42.141365	30.540283
-37.499947	-44.708076	30.550049
-37.500725	-43.34568	30.559814
-37.499691	-42.123978	30.56958
-37.499233	-36.066593	30.579346
-37.498169	-38.124542	30.589111
-37.496304	-41.689651	30.598877
-37.496784	-42.064415	30.608643
-37.495457	-44.364384	30.618408
-37.494701	-40.509701	30.628174
-37.494759	-39.674702	30.637939
-37.492664	-39.321243	30.647705
-37.491726	-39.76897	30.657471
-37.491077	-42.581116	30.667236
-37.490063	-46.200432	30.677002
-37.488724	-44.039646	30.686768
-37.488598	-39.37711	30.696533
-37.488289	-36.745987	30.706299
-37.486755	-38.344765	30.716064
-37.485321	-45.273685	30.72583
-37.485806	-44.835247	30.735596
-37.484451	-42.64975	30.745361
-37.482975	-42.818039	30.755127
-37.482841	-36.748848	30.764893
-37.482101	-37.186798	30.774658
-37.480965	-40.047329	30.784424
-37.480885	-42.92569	30.794189
-37.47953	-47.770508	30.803955
-37.479488	-42.140575	30.813721
-37.477901	-37.046162	30.823486
-37.476677	-34.449001	30.833252
-37.475712	-40.453545	30.843018
-37.475861	-43.909512	30.852783
-37.474594	-43.473873	30.862549
-37.473999	-43.784374	30.872314
-37.474094	-39.016735	30.88208
-37.472355	-36.449329	30.891846
-37.472645	-38.717098	30.901611
-37.470779	-41.260136	30.911377
-37.470661	-45.605724	30.921143
-37.468838	-44.227489	30.930908
-37.469189	-39.626053	30.940674
-37.466831	-37.730156	30.950439
-37.467331	-39.107883	30.960205
-37.465557	-42.132046	30.969971
-37.465775	-45.34235	30.979736
-37.463577	-41.960979	30.989502
-37.463776	-42.898846	30.999268
-37.462566	-39.542652	31.009033
-37.462109	-37.147709	31.018799
-37.459728	-39.877728	31.028564
-37.46011	-42.010941	31.03833
-37.458218	-44.446705	31.048096
-37.458393	-41.876789	31.057861
-37.457214	-38.254173	31.067627
-37.456917	-38.408321	31.077393
-37.457478	-41.322948	31.087158
-37.454895	-40.671402	31.096924
-37.454609	-42.306515	31.106689
-37.453342	-40.506096	31.116455
-37.453487	-41.832817	31.126221
-37.45216	-40.079777	31.135986
-37.451653	-36.737362	31.145752
-37.449829	-40.068615	31.155518

