MTS793|BTW|ENU|1|2|.|/|:|1|0|0|A

Data Header:			arielle_monotonic_typei_general			Time:	20.02002	s	4/15/2019 7:20:11 PM
Data Acquisition:	Timed
Station Name:	ft40.cfg
Test File Name:	arielle_monotonic_typei_general.tst
Displacement	Force	Running Time
mm	N	s
9.9793501	-95.247963	0.024902344
9.9792089	-96.737747	0.034667969
9.9789486	-98.82283	0.044433594
9.9784842	-98.320648	0.054199219
9.9788237	-96.255142	0.063964844
9.9784937	-90.650719	0.073730469
9.9793844	-90.827591	0.083496094
9.9808121	-92.628006	0.093261719
9.9808817	-94.843773	0.10302734
9.9821129	-96.130806	0.11279297
9.9836731	-94.558388	0.12255859
9.9832563	-94.654701	0.13232422
9.9856472	-90.395134	0.14208984
9.9855127	-88.700363	0.15185547
9.9872265	-88.401711	0.16162109
9.9879446	-93.666214	0.17138672
9.9879217	-94.883408	0.18115234
9.9889097	-91.806969	0.19091797
9.9897833	-87.519371	0.20068359
9.990366	-87.122124	0.21044922
9.9915466	-86.934174	0.22021484
9.9932194	-89.726036	0.22998047
9.9923286	-90.929871	0.23974609
9.994031	-91.388039	0.24951172
9.9954329	-90.100494	0.25927734
9.995224	-83.769432	0.26904297
9.9972439	-83.239471	0.27880859
9.9974346	-84.37114	0.28857422
9.9986725	-87.740364	0.29833984
9.9990873	-88.909668	0.30810547
9.9993954	-83.224419	0.31787109
10.000704	-82.443306	0.32763672
10.001413	-78.677628	0.33740234
10.002741	-81.052139	0.34716797
10.003546	-84.262749	0.35693359
10.002639	-85.71167	0.36669922
10.005272	-87.269463	0.37646484
10.004616	-80.696022	0.38623047
10.006868	-74.977509	0.39599609
10.006383	-77.346573	0.40576172
10.007078	-80.027306	0.41552734
10.008665	-85.651291	0.42529297
10.00866	-81.17112	0.43505859
10.008972	-78.766617	0.44482422
10.011559	-73.821129	0.45458984
10.012303	-74.815857	0.46435547
10.012329	-76.662376	0.47412109
10.012846	-79.580353	0.48388672
10.014253	-81.569466	0.49365234
10.015262	-78.203911	0.50341797
10.015419	-72.845802	0.51318359
10.016393	-69.317337	0.52294922
10.017624	-72.065109	0.53271484
10.018384	-77.178642	0.54248047
10.019175	-77.883118	0.55224609
10.019695	-73.686157	0.56201172
10.02092	-69.071892	0.57177734
10.021229	-69.259644	0.58154297
10.022777	-67.838554	0.59130859
10.022663	-69.317154	0.60107422
10.025482	-75.952393	0.61083984
10.025387	-71.992149	0.62060547
10.025529	-70.342178	0.63037109
10.026373	-65.95237	0.64013672
10.027349	-63.855179	0.64990234
10.027416	-70.092361	0.65966797
10.028152	-70.018402	0.66943359
10.029715	-69.58989	0.67919922
10.030742	-67.760147	0.68896484
10.031585	-65.764023	0.69873047
10.03167	-62.865295	0.70849609
10.032817	-60.820621	0.71826172
10.034167	-67.106857	0.72802734
10.034864	-68.005905	0.73779297
10.034863	-66.549408	0.74755859
10.035785	-62.916859	0.75732422
10.037962	-58.979427	0.76708984
10.037004	-63.07999	0.77685547
10.038474	-61.139767	0.78662109
10.039741	-61.477161	0.79638672
10.040795	-63.80695	0.80615234
10.039974	-63.252808	0.81591797
10.041053	-59.341263	0.82568359
10.043069	-55.164066	0.83544922
10.043797	-56.450485	0.84521484
10.044252	-57.46648	0.85498047
10.0455	-63.721329	0.86474609
10.045514	-61.198685	0.87451172
10.048584	-56.99712	0.88427734
10.04763	-56.059196	0.89404297
10.048422	-54.724697	0.90380859
10.049081	-54.288479	0.91357422
10.050033	-56.705399	0.92333984
10.050375	-58.82542	0.93310547
10.052033	-58.493855	0.94287109
10.052987	-51.324978	0.95263672
10.053287	-48.935257	0.96240234
10.054794	-49.421146	0.97216797
10.055158	-55.947712	0.98193359
10.055837	-57.504002	0.99169922
10.056739	-53.840931	1.0014648
10.057852	-51.998028	1.0112305
10.058294	-46.240192	1.0209961
10.059175	-45.50465	1.0307617
10.060228	-48.399578	1.0405273
10.06068	-52.550781	1.050293
10.061663	-54.548893	1.0600586
10.062638	-50.899521	1.0698242
10.064034	-43.308311	1.0795898
10.064076	-43.421043	1.0893555
10.064666	-46.613358	1.0991211
10.064672	-51.419796	1.1088867
10.066339	-49.391586	1.1186523
10.067049	-47.028824	1.128418
10.067914	-42.114021	1.1381836
10.069589	-40.440559	1.1479492
10.068565	-41.791946	1.1577148
10.070378	-43.885662	1.1674805
10.069592	-49.447948	1.1772461
10.072328	-48.05732	1.1870117
10.072601	-40.368557	1.1967773
10.074757	-37.523205	1.206543
10.074531	-39.577305	1.2163086
10.075392	-43.551491	1.2260742
10.075576	-44.371159	1.2358398
10.076372	-44.046356	1.2456055
10.077862	-40.114796	1.2553711
10.078551	-39.19511	1.2651367
10.079319	-34.722916	1.2749023
10.08053	-37.575603	1.284668
10.081848	-41.325878	1.2944336
10.081615	-40.742462	1.3041992
10.082814	-38.753868	1.3139648
10.084051	-33.242462	1.3237305
10.083453	-33.950001	1.3334961
10.08466	-34.741562	1.3432617
10.085649	-37.105122	1.3530273
10.087506	-38.345352	1.362793
10.087241	-36.813267	1.3725586
10.088912	-36.44384	1.3823242
10.089384	-32.158009	1.3920898
10.089395	-28.787228	1.4018555
10.09025	-32.949623	1.4116211
10.091099	-35.253323	1.4213867
10.09201	-35.776974	1.4311523
10.093172	-33.303379	1.440918
10.093923	-27.285851	1.4506836
10.094303	-29.242203	1.4604492
10.096181	-27.501146	1.4702148
10.096255	-28.951288	1.4799805
10.097762	-31.90143	1.4897461
10.098116	-32.36871	1.4995117
10.098682	-29.989914	1.5092773
10.099139	-24.303686	1.519043
10.100318	-21.037724	1.5288086
10.10089	-25.997969	1.5385742
10.102278	-29.820879	1.5483398
10.102901	-29.785923	1.5581055
10.103868	-26.048428	1.5678711
10.103773	-23.242203	1.5776367
10.105677	-20.146622	1.5874023
10.106068	-21.940992	1.597168
10.106833	-22.741493	1.6069336
10.108572	-27.38719	1.6166992
10.108266	-26.503723	1.6264648
10.10963	-21.052782	1.6362305
10.109736	-15.846387	1.6459961
10.110848	-16.384071	1.6557617
10.11237	-23.905186	1.6655273
10.11259	-23.494289	1.675293
10.114182	-21.618845	1.6850586
10.115307	-20.580656	1.6948242
10.11537	-14.882466	1.7045898
10.115828	-14.383454	1.7143555
10.116584	-14.781456	1.7241211
10.117751	-19.904345	1.7338867
10.118517	-23.804787	1.7436523
10.119116	-17.401846	1.753418
10.120179	-12.384857	1.7631836
10.121652	-10.199369	1.7729492
10.12226	-13.772101	1.7827148
10.12256	-16.872789	1.7924805
10.124093	-16.442453	1.8022461
10.124123	-17.383245	1.8120117
10.124516	-11.180969	1.8217773
10.125534	-8.7673216	1.831543
10.125995	-8.5709467	1.8413086
10.127278	-8.8041506	1.8510742
10.128282	-16.566973	1.8608398
10.127407	-14.729568	1.8706055
10.129571	-9.0751686	1.8803711
10.1295	-5.9741387	1.8901367
10.131519	-5.6326118	1.8999023
10.131921	-9.5916319	1.909668
10.132568	-9.8116112	1.9194336
10.133888	-10.570352	1.9291992
10.136056	-9.1332178	1.9389648
10.135313	-6.1039824	1.9487305
10.135914	-3.4047973	1.9584961
10.136941	-3.5267594	1.9682617
10.138452	-6.9432573	1.9780273
10.139244	-9.5765419	1.987793
10.139311	-7.0671148	1.9975586
10.140278	-4.5004978	2.0073242
10.142183	-1.6823024	2.0170898
10.141547	-2.5170622	2.0268555
10.1434	-3.2948079	2.0366211
10.143622	-2.5103097	2.0463867
10.143688	-4.5274873	2.0561523
10.1463	-6.0933666	2.065918
10.146158	0.1843079	2.0756836
10.147529	5.4766235	2.0854492
10.147003	1.7875855	2.0952148
10.14931	1.2843683	2.1049805
10.14991	-3.1533647	2.1147461
10.150826	0.37213925	2.1245117
10.150876	2.2753193	2.1342773
10.152338	2.5053756	2.144043
10.152622	6.1180735	2.1538086
10.152933	4.1646628	2.1635742
10.153864	3.1297677	2.1733398
10.154607	-0.57777822	2.1831055
10.156299	0.89037395	2.1928711
10.156374	9.2408628	2.2026367
10.157283	9.9247866	2.2124023
10.15844	8.6976986	2.222168
10.159118	5.7657862	2.2319336
10.160261	2.8504753	2.2416992
10.160243	6.7697558	2.2514648
10.161273	6.4044089	2.2612305
10.162591	11.803213	2.2709961
10.163126	15.405736	2.2807617
10.164859	10.148462	2.2905273
10.165032	5.9075089	2.300293
10.166033	6.1805043	2.3100586
10.166615	9.6459389	2.3198242
10.167095	17.505928	2.3295898
10.168275	17.091791	2.3393555
10.169162	14.149241	2.3491211
10.168863	11.652739	2.3588867
10.170085	11.007188	2.3686523
10.171332	9.9258728	2.378418
10.172318	17.129665	2.3881836
10.172343	20.129913	2.3979492
10.174265	20.91507	2.4077148
10.174005	14.563856	2.4174805
10.174924	10.423601	2.4272461
10.176088	12.755544	2.4370117
10.177984	19.963194	2.4467773
10.17734	22.392466	2.456543
10.178812	20.80423	2.4663086
10.179519	17.901548	2.4760742
10.180811	18.269226	2.4858398
10.180159	16.337461	2.4956055
10.180649	19.909479	2.5053711
10.182526	24.484121	2.5151367
10.183279	26.395004	2.5249023
10.184552	25.523726	2.534668
10.18473	18.120367	2.5444336
10.186659	18.154861	2.5541992
10.186126	22.710724	2.5639648
10.188187	26.637871	2.5737305
10.188127	28.017996	2.5834961
10.189004	25.510811	2.5932617
10.190494	25.399248	2.6030273
10.191203	24.294071	2.612793
10.192349	23.970545	2.6225586
10.192103	27.44702	2.6323242
10.192914	30.944635	2.6420898
10.194168	32.288906	2.6518555
10.194416	29.848616	2.6616211
10.195705	26.634592	2.6713867
10.196923	28.712812	2.6811523
10.196632	30.045012	2.690918
10.197783	31.729389	2.7006836
10.198495	34.442993	2.7104492
10.199787	33.457001	2.7202148
10.201125	33.027828	2.7299805
10.200854	29.314747	2.7397461
10.201782	29.668362	2.7495117
10.202303	34.919506	2.7592773
10.204008	38.522064	2.769043
10.205218	37.385281	2.7788086
10.205028	36.48436	2.7885742
10.205317	33.138672	2.7983398
10.206947	33.497936	2.8081055
10.20793	35.648197	2.8178711
10.208914	36.489029	2.8276367
10.209672	39.018673	2.8374023
10.210614	41.531101	2.847168
10.211767	37.579636	2.8569336
10.212034	33.268444	2.8666992
10.212174	34.904858	2.8764648
10.212855	42.317802	2.8862305
10.213846	43.053669	2.8959961
10.214397	44.144089	2.9057617
10.216052	40.079689	2.9155273
10.216314	38.216564	2.925293
10.217385	41.382393	2.9350586
10.217814	38.316277	2.9448242
10.218372	46.950157	2.9545898
10.219815	49.710052	2.9643555
10.220553	48.281883	2.9741211
10.222096	43.862488	2.9838867
10.222922	40.053604	2.9936523
10.222994	45.468185	3.003418
10.224611	51.774155	3.0131836
10.225153	51.112286	3.0229492
10.225038	50.818977	3.0327148
10.226374	46.196285	3.0424805
10.228305	46.15387	3.0522461
10.228254	43.21209	3.0620117
10.22973	48.262836	3.0717773
10.229261	54.767338	3.081543
10.23002	55.792652	3.0913086
10.231236	52.030098	3.1010742
10.232464	46.381325	3.1108398
10.233348	46.597591	3.1206055
10.233537	53.354435	3.1303711
10.235329	56.544849	3.1401367
10.236202	55.289753	3.1499023
10.235973	55.148224	3.159668
10.237683	53.647545	3.1694336
10.236502	49.916275	3.1791992
10.238394	52.897076	3.1889648
10.238398	57.525753	3.1987305
10.241508	61.818466	3.2084961
10.24146	60.202255	3.2182617
10.242229	53.326359	3.2280273
10.242039	54.439941	3.237793
10.243	56.63768	3.2475586
10.244752	60.966408	3.2573242
10.245396	63.897812	3.2670898
10.245893	61.899651	3.2768555
10.247396	62.205437	3.2866211
10.246837	58.731003	3.2963867
10.248439	58.428738	3.3061523
10.250081	59.785534	3.315918
10.25002	64.764633	3.3256836
10.251044	67.540131	3.3354492
10.251818	62.70483	3.3452148
10.251744	62.730267	3.3549805
10.252801	61.182957	3.3647461
10.253678	63.022755	3.3745117
10.255724	66.364395	3.3842773
10.254944	67.592354	3.394043
10.256063	69.133224	3.4038086
10.258098	68.046707	3.4135742
10.258001	64.445663	3.4233398
10.258817	63.602245	3.4331055
10.258986	66.597755	3.4428711
10.261017	70.277245	3.4526367
10.26138	73.240082	3.4624023
10.262612	70.169716	3.472168
10.263397	68.500282	3.4819336
10.263494	68.706497	3.4916992
10.26395	68.346497	3.5014648
10.265002	70.546524	3.5112305
10.265898	75.31263	3.5209961
10.266895	78.047615	3.5307617
10.267039	74.632149	3.5405273
10.268747	68.153854	3.550293
10.269478	70.076393	3.5600586
10.269475	75.364975	3.5698242
10.271639	79.174995	3.5795898
10.271958	81.61248	3.5893555
10.273165	77.147392	3.5991211
10.273016	75.591461	3.6088867
10.274341	73.361641	3.6186523
10.274467	73.693344	3.628418
10.275955	82.139732	3.6381836
10.276879	84.273277	3.6479492
10.277948	82.370285	3.6577148
10.278034	77.819832	3.6674805
10.279249	73.158295	3.6772461
10.279476	79.279015	3.6870117
10.280697	83.233673	3.6967773
10.282818	87.235733	3.706543
10.28273	87.400375	3.7163086
10.282973	82.806107	3.7260742
10.28392	82.14093	3.7358398
10.285554	78.837822	3.7456055
10.285168	85.079422	3.7553711
10.286906	91.009277	3.7651367
10.287822	91.106834	3.7749023
10.287829	87.814484	3.784668
10.288233	81.672371	3.7944336
10.289557	83.188835	3.8041992
10.291258	87.19857	3.8139648
10.29135	90.775894	3.8237305
10.292279	91.012222	3.8334961
10.292968	91.591301	3.8432617
10.293395	89.71006	3.8530273
10.295223	84.847221	3.862793
10.295565	88.312546	3.8725586
10.2955	89.971916	3.8823242
10.297254	96.03389	3.8920898
10.299091	95.032776	3.9018555
10.298478	91.850601	3.9116211
10.299779	88.747375	3.9213867
10.299864	90.114548	3.9311523
10.301261	93.173851	3.940918
10.302087	95.006729	3.9506836
10.303821	97.501869	3.9604492
10.303027	97.200134	3.9702148
10.30519	94.044563	3.9799805
10.305297	94.27874	3.9897461
10.3062	91.867844	3.9995117
10.307523	99.105675	4.0092773
10.307856	100.75349	4.019043
10.308856	97.550034	4.0288086
10.309208	99.731102	4.0385742
10.309982	98.177185	4.0483398
10.310363	97.191223	4.0581055
10.311477	99.151863	4.0678711
10.312962	99.271538	4.0776367
10.313627	104.75057	4.0874023
10.31425	105.03353	4.097168
10.315772	100.01168	4.1069336
10.315876	97.738747	4.1166992
10.316516	99.823929	4.1264648
10.317786	105.34916	4.1362305
10.317881	106.68633	4.1459961
10.318264	108.81853	4.1557617
10.31928	106.15902	4.1655273
10.320123	103.2402	4.175293
10.320415	103.14626	4.1850586
10.322145	103.59009	4.1948242
10.323549	109.01158	4.2045898
10.324233	113.67911	4.2143555
10.324537	109.09992	4.2241211
10.325899	105.45352	4.2338867
10.327149	102.02821	4.2436523
10.327308	107.92868	4.253418
10.327816	112.5818	4.2631836
10.329423	115.27198	4.2729492
10.328788	114.0157	4.2827148
10.330776	112.05599	4.2924805
10.331568	107.84776	4.3022461
10.331533	106.36867	4.3120117
10.332086	112.15999	4.3217773
10.333421	118.48969	4.331543
10.334212	119.97739	4.3413086
10.335897	114.31615	4.3510742
10.335874	110.81258	4.3608398
10.33763	111.0155	4.3706055
10.337581	115.74615	4.3803711
10.338351	120.3192	4.3901367
10.339758	120.69943	4.3999023
10.340418	119.99988	4.409668
10.341146	116.94412	4.4194336
10.34216	110.70247	4.4291992
10.342728	116.86308	4.4389648
10.343943	121.11704	4.4487305
10.344165	125.08819	4.4584961
10.344408	123.52241	4.4682617
10.346179	118.09912	4.4780273
10.346951	117.3578	4.487793
10.348201	119.14796	4.4975586
10.348339	122.09028	4.5073242
10.348719	126.67717	4.5170898
10.350434	127.05596	4.5268555
10.350714	125.51875	4.5366211
10.351314	122.15119	4.5463867
10.352874	120.84957	4.5561523
10.353776	124.13288	4.565918
10.354011	129.36806	4.5756836
10.354613	129.84393	4.5854492
10.35586	127.49778	4.5952148
10.357207	123.85231	4.6049805
10.357747	125.58466	4.6147461
10.358227	126.12665	4.6245117
10.358104	127.84489	4.6342773
10.359653	130.32297	4.644043
10.360365	132.9483	4.6538086
10.362205	131.58148	4.6635742
10.362093	127.96007	4.6733398
10.363649	125.10134	4.6831055
10.364292	133.05597	4.6928711
10.364292	133.42392	4.7026367
10.366426	136.05551	4.7124023
10.36637	134.39989	4.722168
10.367455	134.00481	4.7319336
10.36784	132.04152	4.7416992
10.368474	132.58228	4.7514648
10.370212	133.51801	4.7612305
10.370378	140.53313	4.7709961
10.371971	141.40329	4.7807617
10.371271	139.40401	4.7905273
10.372479	132.27155	4.800293
10.37376	133.04826	4.8100586
10.374412	139.81703	4.8198242
10.374935	139.77211	4.8295898
10.376543	144.41145	4.8393555
10.37738	140.95522	4.8491211
10.377788	138.02225	4.8588867
10.378404	136.66122	4.8686523
10.379657	136.91237	4.878418
10.380171	143.65015	4.8881836
10.381494	148.80698	4.8979492
10.381874	146.57097	4.9077148
10.383267	141.9859	4.9174805
10.383453	137.94693	4.9272461
10.382854	142.19244	4.9370117
10.38596	142.90236	4.9467773
10.386403	148.19702	4.956543
10.385939	149.11401	4.9663086
10.386962	148.06143	4.9760742
10.388014	142.52821	4.9858398
10.389729	140.96992	4.9956055
10.390126	144.44685	5.0053711
10.391438	152.05312	5.0151367
10.391194	153.53487	5.0249023
10.391788	150.36349	5.034668
10.393483	146.28378	5.0444336
10.394554	146.21387	5.0541992
10.394075	148.41852	5.0639648
10.39484	153.12381	5.0737305
10.396527	155.112	5.0834961
10.398287	156.2771	5.0932617
10.397545	152.00148	5.1030273
10.399241	146.80315	5.112793
10.399297	151.21349	5.1225586
10.400173	154.34833	5.1323242
10.401283	160.96754	5.1420898
10.401587	159.64511	5.1518555
10.402395	153.40004	5.1616211
10.403235	153.50835	5.1713867
10.404639	153.87146	5.1811523
10.40498	157.14725	5.190918
10.406511	159.43919	5.2006836
10.407884	162.14082	5.2104492
10.40717	162.08226	5.2202148
10.409117	157.28397	5.2299805
10.409821	157.12764	5.2397461
10.410027	156.87035	5.2495117
10.410237	162.24913	5.2592773
10.412341	164.91624	5.269043
10.413123	162.74962	5.2788086
10.41423	161.44397	5.2885742
10.414542	163.25893	5.2983398
10.415137	159.64336	5.3081055
10.416332	161.40903	5.3178711
10.416362	164.38184	5.3276367
10.416588	168.81337	5.3374023
10.418814	169.13699	5.347168
10.419359	163.9688	5.3569336
10.419824	161.35092	5.3666992
10.42154	165.47887	5.3764648
10.421088	169.06595	5.3862305
10.421923	170.61284	5.3959961
10.422601	172.31709	5.4057617
10.424102	169.74915	5.4155273
10.425519	167.14572	5.425293
10.425603	166.86095	5.4350586
10.426637	167.03142	5.4448242
10.427143	173.80081	5.4545898
10.428681	175.42769	5.4643555
10.429192	173.85289	5.4741211
10.429324	168.21712	5.4838867
10.430446	169.49785	5.4936523
10.431697	172.75189	5.503418
10.43191	173.43642	5.5131836
10.433705	179.22089	5.5229492
10.433492	177.25436	5.5327148
10.43528	175.76871	5.5424805
10.435288	171.40871	5.5522461
10.435643	169.65253	5.5620117
10.43766	176.70116	5.5717773
10.438338	183.0256	5.581543
10.439229	182.80962	5.5913086
10.439752	177.67024	5.6010742
10.440014	173.82776	5.6108398
10.441483	177.33772	5.6206055
10.442188	176.80472	5.6303711
10.443637	181.44508	5.6401367
10.443193	186.24855	5.6499023
10.444076	184.37231	5.659668
10.445046	180.58084	5.6694336
10.445912	174.20248	5.6791992
10.447206	178.74312	5.6889648
10.448185	186.65961	5.6987305
10.448728	187.84669	5.7084961
10.449422	185.99948	5.7182617
10.450489	181.84431	5.7280273
10.45109	182.99974	5.737793
10.451699	183.87521	5.7475586
10.453041	186.31262	5.7573242
10.453062	190.41545	5.7670898
10.453974	192.08762	5.7768555
10.455083	188.4595	5.7866211
10.455458	183.24126	5.7963867
10.457211	183.43234	5.8061523
10.457094	187.90958	5.815918
10.458117	193.09663	5.8256836
10.458686	192.61879	5.8354492
10.460102	189.75735	5.8452148
10.461334	188.91762	5.8549805
10.461198	187.83722	5.8647461
10.461797	189.59662	5.8745117
10.463218	192.39227	5.8842773
10.463204	196.42746	5.894043
10.465071	198.57712	5.9038086
10.464872	192.92747	5.9135742
10.465522	192.76317	5.9233398
10.467435	192.09215	5.9331055
10.468444	197.8205	5.9428711
10.468739	198.41415	5.9526367
10.470272	198.84879	5.9624023
10.470916	198.50076	5.972168
10.471316	198.1799	5.9819336
10.472965	193.60735	5.9916992
10.472641	195.12558	6.0014648
10.473772	197.94998	6.0112305
10.475442	205.21016	6.0209961
10.474082	202.6259	6.0307617
10.475522	200.65834	6.0405273
10.477495	197.50008	6.050293
10.478234	199.45686	6.0600586
10.478961	202.08159	6.0698242
10.479581	203.25777	6.0795898
10.479219	205.70415	6.0893555
10.481215	208.81209	6.0991211
10.482103	203.76364	6.1088867
10.48278	198.13672	6.1186523
10.483553	201.89024	6.128418
10.484741	208.18582	6.1381836
10.484563	210.45041	6.1479492
10.4859	210.77023	6.1577148
10.486986	203.17111	6.1674805
10.487123	203.71255	6.1772461
10.488207	204.1929	6.1870117
10.489204	207.34796	6.1967773
10.489423	212.46414	6.206543
10.491029	212.82912	6.2163086
10.490946	213.63445	6.2260742
10.492271	207.56326	6.2358398
10.492826	204.29347	6.2456055
10.494211	211.21434	6.2553711
10.494641	215.67632	6.2651367
10.495604	218.88647	6.2749023
10.496867	214.12512	6.284668
10.497103	209.69278	6.2944336
10.497951	210.89873	6.3041992
10.498747	210.39026	6.3139648
10.500396	216.7952	6.3237305
10.500602	220.627	6.3334961
10.501183	219.43848	6.3432617
10.501762	217.50729	6.3530273
10.502669	210.9016	6.362793
10.503906	213.95955	6.3725586
10.505162	218.71434	6.3823242
10.505524	223.68425	6.3920898
10.505342	222.14349	6.4018555
10.507076	219.62448	6.4116211
10.508054	218.118	6.4213867
10.509526	215.87637	6.4311523
10.510052	220.0871	6.440918
10.51048	223.66483	6.4506836
10.5114	227.1732	6.4604492
10.512254	227.21339	6.4702148
10.512236	219.63632	6.4799805
10.513261	219.11339	6.4897461
10.513693	221.23848	6.4995117
10.515697	226.57492	6.5092773
10.516861	227.74628	6.519043
10.516801	226.88361	6.5288086
10.517365	225.19887	6.5385742
10.518291	224.25261	6.5483398
10.520511	223.46172	6.5581055
10.520726	225.7756	6.5678711
10.52101	230.12747	6.5776367
10.521519	233.45911	6.5874023
10.523055	228.80682	6.597168
10.523582	228.03094	6.6069336
10.524747	225.0255	6.6166992
10.524938	228.97169	6.6264648
10.526352	231.97449	6.6362305
10.52601	232.77905	6.6459961
10.527246	232.95309	6.6557617
10.52847	233.82446	6.6655273
10.528366	230.33466	6.675293
10.53102	227.95468	6.6850586
10.531131	231.38562	6.6948242
10.532049	238.57175	6.7045898
10.533199	237.37903	6.7143555
10.532418	238.25085	6.7241211
10.533945	232.69041	6.7338867
10.534565	232.49413	6.7436523
10.536102	235.83667	6.753418
10.536743	235.61182	6.7631836
10.536597	240.97261	6.7729492
10.539007	244.42973	6.7827148
10.538301	238.18019	6.7924805
10.539612	234.74127	6.8022461
10.540963	232.95393	6.8120117
10.541718	240.23441	6.8217773
10.542203	243.7924	6.831543
10.542254	245.66954	6.8413086
10.542877	242.08589	6.8510742
10.544056	239.69527	6.8608398
10.545182	237.80109	6.8706055
10.545767	240.44197	6.8803711
10.547023	244.67653	6.8901367
10.547769	250.64719	6.8999023
10.549147	248.40639	6.909668
10.548671	242.15097	6.9194336
10.550426	238.57568	6.9291992
10.550527	243.59801	6.9389648
10.551524	249.93492	6.9487305
10.552065	252.68442	6.9584961
10.553624	248.9192	6.9682617
10.553511	247.43886	6.9780273
10.554496	245.36116	6.987793
10.555984	242.56685	6.9975586
10.555862	250.20599	7.0073242
10.557378	253.84897	7.0170898
10.558336	256.48026	7.0268555
10.558888	252.80342	7.0366211
10.559012	245.51788	7.0463867
10.561397	247.69232	7.0561523
10.561065	251.80247	7.065918
10.561774	257.75082	7.0756836
10.562876	256.60257	7.0854492
10.563789	254.37474	7.0952148
10.56551	254.70511	7.1049805
10.565749	250.89392	7.1147461
10.566104	251.82068	7.1245117
10.567236	256.45892	7.1342773
10.568152	261.09305	7.144043
10.568252	262.75021	7.1538086
10.568482	254.87805	7.1635742
10.571054	253.21758	7.1733398
10.5712	257.32608	7.1831055
10.570943	257.64996	7.1928711
10.573156	261.48773	7.2026367
10.573775	261.55286	7.2124023
10.574049	262.63171	7.222168
10.575314	259.99313	7.2319336
10.576389	258.05963	7.2416992
10.577422	256.28925	7.2514648
10.578888	263.97641	7.2612305
10.579275	269.19119	7.2709961
10.579508	265.13696	7.2807617
10.580475	263.13657	7.2905273
10.581861	261.08371	7.300293
10.581997	262.35876	7.3100586
10.581957	263.66504	7.3198242
10.584921	266.98438	7.3295898
10.585579	270.06317	7.3393555
10.58563	269.69846	7.3491211
10.585885	265.64822	7.3588867
10.586798	261.88977	7.3686523
10.587193	265.27325	7.378418
10.589345	271.42563	7.3881836
10.588807	271.27386	7.3979492
10.590381	274.20398	7.4077148
10.590183	268.81113	7.4174805
10.591134	267.4003	7.4272461
10.592613	266.44641	7.4370117
10.592704	268.98166	7.4467773
10.59549	275.80856	7.456543
10.594998	278.87537	7.4663086
10.596022	274.31155	7.4760742
10.596784	269.57373	7.4858398
10.59734	267.177	7.4956055
10.598458	274.51202	7.5053711
10.599464	277.04364	7.5151367
10.599196	279.27695	7.5249023
10.599727	278.80386	7.534668
10.601461	274.86343	7.5444336
10.601469	273.77982	7.5541992
10.602994	272.55695	7.5639648
10.603557	278.40393	7.5737305
10.604794	284.30957	7.5834961
10.605289	282.95535	7.5932617
10.606166	278.56851	7.6030273
10.607663	273.8024	7.612793
10.607446	276.32797	7.6225586
10.608676	281.21939	7.6323242
10.608973	285.57928	7.6420898
10.610795	284.37686	7.6518555
10.61061	285.58228	7.6616211
10.613222	281.88016	7.6713867
10.611937	276.70004	7.6811523
10.614511	283.36664	7.690918
10.614456	287.81143	7.7006836
10.614922	290.04083	7.7104492
10.616339	288.51654	7.7202148
10.616924	281.11545	7.7299805
10.61681	281.06097	7.7397461
10.618184	283.04794	7.7495117
10.618647	289.78271	7.7592773
10.620559	290.24014	7.769043
10.621717	290.65219	7.7788086
10.622244	289.62033	7.7885742
10.622353	283.64392	7.7983398
10.623298	284.99197	7.8081055
10.624151	288.88031	7.8178711
10.624546	295.5665	7.8276367
10.627429	295.78622	7.8374023
10.625983	290.34158	7.847168
10.626844	289.84052	7.8569336
10.627399	289.84811	7.8666992
10.629828	292.27844	7.8764648
10.629551	294.57037	7.8862305
10.63163	296.45032	7.8959961
10.631169	298.09039	7.9057617
10.63146	295.50809	7.9155273
10.632784	292.66446	7.925293
10.634203	290.22379	7.9350586
10.635519	296.50729	7.9448242
10.635011	301.88483	7.9545898
10.636435	301.46646	7.9643555
10.638854	298.37155	7.9741211
10.637447	297.25281	7.9838867
10.639305	295.78036	7.9936523
10.639795	298.00339	8.003418
10.640059	299.64642	8.0131836
10.642621	304.73157	8.0229492
10.642016	305.22754	8.0327148
10.643479	301.46014	8.0424805
10.643873	295.80893	8.0522461
10.644711	298.31708	8.0620117
10.644268	303.81918	8.0717773
10.646286	306.33661	8.081543
10.647269	308.63379	8.0913086
10.647985	304.57037	8.1010742
10.648207	302.60382	8.1108398
10.649604	300.12302	8.1206055
10.650335	301.04028	8.1303711
10.650784	308.26208	8.1401367
10.650865	312.95728	8.1499023
10.653054	310.44138	8.159668
10.653337	305.33905	8.1694336
10.653691	300.94516	8.1791992
10.655272	307.13556	8.1889648
10.655622	309.03607	8.1987305
10.656878	313.75934	8.2084961
10.657988	311.84412	8.2182617
10.658486	309.95264	8.2280273
10.659027	308.16953	8.237793
10.660362	304.53616	8.2475586
10.660678	309.62799	8.2573242
10.661987	316.51364	8.2670898
10.662672	318.77209	8.2768555
10.663087	314.05289	8.2866211
10.664378	308.21161	8.2963867
10.665474	309.12076	8.3061523
10.665132	313.72311	8.315918
10.667757	317.11978	8.3256836
10.66797	319.9165	8.3354492
10.668653	317.86713	8.3452148
10.668721	316.91931	8.3549805
10.670721	310.77304	8.3647461
10.670977	313.75165	8.3745117
10.670736	319.7179	8.3842773
10.672351	323.86273	8.394043
10.672996	322.61594	8.4038086
10.674079	318.58258	8.4135742
10.674244	315.1868	8.4233398
10.675549	319.05563	8.4331055
10.675533	320.65729	8.4428711
10.677162	321.55023	8.4526367
10.677788	328.04092	8.4624023
10.678644	324.15424	8.472168
10.679119	320.24356	8.4819336
10.680788	319.48044	8.4916992
10.680698	321.33286	8.5014648
10.681518	327.28757	8.5112305
10.68355	329.0423	8.5209961
10.684082	324.72604	8.5307617
10.684281	325.38593	8.5405273
10.684774	324.59692	8.550293
10.686286	323.02188	8.5600586
10.686962	326.38779	8.5698242
10.687728	329.93231	8.5795898
10.68781	334.24506	8.5893555
10.689122	331.57632	8.5991211
10.690675	327.32401	8.6088867
10.691354	325.24197	8.6186523
10.691808	328.53394	8.628418
10.692077	333.97229	8.6381836
10.692707	332.25214	8.6479492
10.694385	333.5444	8.6577148
10.694447	332.83905	8.6674805
10.696378	327.9707	8.6772461
10.696058	328.72229	8.6870117
10.696719	331.14575	8.6967773
10.697	338.35724	8.706543
10.700541	340.09119	8.7163086
10.699622	336.76733	8.7260742
10.701114	332.99527	8.7358398
10.700956	330.4982	8.7456055
10.70269	336.43414	8.7553711
10.703717	338.14548	8.7651367
10.704682	341.91171	8.7749023
10.705588	340.63989	8.784668
10.70667	338.32523	8.7944336
10.706146	334.32895	8.8041992
10.70685	335.24371	8.8139648
10.706779	340.51898	8.8237305
10.708712	346.01718	8.8334961
10.709646	347.14276	8.8432617
10.710845	336.94952	8.8530273
10.711085	337.07745	8.862793
10.711429	338.91513	8.8725586
10.712228	342.25772	8.8823242
10.713603	348.82162	8.8920898
10.715025	348.09216	8.9018555
10.716472	346.76083	8.9116211
10.71626	342.35159	8.9213867
10.71623	337.4906	8.9311523
10.717493	343.86713	8.940918
10.718776	348.70316	8.9506836
10.719818	353.75803	8.9604492
10.720545	349.65179	8.9702148
10.722264	343.4325	8.9799805
10.721624	343.10809	8.9897461
10.7238	346.49976	8.9995117
10.723804	351.89554	9.0092773
10.724661	352.57968	9.019043
10.724988	352.95923	9.0288086
10.726608	351.939	9.0385742
10.72598	344.63974	9.0483398
10.728099	345.56213	9.0581055
10.728992	353.2515	9.0678711
10.729002	355.93997	9.0776367
10.729757	358.37668	9.0874023
10.730675	352.5173	9.097168
10.731589	351.47025	9.1069336
10.732044	350.54111	9.1166992
10.733538	353.97919	9.1264648
10.734078	355.08615	9.1362305
10.734657	359.71997	9.1459961
10.735681	359.50308	9.1557617
10.736277	355.88351	9.1655273
10.736595	353.34006	9.175293
10.738708	353.22192	9.1850586
10.739122	359.33142	9.1948242
10.74036	361.08615	9.2045898
10.741264	361.00781	9.2143555
10.741502	359.9866	9.2241211
10.741921	357.98801	9.2338867
10.743058	357.45898	9.2436523
10.743843	356.28113	9.253418
10.745296	362.80496	9.2631836
10.744191	367.78	9.2729492
10.746008	367.02066	9.2827148
10.746656	362.33151	9.2924805
10.748105	359.07172	9.3022461
10.749075	361.40314	9.3120117
10.749448	364.94537	9.3217773
10.750744	366.00912	9.331543
10.75192	368.59576	9.3413086
10.752468	366.6416	9.3510742
10.75346	363.90393	9.3608398
10.753748	361.20813	9.3706055
10.754408	364.0976	9.3803711
10.755607	370.91907	9.3901367
10.756123	373.25876	9.3999023
10.756711	371.45685	9.409668
10.757638	366.30841	9.4194336
10.758951	364.43533	9.4291992
10.758644	367.27667	9.4389648
10.760363	369.46359	9.4487305
10.761995	374.00629	9.4584961
10.761333	375.17801	9.4682617
10.762592	373.25238	9.4780273
10.763012	368.09161	9.487793
10.764796	365.00681	9.4975586
10.765233	372.26508	9.5073242
10.766318	378.58762	9.5170898
10.766743	378.58142	9.5268555
10.766896	375.07407	9.5366211
10.768293	370.47745	9.5463867
10.769397	370.86966	9.5561523
10.769199	373.64191	9.565918
10.770948	379.07132	9.5756836
10.771822	381.0928	9.5854492
10.772029	380.86966	9.5952148
10.77326	375.06647	9.6049805
10.772621	370.96423	9.6147461
10.774144	373.69815	9.6245117
10.775835	380.74112	9.6342773
10.776423	386.24234	9.644043
10.777685	383.03369	9.6538086
10.777285	378.68646	9.6635742
10.779494	378.02219	9.6733398
10.778672	377.01651	9.6831055
10.779712	381.44046	9.6928711
10.781951	384.88037	9.7026367
10.782469	387.44128	9.7124023
10.784056	386.9982	9.722168
10.782319	379.52182	9.7319336
10.784631	379.11823	9.7416992
10.784456	382.28421	9.7514648
10.785892	388.32397	9.7612305
10.787302	390.03101	9.7709961
10.786643	385.42947	9.7807617
10.78846	387.63507	9.7905273
10.789415	384.18445	9.800293
10.790219	384.67615	9.8100586
10.790894	387.21042	9.8198242
10.791656	390.72049	9.8295898
10.792951	394.04587	9.8393555
10.792651	390.37088	9.8491211
10.794646	385.80634	9.8588867
10.795011	386.26947	9.8686523
10.795552	389.11652	9.878418
10.796791	393.29764	9.8881836
10.796811	394.2832	9.8979492
10.798093	393.07806	9.9077148
10.798997	394.01645	9.9174805
10.801012	388.27939	9.9272461
10.800114	389.6124	9.9370117
10.802098	394.29211	9.9467773
10.802521	398.6824	9.956543
10.803837	398.33185	9.9663086
10.804274	395.07495	9.9760742
10.805555	391.72531	9.9858398
10.806163	392.94022	9.9956055
10.807635	395.15863	10.005371
10.808462	397.17346	10.015137
10.80806	401.0415	10.024902
10.808778	402.327	10.034668
10.810158	399.27957	10.044434
10.811205	393.25818	10.054199
10.810915	394.55771	10.063965
10.811859	403.2879	10.07373
10.81376	406.17847	10.083496
10.815527	405.1297	10.093262
10.814519	400.21194	10.103027
10.815584	396.97449	10.112793
10.816421	399.69769	10.122559
10.816438	400.77878	10.132324
10.817524	406.66006	10.14209
10.819259	408.62622	10.151855
10.820235	406.62564	10.161621
10.82077	401.30124	10.171387
10.820553	397.63898	10.181152
10.822474	403.65866	10.190918
10.821258	410.34067	10.200684
10.823195	412.52686	10.210449
10.824274	410.34769	10.220215
10.825808	405.74167	10.22998
10.827391	405.3768	10.239746
10.826967	404.68619	10.249512
10.827907	410.81271	10.259277
10.82876	415.10043	10.269043
10.829618	414.2052	10.278809
10.829601	411.35471	10.288574
10.831579	405.23898	10.29834
10.831919	405.59061	10.308105
10.832129	412.77127	10.317871
10.832755	415.22739	10.327637
10.834576	418.07529	10.337402
10.8364	413.76801	10.347168
10.836173	410.49561	10.356934
10.836666	409.27338	10.366699
10.837797	414.02435	10.376465
10.837398	414.41647	10.38623
10.838214	420.87436	10.395996
10.83937	420.38885	10.405762
10.841469	412.85547	10.415527
10.841466	412.48523	10.425293
10.84156	413.2695	10.435059
10.843933	419.50754	10.444824
10.844088	421.26654	10.45459
10.844645	419.83826	10.464355
10.845926	422.52734	10.474121
10.846581	417.04633	10.483887
10.846921	415.57715	10.493652
10.848116	417.53195	10.503418
10.848025	422.06735	10.513184
10.849055	426.93292	10.522949
10.849731	424.90094	10.532715
10.851034	421.8562	10.54248
10.851816	419.5351	10.552246
10.853005	421.26025	10.562012
10.854281	425.87286	10.571777
10.854088	425.39978	10.581543
10.856005	428.1842	10.591309
10.856395	428.87497	10.601074
10.857292	423.0636	10.61084
10.857131	420.95557	10.620605
10.858011	423.87836	10.630371
10.858958	430.7225	10.640137
10.860201	432.88651	10.649902
10.860969	429.19537	10.659668
10.860647	427.05493	10.669434
10.863697	423.67603	10.679199
10.863312	426.50742	10.688965
10.864472	429.52621	10.69873
10.865674	433.81897	10.708496
10.866538	435.31674	10.718262
10.867519	432.9209	10.728027
10.866979	426.51605	10.737793
10.869247	425.91318	10.747559
10.868187	432.38193	10.757324
10.870041	438.47385	10.76709
10.870619	439.35083	10.776855
10.871439	435.36285	10.786621
10.87237	431.88657	10.796387
10.873034	431.64273	10.806152
10.875003	430.23282	10.815918
10.875594	439.17706	10.825684
10.877046	441.87094	10.835449
10.876077	441.51471	10.845215
10.87821	437.10995	10.85498
10.877172	430.66501	10.864746
10.879713	434.02744	10.874512
10.879848	441.07333	10.884277
10.880631	443.37781	10.894043
10.882256	442.75989	10.903809
10.882092	438.63156	10.913574
10.883106	437.79099	10.92334
10.884096	434.69894	10.933105
10.884146	439.8053	10.942871
10.885281	445.90927	10.952637
10.885955	448.58798	10.962402
10.887341	446.63049	10.972168
10.887059	438.98502	10.981934
10.88884	437.19681	10.991699
10.889062	442.10858	11.001465
10.890379	448.27344	11.01123
10.89125	448.59833	11.020996
10.892114	447.15945	11.030762
10.892492	445.58945	11.040527
10.892903	442.24112	11.050293
10.894002	442.83292	11.060059
10.896394	446.04999	11.069824
10.895214	452.69971	11.07959
10.896852	453.68384	11.089355
10.89672	448.15573	11.099121
10.898382	446.58002	11.108887
10.900256	445.48679	11.118652
10.899873	451.43994	11.128418
10.900361	451.94131	11.138184
10.902161	453.23743	11.147949
10.902437	453.52911	11.157715
10.903341	450.41461	11.16748
10.904377	448.79749	11.177246
10.905376	449.18259	11.187012
10.907187	453.59229	11.196777
10.907206	458.37616	11.206543
10.907464	454.51578	11.216309
10.907385	456.45538	11.226074
10.907908	451.56494	11.23584
10.91091	452.66534	11.245605
10.910832	454.44632	11.255371
10.910984	456.43002	11.265137
10.912088	462.4624	11.274902
10.912431	460.37155	11.284668
10.914208	456.70786	11.294434
10.914704	453.31329	11.304199
10.916192	454.97247	11.313965
10.917244	461.71411	11.32373
10.917676	463.46674	11.333496
10.918467	462.259	11.343262
10.919044	459.88431	11.353027
10.919535	456.8981	11.362793
10.920409	456.17679	11.372559
10.920668	459.05374	11.382324
10.921575	464.54565	11.39209
10.923333	468.47681	11.401855
10.924275	464.49768	11.411621
10.924257	459.53473	11.421387
10.925147	457.91046	11.431152
10.926467	461.10822	11.440918
10.926932	469.03247	11.450684
10.928934	470.65546	11.460449
10.928869	465.81479	11.470215
10.929195	466.2229	11.47998
10.930513	462.17676	11.489746
10.931461	462.78613	11.499512
10.931551	467.11816	11.509277
10.932925	472.87219	11.519043
10.933785	473.92587	11.528809
10.932657	469.33337	11.538574
10.93554	462.60889	11.54834
10.93646	464.5491	11.558105
10.93671	468.39664	11.567871
10.938452	475.38568	11.577637
10.939544	475.52368	11.587402
10.938896	473.46753	11.597168
10.939952	470.3313	11.606934
10.940125	465.56528	11.616699
10.941371	469.00302	11.626465
10.942831	476.86646	11.63623
10.942707	479.71246	11.645996
10.943205	479.32043	11.655762
10.944913	471.34543	11.665527
10.945889	469.73206	11.675293
10.944954	473.37537	11.685059
10.947652	475.94144	11.694824
10.948483	479.68524	11.70459
10.947951	479.73822	11.714355
10.948973	478.86038	11.724121
10.950774	475.88916	11.733887
10.952057	473.82495	11.743652
10.951227	476.73758	11.753418
10.953275	482.76974	11.763184
10.953429	484.23141	11.772949
10.95422	481.81558	11.782715
10.955733	478.23398	11.79248
10.956699	478.32501	11.802246
10.958082	478.34344	11.812012
10.958514	481.94357	11.821777
10.958554	485.26999	11.831543
10.959016	486.86771	11.841309
10.96055	483.85254	11.851074
10.960871	480.00281	11.86084
10.96256	479.66684	11.870605
10.96263	482.32581	11.880371
10.964384	488.80539	11.890137
10.96327	488.07721	11.899902
10.966043	488.84296	11.909668
10.966037	483.77731	11.919434
10.966859	484.17078	11.929199
10.967478	484.15567	11.938965
10.968346	484.85248	11.94873
10.969234	492.21609	11.958496
10.971101	493.19189	11.968262
10.972226	489.62634	11.978027
10.970769	485.61685	11.987793
10.972022	483.92279	11.997559
10.973316	489.74026	12.007324
10.974092	493.98727	12.01709
10.974801	496.70593	12.026855
10.975532	494.21991	12.036621
10.976637	489.84262	12.046387
10.977211	489.41519	12.056152
10.978539	487.46237	12.065918
10.978851	494.88528	12.075684
10.980381	501.5058	12.085449
10.980699	498.05002	12.095215
10.981549	493.41907	12.10498
10.981534	488.75919	12.114746
10.983335	491.42914	12.124512
10.984124	498.41846	12.134277
10.984929	500.78928	12.144043
10.985436	501.39172	12.153809
10.986183	497.75092	12.163574
10.987384	494.20923	12.17334
10.988206	492.11145	12.183105
10.989825	498.39017	12.192871
10.99001	505.06479	12.202637
10.991173	506.55377	12.212402
10.991887	502.11847	12.222168
10.992846	496.5502	12.231934
10.992196	497.31378	12.241699
10.993567	500.22699	12.251465
10.995887	505.67163	12.26123
10.995244	505.25235	12.270996
10.997361	506.62582	12.280762
10.997199	503.09723	12.290527
10.997616	497.59567	12.300293
10.99885	500.04346	12.310059
10.999803	504.6478	12.319824
10.999687	509.95566	12.32959
11.001065	510.34485	12.339355
11.001474	504.84604	12.349121
11.003659	501.68091	12.358887
11.004616	503.76004	12.368652
11.004278	506.19965	12.378418
11.004818	509.57263	12.388184
11.005515	512.28033	12.397949
11.005921	511.27005	12.407715
11.008795	507.37976	12.41748
11.00889	506.53296	12.427246
11.008853	506.6507	12.437012
11.009876	512.78235	12.446777
11.011047	516.35516	12.456543
11.011524	513.34631	12.466309
11.013952	511.01578	12.476074
11.01357	510.63489	12.48584
11.014098	509.66708	12.495605
11.015136	509.55569	12.505371
11.015851	516.23956	12.515137
11.016275	518.6098	12.524902
11.017329	518.28906	12.534668
11.016915	513.53882	12.544434
11.018756	509.35144	12.554199
11.019917	513.83051	12.563965
11.020787	517.61542	12.57373
11.021405	519.7179	12.583496
11.022317	519.50024	12.593262
11.023194	517.16669	12.603027
11.024656	514.57294	12.612793
11.025054	513.54138	12.622559
11.025845	517.26294	12.632324
11.026824	523.37262	12.64209
11.026824	525.32745	12.651855
11.027413	522.05817	12.661621
11.028947	515.4101	12.671387
11.02847	516.05792	12.681152
11.031022	518.06793	12.690918
11.030999	522.99115	12.700684
11.030963	527.99548	12.710449
11.032288	527.04944	12.720215
11.034015	523.09015	12.72998
11.034275	519.71814	12.739746
11.03577	517.39093	12.749512
11.03597	525.17798	12.759277
11.036777	530.42657	12.769043
11.037827	531.20331	12.778809
11.038733	525.6217	12.788574
11.038853	519.84735	12.79834
11.039411	522.03229	12.808105
11.040518	524.40729	12.817871
11.041151	531.19177	12.827637
11.042339	532.19324	12.837402
11.043777	530.22974	12.847168
11.0448	525.68414	12.856934
11.044727	522.74396	12.866699
11.046507	525.26361	12.876465
11.047297	535.35333	12.88623
11.046566	535.75616	12.895996
11.047615	534.04865	12.905762
11.048967	526.63373	12.915527
11.05044	526.85962	12.925293
11.050657	529.73145	12.935059
11.051152	532.13849	12.944824
11.052118	536.06366	12.95459
11.05343	539.48114	12.964355
11.053615	535.34821	12.974121
11.054852	527.94183	12.983887
11.055886	529.64252	12.993652
11.055535	532.53918	13.003418
11.056572	539.51483	13.013184
11.057205	541.45953	13.022949
11.059686	536.20251	13.032715
11.059772	534.49213	13.04248
11.061029	534.38367	13.052246
11.060848	535.13135	13.062012
11.062287	537.95752	13.071777
11.063323	542.83081	13.081543
11.064799	542.98663	13.091309
11.063874	538.8302	13.101074
11.065695	537.02948	13.11084
11.0665	535.39362	13.120605
11.067393	538.15521	13.130371
11.067085	544.45215	13.140137
11.069309	542.04913	13.149902
11.06954	542.85059	13.159668
11.070132	541.45935	13.169434
11.071512	539.7171	13.179199
11.072088	541.67914	13.188965
11.073031	542.73053	13.19873
11.07342	549.15314	13.208496
11.073862	549.47278	13.218262
11.074704	543.66779	13.228027
11.074907	540.99457	13.237793
11.075905	541.55237	13.247559
11.077371	545.56122	13.257324
11.077343	548.85779	13.26709
11.078886	550.70569	13.276855
11.079451	549.31647	13.286621
11.080421	545.30298	13.296387
11.081811	542.1908	13.306152
11.082745	544.41522	13.315918
11.08235	549.95978	13.325684
11.084521	556.1319	13.335449
11.084201	552.99829	13.345215
11.085886	547.46729	13.35498
11.086347	544.64648	13.364746
11.086521	547.50397	13.374512
11.087797	550.62164	13.384277
11.089279	555.91943	13.394043
11.089411	557.06744	13.403809
11.090802	555.52173	13.413574
11.09194	548.78375	13.42334
11.09209	546.31763	13.433105
11.093323	552.81091	13.442871
11.093604	559.27911	13.452637
11.095115	562.12207	13.462402
11.095021	555.63733	13.472168
11.09676	552.51654	13.481934
11.097876	551.28998	13.491699
11.098012	552.52856	13.501465
11.099191	558.95203	13.51123
11.098942	561.53888	13.520996
11.100438	562.30975	13.530762
11.101716	559.40692	13.540527
11.102149	551.17029	13.550293
11.103084	554.68829	13.560059
11.104262	559.43994	13.569824
11.104006	564.1275	13.57959
11.105085	565.6416	13.589355
11.106373	559.15088	13.599121
11.106435	556.66718	13.608887
11.107562	558.33374	13.618652
11.107813	559.72546	13.628418
11.109541	564.30548	13.638184
11.110271	566.7019	13.647949
11.111821	566.63037	13.657715
11.111029	558.81226	13.66748
11.112649	560.0163	13.677246
11.113733	561.17535	13.687012
11.114494	567.22595	13.696777
11.115014	569.12439	13.706543
11.117373	567.53192	13.716309
11.117093	565.51135	13.726074
11.117141	563.24219	13.73584
11.11784	563.11847	13.745605
11.119284	565.37036	13.755371
11.119769	570.1687	13.765137
11.120432	573.72784	13.774902
11.121816	568.17542	13.784668
11.120999	566.64722	13.794434
11.122784	563.20233	13.804199
11.124056	568.7691	13.813965
11.125171	573.84827	13.82373
11.126236	572.22931	13.833496
11.126046	574.47742	13.843262
11.127473	571.7865	13.853027
11.128009	569.84406	13.862793
11.129021	567.71387	13.872559
11.130024	569.10626	13.882324
11.131125	576.9259	13.89209
11.132006	578.34686	13.901855
11.131832	576.43256	13.911621
11.132668	570.9115	13.921387
11.133171	570.09412	13.931152
11.133133	573.98547	13.940918
11.135902	576.94116	13.950684
11.136271	579.89758	13.960449
11.137223	580.8703	13.970215
11.138048	575.90692	13.97998
11.138803	573.33514	13.989746
11.139163	572.15125	13.999512
11.139844	578.20111	14.009277
11.141181	584.80725	14.019043
11.141444	582.87701	14.028809
11.143921	579.85577	14.038574
11.143495	576.15997	14.04834
11.143267	576.97192	14.058105
11.144548	577.44415	14.067871
11.145518	583.72223	14.077637
11.146451	584.98297	14.087402
11.146532	584.646	14.097168
11.148229	580.07092	14.106934
11.149114	575.63043	14.116699
11.14945	577.60425	14.126465
11.15084	585.74567	14.13623
11.151299	590.86145	14.145996
11.152252	586.26855	14.155762
11.152742	582.79773	14.165527
11.153461	580.39526	14.175293
11.155136	580.33221	14.185059
11.155748	587.41675	14.194824
11.156206	589.41241	14.20459
11.157466	592.14935	14.214355
11.158651	589.60193	14.224121
11.158671	579.61908	14.233887
11.158979	582.36987	14.243652
11.160669	587.83173	14.253418
11.16065	592.8623	14.263184
11.16202	591.95667	14.272949
11.163571	589.59882	14.282715
11.163787	587.13391	14.29248
11.164495	586.93146	14.302246
11.165193	586.23273	14.312012
11.16673	591.79376	14.321777
11.166803	595.69196	14.331543
11.167456	596.12347	14.341309
11.168699	589.99457	14.351074
11.169271	588.00476	14.36084
11.169995	589.53717	14.370605
11.170617	593.23999	14.380371
11.171859	596.3634	14.390137
11.172698	595.76398	14.399902
11.173677	594.78564	14.409668
11.17459	593.41119	14.419434
11.175337	591.02472	14.429199
11.176521	590.54736	14.438965
11.176852	597.29218	14.44873
11.17768	602.21027	14.458496
11.178525	598.96735	14.468262
11.179361	596.97327	14.478027
11.179325	592.1778	14.487793
11.181358	595.25311	14.497559
11.180611	598.07385	14.507324
11.183641	599.565	14.51709
11.182312	602.90558	14.526855
11.184473	601.60956	14.536621
11.184887	599.28607	14.546387
11.185847	593.80347	14.556152
11.186741	596.73383	14.565918
11.187267	605.06555	14.575684
11.188333	607.21545	14.585449
11.188475	606.04065	14.595215
11.1897	600.55292	14.60498
11.190494	597.99615	14.614746
11.191674	602.15741	14.624512
11.192964	602.4118	14.634277
11.192873	609.34204	14.644043
11.193445	610.0813	14.653809
11.195093	606.76263	14.663574
11.19553	601.10339	14.67334
11.196421	597.56464	14.683105
11.19752	603.68744	14.692871
11.198061	610.78448	14.702637
11.198607	611.80072	14.712402
11.199965	608.29266	14.722168
11.200133	605.55304	14.731934
11.201452	603.51898	14.741699
11.202506	604.36774	14.751465
11.20217	610.18671	14.76123
11.202923	614.56476	14.770996
11.204481	617.55267	14.780762
11.205614	609.61273	14.790527
11.206464	604.06201	14.800293
11.207607	604.44409	14.810059
11.208068	613.89502	14.819824
11.207836	616.40552	14.82959
11.209084	614.60931	14.839355
11.210011	614.42554	14.849121
11.21072	609.87329	14.858887
11.210767	607.93921	14.868652
11.212462	612.47729	14.878418
11.21345	618.14075	14.888184
11.213516	622.66949	14.897949
11.216008	618.37451	14.907715
11.215763	610.69263	14.91748
11.217381	611.95959	14.927246
11.217386	611.78699	14.937012
11.218881	619.495	14.946777
11.219047	622.12018	14.956543
11.220626	619.44366	14.966309
11.220879	618.03577	14.976074
11.221261	615.52875	14.98584
11.222941	615.62817	14.995605
11.222395	616.50696	15.005371
11.223702	620.72681	15.015137
11.225238	626.22852	15.024902
11.226483	618.94525	15.034668
11.227087	617.88684	15.044434
11.227179	617.35175	15.054199
11.22795	618.47266	15.063965
11.228999	623.53333	15.07373
11.229552	625.5943	15.083496
11.23153	625.23584	15.093262
11.231367	623.57672	15.103027
11.232498	618.54932	15.112793
11.233552	619.51642	15.122559
11.233883	623.38171	15.132324
11.233826	628.58606	15.14209
11.235037	629.68256	15.151855
11.235761	627.37872	15.161621
11.237222	622.46393	15.171387
11.238174	622.18524	15.181152
11.239276	624.52411	15.190918
11.239603	627.49304	15.200684
11.239719	631.50793	15.210449
11.241525	631.54187	15.220215
11.242908	628.13159	15.22998
11.242255	623.26935	15.239746
11.243464	623.48584	15.249512
11.245739	630.82672	15.259277
11.244827	634.02832	15.269043
11.246119	635.59235	15.278809
11.246427	630.19397	15.288574
11.24742	627.8963	15.29834
11.248424	626.60669	15.308105
11.248944	628.08472	15.317871
11.249582	635.29193	15.327637
11.250331	638.46338	15.337402
11.251838	637.05255	15.347168
11.251767	630.81183	15.356934
11.254005	624.48022	15.366699
11.254389	633.60577	15.376465
11.255601	635.96844	15.38623
11.256017	640.08746	15.395996
11.257586	638.28931	15.405762
11.257672	635.76746	15.415527
11.257654	632.37512	15.425293
11.259042	628.68951	15.435059
11.259356	634.90314	15.444824
11.26098	642.39307	15.45459
11.261136	642.55121	15.464355
11.261863	640.05524	15.474121
11.263145	631.09808	15.483887
11.263805	631.98492	15.493652
11.264397	639.34344	15.503418
11.265995	642.80286	15.513184
11.265844	642.58234	15.522949
11.267781	642.40027	15.532715
11.267417	639.44067	15.54248
11.268351	635.06329	15.552246
11.270189	637.56976	15.562012
11.270161	641.57611	15.571777
11.271926	648.15485	15.581543
11.27194	647.13647	15.591309
11.272307	640.33905	15.601074
11.27369	636.39423	15.61084
11.273998	641.58905	15.620605
11.275886	642.50104	15.630371
11.275935	646.52954	15.640137
11.276995	646.96442	15.649902
11.27798	648.23853	15.659668
11.278236	644.67999	15.669434
11.279629	643.38568	15.679199
11.280909	642.70392	15.688965
11.280402	648.69006	15.69873
11.282133	653.49237	15.708496
11.282798	647.54443	15.718262
11.283344	646.81781	15.728027
11.284781	644.41614	15.737793
11.284286	646.53125	15.747559
11.285025	649.25629	15.757324
11.286335	649.76862	15.76709
11.287207	653.97955	15.776855
11.288019	652.22339	15.786621
11.288855	647.58911	15.796387
11.290206	644.93005	15.806152
11.290639	648.23022	15.815918
11.29116	654.0882	15.825684
11.292228	655.92938	15.835449
11.293838	654.77032	15.845215
11.293911	652.5459	15.85498
11.295197	649.55286	15.864746
11.295827	650.46771	15.874512
11.295492	652.47919	15.884277
11.297332	657.4707	15.894043
11.298267	661.5036	15.903809
11.298719	657.65594	15.913574
11.299292	651.67395	15.92334
11.300139	649.83191	15.933105
11.301927	655.15381	15.942871
11.30233	660.51685	15.952637
11.30248	660.98785	15.962402
11.30408	658.96356	15.972168
11.305017	657.58936	15.981934
11.306212	652.95343	15.991699
11.305399	652.83142	16.001465
11.307436	659.95703	16.01123
11.308121	665.04364	16.020996
11.308357	665.54852	16.030762
11.309619	659.15692	16.040527
11.310709	653.34351	16.050293
11.311625	657.92249	16.060059
11.311694	660.62396	16.069824
11.313115	666.76978	16.07959
11.313133	666.2511	16.089355
11.313752	664.37946	16.099121
11.314999	661.1546	16.108887
11.315702	656.15363	16.118652
11.316955	661.85419	16.128418
11.317507	667.97662	16.138184
11.318377	670.12299	16.147949
11.320029	666.77899	16.157715
11.319226	660.87061	16.16748
11.32111	660.62854	16.177246
11.321066	664.51788	16.187012
11.322074	667.58276	16.196777
11.324053	671.33215	16.206543
11.323464	668.26617	16.216309
11.325628	668.98846	16.226074
11.326203	664.12488	16.23584
11.32653	664.56543	16.245605
11.326436	667.26306	16.255371
11.328485	672.61365	16.265137
11.329169	673.1853	16.274902
11.33035	671.29913	16.284668
11.330841	667.20795	16.294434
11.331262	668.52527	16.304199
11.33258	670.10297	16.313965
11.332736	671.68634	16.32373
11.333234	674.58411	16.333496
11.335097	676.85315	16.343262
11.335537	672.23584	16.353027
11.336573	669.02252	16.362793
11.33693	667.55316	16.372559
11.336467	671.97546	16.382324
11.339665	679.34973	16.39209
11.338695	676.89844	16.401855
11.34	676.39429	16.411621
11.341486	673.08789	16.421387
11.341823	672.19543	16.431152
11.343188	672.88531	16.440918
11.34447	676.03406	16.450684
11.343984	681.2876	16.460449
11.34564	681.33203	16.470215
11.346884	677.68274	16.47998
11.347731	674.02753	16.489746
11.347907	672.71271	16.499512
11.347864	680.52014	16.509277
11.349417	682.51721	16.519043
11.350249	682.50183	16.528809
11.351412	681.38837	16.538574
11.351785	677.98987	16.54834
11.352699	676.86554	16.558105
11.352947	676.27289	16.567871
11.354764	683.39038	16.577637
11.35494	688.66602	16.587402
11.356583	685.2171	16.597168
11.357054	679.07794	16.606934
11.357009	674.36591	16.616699
11.357857	681.33777	16.626465
11.359308	685.58801	16.63623
11.359854	688.58795	16.645996
11.361169	689.01495	16.655762
11.361311	683.74054	16.665527
11.362395	680.19757	16.675293
11.363055	680.42023	16.685059
11.364092	684.65521	16.694824
11.365488	691.1991	16.70459
11.366344	691.86481	16.714355
11.365703	686.46875	16.724121
11.36739	682.41815	16.733887
11.367789	681.74921	16.743652
11.369045	686.16742	16.753418
11.36887	691.36975	16.763184
11.370381	691.66553	16.772949
11.371585	693.27087	16.782715
11.372657	688.16125	16.79248
11.372827	682.58948	16.802246
11.373338	686.48145	16.812012
11.374716	691.2666	16.821777
11.374563	696.41577	16.831543
11.375896	694.92773	16.841309
11.376902	687.87506	16.851074
11.377832	687.04169	16.86084
11.379029	687.65424	16.870605
11.379211	691.41187	16.880371
11.37965	693.25226	16.890137
11.381996	697.05469	16.899902
11.38135	696.51624	16.909668
11.383162	689.67749	16.919434
11.382733	688.98975	16.929199
11.384471	691.06976	16.938965
11.386061	697.07892	16.94873
11.386412	700.28821	16.958496
11.38613	695.79895	16.968262
11.387492	693.99249	16.978027
11.387934	693.26923	16.987793
11.388865	692.4707	16.997559
11.390735	695.47992	17.007324
11.390555	698.90601	17.01709
11.392247	702.02686	17.026855
11.392329	700.83362	17.036621
11.392792	697.05737	17.046387
11.394306	692.66113	17.056152
11.394569	698.22119	17.065918
11.395763	702.35608	17.075684
11.396552	703.27722	17.085449
11.397598	703.0752	17.095215
11.39844	699.52667	17.10498
11.398392	697.21655	17.114746
11.399463	695.87347	17.124512
11.398818	698.94568	17.134277
11.40232	705.13647	17.144043
11.401683	706.40173	17.153809
11.402685	704.19989	17.163574
11.403581	698.987	17.17334
11.40484	696.65411	17.183105
11.40532	703.29669	17.192871
11.406528	706.0672	17.202637
11.40776	708.58295	17.212402
11.407862	706.73041	17.222168
11.409106	704.21796	17.231934
11.410051	700.33356	17.241699
11.410101	700.84668	17.251465
11.411094	706.79889	17.26123
11.412494	714.07043	17.270996
11.413122	711.09271	17.280762
11.414067	706.50574	17.290527
11.414401	701.62823	17.300293
11.415096	703.18866	17.310059
11.416109	708.44043	17.319824
11.415929	713.98688	17.32959
11.417985	713.85309	17.339355
11.418722	711.64697	17.349121
11.419033	706.24573	17.358887
11.420495	702.61456	17.368652
11.42074	707.98169	17.378418
11.421719	714.68518	17.388184
11.422584	716.4411	17.397949
11.422443	714.18689	17.407715
11.423774	708.49109	17.41748
11.424888	706.78516	17.427246
11.426649	712.08594	17.437012
11.426765	713.44623	17.446777
11.427331	716.03314	17.456543
11.427963	718.75635	17.466309
11.429804	715.42969	17.476074
11.429979	707.50299	17.48584
11.431155	709.7699	17.495605
11.430493	713.49725	17.505371
11.431496	720.98242	17.515137
11.434042	719.76697	17.524902
11.433772	716.97992	17.534668
11.435354	713.78455	17.544434
11.435718	711.9632	17.554199
11.436918	716.09473	17.563965
11.437105	718.88708	17.57373
11.438809	721.263	17.583496
11.439009	721.41907	17.593262
11.440052	716.19067	17.603027
11.439243	715.20331	17.612793
11.441553	716.0531	17.622559
11.442658	719.98853	17.632324
11.441794	724.50439	17.64209
11.443624	722.10974	17.651855
11.44493	720.78839	17.661621
11.44499	719.32135	17.671387
11.446205	717.21893	17.681152
11.447753	719.00232	17.690918
11.448347	722.05347	17.700684
11.448889	727.26923	17.710449
11.45052	726.849	17.720215
11.450551	720.7312	17.72998
11.450088	718.9812	17.739746
11.451979	720.50714	17.749512
11.452069	725.39142	17.759277
11.453037	727.63977	17.769043
11.45387	728.091	17.778809
11.455507	728.23932	17.788574
11.456737	722.38763	17.79834
11.455724	721.00922	17.808105
11.457538	721.82556	17.817871
11.458437	729.54755	17.827637
11.459109	732.31738	17.837402
11.460377	730.62085	17.847168
11.462606	724.15009	17.856934
11.46174	722.17761	17.866699
11.462861	726.46173	17.876465
11.462642	727.88086	17.88623
11.463143	734.36865	17.895996
11.464835	731.98431	17.905762
11.465685	731.42426	17.915527
11.466533	725.81976	17.925293
11.467736	723.81287	17.935059
11.467851	728.49933	17.944824
11.470642	736.19208	17.95459
11.469578	735.01996	17.964355
11.471014	732.16693	17.974121
11.472229	726.74713	17.983887
11.471739	729.67285	17.993652
11.472742	730.91284	18.003418
11.473635	737.74805	18.013184
11.474397	736.47314	18.022949
11.475416	737.42987	18.032715
11.47657	732.36078	18.04248
11.477109	725.91498	18.052246
11.478627	728.56232	18.062012
11.47947	736.39728	18.071777
11.478976	739.50232	18.081543
11.481236	741.10822	18.091309
11.481585	731.8844	18.101074
11.482718	732.83026	18.11084
11.483562	733.35309	18.120605
11.483898	736.396	18.130371
11.48467	738.72906	18.140137
11.484535	741.30835	18.149902
11.486094	741.05334	18.159668
11.486327	733.56232	18.169434
11.487106	733.61316	18.179199
11.489067	736.49414	18.188965
11.489811	742.59863	18.19873
11.490628	743.44641	18.208496
11.491202	741.08636	18.218262
11.491977	739.57471	18.228027
11.493093	738.60663	18.237793
11.494662	738.46674	18.247559
11.493853	740.75214	18.257324
11.495515	745.26813	18.26709
11.495698	747.45294	18.276855
11.496593	743.47089	18.286621
11.497455	739.91919	18.296387
11.498171	739.41467	18.306152
11.499772	741.42737	18.315918
11.499751	745.83026	18.325684
11.501016	745.52142	18.335449
11.501368	746.32886	18.345215
11.502825	744.5365	18.35498
11.503641	740.94141	18.364746
11.503838	741.73212	18.374512
11.504773	742.76453	18.384277
11.506444	750.79846	18.394043
11.505696	750.95984	18.403809
11.507008	747.08588	18.413574
11.50909	743.41736	18.42334
11.50773	741.79266	18.433105
11.509993	747.35632	18.442871
11.509876	747.87158	18.452637
11.511191	750.6936	18.462402
11.512838	751.82587	18.472168
11.51281	747.55988	18.481934
11.513754	743.58472	18.491699
11.514318	744.3338	18.501465
11.515718	750.5061	18.51123
11.516645	757.68378	18.520996
11.517375	753.33185	18.530762
11.51786	749.53912	18.540527
11.519458	745.73169	18.550293
11.518991	747.10797	18.560059
11.520457	750.7843	18.569824
11.521811	754.60071	18.57959
11.522674	756.91766	18.589355
11.522257	755.24243	18.599121
11.523796	750.25476	18.608887
11.524763	744.71759	18.618652
11.524631	751.47571	18.628418
11.52642	756.27148	18.638184
11.52671	761.14325	18.647949
11.527293	756.48077	18.657715
11.528401	752.61841	18.66748
11.528518	750.94806	18.677246
11.529888	751.23578	18.687012
11.531706	758.8772	18.696777
11.531138	761.23901	18.706543
11.53221	762.43683	18.716309
11.533955	757.78229	18.726074
11.533451	749.20593	18.73584
11.534736	752.12134	18.745605
11.535593	758.45685	18.755371
11.536481	762.32733	18.765137
11.538671	762.97314	18.774902
11.537767	758.12402	18.784668
11.538579	758.42438	18.794434
11.540144	756.71332	18.804199
11.540467	757.65277	18.813965
11.541466	761.67773	18.82373
11.542193	764.37488	18.833496
11.54218	764.96686	18.843262
11.544221	757.67249	18.853027
11.545351	756.75995	18.862793
11.544946	759.84442	18.872559
11.546058	764.04297	18.882324
11.546923	766.57501	18.89209
11.547585	764.71918	18.901855
11.54881	763.6947	18.911621
11.549496	762.72076	18.921387
11.550855	758.99542	18.931152
11.551451	760.86047	18.940918
11.552847	766.61316	18.950684
11.5533	769.03638	18.960449
11.552272	766.61151	18.970215
11.55393	763.88568	18.97998
11.555617	760.67291	18.989746
11.557269	763.98621	18.999512
11.5572	765.41125	19.009277
11.556929	767.15204	19.019043
11.558062	768.7074	19.028809
11.559121	768.72009	19.038574
11.560043	765.15833	19.04834
11.560809	762.85425	19.058105
11.561813	764.50989	19.067871
11.56255	771.31909	19.077637
11.56343	772.60394	19.087402
11.563982	771.61023	19.097168
11.565374	765.25726	19.106934
11.56608	763.85925	19.116699
11.566209	767.2746	19.126465
11.568488	768.12805	19.13623
11.568795	774.44061	19.145996
11.569573	774.36224	19.155762
11.569527	771.3999	19.165527
11.570958	766.02985	19.175293
11.570662	764.68848	19.185059
11.571267	771.63184	19.194824
11.573551	776.38434	19.20459
11.574013	776.71222	19.214355
11.573807	774.21277	19.224121
11.576155	769.11499	19.233887
11.576011	770.23517	19.243652
11.577149	770.19629	19.253418
11.578409	774.58411	19.263184
11.579041	779.75385	19.272949
11.579535	778.79987	19.282715
11.579942	773.09442	19.29248
11.580897	768.36005	19.302246
11.582221	769.44788	19.312012
11.582772	777.80542	19.321777
11.583945	781.91895	19.331543
11.584796	780.66278	19.341309
11.58547	775.70752	19.351074
11.585953	772.02917	19.36084
11.586649	770.86804	19.370605
11.588272	775.73578	19.380371
11.589038	780.42151	19.390137
11.589349	782.87921	19.399902
11.590339	780.35608	19.409668
11.59144	772.2937	19.419434
11.591841	772.5517	19.429199
11.593045	777.62146	19.438965
11.593603	781.95624	19.44873
11.593791	783.64014	19.458496
11.594574	782.01526	19.468262
11.59701	778.99347	19.478027
11.596755	775.35443	19.487793
11.597221	775.40973	19.497559
11.598314	780.74194	19.507324
11.598498	783.6297	19.51709
11.601191	787.50677	19.526855
11.60149	778.66364	19.536621
11.601997	778.52478	19.546387
11.602462	778.64429	19.556152
11.603322	779.1037	19.565918
11.604239	784.48993	19.575684
11.605349	784.28778	19.585449
11.605565	785.42786	19.595215
11.607183	781.76862	19.60498
11.606709	779.76794	19.614746
11.607512	779.9884	19.624512
11.609241	783.68616	19.634277
11.610559	788.25049	19.644043
11.611262	787.00061	19.653809
11.611669	786.73419	19.663574
11.612641	782.41736	19.67334
11.612562	781.52252	19.683105
11.614383	783.69061	19.692871
11.614206	787.21027	19.702637
11.615483	790.81183	19.712402
11.615354	790.26941	19.722168
11.617057	785.89923	19.731934
11.61885	781.63354	19.741699
11.618756	784.33331	19.751465
11.618919	789.33844	19.76123
11.620749	793.4234	19.770996
11.621153	791.75543	19.780762
11.622375	786.72601	19.790527
11.622847	784.99567	19.800293
11.623827	786.74591	19.810059
11.623852	786.75177	19.819824
11.625568	793.30682	19.82959
11.627547	794.76221	19.839355
11.626933	792.16449	19.849121
11.628606	786.3736	19.858887
11.629012	782.90051	19.868652
11.629663	789.05957	19.878418
11.630318	794.74182	19.888184
11.630398	795.76404	19.897949
11.631858	795.19055	19.907715
11.633181	787.75916	19.91748
11.634122	787.89752	19.927246
11.634811	786.92529	19.937012
11.634458	793.22864	19.946777
11.634941	797.7276	19.956543
11.635787	799.46869	19.966309
11.637939	795.05481	19.976074
11.638906	787.12543	19.98584
11.639611	788.40649	19.995605
11.639487	794.659	20.005371
11.640797	798.19116	20.015137


Data Header:			arielle_monotonic_typei_general			Time:	30.955322	s	4/15/2019 7:20:22 PM
Data Acquisition:	Timed
Station Name:	ft40.cfg
Test File Name:	arielle_monotonic_typei_general.tst
Displacement	Force	Running Time
mm	N	s
11.642474	800.97778	20.024902
11.642882	795.43988	20.034668
11.643339	792.9812	20.044434
11.643751	790.43237	20.054199
11.64486	792.33875	20.063965
11.645148	797.70032	20.07373
11.646279	803.4325	20.083496
11.647158	799.62164	20.093262
11.647589	794.05164	20.103027
11.648053	791.28729	20.112793
11.649776	795.17554	20.122559
11.650452	798.34967	20.132324
11.651461	799.95551	20.14209
11.652575	799.5658	20.151855
11.652426	799.23108	20.161621
11.653856	795.83807	20.171387
11.654047	795.24725	20.181152
11.654505	795.00903	20.190918
11.656433	800.85706	20.200684
11.657556	805.05951	20.210449
11.657945	800.35132	20.220215
11.659479	799.46741	20.22998
11.65999	796.62842	20.239746
11.660091	798.71002	20.249512
11.661666	801.16229	20.259277
11.661897	801.86176	20.269043
11.662641	804.89514	20.278809
11.662811	803.72913	20.288574
11.664452	798.646	20.29834
11.664298	796.01343	20.308105
11.66677	798.90607	20.317871
11.666534	805.39862	20.327637
11.666795	805.59473	20.337402
11.668846	804.6759	20.347168
11.668653	800.79138	20.356934
11.67018	799.33704	20.366699
11.671583	800.66119	20.376465
11.672723	802.56744	20.38623
11.671442	807.71558	20.395996
11.673567	811.49841	20.405762
11.674691	805.16876	20.415527
11.674857	798.92419	20.425293
11.675678	799.9892	20.435059
11.676632	804.17151	20.444824
11.678213	809.50421	20.45459
11.678054	810.67633	20.464355
11.679101	807.75757	20.474121
11.679726	803.22748	20.483887
11.68048	801.87476	20.493652
11.680751	800.64679	20.503418
11.682281	807.49152	20.513184
11.683167	811.0321	20.522949
11.684096	812.32324	20.532715
11.684559	804.89557	20.54248
11.685697	801.14142	20.552246
11.68621	803.86963	20.562012
11.687201	810.16138	20.571777
11.68757	814.58435	20.581543
11.688023	812.36206	20.591309
11.689707	807.68811	20.601074
11.68939	807.40277	20.61084
11.691012	801.36938	20.620605
11.692748	809.81512	20.630371
11.692124	814.09143	20.640137
11.693938	817.20984	20.649902
11.694415	812.41632	20.659668
11.694926	804.25098	20.669434
11.697248	805.16724	20.679199
11.697431	810.21356	20.688965
11.697671	812.70514	20.69873
11.698659	815.82147	20.708496
11.69821	814.21796	20.718262
11.70012	811.62439	20.728027
11.701039	805.72852	20.737793
11.701761	807.06317	20.747559
11.702042	811.46075	20.757324
11.703474	816.35852	20.76709
11.703447	816.59558	20.776855
11.704091	812.01068	20.786621
11.70601	808.62573	20.796387
11.707241	808.35559	20.806152
11.707882	812.45264	20.815918
11.707872	815.42535	20.825684
11.709717	817.10822	20.835449
11.710344	816.02844	20.845215
11.71067	814.60425	20.85498
11.711908	811.53955	20.864746
11.712064	810.26807	20.874512
11.71334	815.34448	20.884277
11.714334	820.67847	20.894043
11.715152	817.48718	20.903809
11.715608	815.55865	20.913574
11.715909	811.36438	20.92334
11.717591	813.27057	20.933105
11.717813	813.40363	20.942871
11.71872	816.54382	20.952637
11.720974	820.05121	20.962402
11.720258	819.63306	20.972168
11.721577	816.72784	20.981934
11.722342	809.7832	20.991699
11.723475	813.40021	21.001465
11.723245	820.44263	21.01123
11.724442	820.9342	21.020996
11.725085	822.21985	21.030762
11.726259	817.84802	21.040527
11.72776	812.8172	21.050293
11.728559	814.55573	21.060059
11.730097	815.78076	21.069824
11.729521	820.43243	21.07959
11.730411	825.55066	21.089355
11.730319	820.263	21.099121
11.731508	814.61572	21.108887
11.731825	812.28925	21.118652
11.732952	816.75909	21.128418
11.733901	822.17249	21.138184
11.735064	824.51196	21.147949
11.73592	820.85059	21.157715
11.736539	819.78796	21.16748
11.73789	815.1283	21.177246
11.739002	814.28143	21.187012
11.739813	820.84381	21.196777
11.740313	826.99701	21.206543
11.740825	827.75964	21.216309
11.742114	819.93304	21.226074
11.741637	813.67291	21.23584
11.743078	816.36871	21.245605
11.744138	820.25177	21.255371
11.74502	825.79797	21.265137
11.745829	825.67889	21.274902
11.745974	823.67291	21.284668
11.747133	820.70544	21.294434
11.748349	816.59851	21.304199
11.749238	821.20764	21.313965
11.750444	824.70898	21.32373
11.750733	829.40112	21.333496
11.752234	826.09021	21.343262
11.752451	818.94562	21.353027
11.752674	819.09497	21.362793
11.75382	821.17822	21.372559
11.75417	824.12543	21.382324
11.755239	828.9469	21.39209
11.756143	827.85583	21.401855
11.758107	828.49847	21.411621
11.758986	819.78217	21.421387
11.758471	820.45697	21.431152
11.759645	821.92609	21.440918
11.760385	826.7962	21.450684
11.760208	828.95752	21.460449
11.761951	827.33887	21.470215
11.763305	823.54187	21.47998
11.76399	822.99847	21.489746
11.765507	821.71704	21.499512
11.76572	826.04187	21.509277
11.765395	828.80701	21.519043
11.766559	830.25525	21.528809
11.768937	829.72668	21.538574
11.768236	823.20947	21.54834
11.769733	820.3512	21.558105
11.770392	827.00891	21.567871
11.770968	830.15076	21.577637
11.77098	830.55505	21.587402
11.773479	828.36871	21.597168
11.773808	825.18842	21.606934
11.773689	824.81567	21.616699
11.77441	822.68091	21.626465
11.77449	826.44824	21.63623
11.776404	832.6095	21.645996
11.777338	832.75793	21.655762
11.777401	829.48938	21.665527
11.778521	822.09869	21.675293
11.780522	823.71442	21.685059
11.780993	827.26813	21.694824
11.781053	828.85449	21.70459
11.783317	834.07465	21.714355
11.783609	828.90405	21.724121
11.784777	826.09955	21.733887
11.785051	824.90527	21.743652
11.785058	823.30408	21.753418
11.786171	829.94434	21.763184
11.78782	836.97955	21.772949
11.787224	833.36108	21.782715
11.789201	827.74359	21.79248
11.789599	823.44629	21.802246
11.790174	825.18896	21.812012
11.790953	828.92767	21.821777
11.791663	833.0882	21.831543
11.792483	835.40094	21.841309
11.793841	831.37885	21.851074
11.794714	827.91534	21.86084
11.795527	822.92511	21.870605
11.7955	828.85919	21.880371
11.796355	835.10107	21.890137
11.798026	836.71063	21.899902
11.799294	832.2262	21.909668
11.798965	826.61591	21.919434
11.79965	825.62195	21.929199
11.801051	831.7666	21.938965
11.802146	834.32159	21.94873
11.802652	835.39136	21.958496
11.803893	835.84839	21.968262
11.804656	831.87408	21.978027
11.805818	825.534	21.987793
11.805417	827.99622	21.997559
11.807747	831.46606	22.007324
11.807523	837.92639	22.01709
11.808649	835.54913	22.026855
11.809164	831.20215	22.036621
11.811422	827.47626	22.046387
11.810926	828.38776	22.056152
11.810518	832.63922	22.065918
11.812754	833.26001	22.075684
11.81304	837.69391	22.085449
11.81354	837.12616	22.095215
11.81558	829.51355	22.10498
11.815597	829.37244	22.114746
11.816228	827.95099	22.124512
11.816988	834.70557	22.134277
11.818762	838.18835	22.144043
11.81938	833.23932	22.153809
11.819595	833.70398	22.163574
11.820192	831.29535	22.17334
11.821902	830.34442	22.183105
11.821996	830.90167	22.192871
11.82341	834.57178	22.202637
11.824598	839.81921	22.212402
11.826263	838.03973	22.222168
11.825515	831.90955	22.231934
11.826838	827.76685	22.241699
11.826499	832.48431	22.251465
11.827896	836.36603	22.26123
11.829615	836.67303	22.270996
11.829604	837.54541	22.280762
11.830393	834.99219	22.290527
11.830946	830.87933	22.300293
11.831402	828.67395	22.310059
11.832924	833.82318	22.319824
11.834123	837.21686	22.32959
11.834562	841.23615	22.339355
11.835577	838.01886	22.349121
11.836646	830.88336	22.358887
11.837005	830.53564	22.368652
11.837232	831.97998	22.378418
11.839057	837.01306	22.388184
11.83832	841.21393	22.397949
11.840192	838.40338	22.407715
11.840166	835.36145	22.41748
11.842397	831.23956	22.427246
11.842933	828.92468	22.437012
11.842378	837.11926	22.446777
11.844004	842.0304	22.456543
11.845396	842.42578	22.466309
11.84759	835.81732	22.476074
11.846716	830.97681	22.48584
11.847489	832.42346	22.495605
11.848375	833.69409	22.505371
11.8483	839.77887	22.515137
11.849493	840.16956	22.524902
11.850977	839.61627	22.534668
11.851269	834.47565	22.544434
11.852387	827.90979	22.554199
11.852688	833.89752	22.563965
11.85378	840.41119	22.57373
11.854395	842.85779	22.583496
11.856313	840.71356	22.593262
11.856356	834.86987	22.603027
11.857361	832.30103	22.612793
11.857962	834.54541	22.622559
11.858509	837.22595	22.632324
11.859986	841.27814	22.64209
11.860404	842.32428	22.651855
11.860519	838.67468	22.661621
11.8613	833.37006	22.671387
11.862391	831.38214	22.681152
11.864409	835.64618	22.690918
11.864581	842.55182	22.700684
11.865636	840.02478	22.710449
11.865161	838.15698	22.720215
11.867632	834.58099	22.72998
11.86796	835.14099	22.739746
11.869518	835.30554	22.749512
11.86917	836.12097	22.759277
11.870431	840.2782	22.769043
11.870639	841.82092	22.778809
11.871773	838.30292	22.788574
11.872997	835.03998	22.79834
11.873201	832.71216	22.808105
11.874595	838.18542	22.817871
11.875606	841.2016	22.827637
11.874887	840.11615	22.837402
11.877054	840.42053	22.847168
11.876783	836.30945	22.856934
11.878791	836.28589	22.866699
11.879766	835.84222	22.876465
11.878881	837.73944	22.88623
11.880995	843.79913	22.895996
11.882568	842.62305	22.905762
11.882062	837.53333	22.915527
11.883409	832.17944	22.925293
11.884439	835.6001	22.935059
11.884624	838.58838	22.944824
11.88588	839.24231	22.95459
11.885593	842.6402	22.964355
11.887516	842.14862	22.974121
11.88761	836.17273	22.983887
11.888015	834.29309	22.993652
11.889479	834.59229	23.003418
11.891707	840.74249	23.013184
11.890701	845.20709	23.022949
11.891745	843.44183	23.032715
11.893189	836.35022	23.04248
11.893111	832.34625	23.052246
11.8945	834.37659	23.062012
11.895239	839.29822	23.071777
11.896297	842.93372	23.081543
11.896636	843.7428	23.091309
11.897484	840.76141	23.101074
11.897938	833.50659	23.11084
11.900229	830.88373	23.120605
11.900863	838.03302	23.130371
11.901701	843.79309	23.140137
11.90259	845.89551	23.149902
11.902818	839.1842	23.159668
11.903376	835.12305	23.169434
11.904244	835.29535	23.179199
11.904675	835.38019	23.188965
11.905788	840.57672	23.19873
11.906776	844.6911	23.208496
11.907922	842.67194	23.218262
11.908866	840.36279	23.228027
11.909605	832.16614	23.237793
11.909763	835.30786	23.247559
11.911886	839.99139	23.257324
11.912653	844.34857	23.26709
11.912402	842.33221	23.276855
11.913402	838.13416	23.286621
11.914863	835.34265	23.296387
11.914371	834.80499	23.306152
11.915046	838.38916	23.315918
11.916375	841.97803	23.325684
11.916979	845.17285	23.335449
11.919182	844.23749	23.345215
11.92029	837.05005	23.35498
11.920054	834.77234	23.364746
11.920453	836.79846	23.374512
11.921836	841.24896	23.384277
11.922084	842.65979	23.394043
11.923424	840.20361	23.403809
11.924256	838.68817	23.413574
11.9249	837.56152	23.42334
11.925467	834.64801	23.433105
11.925863	837.09082	23.442871
11.927539	841.38043	23.452637
11.927343	845.21472	23.462402
11.928637	840.47473	23.472168
11.929987	838.46399	23.481934
11.930156	835.01239	23.491699
11.93245	837.91827	23.501465
11.932668	840.93921	23.51123
11.933643	841.13031	23.520996
11.934141	842.40863	23.530762
11.934432	839.42102	23.540527
11.93466	836.57538	23.550293
11.936905	834.53406	23.560059
11.93749	835.76166	23.569824
11.93761	843.63135	23.57959
11.939025	843.18787	23.589355
11.939134	839.30591	23.599121
11.939481	834.38434	23.608887
11.941469	833.41956	23.618652
11.942782	839.64722	23.628418
11.942504	837.29022	23.638184
11.944101	843.30328	23.647949
11.944521	841.73651	23.657715
11.944886	838.36401	23.66748
11.946621	833.1366	23.677246
11.947034	831.7995	23.687012
11.946989	839.54871	23.696777
11.948353	844.11029	23.706543
11.948876	843.21167	23.716309
11.949669	837.43298	23.726074
11.950547	832.79657	23.73584
11.950636	833.92798	23.745605
11.952263	837.07813	23.755371
11.952579	841.54211	23.765137
11.954131	843.92908	23.774902
11.955529	841.18201	23.784668
11.955845	836.43372	23.794434
11.956651	831.81818	23.804199
11.957878	834.68268	23.813965
11.958708	842.46069	23.82373
11.958971	844.24005	23.833496
11.959527	841.16174	23.843262
11.959925	836.8017	23.853027
11.961246	832.99902	23.862793
11.962267	833.84259	23.872559
11.962684	839.81976	23.882324
11.964655	841.44739	23.89209
11.964135	843.80774	23.901855
11.966025	839.65662	23.911621
11.966093	831.43378	23.921387
11.967407	833.81189	23.931152
11.967723	836.44397	23.940918
11.96816	842.013	23.950684
11.969702	842.30975	23.960449
11.970511	836.8136	23.970215
11.971126	835.59583	23.97998
11.972404	833.30841	23.989746
11.972568	833.96826	23.999512
11.973328	836.00317	24.009277
11.974346	840.36975	24.019043
11.974656	841.47144	24.028809
11.976027	835.93317	24.038574
11.976622	832.50732	24.04834
11.978284	834.84302	24.058105
11.977655	835.00128	24.067871
11.980696	840.90466	24.077637
11.980867	838.08423	24.087402
11.982141	836.84985	24.097168
11.980803	836.45795	24.106934
11.982423	832.36835	24.116699
11.982521	831.96118	24.126465
11.98438	835.9624	24.13623
11.985278	842.21326	24.145996
11.985668	839.52197	24.155762
11.987301	836.19849	24.165527
11.986889	832.1095	24.175293
11.988559	832.02026	24.185059
11.989895	834.7251	24.194824
11.990144	837.58521	24.20459
11.991013	840.02234	24.214355
11.991804	839.38483	24.224121
11.992914	834.60614	24.233887
11.993851	828.61407	24.243652
11.994758	830.79462	24.253418
11.995537	837.09589	24.263184
11.995558	841.12274	24.272949
11.996882	838.83093	24.282715
11.997911	833.03235	24.29248
11.997567	830.66724	24.302246
11.998515	829.74451	24.312012
11.999905	833.48755	24.321777
12.000089	840.16107	24.331543
12.000909	840.23224	24.341309
12.001796	837.39886	24.351074
12.002313	830.49683	24.36084
12.003619	827.46936	24.370605
12.005113	833.09094	24.380371
12.004972	839.27045	24.390137
12.006523	839.37201	24.399902
12.007308	836.67523	24.409668
12.007652	830.06067	24.419434
12.008514	830.45306	24.429199
12.008439	828.57013	24.438965
12.010688	836.31335	24.44873
12.011009	840.09937	24.458496
12.010932	837.79883	24.468262
12.012692	833.81506	24.478027
12.01423	825.92438	24.487793
12.014842	828.07959	24.497559
12.013892	833.09906	24.507324
12.016079	838.66321	24.51709
12.017371	837.24713	24.526855
12.017807	831.79266	24.536621
12.016748	829.30927	24.546387
12.018886	828.46741	24.556152
12.020623	830.62115	24.565918
12.020478	836.07922	24.575684
12.022292	840.24011	24.585449
12.022361	835.89587	24.595215
12.023052	827.42993	24.60498
12.024651	826.57239	24.614746
12.025145	830.89722	24.624512
12.026063	835.11005	24.634277
12.027402	834.51465	24.644043
12.027099	836.0802	24.653809
12.027956	831.8515	24.663574
12.02888	827.61542	24.67334
12.029984	828.14349	24.683105
12.031149	829.45526	24.692871
12.032113	834.96503	24.702637
12.03206	838.32159	24.712402
12.032139	830.23413	24.722168
12.033588	829.8999	24.731934
12.035177	825.28638	24.741699
12.035497	830.53693	24.751465
12.035934	831.63971	24.76123
12.037858	832.81293	24.770996
12.036602	833.89941	24.780762
12.039109	832.10382	24.790527
12.040451	826.6886	24.800293
12.040301	825.35803	24.810059
12.041898	828.93219	24.819824
12.042801	835.26575	24.82959
12.04303	832.96002	24.839355
12.044023	829.62268	24.849121
12.044956	826.37915	24.858887
12.044795	826.46716	24.868652
12.046329	826.41907	24.878418
12.04655	829.37183	24.888184
12.047895	832.79791	24.897949
12.049109	834.06958	24.907715
12.049707	829.37482	24.91748
12.050904	825.55646	24.927246
12.051146	825.53839	24.937012
12.052142	828.68121	24.946777
12.053055	833.85339	24.956543
12.053066	833.8089	24.966309
12.054237	827.66858	24.976074
12.054665	827.2702	24.98584
12.055163	824.64423	24.995605
12.056371	825.85577	25.005371
12.057919	831.49609	25.015137
12.058012	835.11603	25.024902
12.059149	832.96051	25.034668
12.059642	824.40112	25.044434
12.060891	820.20288	25.054199
12.060972	824.9079	25.063965
12.063351	828.51202	25.07373
12.062678	834.41046	25.083496
12.064083	830.77502	25.093262
12.064415	826.14142	25.103027
12.065525	823.25	25.112793
12.066978	821.12848	25.122559
12.067115	826.79987	25.132324
12.068331	831.02045	25.14209
12.069129	833.50195	25.151855
12.070262	829.70526	25.161621
12.070286	820.46887	25.171387
12.071877	820.41522	25.181152
12.071733	826.77368	25.190918
12.072299	830.68896	25.200684
12.073398	831.94604	25.210449
12.074672	828.28217	25.220215
12.07496	825.89392	25.22998
12.076352	820.83923	25.239746
12.076996	822.30188	25.249512
12.078626	828.52911	25.259277
12.07877	831.9765	25.269043
12.07898	830.05774	25.278809
12.080806	824.56012	25.288574
12.081082	820.34003	25.29834
12.081854	822.39142	25.308105
12.082166	825.87909	25.317871
12.083181	826.42053	25.327637
12.084675	827.81451	25.337402
12.085065	826.81262	25.347168
12.085382	823.58051	25.356934
12.086934	819.86108	25.366699
12.087132	821.7431	25.376465
12.088605	828.44714	25.38623
12.088892	829.08276	25.395996
12.089283	824.95618	25.405762
12.090634	826.16296	25.415527
12.091087	819.80518	25.425293
12.092738	822.85321	25.435059
12.093244	823.41565	25.444824
12.094236	824.97418	25.45459
12.094244	828.55969	25.464355
12.095479	827.29535	25.474121
12.096255	821.32159	25.483887
12.097466	817.70142	25.493652
12.098627	820.02374	25.503418
12.099805	828.44702	25.513184
12.100022	825.68738	25.522949
12.100784	826.40808	25.532715
12.101836	822.31708	25.54248
12.102033	819.51971	25.552246
12.10259	819.09833	25.562012
12.102972	820.61841	25.571777
12.105228	826.28827	25.581543
12.104537	828.28912	25.591309
12.10641	823.67542	25.601074
12.107891	817.70313	25.61084
12.107974	814.55115	25.620605
12.109276	821.75006	25.630371
12.109742	823.76263	25.640137
12.111038	826.47211	25.649902
12.111461	823.81885	25.659668
12.111376	818.91089	25.669434
12.113202	816.28491	25.679199
12.114126	815.20782	25.688965
12.113668	821.86304	25.69873
12.115185	827.98792	25.708496
12.116329	826.93658	25.718262
12.117136	819.34949	25.728027
12.117524	815.06	25.737793
12.118066	815.27191	25.747559
12.12009	821.19128	25.757324
12.120521	824.62506	25.76709
12.120391	823.38696	25.776855
12.121875	821.60181	25.786621
12.123342	816.87878	25.796387
12.12355	813.79309	25.806152
12.124854	818.44775	25.815918
12.125464	821.87012	25.825684
12.125727	826.08551	25.835449
12.127419	822.8692	25.845215
12.127002	813.49603	25.85498
12.128536	813.76172	25.864746
12.130294	816.29358	25.874512
12.129948	818.5885	25.884277
12.131038	822.27222	25.894043
12.131652	820.99542	25.903809
12.133222	819.45044	25.913574
12.13323	812.27258	25.92334
12.133097	814.39172	25.933105
12.134482	817.83911	25.942871
12.136399	822.367	25.952637
12.135971	823.76904	25.962402
12.13691	817.37762	25.972168
12.138846	813.69659	25.981934
12.139046	815.90369	25.991699
12.139973	814.39014	26.001465
12.140024	817.10181	26.01123
12.141284	820.18256	26.020996
12.14337	822.57135	26.030762
12.143073	816.85846	26.040527
12.143153	813.59998	26.050293
12.144327	812.90277	26.060059
12.145496	817.1358	26.069824
12.145621	820.80133	26.07959
12.146441	820.3717	26.089355
12.14824	817.38464	26.099121
12.14873	814.04309	26.108887
12.149058	814.67352	26.118652
12.149969	812.93365	26.128418
12.150781	816.49078	26.138184
12.152431	821.42267	26.147949
12.151801	819.01239	26.157715
12.153211	816.47266	26.16748
12.154675	809.70795	26.177246
12.155153	812.50342	26.187012
12.155441	819.30579	26.196777
12.157295	818.60449	26.206543
12.158259	820.59686	26.216309
12.159182	815.77686	26.226074
12.158298	813.02802	26.23584
12.159405	809.55591	26.245605
12.160631	810.36237	26.255371
12.161952	817.59143	26.265137
12.16137	820.81964	26.274902
12.16278	818.00586	26.284668
12.164227	812.48315	26.294434
12.164689	807.14331	26.304199
12.166428	813.26483	26.313965
12.165897	816.53369	26.32373
12.167562	819.47028	26.333496
12.167953	819.05878	26.343262
12.168485	813.27618	26.353027
12.170238	810.90436	26.362793
12.171373	808.86273	26.372559
12.172359	813.40918	26.382324
12.171804	821.87585	26.39209
12.172626	820.09583	26.401855
12.173576	814.20087	26.411621
12.175231	808.95239	26.421387
12.175352	809.2533	26.431152
12.17644	812.43646	26.440918
12.17709	816.40247	26.450684
12.17813	816.20502	26.460449
12.177979	816.93536	26.470215
12.179651	812.56976	26.47998
12.180977	806.25049	26.489746
12.181499	809.9248	26.499512
12.181901	814.00281	26.509277
12.184117	818.97101	26.519043
12.183108	814.14307	26.528809
12.184866	810.99426	26.538574
12.185408	807.90466	26.54834
12.185188	808.29993	26.558105
12.186174	811.74902	26.567871
12.187193	813.05005	26.577637
12.188174	816.17389	26.587402
12.189225	814.47687	26.597168
12.189901	808.46509	26.606934
12.191926	808.3548	26.616699
12.192192	808.5849	26.626465
12.192571	814.33295	26.63623
12.193634	817.92712	26.645996
12.194908	811.93146	26.655762
12.194341	809.20178	26.665527
12.196523	807.41284	26.675293
12.197102	808.16699	26.685059
12.197138	809.31256	26.694824
12.196774	812.16144	26.70459
12.198745	817.03381	26.714355
12.199795	812.51447	26.724121
12.200512	807.01666	26.733887
12.200806	806.33075	26.743652
12.20213	809.66937	26.753418
12.203937	813.987	26.763184
12.204254	813.96985	26.772949
12.205141	811.2381	26.782715
12.205812	810.76599	26.79248
12.207128	807.33459	26.802246
12.207836	805.5968	26.812012
12.207485	808.45074	26.821777
12.208487	814.32068	26.831543
12.209599	817.15265	26.841309
12.210007	809.96313	26.851074
12.211923	803.61267	26.86084
12.211423	806.19922	26.870605
12.213694	808.40955	26.880371
12.213736	810.85236	26.890137
12.214282	814.49713	26.899902
12.21563	811.112	26.909668
12.216308	807.23492	26.919434
12.216954	802.66327	26.929199
12.216853	801.33185	26.938965
12.218269	808.6991	26.94873
12.219751	815.79181	26.958496
12.220683	813.83417	26.968262
12.220976	806.8208	26.978027
12.222302	800.48743	26.987793
12.22265	803.48199	26.997559
12.223256	805.90576	27.007324
12.223909	811.45978	27.01709
12.226314	812.08337	27.026855
12.226209	808.74438	27.036621
12.226827	804.21802	27.046387
12.226893	798.96991	27.056152
12.228868	804.81781	27.065918
12.229838	810.61145	27.075684
12.229481	811.86523	27.085449
12.231294	809.76459	27.095215
12.231636	802.08386	27.10498
12.232788	802.50134	27.114746
12.233638	803.55756	27.124512
12.234339	807.51459	27.134277
12.233973	809.67816	27.144043
12.234913	808.95673	27.153809
12.236257	806.91382	27.163574
12.237529	801.46246	27.17334
12.238296	801.07947	27.183105
12.238997	803.30322	27.192871
12.24035	810.59161	27.202637
12.240667	808.92108	27.212402
12.240923	805.85162	27.222168
12.242341	803.20197	27.231934
12.243146	801.41876	27.241699
12.2437	803.64722	27.251465
12.244058	805.23779	27.26123
12.246556	809.98444	27.270996
12.246753	809.47632	27.280762
12.246738	802.12451	27.290527
12.247032	801.28198	27.300293
12.250122	800.42725	27.310059
12.249256	805.17102	27.319824
12.250678	809.54358	27.32959
12.250769	805.29266	27.339355
12.251427	805.53436	27.349121
12.253496	802.75269	27.358887
12.253151	801.35779	27.368652
12.254494	801.36755	27.378418
12.254034	803.64288	27.388184
12.255274	809.15649	27.397949
12.257479	807.04272	27.407715
12.257875	801.59686	27.41748
12.258247	797.39984	27.427246
12.258628	799.78101	27.437012
12.259251	802.80591	27.446777
12.260642	804.60779	27.456543
12.261603	805.25043	27.466309
12.263137	805.04993	27.476074
12.263261	799.94336	27.48584
12.263744	797.03674	27.495605
12.264735	797.39398	27.505371
12.264916	803.34894	27.515137
12.267424	808.13593	27.524902
12.268043	803.70441	27.534668
12.268403	798.26324	27.544434
12.269198	795.99829	27.554199
12.270426	797.04895	27.563965
12.271148	801.25067	27.57373
12.272231	805.13287	27.583496
12.272501	803.38159	27.593262
12.273423	799.34869	27.603027
12.274747	791.65973	27.612793
12.274545	790.70679	27.622559
12.275647	796.98969	27.632324
12.276491	803.86627	27.64209
12.277495	803.7746	27.651855
12.278031	796.56018	27.661621
12.27908	792.59473	27.671387
12.279384	791.79498	27.681152
12.279752	790.92859	27.690918
12.280704	798.33051	27.700684
12.281989	799.77118	27.710449
12.283302	798.67413	27.720215
12.284779	790.70813	27.72998
12.28466	781.08685	27.739746
12.286088	784.00562	27.749512
12.286381	790.17761	27.759277
12.287322	789.96655	27.769043
12.288461	785.00995	27.778809
12.288673	775.76208	27.788574
12.289678	767.93939	27.79834
12.290586	758.78766	27.808105
12.299958	-152.62613	27.817871
12.297783	-52.021008	27.827637
12.298571	-46.891933	27.837402
12.297978	-44.650723	27.847168
12.297744	-43.211918	27.856934
12.297686	-50.782696	27.866699
12.298767	-43.942242	27.876465
12.298228	-44.179153	27.88623
12.299707	-38.805828	27.895996
12.300465	-48.215614	27.905762
12.3006	-47.182083	27.915527
12.300315	-49.459091	27.925293
12.301377	-49.358406	27.935059
12.302091	-48.360668	27.944824
12.303602	-42.377583	27.95459
12.303422	-41.71051	27.964355
12.304614	-46.06918	27.974121
12.305998	-50.814388	27.983887
12.30694	-52.161396	27.993652
12.307375	-46.639572	28.003418
12.307756	-44.120979	28.013184
12.309456	-44.349636	28.022949
12.309878	-44.628681	28.032715
12.310228	-46.448177	28.04248
12.311851	-51.257847	28.052246
12.311845	-52.111851	28.062012
12.312269	-48.136517	28.071777
12.313041	-42.15276	28.081543
12.313801	-42.830788	28.091309
12.314278	-44.718277	28.101074
12.316767	-51.947754	28.11084
12.317212	-51.774506	28.120605
12.317571	-45.386715	28.130371
12.318172	-46.05146	28.140137
12.320466	-41.769348	28.149902
12.319882	-41.817444	28.159668
12.321614	-48.003639	28.169434
12.321434	-50.737652	28.179199
12.322618	-51.693752	28.188965
12.323573	-43.954132	28.19873
12.323869	-39.911518	28.208496
12.324425	-42.173752	28.218262
12.32612	-46.700272	28.228027
12.326974	-50.87495	28.237793
12.32715	-50.057613	28.247559
12.329069	-47.488777	28.257324
12.329263	-41.840633	28.26709
12.330668	-41.126541	28.276855
12.329305	-45.19804	28.286621
12.331182	-48.604988	28.296387
12.332629	-53.723412	28.306152
12.33363	-48.867325	28.315918
12.334425	-42.710526	28.325684
12.334464	-41.30677	28.335449
12.335284	-45.111195	28.345215
12.336881	-47.780933	28.35498
12.337217	-48.189369	28.364746
12.337232	-51.016376	28.374512
12.338097	-45.188946	28.384277
12.339985	-43.509274	28.394043
12.34026	-40.382374	28.403809
12.340867	-47.07983	28.413574
12.34196	-52.942776	28.42334
12.343196	-50.696125	28.433105
12.342935	-46.941711	28.442871
12.343411	-41.469051	28.452637
12.345752	-42.565426	28.462402
12.346668	-43.93499	28.472168
12.347026	-46.470432	28.481934
12.34777	-50.05661	28.491699
12.34844	-46.728371	28.501465
12.350047	-45.25037	28.51123
12.35024	-42.132385	28.520996
12.350993	-41.944958	28.530762
12.352975	-47.905403	28.540527
12.352448	-49.09124	28.550293
12.353232	-49.921276	28.560059
12.353879	-46.064342	28.569824
12.355487	-42.351898	28.57959
12.355691	-45.84053	28.589355
12.356001	-47.281029	28.599121
12.357337	-47.527443	28.608887
12.358289	-49.917484	28.618652
12.359193	-50.06905	28.628418
12.358667	-45.507084	28.638184
12.360185	-40.510963	28.647949
12.361958	-42.575005	28.657715
12.362081	-48.333721	28.66748
12.363462	-50.553467	28.677246
12.364346	-47.569492	28.687012
12.365737	-46.693935	28.696777
12.366439	-44.176025	28.706543
12.365201	-44.236446	28.716309
12.366776	-43.687359	28.726074
12.36827	-48.340263	28.73584
12.369506	-51.303951	28.745605
12.369367	-47.59758	28.755371
12.370535	-41.707943	28.765137
12.371631	-42.41259	28.774902
12.372094	-43.140636	28.784668
12.372653	-49.177147	28.794434
12.37302	-50.259228	28.804199
12.374402	-49.986607	28.813965
12.375612	-47.693069	28.82373
12.376668	-42.627937	28.833496
12.377543	-43.788036	28.843262
12.377103	-44.592316	28.853027
12.378339	-50.205593	28.862793
12.378677	-52.942623	28.872559
12.379375	-47.279045	28.882324
12.380284	-42.221859	28.89209
12.382452	-39.800175	28.901855
12.383479	-46.136593	28.911621
12.383606	-49.361378	28.921387
12.384994	-50.510052	28.931152
12.386131	-51.179848	28.940918
12.384828	-44.68092	28.950684
12.386474	-40.076492	28.960449
12.387098	-43.459148	28.970215
12.388889	-47.854748	28.97998
12.388086	-54.115181	28.989746
12.389905	-51.466412	28.999512
12.390947	-45.193947	29.009277
12.390976	-41.24379	29.019043
12.391965	-43.113331	29.028809
12.393716	-44.959229	29.038574
12.394192	-50.176678	29.04834
12.394287	-49.680408	29.058105
12.396567	-47.238586	29.067871
12.397181	-45.05793	29.077637
12.397019	-41.106297	29.087402
12.397844	-42.743156	29.097168
12.397834	-48.985432	29.106934
12.39992	-51.611759	29.116699
12.400906	-46.632706	29.126465
12.400844	-42.190552	29.13623
12.402461	-44.156025	29.145996
12.402617	-44.367516	29.155762
12.403583	-46.305027	29.165527
12.404002	-49.693005	29.175293
12.406081	-50.691368	29.185059
12.406141	-49.200226	29.194824
12.407917	-41.943073	29.20459
12.408615	-42.060574	29.214355
12.408136	-47.234489	29.224121
12.408966	-49.021103	29.233887
12.410365	-51.333939	29.243652
12.409749	-47.236145	29.253418
12.411971	-43.973103	29.263184
12.412512	-44.778557	29.272949
12.414085	-42.873055	29.282715
12.41358	-47.072922	29.29248
12.414566	-50.605457	29.302246
12.415576	-51.704929	29.312012
12.415699	-47.845387	29.321777
12.417271	-40.250706	29.331543
12.418774	-44.086979	29.341309
12.418645	-44.975792	29.351074
12.420583	-49.760445	29.36084
12.420412	-51.384705	29.370605
12.421688	-47.034042	29.380371
12.422664	-46.577618	29.390137
12.422011	-44.119541	29.399902
12.424667	-40.334877	29.409668
12.424532	-48.904434	29.419434
12.425371	-50.742893	29.429199
12.426504	-49.215458	29.438965
12.427653	-45.525127	29.44873
12.427462	-41.868649	29.458496
12.428267	-43.619503	29.468262
12.429403	-45.681847	29.478027
12.430138	-50.059376	29.487793
12.432281	-49.402122	29.497559
12.43229	-47.893433	29.507324
12.432397	-43.865738	29.51709
12.434223	-41.033001	29.526855
12.434519	-42.616993	29.536621
12.436178	-49.183941	29.546387
12.436213	-52.337948	29.556152
12.437141	-47.366943	29.565918
12.437846	-43.224236	29.575684
12.438316	-41.872688	29.585449
12.438926	-44.585007	29.595215
12.4399	-46.981483	29.60498
12.441924	-51.526047	29.614746
12.441631	-50.54517	29.624512
12.442849	-47.181408	29.634277
12.444014	-40.816036	29.644043
12.444521	-40.823761	29.653809
12.445932	-46.46711	29.663574
12.446022	-53.776482	29.67334
12.44488	-53.5966	29.683105
12.447789	-47.36076	29.692871
12.448436	-43.145554	29.702637
12.449373	-43.118893	29.712402
12.450103	-45.573586	29.722168
12.450435	-46.820229	29.731934
12.452217	-50.160904	29.741699
12.452151	-47.961952	29.751465
12.453712	-45.244892	29.76123
12.45412	-40.077759	29.770996
12.454638	-42.792191	29.780762
12.456306	-47.906998	29.790527
12.456098	-50.840031	29.800293
12.4565	-48.610039	29.810059
12.458614	-44.800076	29.819824
12.458389	-43.577526	29.82959
12.459242	-41.693081	29.839355
12.461201	-43.909721	29.849121
12.461226	-48.2603	29.858887
12.461795	-50.983875	29.868652
12.462882	-48.906994	29.878418
12.462963	-43.778023	29.888184
12.464805	-41.633808	29.897949
12.464999	-44.655994	29.907715
12.465875	-47.585285	29.91748
12.467746	-49.59922	29.927246
12.468662	-46.224552	29.937012
12.468944	-49.0779	29.946777
12.469966	-45.517639	29.956543
12.470513	-42.392624	29.966309
12.470791	-45.412445	29.976074
12.47132	-48.388477	29.98584
12.472477	-53.095417	29.995605
12.473942	-49.870911	30.005371
12.473788	-42.925743	30.015137
12.47532	-44.585785	30.024902
12.475946	-43.771519	30.034668
12.47742	-48.357967	30.044434
12.476854	-50.03196	30.054199
12.479175	-49.101959	30.063965
12.478203	-47.865616	30.07373
12.480454	-43.148113	30.083496
12.480902	-40.38636	30.093262
12.481236	-47.356213	30.103027
12.482364	-51.308678	30.112793
12.482771	-51.238758	30.122559
12.483347	-46.959255	30.132324
12.484745	-43.655956	30.14209
12.485468	-44.281563	30.151855
12.485593	-46.436897	30.161621
12.48693	-50.011982	30.171387
12.487608	-51.49744	30.181152
12.488885	-52.893734	30.190918
12.490135	-46.201748	30.200684
12.490857	-39.618217	30.210449
12.491458	-42.803745	30.220215
12.492243	-49.031883	30.22998
12.492537	-51.750477	30.239746
12.493554	-51.01247	30.249512
12.494343	-46.001583	30.259277
12.495128	-41.581299	30.269043
12.496308	-43.812241	30.278809
12.497078	-46.503536	30.288574
12.497632	-51.400707	30.29834
12.499386	-54.174843	30.308105
12.500333	-48.538216	30.317871
12.502301	-42.8424	30.327637
12.501177	-41.195923	30.337402
12.502569	-45.133762	30.347168
12.502144	-51.730904	30.356934
12.504255	-52.795036	30.366699
12.505125	-47.449413	30.376465
12.504822	-44.936031	30.38623
12.505507	-44.595467	30.395996
12.507082	-45.828262	30.405762
12.508308	-45.575657	30.415527
12.508768	-52.042614	30.425293
12.510202	-50.39859	30.435059
12.510308	-46.505825	30.444824
12.510893	-41.967339	30.45459
12.512129	-42.093143	30.464355
12.512259	-48.506474	30.474121
12.513623	-49.842567	30.483887
12.514018	-49.564205	30.493652
12.515851	-49.25843	30.503418
12.515526	-44.525269	30.513184
12.516569	-44.098766	30.522949
12.517368	-43.300472	30.532715
12.517468	-47.003616	30.54248
12.519042	-51.695606	30.552246
12.520245	-52.115253	30.562012
12.521419	-44.653103	30.571777
12.521859	-43.576035	30.581543
12.52278	-43.633141	30.591309
12.523099	-46.028435	30.601074
12.523249	-47.80975	30.61084
12.525669	-48.284267	30.620605
12.525359	-50.19096	30.630371
12.526092	-45.53717	30.640137
12.526314	-42.628025	30.649902
12.527832	-44.590733	30.659668
12.52882	-47.370399	30.669434
12.529029	-53.211411	30.679199
12.531274	-50.039417	30.688965
12.531381	-43.810936	30.69873
12.533102	-45.715248	30.708496
12.532791	-42.357254	30.718262
12.53448	-47.140636	30.728027
12.534374	-49.870174	30.737793
12.534812	-49.820026	30.747559
12.535945	-50.396355	30.757324
12.536816	-42.876057	30.76709
12.536906	-40.427238	30.776855
12.537871	-42.471306	30.786621
12.53945	-50.940887	30.796387
12.540104	-54.747356	30.806152
12.541087	-47.657761	30.815918
12.542164	-45.071083	30.825684
12.542218	-42.395771	30.835449
12.5436	-42.999542	30.845215
12.544337	-47.282131	30.85498
12.54518	-51.57111	30.864746
12.545239	-53.067802	30.874512
12.546207	-47.866108	30.884277
12.548059	-40.811539	30.894043
12.548873	-40.546623	30.903809
12.548391	-46.46484	30.913574
12.549462	-52.246105	30.92334
12.551583	-51.321571	30.933105
12.551829	-47.213028	30.942871

