MTS793|BTW|ENU|1|2|.|/|:|1|0|0|A

Data Header:			typeiv_0.3302_solid_090_monotonic_r0			Time:	20.021729	s	4/14/2019 3:34:30 AM
Data Acquisition:	Timed
Station Name:	ft40.cfg
Test File Name:	monotonic_0.2540_typeiv_solid_090_dimension.tst
Displacement	Force	Running Time
mm	N	s
-40.039883	-117.79802	0.026611328
-40.040592	-121.06042	0.036376953
-40.041367	-122.85641	0.046142578
-40.040745	-118.12126	0.055908203
-40.041489	-116.09302	0.065673828
-40.040188	-115.27843	0.075439453
-40.039776	-119.08253	0.085205078
-40.040672	-121.02338	0.094970703
-40.038006	-118.93193	0.10473633
-40.036976	-119.49001	0.11450195
-40.03722	-114.99915	0.12426758
-40.036289	-112.8911	0.1340332
-40.035149	-111.96452	0.14379883
-40.034279	-113.76578	0.15356445
-40.033409	-120.15159	0.16333008
-40.033119	-117.83949	0.1730957
-40.031448	-111.62646	0.18286133
-40.030197	-109.07962	0.19262695
-40.029457	-109.23301	0.20239258
-40.029816	-114.93124	0.2121582
-40.028374	-113.71598	0.22192383
-40.027885	-111.37325	0.23168945
-40.02594	-111.2711	0.24145508
-40.025894	-109.63453	0.2512207
-40.025097	-106.57652	0.26098633
-40.023613	-107.22408	0.27075195
-40.022991	-111.06175	0.28051758
-40.021652	-110.33524	0.2902832
-40.021145	-109.18468	0.30004883
-40.021008	-103.91659	0.30981445
-40.02029	-104.11514	0.31958008
-40.01931	-105.30854	0.3293457
-40.017944	-107.356	0.33911133
-40.018295	-105.39558	0.34887695
-40.015923	-105.35625	0.35864258
-40.015266	-105.70456	0.3684082
-40.015739	-101.48582	0.37817383
-40.014755	-100.34216	0.38793945
-40.012115	-102.17017	0.39770508
-40.013008	-102.26688	0.4074707
-40.010807	-107.23138	0.41723633
-40.011398	-101.7566	0.42700195
-40.009945	-99.524483	0.43676758
-40.010078	-100.12021	0.4465332
-40.009155	-97.140694	0.45629883
-40.00798	-98.431099	0.46606445
-40.007759	-99.766708	0.47583008
-40.005817	-102.00484	0.4855957
-40.004715	-102.09709	0.49536133
-40.004986	-94.184052	0.50512695
-40.004375	-93.211632	0.51489258
-40.003567	-95.302589	0.5246582
-40.002979	-97.915344	0.53442383
-40.001152	-98.123886	0.54418945
-40.000919	-95.56739	0.55395508
-39.999802	-96.1036	0.5637207
-39.999458	-91.106544	0.57348633
-39.997398	-90.189255	0.58325195
-39.996952	-92.273094	0.59301758
-39.996777	-95.681252	0.6027832
-39.995232	-95.024712	0.61254883
-39.994179	-92.445633	0.62231445
-39.995186	-84.014084	0.63208008
-39.993633	-86.660706	0.6418457
-39.992558	-89.85672	0.65161133
-39.991814	-93.1464	0.66137695
-39.990559	-90.765121	0.67114258
-39.989006	-91.301804	0.6809082
-39.988876	-85.296593	0.69067383
-39.988251	-84.556725	0.70043945
-39.988243	-84.047707	0.71020508
-39.986145	-88.068138	0.7199707
-39.984921	-91.472237	0.72973633
-39.984825	-87.680046	0.73950195
-39.983711	-83.736542	0.74926758
-39.983803	-80.518738	0.7590332
-39.983532	-83.765129	0.76879883
-39.982952	-83.868362	0.77856445
-39.981346	-84.619377	0.78833008
-39.980824	-86.875984	0.7980957
-39.978725	-81.436722	0.80786133
-39.978027	-79.90126	0.81762695
-39.977489	-77.387291	0.82739258
-39.978287	-78.80201	0.8371582
-39.976936	-84.830513	0.84692383
-39.975792	-81.16465	0.85668945
-39.974182	-78.498642	0.86645508
-39.973038	-75.805038	0.8762207
-39.972942	-75.894867	0.88598633
-39.971619	-78.635315	0.89575195
-39.971615	-78.084244	0.90551758
-39.970329	-79.226372	0.9152832
-39.970703	-77.542458	0.92504883
-39.96899	-76.416298	0.93481445
-39.968452	-73.048218	0.94458008
-39.968422	-69.965309	0.9543457
-39.964279	-74.979744	0.96411133
-39.964809	-76.549156	0.97387695
-39.965996	-75.030533	0.98364258
-39.963806	-73.03968	0.9934082
-39.962715	-71.258354	1.0031738
-39.961937	-71.572182	1.0129395
-39.960743	-71.371399	1.0227051
-39.960712	-70.115738	1.0324707
-39.959759	-72.34082	1.0422363
-39.957882	-73.213966	1.052002
-39.959061	-68.341797	1.0617676
-39.957253	-66.99366	1.0715332
-39.956711	-66.095192	1.0812988
-39.956352	-66.637398	1.0910645
-39.954834	-70.898796	1.1008301
-39.95409	-67.740974	1.1105957
-39.953865	-66.403717	1.1203613
-39.952198	-65.987152	1.130127
-39.951881	-62.510544	1.1398926
-39.951233	-64.213158	1.1496582
-39.950489	-65.74411	1.1594238
-39.950329	-68.392227	1.1691895
-39.948318	-66.911331	1.1789551
-39.947521	-61.814949	1.1887207
-39.946686	-60.159256	1.1984863
-39.946587	-58.706753	1.208252
-39.945065	-62.541492	1.2180176
-39.944595	-65.3451	1.2277832
-39.943401	-60.689682	1.2375488
-39.943012	-62.231709	1.2473145
-39.941059	-57.82373	1.2570801
-39.941402	-55.884216	1.2668457
-39.940174	-58.250389	1.2766113
-39.939053	-61.182552	1.286377
-39.93779	-65.277412	1.2961426
-39.937298	-60.607655	1.3059082
-39.936859	-53.378262	1.3156738
-39.936531	-53.847454	1.3254395
-39.934853	-55.779987	1.3352051
-39.934662	-58.222954	1.3449707
-39.934792	-57.207283	1.3547363
-39.932667	-58.064888	1.364502
-39.932762	-52.982754	1.3742676
-39.930634	-50.129959	1.3840332
-39.931236	-51.310677	1.3937988
-39.929447	-52.486797	1.4035645
-39.929214	-57.444679	1.4133301
-39.929127	-55.510853	1.4230957
-39.928043	-51.569649	1.4328613
-39.927094	-46.243858	1.442627
-39.925663	-50.137074	1.4523926
-39.924576	-52.000534	1.4621582
-39.923588	-51.211643	1.4719238
-39.924	-53.062885	1.4816895
-39.921894	-49.567116	1.4914551
-39.92075	-47.712456	1.5012207
-39.92065	-45.45121	1.5109863
-39.920109	-44.5672	1.520752
-39.918785	-52.20306	1.5305176
-39.917549	-49.209473	1.5402832
-39.917835	-49.027908	1.5500488
-39.917358	-44.588871	1.5598145
-39.915611	-41.735378	1.5695801
-39.916119	-44.397247	1.5793457
-39.915195	-42.768524	1.5891113
-39.913845	-45.216938	1.598877
-39.912102	-44.976723	1.6086426
-39.911385	-44.459282	1.6184082
-39.910725	-42.144066	1.6281738
-39.910763	-37.69899	1.6379395
-39.909355	-40.901985	1.6477051
-39.908619	-41.801929	1.6574707
-39.906975	-41.888908	1.6672363
-39.907444	-40.664803	1.677002
-39.905334	-39.149601	1.6867676
-39.904961	-37.504158	1.6965332
-39.905285	-37.339382	1.7062988
-39.903545	-36.885506	1.7160645
-39.90353	-39.211689	1.7258301
-39.901524	-40.140137	1.7355957
-39.901039	-38.407627	1.7453613
-39.900982	-32.959858	1.755127
-39.899517	-33.95586	1.7648926
-39.899246	-34.756496	1.7746582
-39.897648	-36.757053	1.7844238
-39.897659	-36.788597	1.7941895
-39.897137	-36.461433	1.8039551
-39.896221	-34.993481	1.8137207
-39.894756	-31.167389	1.8234863
-39.893734	-29.01111	1.833252
-39.893108	-32.373451	1.8430176
-39.891972	-37.551163	1.8527832
-39.890411	-35.580807	1.8625488
-39.890709	-29.92597	1.8723145
-39.890381	-27.445086	1.8820801
-39.88958	-26.12801	1.8918457
-39.888065	-29.603977	1.9016113
-39.887955	-30.853422	1.911377
-39.887043	-30.767876	1.9211426
-39.885792	-32.523659	1.9309082
-39.885429	-25.791971	1.9406738
-39.883713	-22.104507	1.9504395
-39.883427	-23.598986	1.9602051
-39.883087	-27.028969	1.9699707
-39.882584	-31.048225	1.9797363
-39.880882	-27.326687	1.989502
-39.879944	-22.686085	1.9992676
-39.87899	-22.327572	2.0090332
-39.879299	-21.431677	2.0187988
-39.877911	-23.674675	2.0285645
-39.876053	-24.014046	2.0383301
-39.877182	-26.469784	2.0480957
-39.875702	-22.146038	2.0578613
-39.873344	-17.483614	2.067627
-39.873253	-17.871517	2.0773926
-39.873466	-19.490891	2.0871582
-39.872036	-24.372868	2.0969238
-39.871487	-24.662436	2.1066895
-39.870667	-18.110451	2.1164551
-39.870007	-15.052961	2.1262207
-39.868889	-15.325149	2.1359863
-39.868778	-17.919243	2.145752
-39.866653	-17.245821	2.1555176
-39.865993	-20.201878	2.1652832
-39.865349	-17.795551	2.1750488
-39.864353	-16.264927	2.1848145
-39.863663	-9.9368668	2.1945801
-39.864185	-14.036325	2.2043457
-39.860722	-16.401594	2.2141113
-39.861511	-16.368431	2.223877
-39.86021	-15.996831	2.2336426
-39.859592	-13.33553	2.2434082
-39.859653	-10.392369	2.2531738
-39.857445	-10.476602	2.2629395
-39.858387	-9.9843941	2.2727051
-39.856667	-12.36147	2.2824707
-39.855885	-13.876861	2.2922363
-39.855347	-14.488297	2.302002
-39.853447	-10.389449	2.3117676
-39.85408	-5.2610197	2.3215332
-39.852558	-9.1079473	2.3312988
-39.852692	-8.7766333	2.3410645
-39.850044	-9.6080265	2.3508301
-39.85038	-9.5488377	2.3605957
-39.848595	-7.5030541	2.3703613
-39.8493	-7.5486555	2.380127
-39.84684	-4.6197562	2.3898926
-39.847153	-4.4322767	2.3996582
-39.846786	-7.2608085	2.4094238
-39.844906	-7.1013961	2.4191895
-39.843891	-7.7103872	2.4289551
-39.843513	-3.7245538	2.4387207
-39.842304	-0.6820507	2.4484863
-39.841343	0.22673982	2.458252
-39.841312	-3.4221864	2.4680176
-39.8405	-4.3008075	2.4777832
-39.83868	-4.439744	2.4875488
-39.83786	-2.1683998	2.4973145
-39.838619	2.2571535	2.5070801
-39.836536	4.6080899	2.5168457
-39.836121	2.1526222	2.5266113
-39.836643	-1.541118	2.536377
-39.834515	-3.7483745	2.5461426
-39.834915	0.35922429	2.5559082
-39.833176	2.6292639	2.5656738
-39.83176	7.0836401	2.5754395
-39.830658	3.0619512	2.5852051
-39.831543	3.0412064	2.5949707
-39.829636	1.9618495	2.6047363
-39.828396	-0.46412241	2.614502
-39.828087	6.4608431	2.6242676
-39.827221	9.4406252	2.6340332
-39.825623	10.963233	2.6437988
-39.825447	6.389091	2.6535645
-39.82531	1.5065635	2.6633301
-39.824997	3.3037415	2.6730957
-39.823975	7.65833	2.6828613
-39.821968	12.899276	2.692627
-39.820862	11.155974	2.7023926
-39.821545	9.5179281	2.7121582
-39.820057	9.3468447	2.7219238
-39.819946	4.2958736	2.7316895
-39.817524	8.9519596	2.7414551
-39.817127	12.82683	2.7512207
-39.817089	16.487246	2.7609863
-39.816517	16.076345	2.770752
-39.815674	9.8654108	2.7805176
-39.8139	9.0804043	2.7902832
-39.813145	15.087124	2.8000488
-39.812176	15.850116	2.8098145
-39.81274	16.226332	2.8195801
-39.812092	17.347771	2.8293457
-39.810734	16.572546	2.8391113
-39.809788	13.508879	2.848877
-39.808441	14.241013	2.8586426
-39.807762	16.393072	2.8684082
-39.806858	20.74637	2.8781738
-39.806595	19.831501	2.8879395
-39.8055	16.762434	2.8977051
-39.804661	16.408318	2.9074707
-39.803963	17.243206	2.9172363
-39.802658	19.662031	2.927002
-39.801865	19.264715	2.9367676
-39.800911	22.487684	2.9465332
-39.800541	25.577047	2.9562988
-39.800655	20.738344	2.9660645
-39.799175	21.172348	2.9758301
-39.798042	18.487631	2.9855957
-39.797886	21.431952	2.9953613
-39.797031	27.007645	3.005127
-39.796604	24.504587	3.0148926
-39.794537	26.284678	3.0246582
-39.793564	22.604738	3.0344238
-39.793503	23.967743	3.0441895
-39.792992	24.918596	3.0539551
-39.79015	23.299789	3.0637207
-39.791176	29.701677	3.0734863
-39.789375	31.404066	3.083252
-39.789112	25.549072	3.0930176
-39.789356	24.754286	3.1027832
-39.787491	25.021837	3.1125488
-39.786572	30.564573	3.1223145
-39.7868	30.930431	3.1320801
-39.785782	32.878193	3.1418457
-39.784367	32.814247	3.1516113
-39.783699	28.240433	3.161377
-39.782631	28.644878	3.1711426
-39.781193	27.999514	3.1809082
-39.781025	32.907547	3.1906738
-39.780209	38.625984	3.2004395
-39.779305	37.324051	3.2102051
-39.778679	30.676996	3.2199707
-39.778049	29.197678	3.2297363
-39.77697	32.591873	3.239502
-39.774811	36.138409	3.2492676
-39.775654	39.616718	3.2590332
-39.774952	38.42186	3.2687988
-39.77314	36.81274	3.2785645
-39.771912	34.777702	3.2883301
-39.771374	33.370712	3.2980957
-39.771481	37.189232	3.3078613
-39.771282	41.727299	3.317627
-39.769806	44.979229	3.3273926
-39.768509	39.761078	3.3371582
-39.767509	34.591869	3.3469238
-39.767593	38.178688	3.3566895
-39.766556	38.129227	3.3664551
-39.765583	42.629223	3.3762207
-39.764717	44.79668	3.3859863
-39.763336	44.777519	3.395752
-39.763309	43.360703	3.4055176
-39.761955	37.070702	3.4152832
-39.762047	41.703365	3.4250488
-39.760456	44.669991	3.4348145
-39.759262	48.138142	3.4445801
-39.758488	47.370384	3.4543457
-39.758106	42.169346	3.4641113
-39.7579	42.532841	3.473877
-39.756226	46.835701	3.4836426
-39.755161	45.331284	3.4934082
-39.755028	47.480408	3.5031738
-39.753643	49.936039	3.5129395
-39.752037	48.606491	3.5227051
-39.751907	47.244427	3.5324707
-39.751839	45.031578	3.5422363
-39.751152	48.894207	3.552002
-39.750443	52.043785	3.5617676
-39.747772	54.082653	3.5715332
-39.747589	50.978306	3.5812988
-39.748211	49.972897	3.5910645
-39.746674	50.493153	3.6008301
-39.745853	51.118774	3.6105957
-39.745438	50.309353	3.6203613
-39.746231	52.845318	3.630127
-39.743389	56.946323	3.6398926
-39.742954	55.63929	3.6496582
-39.741867	53.024055	3.6594238
-39.740582	49.705189	3.6691895
-39.738842	54.631153	3.6789551
-39.739304	58.315891	3.6887207
-39.73922	56.327209	3.6984863
-39.739033	58.67313	3.708252
-39.738243	57.170765	3.7180176
-39.736782	57.751732	3.7277832
-39.734928	55.953159	3.7375488
-39.735317	56.462578	3.7473145
-39.733757	63.000187	3.7570801
-39.732864	62.8978	3.7668457
-39.732231	61.404831	3.7766113
-39.731464	57.505569	3.786377
-39.729801	57.455189	3.7961426
-39.729198	61.600739	3.8059082
-39.72937	61.842175	3.8156738
-39.728096	65.558075	3.8254395
-39.727528	66.082268	3.8352051
-39.72702	63.097603	3.8449707
-39.725994	61.155773	3.8547363
-39.724586	58.402447	3.864502
-39.724361	65.266846	3.8742676
-39.723206	71.152229	3.8840332
-39.721729	70.080139	3.8937988
-39.721714	64.583786	3.9035645
-39.7202	61.300953	3.9133301
-39.720093	62.765919	3.9230957
-39.719116	68.450233	3.9328613
-39.718414	69.609474	3.942627
-39.716965	72.282043	3.9523926
-39.716305	70.622192	3.9621582
-39.715515	67.806892	3.9719238
-39.715191	64.746559	3.9816895
-39.713867	67.236244	3.9914551
-39.714153	73.886322	4.0012207
-39.712887	76.157524	4.0109863
-39.711849	72.351479	4.020752
-39.710873	69.984474	4.0305176
-39.709713	69.04409	4.0402832
-39.70887	71.246613	4.0500488
-39.709213	73.963013	4.0598145
-39.707638	76.367195	4.0695801
-39.706837	78.301285	4.0793457
-39.706924	76.782425	4.0891113
-39.70607	71.3778	4.098877
-39.704121	73.775124	4.1086426
-39.703487	75.628761	4.1184082
-39.703384	80.094162	4.1281738
-39.702328	80.490097	4.1379395
-39.700886	75.726402	4.1477051
-39.700462	76.87706	4.1574707
-39.699261	76.544853	4.1672363
-39.698837	78.47287	4.177002
-39.698578	79.612885	4.1867676
-39.698399	82.564186	4.1965332
-39.695732	84.66214	4.2062988
-39.695709	78.667816	4.2160645
-39.694908	78.587349	4.2258301
-39.693893	78.934624	4.2355957
-39.693928	81.86219	4.2453613
-39.691284	85.674759	4.255127
-39.692043	83.743576	4.2648926
-39.690113	83.334595	4.2746582
-39.68932	84.848518	4.2844238
-39.689373	81.873383	4.2941895
-39.688343	84.630882	4.3039551
-39.687077	84.760071	4.3137207
-39.686852	89.227203	4.3234863
-39.686268	91.085503	4.333252
-39.684036	86.656593	4.3430176
-39.683937	83.973289	4.3527832
-39.682598	86.566467	4.3625488
-39.683243	88.439262	4.3723145
-39.682274	89.102783	4.3820801
-39.681995	91.096527	4.3918457
-39.679825	90.655937	4.4016113
-39.679703	89.510643	4.411377
-39.678497	87.368065	4.4211426
-39.677776	87.759293	4.4309082
-39.67717	93.215553	4.4406738
-39.675888	96.245613	4.4504395
-39.675816	95.491867	4.4602051
-39.674747	91.401665	4.4699707
-39.674221	89.506691	4.4797363
-39.672379	91.812782	4.489502
-39.672588	93.599731	4.4992676
-39.670521	99.040802	4.5090332
-39.670162	98.115776	4.5187988
-39.670109	97.209755	4.5285645
-39.669155	94.288315	4.5383301
-39.667034	90.272675	4.5480957
-39.666973	97.946198	4.5578613
-39.666363	102.31226	4.567627
-39.664158	103.82233	4.5773926
-39.664196	99.056435	4.5871582
-39.664406	94.980736	4.5969238
-39.662834	96.926437	4.6066895
-39.662312	98.958237	4.6164551
-39.662106	101.42922	4.6262207
-39.661171	105.50348	4.6359863
-39.659111	104.98199	4.645752
-39.659039	102.41479	4.6555176
-39.65871	95.77359	4.6652832
-39.658329	99.327759	4.6750488
-39.657421	104.83971	4.6848145
-39.655434	108.27305	4.6945801
-39.655308	105.81464	4.7043457
-39.65469	101.78439	4.7141113
-39.654015	101.77792	4.723877
-39.652203	103.94692	4.7336426
-39.649662	106.63023	4.7434082
-39.651245	106.70567	4.7531738
-39.64986	110.79733	4.7629395
-39.647652	109.58999	4.7727051
-39.647747	104.28466	4.7824707
-39.647949	105.8961	4.7922363
-39.647358	106.288	4.802002
-39.646351	112.27507	4.8117676
-39.645546	110.37477	4.8215332
-39.643497	110.02954	4.8312988
-39.64307	110.37114	4.8410645
-39.642994	108.701	4.8508301
-39.642693	108.94261	4.8605957
-39.641777	109.90626	4.8703613
-39.640255	113.00391	4.880127
-39.639042	116.06049	4.8898926
-39.638897	112.66629	4.8996582
-39.638695	110.59424	4.9094238
-39.637531	112.0519	4.9191895
-39.636505	112.22017	4.9289551
-39.635509	116.60561	4.9387207
-39.634262	115.97588	4.9484863
-39.633568	117.64358	4.958252
-39.633568	116.79269	4.9680176
-39.631546	114.71655	4.9777832
-39.630917	113.42867	4.9875488
-39.631191	115.84445	4.9973145
-39.630116	121.48748	5.0070801
-39.628403	122.96413	5.0168457
-39.627747	120.17574	5.0266113
-39.626984	118.03924	5.036377
-39.626347	117.10345	5.0461426
-39.625103	118.0913	5.0559082
-39.624676	121.67899	5.0656738
-39.624184	123.41808	5.0754395
-39.623318	126.20746	5.0852051
-39.622078	122.63773	5.0949707
-39.622505	119.81513	5.1047363
-39.619701	117.96564	5.114502
-39.620174	123.233	5.1242676
-39.61998	127.7739	5.1340332
-39.618172	129.96083	5.1437988
-39.617756	122.47162	5.1535645
-39.61631	122.21723	5.1633301
-39.615784	121.8755	5.1730957
-39.616341	122.92525	5.1828613
-39.614254	130.7421	5.192627
-39.613853	129.65475	5.2023926
-39.612934	131.31009	5.2121582
-39.610882	126.46478	5.2219238
-39.612057	121.97753	5.2316895
-39.609936	127.91576	5.2414551
-39.609806	131.51477	5.2512207
-39.60828	134.03471	5.2609863
-39.608471	132.12677	5.270752
-39.606781	127.03222	5.2805176
-39.606297	129.68713	5.2902832
-39.605907	128.94443	5.3000488
-39.604961	133.2309	5.3098145
-39.604427	134.76178	5.3195801
-39.602505	136.37103	5.3293457
-39.601837	134.7906	5.3391113
-39.600441	129.46645	5.348877
-39.600365	130.77325	5.3586426
-39.599838	136.54874	5.3684082
-39.598953	138.54697	5.3781738
-39.597153	137.51477	5.3879395
-39.597881	136.45116	5.3977051
-39.596817	134.79611	5.4074707
-39.595203	134.53635	5.4172363
-39.595253	136.26144	5.427002
-39.594269	138.17113	5.4367676
-39.593266	142.19379	5.4465332
-39.591881	141.57298	5.4562988
-39.591297	138.05296	5.4660645
-39.59021	136.94299	5.4758301
-39.590408	138.01784	5.4855957
-39.589455	142.01732	5.4953613
-39.587345	142.13736	5.505127
-39.588253	142.40173	5.5148926
-39.586388	142.16597	5.5246582
-39.586647	142.24409	5.5344238
-39.58511	141.09561	5.5441895
-39.583508	139.03168	5.5539551
-39.582657	143.66003	5.5637207
-39.581364	149.31004	5.5734863
-39.583061	144.75975	5.583252
-39.580982	146.75456	5.5930176
-39.580833	142.88829	5.6027832
-39.579918	144.95401	5.6125488
-39.578091	147.98717	5.6223145
-39.57719	145.43857	5.6320801
-39.577068	150.293	5.6418457
-39.576084	150.33003	5.6516113
-39.574692	147.56079	5.661377
-39.574818	145.53641	5.6711426
-39.573875	146.70183	5.6809082
-39.572868	151.99532	5.6906738
-39.571762	152.25826	5.7004395
-39.571972	152.38783	5.7102051
-39.570656	150.55693	5.7199707
-39.568325	148.18983	5.7297363
-39.569492	151.54491	5.739502
-39.568031	149.92719	5.7492676
-39.56662	155.02676	5.7590332
-39.566505	158.82176	5.7687988
-39.565018	154.55185	5.7785645
-39.563839	149.46886	5.7883301
-39.563633	150.27855	5.7980957
-39.56332	153.8674	5.8078613
-39.562889	158.97408	5.817627
-39.561104	161.31738	5.8273926
-39.561348	155.95152	5.8371582
-39.560112	156.09825	5.8469238
-39.558235	154.2755	5.8566895
-39.556843	154.79868	5.8664551
-39.558334	159.50797	5.8762207
-39.557163	161.52977	5.8859863
-39.555553	163.80055	5.895752
-39.555782	159.19836	5.9055176
-39.553715	154.44498	5.9152832
-39.553097	158.14565	5.9250488
-39.55254	161.2332	5.9348145
-39.551586	166.9756	5.9445801
-39.550827	163.021	5.9543457
-39.5499	161.38074	5.9641113
-39.548424	161.48004	5.973877
-39.549114	159.02557	5.9836426
-39.548061	162.9726	5.9934082
-39.546268	165.51791	6.0031738
-39.546268	170.168	6.0129395
-39.545124	168.11011	6.0227051
-39.543663	159.50069	6.0324707
-39.542751	162.25974	6.0422363
-39.542416	166.21011	6.052002
-39.541943	168.87625	6.0617676
-39.541485	169.39284	6.0715332
-39.540825	166.23563	6.0812988
-39.539558	168.08022	6.0910645
-39.538986	166.36769	6.1008301
-39.537689	165.62454	6.1105957
-39.537621	169.61426	6.1203613
-39.536594	172.31075	6.130127
-39.535622	173.8167	6.1398926
-39.534824	170.51163	6.1496582
-39.533417	167.76465	6.1594238
-39.532314	168.82623	6.1691895
-39.533401	170.94186	6.1789551
-39.531223	173.49608	6.1887207
-39.531391	173.41711	6.1984863
-39.531033	173.84827	6.208252
-39.528919	174.09677	6.2180176
-39.528496	170.70042	6.2277832
-39.527874	168.68765	6.2375488
-39.526459	174.04707	6.2473145
-39.52589	176.343	6.2570801
-39.525688	177.73351	6.2668457
-39.524052	177.77704	6.2766113
-39.523937	173.48138	6.286377
-39.523594	174.36508	6.2961426
-39.521431	177.13834	6.3059082
-39.520931	176.78894	6.3156738
-39.52042	180.99596	6.3254395
-39.518841	181.97855	6.3352051
-39.518837	178.85056	6.3449707
-39.516998	175.12726	6.3547363
-39.518135	176.08281	6.364502
-39.516891	182.72925	6.3742676
-39.515972	183.13214	6.3840332
-39.514732	185.14612	6.3937988
-39.513546	181.80484	6.4035645
-39.512119	180.63797	6.4133301
-39.512371	181.44325	6.4230957
-39.511116	180.22536	6.4328613
-39.511421	186.68289	6.442627
-39.508663	190.02367	6.4523926
-39.508698	188.53847	6.4621582
-39.508045	182.56122	6.4719238
-39.507729	179.94519	6.4816895
-39.505775	183.97003	6.4914551
-39.504772	190.35799	6.5012207
-39.504761	188.95937	6.5109863
-39.503914	190.03827	6.520752
-39.502735	186.53888	6.5305176
-39.501564	185.56018	6.5402832
-39.502476	185.10551	6.5500488
-39.501244	188.00481	6.5598145
-39.499439	192.89474	6.5695801
-39.499329	194.80449	6.5793457
-39.498154	190.67754	6.5891113
-39.496861	186.31386	6.598877
-39.497311	186.44122	6.6086426
-39.496243	191.31657	6.6184082
-39.494667	197.35202	6.6281738
-39.494186	195.67853	6.6379395
-39.491924	195.99361	6.6477051
-39.492447	191.91188	6.6574707
-39.492214	190.06467	6.6672363
-39.489815	193.28174	6.677002
-39.489677	195.55276	6.6867676
-39.489925	201.57854	6.6965332
-39.488762	198.5414	6.7062988
-39.487934	193.96915	6.7160645
-39.486618	192.67514	6.7258301
-39.486309	195.0699	6.7355957
-39.484524	197.26602	6.7453613
-39.483261	200.27258	6.755127
-39.482964	199.26059	6.7648926
-39.483452	203.12836	6.7746582
-39.48143	197.14397	6.7844238
-39.481735	196.6496	6.7941895
-39.480812	198.1357	6.8039551
-39.479305	201.94917	6.8137207
-39.479767	206.12938	6.8234863
-39.477058	200.97006	6.833252
-39.475967	199.61288	6.8430176
-39.475658	201.33711	6.8527832
-39.47636	200.82883	6.8625488
-39.474968	204.00291	6.8723145
-39.47356	204.74722	6.8820801
-39.473484	204.65094	6.8918457
-39.472183	205.49745	6.9016113
-39.471264	201.95917	6.911377
-39.471462	200.70004	6.9211426
-39.469967	203.2702	6.9309082
-39.467934	207.6192	6.9406738
-39.468353	207.36928	6.9504395
-39.467125	208.19621	6.9602051
-39.466534	205.64461	6.9699707
-39.464825	205.49913	6.9797363
-39.464005	204.48819	6.989502
-39.46373	207.13696	6.9992676
-39.463043	210.98685	7.0090332
-39.462784	214.39569	7.0187988
-39.462013	212.12129	7.0285645
-39.460148	206.81802	7.0383301
-39.458778	206.44287	7.0480957
-39.458748	212.08673	7.0578613
-39.457836	212.8188	7.067627
-39.458099	215.17104	7.0773926
-39.45676	213.38217	7.0871582
-39.455338	211.1355	7.0969238
-39.45549	212.07814	7.1066895
-39.45359	208.57314	7.1164551
-39.453964	215.85622	7.1262207
-39.451015	219.56013	7.1359863
-39.451134	218.51704	7.145752
-39.451122	215.5032	7.1555176
-39.449955	210.49216	7.1652832
-39.448353	214.313	7.1750488
-39.448997	217.92078	7.1848145
-39.44759	219.46889	7.1945801
-39.446957	220.12759	7.2043457
-39.446205	218.56992	7.2141113
-39.445133	216.79382	7.223877
-39.443748	213.16156	7.2336426
-39.443272	217.80917	7.2434082
-39.442745	223.37837	7.2531738
-39.44157	224.03056	7.2629395
-39.440983	222.77121	7.2727051
-39.439934	216.93515	7.2824707
-39.44009	217.73656	7.2922363
-39.438438	222.67137	7.302002
-39.437092	224.67581	7.3117676
-39.437164	223.52135	7.3215332
-39.436035	225.33879	7.3312988
-39.435322	224.00998	7.3410645
-39.43483	220.87027	7.3508301
-39.433868	223.29153	7.3605957
-39.433167	223.31952	7.3703613
-39.432133	228.99911	7.380127
-39.431984	226.93794	7.3898926
-39.430504	224.15193	7.3996582
-39.429836	224.58058	7.4094238
-39.429138	224.84048	7.4191895
-39.42765	225.78944	7.4289551
-39.428226	229.53381	7.4387207
-39.426243	228.89027	7.4484863
-39.426281	230.95612	7.458252
-39.424637	229.63937	7.4680176
-39.424053	227.70564	7.4777832
-39.422924	226.87126	7.4875488
-39.422264	231.78903	7.4973145
-39.421661	236.64717	7.5070801
-39.419651	231.58218	7.5168457
-39.420547	230.75423	7.5266113
-39.41835	229.91014	7.536377
-39.418358	229.89453	7.5461426
-39.416592	230.77692	7.5559082
-39.414841	231.5945	7.5656738
-39.415577	236.65341	7.5754395
-39.41502	238.79211	7.5852051
-39.414917	233.23061	7.5949707
-39.412788	231.73016	7.6047363
-39.412312	232.71211	7.614502
-39.4105	236.73567	7.6242676
-39.41095	238.81227	7.6340332
-39.410526	239.47188	7.6437988
-39.409599	238.30484	7.6535645
-39.408253	236.3614	7.6633301
-39.407227	234.92932	7.6730957
-39.406723	236.82222	7.6828613
-39.406578	239.95253	7.692627
-39.406208	245.40575	7.7023926
-39.404388	243.37057	7.7121582
-39.402786	236.746	7.7219238
-39.403297	236.99004	7.7316895
-39.40136	239.78418	7.7414551
-39.401417	241.78879	7.7512207
-39.40044	246.55997	7.7609863
-39.399193	244.68848	7.770752
-39.397659	244.60513	7.7805176
-39.397778	240.82149	7.7902832
-39.397041	238.65942	7.8000488
-39.395416	244.85031	7.8098145
-39.396881	248.35986	7.8195801
-39.393551	250.18832	7.8293457
-39.394276	245.33516	7.8391113
-39.393478	239.97711	7.848877
-39.392216	242.96213	7.8586426
-39.392097	244.78008	7.8684082
-39.390427	250.79718	7.8781738
-39.390064	250.31015	7.8879395
-39.389343	248.61182	7.8977051
-39.389557	249.1499	7.9074707
-39.386826	243.87335	7.9172363
-39.386822	246.2202	7.927002
-39.385998	250.75462	7.9367676
-39.385609	253.68532	7.9465332
-39.384041	253.65466	7.9562988
-39.382919	248.52609	7.9660645
-39.382355	245.88834	7.9758301
-39.381248	250.77673	7.9855957
-39.380569	251.73222	7.9953613
-39.380371	254.47795	8.005127
-39.378944	255.4678	8.0148926
-39.378132	254.03529	8.0246582
-39.377178	251.04773	8.0344238
-39.376755	249.78413	8.0441895
-39.376144	252.38353	8.0539551
-39.374619	258.17255	8.0637207
-39.374737	257.14142	8.0734863
-39.374195	256.60574	8.083252
-39.372494	253.44936	8.0930176
-39.372498	255.10698	8.1027832
-39.370632	256.28116	8.1125488
-39.368732	256.31995	8.1223145
-39.370365	258.0582	8.1320801
-39.370155	261.36182	8.1418457
-39.368774	258.57211	8.1516113
-39.368538	257.32709	8.161377
-39.366638	253.87457	8.1711426
-39.36544	259.50266	8.1809082
-39.364491	262.64401	8.1906738
-39.363342	261.89386	8.2004395
-39.363827	261.19058	8.2102051
-39.36161	260.55936	8.2199707
-39.360905	259.17993	8.2297363
-39.361004	259.89346	8.239502
-39.359989	260.71365	8.2492676
-39.358574	266.04517	8.2590332
-39.35741	267.02127	8.2687988
-39.356792	263.83295	8.2785645
-39.3559	260.76126	8.2883301
-39.35537	260.62436	8.2980957
-39.355133	264.18784	8.3078613
-39.353687	268.57779	8.317627
-39.353977	269.60297	8.3273926
-39.352364	269.3642	8.3371582
-39.351093	265.77094	8.3469238
-39.350513	264.25708	8.3566895
-39.351112	263.59573	8.3664551
-39.34874	268.76471	8.3762207
-39.348934	273.67938	8.3859863
-39.348057	273.14908	8.395752
-39.345474	266.82123	8.4055176
-39.345135	266.40979	8.4152832
-39.345486	267.95377	8.4250488
-39.345306	271.47131	8.4348145
-39.343994	274.76865	8.4445801
-39.342403	274.56152	8.4543457
-39.341339	274.54044	8.4641113
-39.340511	269.83789	8.473877
-39.339264	266.69443	8.4836426
-39.338818	272.46082	8.4934082
-39.338306	276.95444	8.5031738
-39.337784	278.71829	8.5129395
-39.337029	274.7529	8.5227051
-39.336849	270.24539	8.5324707
-39.334763	271.78085	8.5422363
-39.334309	273.58072	8.552002
-39.334545	278.88757	8.5617676
-39.332745	277.89691	8.5715332
-39.331173	278.56821	8.5812988
-39.331772	277.58066	8.5910645
-39.330502	271.18045	8.6008301
-39.330647	273.07791	8.6105957
-39.329536	277.31903	8.6203613
-39.328915	281.91888	8.630127
-39.327198	281.81586	8.6398926
-39.325359	278.12061	8.6496582
-39.325737	277.49918	8.6594238
-39.324986	277.79834	8.6691895
-39.324047	279.04172	8.6789551
-39.322765	282.52686	8.6887207
-39.323326	283.60889	8.6984863
-39.32262	285.21542	8.708252
-39.321392	281.58115	8.7180176
-39.320419	279.52609	8.7277832
-39.318546	280.96835	8.7375488
-39.318779	286.62964	8.7473145
-39.317307	285.65182	8.7570801
-39.316589	285.74527	8.7668457
-39.316113	283.50827	8.7766113
-39.314842	284.31546	8.786377
-39.313366	284.3476	8.7961426
-39.313648	283.47281	8.8059082
-39.312897	286.60645	8.8156738
-39.311848	289.90369	8.8254395
-39.310551	289.47653	8.8352051
-39.309925	287.97064	8.8449707
-39.308517	283.92191	8.8547363
-39.308502	287.09686	8.864502
-39.307739	288.74753	8.8742676
-39.307629	288.83768	8.8840332
-39.306316	292.42319	8.8937988
-39.30582	290.31	8.9035645
-39.305035	290.35117	8.9133301
-39.304161	287.03134	8.9230957
-39.303806	287.16119	8.9328613
-39.301983	295.55389	8.942627
-39.301762	294.25189	8.9523926
-39.300369	294.63947	8.9621582
-39.299732	288.03976	8.9719238
-39.299191	288.96844	8.9816895
-39.297108	291.58868	8.9914551
-39.297249	293.53787	9.0012207
-39.295673	298.47296	9.0109863
-39.295097	298.46735	9.020752
-39.294315	294.43036	9.0305176
-39.294937	291.57526	9.0402832
-39.29303	288.64734	9.0500488
-39.29184	296.13239	9.0598145
-39.290611	300.78592	9.0695801
-39.290371	301.59369	9.0793457
-39.289856	297.92896	9.0891113
-39.289417	292.78873	9.098877
-39.288383	295.76987	9.1086426
-39.287605	296.94751	9.1184082
-39.285805	299.6218	9.1281738
-39.287376	303.99872	9.1379395
-39.285366	303.29391	9.1477051
-39.283752	296.87793	9.1574707
-39.283909	295.10007	9.1672363
-39.282619	295.63171	9.177002
-39.28252	303.95135	9.1867676
-39.28088	307.20584	9.1965332
-39.279556	302.97772	9.2062988
-39.279049	299.38535	9.2160645
-39.278416	299.35883	9.2258301
-39.27676	300.14224	9.2355957
-39.277657	303.80157	9.2453613
-39.274925	304.6293	9.255127
-39.274632	308.85889	9.2648926
-39.274036	306.5564	9.2746582
-39.272984	300.08298	9.2844238
-39.273636	301.74384	9.2941895
-39.271473	305.30209	9.3039551
-39.27179	310.88092	9.3137207
-39.271488	309.65714	9.3234863
-39.270542	307.47516	9.333252
-39.268677	306.92813	9.3430176
-39.267773	306.17798	9.3527832
-39.266182	306.40808	9.3625488
-39.266247	307.75925	9.3723145
-39.266541	310.94757	9.3820801
-39.264458	314.04214	9.3918457
-39.263832	308.99957	9.4016113
-39.262463	308.01935	9.411377
-39.26268	307.88956	9.4211426
-39.261829	311.01059	9.4309082
-39.259487	314.10138	9.4406738
-39.260216	312.38513	9.4504395
-39.258877	312.10712	9.4602051
-39.258358	313.87411	9.4699707
-39.257221	310.86597	9.4797363
-39.255772	309.439	9.489502
-39.255318	314.15213	9.4992676
-39.255322	315.87418	9.5090332
-39.253632	318.33432	9.5187988
-39.253342	314.23538	9.5285645
-39.252628	310.44574	9.5383301
-39.251564	313.53302	9.5480957
-39.249458	316.14343	9.5578613
-39.25008	316.12415	9.567627
-39.249325	319.30295	9.5773926
-39.248856	318.10553	9.5871582
-39.247147	317.66534	9.5969238
-39.246178	311.99329	9.6066895
-39.246132	314.73846	9.6164551
-39.246517	320.30588	9.6262207
-39.244228	322.46838	9.6359863
-39.243538	322.9404	9.645752
-39.242966	316.52695	9.6555176
-39.241947	315.93738	9.6652832
-39.239902	318.36249	9.6750488
-39.240658	318.996	9.6848145
-39.238697	324.0849	9.6945801
-39.238628	325.83838	9.7043457
-39.237915	323.77084	9.7141113
-39.236721	320.86432	9.723877
-39.23579	316.02213	9.7336426
-39.23476	320.5451	9.7434082
-39.234447	327.14798	9.7531738
-39.233265	326.15189	9.7629395
-39.232941	325.67566	9.7727051
-39.232407	321.74054	9.7824707
-39.230625	322.3367	9.7922363
-39.229576	321.41443	9.802002
-39.229408	325.54211	9.8117676
-39.229336	329.06683	9.8215332
-39.228592	330.30048	9.8312988
-39.227028	326.54944	9.8410645
-39.226189	321.49155	9.8508301
-39.2243	322.16898	9.8605957
-39.224125	328.36581	9.8703613
-39.223473	331.60672	9.880127
-39.223042	330.33487	9.8898926
-39.221329	327.62918	9.8996582
-39.220398	325.65103	9.9094238
-39.221191	325.85449	9.9191895
-39.220211	328.65952	9.9289551
-39.218838	331.09094	9.9387207
-39.218369	334.05927	9.9484863
-39.217575	332.06598	9.958252
-39.216938	327.2551	9.9680176
-39.215996	328.47086	9.9777832
-39.214119	329.5831	9.9875488
-39.214306	333.51053	9.9973145
-39.212135	334.26346	10.00708
-39.212959	334.05969	10.016846
-39.211823	333.71146	10.026611
-39.210979	332.66492	10.036377
-39.210049	332.46606	10.046143
-39.208515	331.96368	10.055908
-39.208775	335.25018	10.065674
-39.20731	338.03442	10.075439
-39.20644	335.3623	10.085205
-39.206028	334.62827	10.094971
-39.205769	332.44104	10.104736
-39.205788	333.54599	10.114502
-39.204342	338.26779	10.124268
-39.203819	336.48193	10.134033
-39.201935	340.70953	10.143799
-39.200352	338.95963	10.153564
-39.19939	335.65347	10.16333
-39.199749	334.75705	10.173096
-39.198807	335.95953	10.182861
-39.197395	342.48404	10.192627
-39.198051	343.00293	10.202393
-39.197155	340.04855	10.212158
-39.195065	338.8537	10.221924
-39.194942	338.67783	10.231689
-39.192478	338.06317	10.241455
-39.192463	341.84659	10.251221
-39.192356	343.04044	10.260986
-39.191093	346.28384	10.270752
-39.189384	344.36603	10.280518
-39.18898	339.77084	10.290283
-39.189957	339.2612	10.300049
-39.188469	343.93185	10.309814
-39.187687	348.61859	10.31958
-39.185535	349.35431	10.329346
-39.185436	343.42587	10.339111
-39.18438	343.28	10.348877
-39.183846	343.00851	10.358643
-39.183357	341.13666	10.368408
-39.182686	348.75626	10.378174
-39.181095	348.91953	10.387939
-39.180809	350.51874	10.397705
-39.180634	345.98862	10.407471
-39.179741	341.06476	10.417236
-39.178448	346.04639	10.427002
-39.177811	349.80328	10.436768
-39.177006	353.27167	10.446533
-39.17733	351.03427	10.456299
-39.176186	347.95618	10.466064
-39.173306	347.39163	10.47583
-39.174286	346.27213	10.485596
-39.171829	351.12738	10.495361
-39.172314	354.9046	10.505127
-39.171597	354.97205	10.514893
-39.170612	355.23227	10.524658
-39.169334	347.19839	10.534424
-39.168285	346.62241	10.544189
-39.167641	352.95111	10.553955
-39.166447	355.37491	10.563721
-39.166084	357.19293	10.573486
-39.165001	353.40488	10.583252
-39.164047	352.76343	10.593018
-39.164658	350.47491	10.602783
-39.16267	352.61548	10.612549
-39.162262	354.53262	10.622314
-39.160912	358.30087	10.63208
-39.160511	358.43555	10.641846
-39.159523	354.40274	10.651611
-39.158997	353.45999	10.661377
-39.158092	355.13968	10.671143
-39.157108	358.39175	10.680908
-39.155983	358.20514	10.690674
-39.156109	358.49597	10.700439
-39.155025	359.19296	10.710205
-39.153984	357.82239	10.719971
-39.152279	356.80164	10.729736
-39.152954	354.9436	10.739502
-39.151554	359.62119	10.749268
-39.150719	362.52628	10.759033
-39.14994	359.31458	10.768799
-39.148479	360.52386	10.778564
-39.14777	357.09967	10.78833
-39.147469	358.06805	10.798096
-39.147396	360.44345	10.807861
-39.145142	360.14481	10.817627
-39.144226	364.50998	10.827393
-39.145351	363.77405	10.837158
-39.143711	360.69037	10.846924
-39.142376	358.59796	10.856689
-39.141842	359.12454	10.866455
-39.141823	365.22855	10.876221
-39.140125	367.19736	10.885986
-39.139034	367.224	10.895752
-39.138382	365.69916	10.905518
-39.137531	360.39304	10.915283
-39.136658	361.47733	10.925049
-39.137054	362.56558	10.934814
-39.135235	367.43253	10.94458
-39.135098	369.91528	10.954346
-39.133457	367.19958	10.964111
-39.133423	363.55099	10.973877
-39.131042	362.89404	10.983643
-39.130596	366.37265	10.993408
-39.130116	370.28342	11.003174
-39.12973	371.90176	11.012939
-39.128273	369.21823	11.022705
-39.127777	367.60687	11.032471
-39.125664	365.69009	11.042236
-39.126755	365.23782	11.052002
-39.125908	369.1615	11.061768
-39.125122	372.81293	11.071533
-39.124294	375.2486	11.081299
-39.122692	368.60345	11.091064
-39.122005	365.36551	11.10083
-39.121693	369.07916	11.110596
-39.120071	371.47147	11.120361
-39.121086	374.2337	11.130127
-39.119183	373.74484	11.139893
-39.118973	373.00961	11.149658
-39.116329	371.82138	11.159424
-39.115379	368.04816	11.169189
-39.115356	371.39661	11.178955
-39.115208	375.29523	11.188721
-39.114796	378.13489	11.198486
-39.113033	377.80383	11.208252
-39.112637	369.27271	11.218018
-39.112366	369.78845	11.227783
-39.111084	375.15375	11.237549
-39.110016	376.37302	11.247314
-39.10981	376.79288	11.25708
-39.108852	376.20853	11.266846
-39.107807	377.39752	11.276611
-39.106567	373.4913	11.286377
-39.10577	372.03473	11.296143
-39.105244	375.62369	11.305908
-39.103985	380.28909	11.315674
-39.103981	382.05756	11.325439
-39.102539	377.16617	11.335205
-39.101311	376.41788	11.344971
-39.100903	375.65076	11.354736
-39.100861	377.27435	11.364502
-39.099049	378.37134	11.374268
-39.097969	380.24179	11.384033
-39.098343	380.67023	11.393799
-39.096401	382.23254	11.403564
-39.096931	380.16553	11.41333
-39.096046	377.48691	11.423096
-39.094257	381.08105	11.432861
-39.093792	382.81406	11.442627
-39.093403	382.71652	11.452393
-39.092403	381.5499	11.462158
-39.092041	379.39667	11.471924
-39.091026	380.80698	11.481689
-39.090668	381.71362	11.491455
-39.088886	380.19244	11.501221
-39.087589	384.52478	11.510986
-39.087296	386.7175	11.520752
-39.087238	383.57816	11.530518
-39.08604	379.10703	11.540283
-39.085083	379.40424	11.550049
-39.083004	386.09326	11.559814
-39.083313	386.35318	11.56958
-39.081459	389.99017	11.579346
-39.081821	386.23898	11.589111
-39.081779	383.81006	11.598877
-39.079777	381.30389	11.608643
-39.080669	381.88336	11.618408
-39.079025	388.48492	11.628174
-39.076031	394.04547	11.637939
-39.077866	388.32086	11.647705
-39.075214	387.09097	11.657471
-39.075283	382.06284	11.667236
-39.074486	384.4165	11.677002
-39.072933	389.1373	11.686768
-39.071472	392.2515	11.696533
-39.071659	390.54202	11.706299
-39.071606	389.1427	11.716064
-39.070248	385.81082	11.72583
-39.069981	384.59094	11.735596
-39.068863	388.58746	11.745361
-39.066257	393.33817	11.755127
-39.067753	396.12177	11.764893
-39.066727	391.03693	11.774658
-39.064957	387.02908	11.784424
-39.066368	387.03149	11.794189
-39.063595	389.52145	11.803955
-39.063324	394.06396	11.813721
-39.063015	393.61615	11.823486
-39.061146	394.62109	11.833252
-39.059952	392.81143	11.843018
-39.058868	386.08096	11.852783
-39.057877	391.4772	11.862549
-39.058102	392.68091	11.872314
-39.057827	397.6666	11.88208
-39.056248	396.715	11.891846
-39.056355	390.77713	11.901611
-39.055111	391.59775	11.911377
-39.05423	391.45544	11.921143
-39.053333	395.35941	11.930908
-39.052605	396.49011	11.940674
-39.050865	397.97064	11.950439
-39.050522	398.07114	11.960205
-39.049412	392.58017	11.969971
-39.049072	392.65234	11.979736
-39.047802	394.15164	11.989502
-39.047066	397.55939	11.999268
-39.046757	400.12302	12.009033
-39.046261	398.06613	12.018799
-39.04425	395.33307	12.028564
-39.043777	397.4227	12.03833
-39.043255	396.44351	12.048096
-39.042786	396.96124	12.057861
-39.042538	398.96329	12.067627
-39.040543	401.51453	12.077393
-39.040806	401.20261	12.087158
-39.03894	397.7019	12.096924
-39.038708	395.57266	12.106689
-39.037254	397.48441	12.116455
-39.037838	400.83386	12.126221
-39.03632	403.12839	12.135986
-39.034912	403.5809	12.145752
-39.034462	401.64514	12.155518
-39.033737	399.48422	12.165283
-39.032177	397.22968	12.175049
-39.032829	399.26917	12.184814
-39.030987	404.84137	12.19458
-39.030243	406.55673	12.204346
-39.029823	404.65863	12.214111
-39.028667	398.96063	12.223877
-39.027653	398.13882	12.233643
-39.02776	404.43863	12.243408
-39.026894	402.12411	12.253174
-39.024456	407.92908	12.262939
-39.02383	405.87143	12.272705
-39.023712	404.73816	12.282471
-39.023727	399.8855	12.292236
-39.022736	397.98596	12.302002
-39.02092	404.3829	12.311768
-39.021133	408.89508	12.321533
-39.018826	408.32013	12.331299
-39.019127	404.94974	12.341064
-39.018429	401.24207	12.35083
-39.017857	403.32248	12.360596
-39.016029	405.27628	12.370361
-39.01577	408.95776	12.380127
-39.014427	409.71548	12.389893
-39.01479	407.15005	12.399658
-39.013439	402.98099	12.409424
-39.012554	399.93121	12.419189
-39.011177	403.88257	12.428955
-39.010887	410.46689	12.438721
-39.010025	411.96405	12.448486
-39.010277	408.55444	12.458252
-39.007759	404.99823	12.468018
-39.007442	403.69537	12.477783
-39.007515	406.39429	12.487549
-39.005093	408.19827	12.497314
-39.005669	410.53842	12.50708
-39.005108	412.0611	12.516846
-39.001568	409.81104	12.526611
-39.002609	405.62546	12.536377
-39.002518	406.1944	12.546143
-39.001007	407.75684	12.555908
-39.000275	413.10568	12.565674
-38.9986	413.10004	12.575439
-38.999146	407.35464	12.585205
-38.997757	407.7825	12.594971
-38.996967	406.3981	12.604736
-38.996819	408.90503	12.614502
-38.996151	409.9668	12.624268
-38.994297	412.48523	12.634033
-38.992661	413.63303	12.643799
-38.992214	409.50528	12.653564
-38.993118	408.69281	12.66333
-38.990692	408.50745	12.673096
-38.990356	411.87424	12.682861
-38.989857	416.19083	12.692627
-38.989647	412.01184	12.702393
-38.988396	411.45193	12.712158
-38.98703	413.35556	12.721924
-38.985714	409.99805	12.731689
-38.986683	412.65686	12.741455
-38.985603	411.86862	12.751221
-38.983318	414.9086	12.760986
-38.983429	417.41342	12.770752
-38.981815	413.32199	12.780518
-38.982315	409.09744	12.790283
-38.980282	410.80176	12.800049
-38.980392	414.22318	12.809814
-38.979118	415.10995	12.81958
-38.978024	416.03482	12.829346
-38.976177	414.84222	12.839111
-38.977314	412.88248	12.848877
-38.975719	409.45432	12.858643
-38.975414	411.06674	12.868408
-38.974331	415.54492	12.878174
-38.973591	421.18619	12.887939
-38.973377	419.00244	12.897705
-38.971661	411.72531	12.907471
-38.971199	410.2688	12.917236
-38.969986	412.72974	12.927002
-38.971119	414.96185	12.936768
-38.96822	420.15436	12.946533
-38.967487	418.8558	12.956299
-38.966549	417.49747	12.966064
-38.965542	413.27335	12.97583
-38.965813	408.67929	12.985596
-38.965103	416.05017	12.995361
-38.96389	421.03238	13.005127
-38.96262	421.06827	13.014893
-38.960842	417.36792	13.024658
-38.961361	412.39969	13.034424
-38.959457	414.61359	13.044189
-38.959396	415.52582	13.053955
-38.959209	420.36261	13.063721
-38.958221	420.74292	13.073486
-38.958179	419.35516	13.083252
-38.95686	418.69873	13.093018
-38.954834	411.3244	13.102783
-38.95435	414.98315	13.112549
-38.953678	420.61749	13.122314
-38.953278	422.08133	13.13208
-38.953049	420.33331	13.141846
-38.952358	416.03119	13.151611
-38.950542	414.84628	13.161377
-38.95047	416.10379	13.171143
-38.948467	417.67032	13.180908
-38.947853	422.15228	13.190674
-38.94693	423.04083	13.200439
-38.946297	419.91489	13.210205
-38.94598	416.63019	13.219971
-38.94455	414.48846	13.229736
-38.94384	417.5741	13.239502
-38.94376	422.05457	13.249268
-38.942776	422.27908	13.259033
-38.941868	419.33359	13.268799
-38.940456	419.10135	13.278564
-38.939304	418.3071	13.28833
-38.939293	418.28799	13.298096
-38.938797	418.37985	13.307861
-38.937256	422.71274	13.317627
-38.936398	423.81171	13.327393
-38.936935	419.97702	13.337158
-38.934685	419.58923	13.346924
-38.933868	416.6037	13.356689
-38.933472	420.00497	13.366455
-38.932529	422.48907	13.376221
-38.931683	421.15314	13.385986
-38.931641	421.94501	13.395752
-38.93045	420.65875	13.405518
-38.928375	418.45822	13.415283
-38.929668	417.01648	13.425049
-38.927414	417.29541	13.434814
-38.927849	425.53357	13.44458
-38.925892	425.01056	13.454346
-38.925541	421.42117	13.464111
-38.924114	418.66406	13.473877
-38.923527	417.52426	13.483643
-38.92392	419.86829	13.493408
-38.922188	419.65564	13.503174
-38.920792	423.13791	13.512939
-38.919743	424.72403	13.522705
-38.919613	420.37869	13.532471
-38.918987	417.60971	13.542236
-38.917637	416.03671	13.552002
-38.918194	421.4108	13.561768
-38.915565	425.65826	13.571533
-38.916199	422.34024	13.581299
-38.914165	419.74899	13.591064
-38.913918	417.92755	13.60083
-38.913799	418.90985	13.610596
-38.91161	419.22607	13.620361
-38.912022	426.4523	13.630127
-38.911644	424.93311	13.639893
-38.910919	423.98703	13.649658
-38.90889	418.62	13.659424
-38.908443	415.5647	13.669189
-38.907658	420.11053	13.678955
-38.906635	423.98215	13.688721
-38.906616	427.60483	13.698486
-38.903881	422.24246	13.708252
-38.903908	418.68985	13.718018
-38.903091	419.61722	13.727783
-38.901665	417.66562	13.737549
-38.90218	423.58011	13.747314
-38.902012	424.34979	13.75708
-38.89991	425.74219	13.766846
-38.899834	425.11996	13.776611
-38.899315	416.45886	13.786377
-38.897064	418.74564	13.796143
-38.898312	423.77786	13.805908
-38.89576	425.854	13.815674
-38.895355	426.70242	13.825439
-38.894577	422.08743	13.835205
-38.892944	421.70175	13.844971
-38.89246	420.64313	13.854736
-38.891842	422.08261	13.864502
-38.890717	424.07349	13.874268
-38.891102	427.24292	13.884033
-38.889828	427.8175	13.893799
-38.888977	420.82581	13.903564
-38.888	419.79358	13.91333
-38.886971	421.21729	13.923096
-38.886696	424.16687	13.932861
-38.885742	426.22723	13.942627
-38.883938	425.21008	13.952393
-38.884605	423.61987	13.962158
-38.883625	424.56738	13.971924
-38.882851	420.13812	13.981689
-38.881756	419.99515	13.991455
-38.881424	423.82721	14.001221
-38.88026	428.0755	14.010986
-38.877747	424.64093	14.020752
-38.878124	423.35513	14.030518
-38.877335	421.0607	14.040283
-38.876995	422.02689	14.050049
-38.875656	422.85855	14.059814
-38.874126	424.31757	14.06958
-38.874294	426.08145	14.079346
-38.87328	424.65482	14.089111
-38.873192	422.19424	14.098877
-38.871601	418.45227	14.108643
-38.870697	422.05283	14.118408
-38.869507	427.56839	14.128174
-38.868549	428.33109	14.137939
-38.868172	426.47958	14.147705
-38.86718	422.27658	14.157471
-38.866829	420.0899	14.167236
-38.866432	423.09833	14.177002
-38.864685	422.33813	14.186768
-38.864506	426.42313	14.196533
-38.863258	428.66525	14.206299
-38.863018	424.29886	14.216064
-38.861397	419.31656	14.22583
-38.861462	417.83328	14.235596
-38.85976	422.60724	14.245361
-38.85952	428.18524	14.255127
-38.858673	427.17624	14.264893
-38.858891	425.10352	14.274658
-38.857456	422.18326	14.284424
-38.856258	421.00305	14.294189
-38.855667	420.60339	14.303955
-38.854843	425.6199	14.313721
-38.854073	428.63895	14.323486
-38.852402	427.86362	14.333252
-38.851963	423.7168	14.343018
-38.852516	417.6405	14.352783
-38.850342	419.6601	14.362549
-38.849895	426.68283	14.372314
-38.849228	428.66373	14.38208
-38.848625	426.24387	14.391846
-38.846394	423.36337	14.401611
-38.846783	421.25244	14.411377
-38.846291	419.82547	14.421143
-38.8452	423.78491	14.430908
-38.843906	425.71011	14.440674
-38.844101	427.15283	14.450439
-38.842911	426.77023	14.460205
-38.841621	418.68851	14.469971
-38.840675	419.37158	14.479736
-38.83886	421.79257	14.489502
-38.839432	424.28003	14.499268
-38.838203	426.87656	14.509033
-38.836948	425.01547	14.518799
-38.836155	423.17645	14.528564
-38.836323	419.02133	14.53833
-38.835461	420.68018	14.548096
-38.834362	423.31329	14.557861
-38.833603	424.24142	14.567627
-38.832962	428.06918	14.577393
-38.832073	422.1218	14.587158
-38.831921	421.47849	14.596924
-38.829906	420.28607	14.606689
-38.829704	422.13635	14.616455
-38.82869	425.42209	14.626221
-38.826885	421.72241	14.635986
-38.827007	424.72516	14.645752
-38.825836	422.9285	14.655518
-38.826565	420.88223	14.665283
-38.823853	417.68835	14.675049
-38.824036	422.19986	14.684814
-38.822948	425.23056	14.69458
-38.822311	424.21436	14.704346
-38.820187	422.56305	14.714111
-38.820503	419.93863	14.723877
-38.819466	419.42297	14.733643
-38.81913	419.3226	14.743408
-38.817657	420.86899	14.753174
-38.817009	422.82343	14.762939
-38.815948	424.67157	14.772705
-38.816059	421.96725	14.782471
-38.815887	416.81973	14.792236
-38.814259	416.62631	14.802002
-38.813385	423.51346	14.811768
-38.811993	423.47226	14.821533
-38.810898	424.50568	14.831299
-38.81089	419.96872	14.841064
-38.810417	419.00238	14.85083
-38.80859	417.95615	14.860596
-38.808594	417.46286	14.870361
-38.80761	422.20322	14.880127
-38.807343	426.03177	14.889893
-38.806458	421.95673	14.899658
-38.804554	419.78748	14.909424
-38.804466	414.60614	14.919189
-38.803169	418.19489	14.928955
-38.802395	422.75027	14.938721
-38.801491	423.39545	14.948486
-38.800369	421.22162	14.958252
-38.799782	418.65964	14.968018
-38.800842	415.70007	14.977783
-38.79892	413.89041	14.987549
-38.797306	417.54907	14.997314
-38.797031	423.47491	15.00708
-38.79538	423.44244	15.016846
-38.795479	420.22525	15.026611
-38.795441	413.745	15.036377
-38.793747	414.29633	15.046143
-38.793041	420.29486	15.055908
-38.791138	422.06998	15.065674
-38.791996	421.23038	15.075439
-38.790222	420.41531	15.085205
-38.790649	416.75592	15.094971
-38.788536	413.74066	15.104736
-38.788239	415.59238	15.114502
-38.786369	418.15167	15.124268
-38.785713	423.01294	15.134033
-38.786243	420.27423	15.143799
-38.784912	416.42117	15.153564
-38.783333	413.94977	15.16333
-38.782707	416.23361	15.173096
-38.782936	419.55447	15.182861
-38.782032	420.12372	15.192627
-38.78088	421.0231	15.202393
-38.779877	420.13705	15.212158
-38.780155	415.25204	15.221924
-38.778854	414.46564	15.231689
-38.776989	415.64423	15.241455
-38.776199	418.82864	15.251221
-38.775883	421.89111	15.260986
-38.774502	414.70026	15.270752
-38.774017	413.96075	15.280518
-38.773083	415.2529	15.290283
-38.773296	414.18539	15.300049
-38.771732	415.36926	15.309814
-38.771248	416.44443	15.31958
-38.769859	419.04895	15.329346
-38.769299	417.75391	15.339111
-38.769135	413.30322	15.348877
-38.766701	411.77853	15.358643
-38.766563	414.6738	15.368408
-38.765514	418.68121	15.378174
-38.764942	418.74158	15.387939
-38.764771	416.28629	15.397705
-38.763012	415.23804	15.407471
-38.763229	413.20291	15.417236
-38.762177	412.12634	15.427002
-38.760849	413.04633	15.436768
-38.760201	417.93295	15.446533
-38.759048	420.85715	15.456299
-38.759598	415.9595	15.466064
-38.757778	410.61636	15.47583
-38.756748	410.72714	15.485596
-38.756123	415.71136	15.495361
-38.754604	417.29846	15.505127
-38.754093	418.9436	15.514893
-38.7537	414.40863	15.524658
-38.752602	414.50537	15.534424
-38.751831	410.67484	15.544189
-38.751579	408.82144	15.553955
-38.750889	414.50574	15.563721
-38.74958	417.68918	15.573486
-38.74876	419.10449	15.583252
-38.747669	412.35974	15.593018
-38.747189	406.09677	15.602783
-38.746292	411.15106	15.612549
-38.745365	414.3349	15.622314
-38.745388	416.81256	15.63208
-38.744354	414.42667	15.641846
-38.742992	414.513	15.651611
-38.742306	411.73618	15.661377
-38.741421	408.48108	15.671143
-38.741318	411.63727	15.680908
-38.739655	417.43512	15.690674
-38.738811	418.22067	15.700439
-38.739502	414.4512	15.710205
-38.73727	407.43796	15.719971
-38.736832	407.0278	15.729736
-38.736416	412.06558	15.739502
-38.734428	413.35422	15.749268
-38.734642	414.94318	15.759033
-38.733288	413.51712	15.768799
-38.732334	411.43704	15.778564
-38.732819	407.67276	15.78833
-38.731392	408.36432	15.798096
-38.730125	411.83591	15.807861
-38.730392	416.20596	15.817627
-38.72884	414.90652	15.827393
-38.728092	409.25336	15.837158
-38.727463	406.96649	15.846924
-38.726379	409.29108	15.856689
-38.724392	411.66138	15.866455
-38.724667	410.54883	15.876221
-38.724037	413.845	15.885986
-38.722603	414.20728	15.895752
-38.722336	409.29312	15.905518
-38.721882	408.8063	15.915283
-38.720913	406.16049	15.925049
-38.719387	409.28705	15.934814
-38.718765	414.93683	15.94458
-38.718746	409.7926	15.954346
-38.717472	409.45007	15.964111
-38.717709	407.88553	15.973877
-38.716057	406.84787	15.983643
-38.714367	408.776	15.993408
-38.71336	408.22983	16.003174
-38.713058	413.16074	16.012939
-38.71212	411.43591	16.022705
-38.712166	407.64413	16.032471
-38.711136	404.2941	16.042236
-38.709763	405.68546	16.052002
-38.708607	411.43036	16.061768
-38.708275	409.10913	16.071533
-38.706753	411.44333	16.081299
-38.705818	409.56009	16.091064
-38.705906	406.67975	16.10083
-38.705143	404.76248	16.110596
-38.705479	404.54538	16.120361
-38.703716	410.38052	16.130127
-38.703011	414.5882	16.139893
-38.701889	409.97739	16.149658
-38.700485	404.66187	16.159424
-38.701355	402.21024	16.169189
-38.699139	405.24649	16.178955
-38.698219	409.75327	16.188721
-38.698479	410.68054	16.198486
-38.695923	410.24158	16.208252
-38.69722	406.94598	16.218018
-38.695675	404.91443	16.227783
-38.693478	401.55911	16.237549
-38.691631	407.42126	16.247314
-38.691818	411.52557	16.25708
-38.691299	412.79034	16.266846
-38.691208	407.64221	16.276611
-38.690968	404.10403	16.286377
-38.690468	404.11545	16.296143
-38.689552	405.44699	16.305908
-38.687725	410.09366	16.315674
-38.686985	410.77072	16.325439
-38.686798	408.64975	16.335205
-38.685856	407.11819	16.344971
-38.684158	400.44794	16.354736
-38.68401	405.27634	16.364502
-38.683083	410.07797	16.374268
-38.681782	412.40332	16.384033
-38.680695	409.71906	16.393799
-38.679623	402.36169	16.403564
-38.680191	403.56042	16.41333
-38.680134	405.32947	16.423096
-38.67873	406.46887	16.432861
-38.677002	409.86441	16.442627
-38.676025	409.12897	16.452393
-38.676472	407.57318	16.462158
-38.674255	403.07382	16.471924
-38.673317	402.65439	16.481689
-38.673206	404.99509	16.491455
-38.672855	408.51425	16.501221
-38.671593	409.31308	16.510986
-38.670593	406.12799	16.520752
-38.670864	402.89667	16.530518
-38.669502	403.34079	16.540283
-38.668076	404.05841	16.550049
-38.668594	404.48355	16.559814
-38.666519	406.60287	16.56958
-38.666424	409.62396	16.579346
-38.665527	405.14832	16.589111
-38.663586	402.92151	16.598877
-38.663433	400.57727	16.608643
-38.662445	405.30945	16.618408
-38.662163	407.34818	16.628174
-38.661476	406.30725	16.637939
-38.659763	406.95972	16.647705
-38.659149	405.28659	16.657471
-38.659103	403.54666	16.667236
-38.658207	400.85056	16.677002
-38.656704	403.52301	16.686768
-38.656425	408.60532	16.696533
-38.655754	408.07639	16.706299
-38.654652	405.45715	16.716064
-38.654579	400.36014	16.72583
-38.652447	401.07782	16.735596
-38.652138	405.57257	16.745361
-38.65099	404.60962	16.755127
-38.649845	408.3363	16.764893
-38.649437	406.71136	16.774658
-38.648857	403.50079	16.784424
-38.647942	399.80051	16.794189
-38.646896	398.08524	16.803955
-38.646149	404.77292	16.813721
-38.645348	408.6189	16.823486
-38.644203	405.92682	16.833252
-38.645325	402.89651	16.843018
-38.643551	398.46399	16.852783
-38.642498	402.85483	16.862549
-38.641186	402.76682	16.872314
-38.640602	406.51199	16.88208
-38.640091	408.49866	16.891846
-38.639095	405.30923	16.901611
-38.637684	400.75854	16.911377
-38.63641	397.77716	16.921143
-38.637466	400.07703	16.930908
-38.636356	408.53033	16.940674
-38.635609	408.38214	16.950439
-38.633801	403.95193	16.960205
-38.633667	400.45355	16.969971
-38.632175	400.67801	16.979736
-38.63126	400.89661	16.989502
-38.630318	404.59015	16.999268
-38.630466	404.76984	17.009033
-38.630299	407.14191	17.018799
-38.627712	403.74796	17.028564
-38.627277	397.36505	17.03833
-38.626831	400.7002	17.048096
-38.625992	402.10168	17.057861
-38.624561	407.28326	17.067627
-38.624378	406.52542	17.077393
-38.624546	401.98248	17.087158
-38.621735	400.7066	17.096924
-38.621777	400.30002	17.106689
-38.621803	400.65186	17.116455
-38.620316	403.31891	17.126221
-38.620403	405.20309	17.135986
-38.619858	407.03867	17.145752
-38.617554	399.15817	17.155518
-38.617809	399.80762	17.165283
-38.61578	399.81412	17.175049
-38.614315	402.77966	17.184814
-38.614635	404.56326	17.19458
-38.613445	401.62503	17.204346
-38.612789	401.92197	17.214111
-38.613129	401.14172	17.223877
-38.612038	398.89368	17.233643
-38.610638	400.98282	17.243408
-38.610325	403.15564	17.253174
-38.608654	404.96375	17.262939
-38.607174	404.18082	17.272705
-38.607193	400.14304	17.282471
-38.606201	398.14081	17.292236
-38.60548	403.14078	17.302002
-38.60397	402.2869	17.311768
-38.603924	402.51636	17.321533
-38.603775	403.39246	17.331299
-38.602615	402.04337	17.341064
-38.601551	400.35516	17.35083
-38.600006	396.94476	17.360596
-38.60051	399.68881	17.370361
-38.599483	403.21753	17.380127
-38.597618	406.11636	17.389893
-38.596363	402.49054	17.399658
-38.597134	396.81702	17.409424
-38.596992	397.59491	17.419189
-38.594734	400.13049	17.428955
-38.593376	399.61166	17.438721
-38.594044	404.80542	17.448486
-38.59333	403.83298	17.458252
-38.591808	401.3862	17.468018
-38.592052	397.23944	17.477783
-38.591194	392.86591	17.487549
-38.589066	400.56171	17.497314
-38.588295	405.82022	17.50708
-38.5882	404.69284	17.516846
-38.587757	400.70059	17.526611
-38.585644	396.99878	17.536377
-38.584793	397.94351	17.546143
-38.584179	398.31949	17.555908
-38.584019	402.02768	17.565674
-38.584206	405.87775	17.575439
-38.58165	403.67297	17.585205
-38.581848	399.07703	17.594971
-38.580669	393.84692	17.604736
-38.57917	395.91696	17.614502
-38.579025	402.37408	17.624268
-38.578239	404.36938	17.634033
-38.578056	403.05246	17.643799
-38.576248	398.76932	17.653564
-38.575809	396.53983	17.66333
-38.573936	397.75021	17.673096
-38.57415	399.60242	17.682861
-38.573368	401.03787	17.692627
-38.57206	404.30078	17.702393
-38.572643	400.7449	17.712158
-38.571411	395.45825	17.721924
-38.570549	396.70856	17.731689
-38.570049	399.41422	17.741455
-38.568272	403.31747	17.751221
-38.567127	402.03891	17.760986
-38.566723	401.15546	17.770752
-38.565079	398.89865	17.780518
-38.565578	395.21786	17.790283
-38.563393	396.97711	17.800049
-38.563869	399.81223	17.809814
-38.563053	402.99603	17.81958
-38.562336	405.29047	17.829346
-38.561489	397.06418	17.839111
-38.558758	398.33109	17.848877
-38.560562	397.34061	17.858643
-38.558475	399.83517	17.868408
-38.558636	402.25446	17.878174
-38.557247	399.65323	17.887939
-38.556252	402.25064	17.897705
-38.554996	399.50534	17.907471
-38.554356	397.60269	17.917236
-38.552792	395.92413	17.927002
-38.552387	398.03198	17.936768
-38.550659	403.70828	17.946533
-38.551441	401.3894	17.956299
-38.550194	399.06415	17.966064
-38.549911	396.62183	17.97583
-38.548706	395.68842	17.985596
-38.547874	399.3302	17.995361
-38.54734	398.78763	18.005127
-38.545322	401.75565	18.014893
-38.545052	401.82254	18.024658
-38.54475	398.30664	18.034424
-38.543915	394.22925	18.044189
-38.543781	396.39526	18.053955
-38.541866	399.61136	18.063721
-38.540554	403.82541	18.073486
-38.540497	400.84366	18.083252
-38.539646	396.30536	18.093018
-38.538036	396.05966	18.102783
-38.53793	395.86487	18.112549
-38.536335	396.11407	18.122314
-38.537594	400.70847	18.13208
-38.535484	401.32419	18.141846
-38.534424	400.65756	18.151611
-38.534023	394.8913	18.161377
-38.533562	391.66028	18.171143
-38.531998	398.56824	18.180908
-38.532787	400.76474	18.190674
-38.530781	403.18277	18.200439
-38.530132	398.51337	18.210205
-38.529892	395.02667	18.219971
-38.527016	396.88449	18.229736
-38.527863	393.44623	18.239502
-38.527283	399.82028	18.249268
-38.525074	403.07346	18.259033
-38.525387	401.55716	18.268799
-38.522812	397.65479	18.278564
-38.5233	391.4404	18.28833
-38.522541	393.60773	18.298096
-38.522007	400.57983	18.307861
-38.520878	401.64032	18.317627
-38.520424	400.24393	18.327393
-38.519268	398.05042	18.337158
-38.518295	395.6702	18.346924
-38.516212	394.73499	18.356689
-38.516396	396.67456	18.366455
-38.516033	399.42957	18.376221
-38.51535	401.45288	18.385986
-38.514343	399.92542	18.395752
-38.513729	394.67548	18.405518
-38.512745	393.68808	18.415283
-38.512234	397.39636	18.425049
-38.511078	400.02316	18.434814
-38.510372	399.30933	18.44458
-38.508896	399.63068	18.454346
-38.508156	397.57349	18.464111
-38.508083	396.18777	18.473877
-38.507725	395.09229	18.483643
-38.506256	394.39444	18.493408
-38.505943	400.49744	18.503174
-38.505299	400.98257	18.512939
-38.504086	395.83466	18.522705
-38.501583	396.5535	18.532471
-38.502293	393.42841	18.542236
-38.501812	397.6785	18.552002
-38.501007	397.32349	18.561768
-38.500023	396.37338	18.571533
-38.498329	400.18231	18.581299
-38.498547	397.76752	18.591064
-38.497299	394.23441	18.60083
-38.496639	393.30392	18.610596
-38.495953	394.06555	18.620361
-38.495823	398.74939	18.630127
-38.494991	399.81516	18.639893
-38.493904	397.59232	18.649658
-38.492813	394.34061	18.659424
-38.492069	392.90771	18.669189
-38.491123	395.82428	18.678955
-38.490585	394.50201	18.688721
-38.490616	398.94	18.698486
-38.488792	402.32556	18.708252
-38.488041	396.66547	18.718018
-38.487221	392.38702	18.727783
-38.485794	391.63165	18.737549
-38.486099	397.75583	18.747314
-38.483639	400.59418	18.75708
-38.483707	399.89914	18.766846
-38.482983	395.71194	18.776611
-38.481976	393.41452	18.786377
-38.481609	392.98853	18.796143
-38.478878	393.37094	18.805908
-38.479935	398.81451	18.815674
-38.478973	400.94263	18.825439
-38.478138	399.67331	18.835205
-38.477234	394.00784	18.844971
-38.476074	390.69128	18.854736
-38.47546	393.3577	18.864502
-38.475681	397.90353	18.874268
-38.473366	399.70493	18.884033
-38.473927	397.58972	18.893799
-38.472939	395.23691	18.903564
-38.472248	394.34854	18.91333
-38.470501	389.82141	18.923096
-38.47118	395.92447	18.932861
-38.468777	399.87143	18.942627
-38.468685	400.86389	18.952393
-38.467251	398.12906	18.962158
-38.46664	389.36725	18.971924
-38.46595	391.6308	18.981689
-38.465046	395.09036	18.991455
-38.463833	398.77341	19.001221
-38.462749	397.66696	19.010986
-38.46273	395.19519	19.020752
-38.460705	395.76846	19.030518
-38.460865	389.26459	19.040283
-38.460182	393.84955	19.050049
-38.458351	395.34637	19.059814
-38.458168	399.13934	19.06958
-38.457184	399.46716	19.079346
-38.457268	393.44019	19.089111
-38.45499	391.50446	19.098877
-38.455059	393.35602	19.108643
-38.453987	394.5946	19.118408
-38.454105	397.35016	19.128174
-38.453075	396.39679	19.137939
-38.451694	395.1723	19.147705
-38.451588	395.13684	19.157471
-38.450722	391.72153	19.167236
-38.449379	391.74371	19.177002
-38.448719	396.88174	19.186768
-38.447803	398.75027	19.196533
-38.446411	396.23212	19.206299
-38.446209	394.87802	19.216064
-38.445736	392.97473	19.22583
-38.444149	392.92545	19.235596
-38.444603	394.67615	19.245361
-38.44257	394.63577	19.255127
-38.441006	397.92981	19.264893
-38.441601	396.38788	19.274658
-38.440365	394.39444	19.284424
-38.440086	390.36215	19.294189
-38.438976	390.83719	19.303955
-38.438255	396.42282	19.313721
-38.437305	394.92294	19.323486
-38.436882	399.27313	19.333252
-38.435719	395.40152	19.343018
-38.433899	393.5975	19.352783
-38.43362	391.45773	19.362549
-38.432579	392.6283	19.372314
-38.432579	396.57849	19.38208
-38.431679	401.07581	19.391846
-38.430672	395.36337	19.401611
-38.429699	391.5867	19.411377
-38.429661	389.36334	19.421143
-38.427948	392.64291	19.430908
-38.427811	395.87482	19.440674
-38.426277	397.82819	19.450439
-38.425648	395.77771	19.460205
-38.424389	391.7309	19.469971
-38.424313	391.27646	19.479736
-38.422932	389.39761	19.489502
-38.422466	392.58734	19.499268
-38.422195	398.28662	19.509033
-38.420433	398.02362	19.518799
-38.419914	392.03094	19.528564
-38.418968	389.69421	19.53833
-38.418583	388.51343	19.548096
-38.418743	394.22488	19.557861
-38.417423	396.57199	19.567627
-38.415791	396.02313	19.577393
-38.416588	394.89188	19.587158
-38.413906	391.19681	19.596924
-38.413864	387.50372	19.606689
-38.412884	392.78491	19.616455
-38.412937	395.87067	19.626221
-38.411938	398.29117	19.635986
-38.410564	395.04013	19.645752
-38.410007	387.87833	19.655518
-38.408413	388.84695	19.665283
-38.407463	391.48621	19.675049
-38.407185	394.82358	19.684814
-38.405643	395.4137	19.69458
-38.405537	393.05746	19.704346
-38.404076	393.63202	19.714111
-38.404766	388.19711	19.723877
-38.403408	389.14261	19.733643
-38.402042	392.15167	19.743408
-38.402264	395.16254	19.753174
-38.401974	396.56534	19.762939
-38.399376	392.12637	19.772705
-38.398079	389.79422	19.782471
-38.399876	392.15497	19.792236
-38.396999	389.21487	19.802002
-38.396404	393.47662	19.811768
-38.396294	392.3288	19.821533
-38.394245	395.97067	19.831299
-38.394741	393.41504	19.841064
-38.393444	389.56036	19.85083
-38.393391	386.42151	19.860596
-38.391865	392.08707	19.870361
-38.390797	394.31921	19.880127
-38.390572	394.86954	19.889893
-38.389698	392.54337	19.899658
-38.387882	389.27435	19.909424
-38.387844	390.55356	19.919189
-38.386505	387.62488	19.928955
-38.385067	391.29529	19.938721
-38.385468	393.98087	19.948486
-38.384167	394.01724	19.958252
-38.383583	391.19971	19.968018
-38.382347	386.09073	19.977783
-38.381165	386.62271	19.987549
-38.381939	391.67807	19.997314
-38.380947	391.00653	20.00708
-38.378826	395.75769	20.016846


Data Header:			typeiv_0.3302_solid_090_monotonic_r0			Time:	26.433838	s	4/14/2019 3:34:36 AM
Data Acquisition:	Timed
Station Name:	ft40.cfg
Test File Name:	monotonic_0.2540_typeiv_solid_090_dimension.tst
Displacement	Force	Running Time
mm	N	s
-38.379227	391.31042	20.026611
-38.378483	390.13022	20.036377
-38.37674	387.60278	20.046143
-38.376331	385.77841	20.055908
-38.375004	392.3927	20.065674
-38.375488	395.35663	20.075439
-38.373802	393.86826	20.085205
-38.373978	387.87183	20.094971
-38.3717	384.77322	20.104736
-38.371082	388.259	20.114502
-38.370728	392.04617	20.124268
-38.370323	393.72327	20.134033
-38.368874	393.21005	20.143799
-38.367722	390.62061	20.153564
-38.368912	387.12686	20.16333
-38.365963	383.72388	20.173096
-38.365997	389.39926	20.182861
-38.364029	394.17484	20.192627
-38.364159	394.44379	20.202393
-38.362499	390.70593	20.212158
-38.362354	385.936	20.221924
-38.361172	386.55301	20.231689
-38.361099	388.84161	20.241455
-38.359394	393.23822	20.251221
-38.359867	393.33032	20.260986
-38.35815	391.78119	20.270752
-38.355595	388.14114	20.280518
-38.35733	385.56308	20.290283
-38.355518	385.52615	20.300049
-38.354729	391.47827	20.309814
-38.353573	394.85464	20.31958
-38.352833	391.70218	20.329346
-38.352871	388.53162	20.339111
-38.351952	386.4176	20.348877
-38.351555	388.20673	20.358643
-38.350361	389.32718	20.368408
-38.349419	390.51328	20.378174
-38.348515	392.81226	20.387939
-38.346863	392.44293	20.397705
-38.347786	385.82248	20.407471
-38.346611	386.8172	20.417236
-38.345306	385.65399	20.427002
-38.34594	391.98676	20.436768
-38.343452	393.29868	20.446533
-38.342533	387.89722	20.456299
-38.342545	388.1759	20.466064
-38.341194	387.05353	20.47583
-38.340252	386.54971	20.485596
-38.338757	387.27188	20.495361
-38.339607	388.69763	20.505127
-38.338058	393.84561	20.514893
-38.337147	389.85876	20.524658
-38.336697	386.23093	20.534424
-38.334827	384.85394	20.544189
-38.335175	387.496	20.553955
-38.33358	391.58234	20.563721
-38.334194	389.2355	20.573486
-38.33252	390.98267	20.583252
-38.331734	390.26569	20.593018
-38.330826	385.33209	20.602783
-38.33099	384.78857	20.612549
-38.328751	385.67258	20.622314
-38.327724	390.38873	20.63208
-38.327782	392.16446	20.641846
-38.326874	389.31674	20.651611
-38.326336	382.65204	20.661377
-38.32465	384.08475	20.671143
-38.324318	387.92566	20.680908
-38.323112	387.26035	20.690674
-38.322502	392.68906	20.700439
-38.321812	389.41162	20.710205
-38.320114	388.15259	20.719971
-38.319584	384.81741	20.729736
-38.319214	381.91895	20.739502
-38.318413	388.66608	20.749268
-38.317543	391.96204	20.759033
-38.316322	393.96317	20.768799
-38.316143	386.92078	20.778564
-38.314903	382.27747	20.78833
-38.314365	384.6442	20.798096
-38.314278	385.97235	20.807861
-38.312885	391.9328	20.817627
-38.311489	391.61243	20.827393
-38.311008	389.87708	20.837158
-38.310394	386.34213	20.846924
-38.309395	381.3707	20.856689
-38.30883	386.45526	20.866455
-38.307468	391.52444	20.876221
-38.307056	391.49609	20.885986
-38.305969	390.71732	20.895752
-38.306095	383.6301	20.905518
-38.306187	384.72357	20.915283
-38.305035	386.00958	20.925049
-38.302856	387.49683	20.934814
-38.30331	389.52353	20.94458
-38.302158	390.04126	20.954346
-38.301495	387.88663	20.964111
-38.300301	383.01993	20.973877
-38.298996	382.34424	20.983643
-38.297649	386.60587	20.993408
-38.298328	389.89645	21.003174
-38.29636	389.36902	21.012939
-38.295429	386.52521	21.022705
-38.294907	383.28455	21.032471
-38.293793	384.03302	21.042236
-38.292915	385.32947	21.052002
-38.292515	385.60056	21.061768
-38.292336	388.84964	21.071533
-38.290989	389.91483	21.081299
-38.290138	384.61667	21.091064
-38.28896	384.45779	21.10083
-38.288559	383.13324	21.110596
-38.287865	387.0004	21.120361
-38.285946	389.88431	21.130127
-38.285343	386.13901	21.139893
-38.284897	388.22153	21.149658
-38.285156	385.29309	21.159424
-38.283138	384.31708	21.169189
-38.283596	384.26703	21.178955
-38.282364	385.50912	21.188721
-38.282337	389.90726	21.198486
-38.280182	388.82758	21.208252
-38.278164	384.82037	21.218018
-38.279247	382.33716	21.227783
-38.277924	382.64722	21.237549
-38.276531	386.93246	21.247314
-38.276131	386.28293	21.25708
-38.274662	388.68768	21.266846
-38.275017	388.96762	21.276611
-38.27354	383.72308	21.286377
-38.273335	381.78323	21.296143
-38.27116	381.43005	21.305908
-38.27087	385.99121	21.315674
-38.270706	390.65445	21.325439
-38.270588	387.68774	21.335205
-38.268566	382.84045	21.344971
-38.268593	381.29153	21.354736
-38.267643	381.32703	21.364502
-38.26564	383.94913	21.374268
-38.265984	386.75137	21.384033
-38.263927	387.69043	21.393799
-38.26432	384.96832	21.403564
-38.262936	379.3862	21.41333
-38.262959	377.46249	21.423096
-38.261852	380.74185	21.432861
-38.260899	387.57217	21.442627
-38.259602	388.71567	21.452393
-38.258953	383.11636	21.462158
-38.259327	380.41919	21.471924
-38.257603	379.3486	21.481689
-38.256626	379.95782	21.491455
-38.25539	384.97876	21.501221
-38.254482	384.23056	21.510986
-38.253834	387.04709	21.520752
-38.253124	382.46231	21.530518
-38.252064	375.01086	21.540283
-38.251709	378.70584	21.550049
-38.252285	383.08279	21.559814
-38.249706	385.42487	21.56958
-38.249249	385.34485	21.579346
-38.248432	379.78204	21.589111
-38.24789	378.85306	21.598877
-38.246441	376.85556	21.608643
-38.246166	378.55576	21.618408
-38.244629	382.20618	21.628174
-38.244972	382.34769	21.637939
-38.243813	382.88269	21.647705
-38.242104	375.22302	21.657471
-38.240826	374.54807	21.667236
-38.240704	377.86612	21.677002
-38.240101	380.24203	21.686768
-38.238693	381.40332	21.696533
-38.238438	379.22507	21.706299
-38.238182	376.54514	21.716064
-38.237228	375.68729	21.72583
-38.236862	374.63156	21.735596
-38.235088	374.53021	21.745361
-38.235012	378.72556	21.755127
-38.233521	379.67783	21.764893
-38.2341	375.96805	21.774658
-38.232674	373.70776	21.784424
-38.231449	371.53064	21.794189
-38.231041	373.48053	21.803955
-38.228741	375.39349	21.813721
-38.230244	374.95889	21.823486
-38.228802	375.88577	21.833252
-38.227348	371.83231	21.843018
-38.226742	370.62277	21.852783
-38.225574	366.11621	21.862549
-38.223701	371.56049	21.872314
-38.224651	374.83893	21.88208
-38.223392	374.34738	21.891846
-38.222321	372.37421	21.901611
-38.222363	367.52377	21.911377
-38.222343	367.8656	21.921143
-38.220837	369.26184	21.930908
-38.219814	370.01205	21.940674
-38.218975	372.74561	21.950439
-38.216953	371.20685	21.960205
-38.216644	369.12817	21.969971
-38.215607	365.48886	21.979736
-38.215443	362.36636	21.989502
-38.212971	369.20477	21.999268
-38.213509	372.31586	22.009033
-38.212872	369.25751	22.018799
-38.211868	368.35699	22.028564
-38.210857	361.76855	22.03833
-38.210175	362.32166	22.048096
-38.209442	363.6698	22.057861
-38.208519	367.75623	22.067627
-38.208	369.45389	22.077393
-38.206745	367.74799	22.087158
-38.206017	362.38104	22.096924
-38.205112	358.89346	22.106689
-38.205223	358.60837	22.116455
-38.203648	365.91177	22.126221
-38.201839	369.21921	22.135986
-38.201622	364.02704	22.145752
-38.200241	360.86029	22.155518
-38.199451	361.33002	22.165283
-38.199745	359.21451	22.175049
-38.200142	364.63058	22.184814
-38.198948	365.44028	22.19458
-38.197605	366.36761	22.204346
-38.195366	360.36499	22.214111
-38.194355	354.98874	22.223877
-38.195377	357.36563	22.233643
-38.193954	358.84918	22.243408
-38.193813	363.97086	22.253174
-38.193493	362.26599	22.262939
-38.191185	359.23355	22.272705
-38.191502	356.71112	22.282471
-38.189232	355.11743	22.292236
-38.188759	357.36356	22.302002
-38.188351	358.53189	22.311768
-38.187473	361.07712	22.321533
-38.185871	361.03186	22.331299
-38.18594	354.22232	22.341064
-38.184696	353.25024	22.35083
-38.183483	354.7395	22.360596
-38.18272	356.03854	22.370361
-38.182564	357.64758	22.380127
-38.182549	356.02878	22.389893
-38.180828	357.49973	22.399658
-38.180351	355.69287	22.409424
-38.179737	350.31726	22.419189
-38.179077	351.53064	22.428955
-38.177246	355.4068	22.438721
-38.177509	356.91681	22.448486
-38.176064	354.97525	22.458252
-38.174831	351.0567	22.468018
-38.174358	348.50482	22.477783
-38.173576	349.65866	22.487549
-38.172779	349.82895	22.497314
-38.17141	350.68164	22.50708
-38.171013	352.47516	22.516846
-38.170406	352.07376	22.526611
-38.170033	348.17511	22.536377
-38.167763	342.52426	22.546143
-38.167942	346.19669	22.555908
-38.167194	349.7504	22.565674
-38.166733	351.48221	22.575439
-38.165024	350.8718	22.585205
-38.163883	343.89169	22.594971
-38.162849	343.18616	22.604736
-38.163982	343.50305	22.614502
-38.162605	341.44479	22.624268
-38.160934	347.58472	22.634033
-38.159103	348.82507	22.643799
-38.160168	343.85239	22.653564
-38.15826	338.75711	22.66333
-38.158066	335.16864	22.673096
-38.156822	340.59711	22.682861
-38.155796	344.16925	22.692627
-38.155376	343.42172	22.702393
-38.155807	339.66098	22.712158
-38.153919	334.64667	22.721924
-38.153828	335.2998	22.731689
-38.152721	331.37924	22.741455
-38.151848	335.88181	22.751221
-38.150101	340.03662	22.760986
-38.149963	335.98892	22.770752
-38.1488	329.55002	22.780518
-38.148239	321.84998	22.790283
-38.14753	322.31271	22.800049
-38.146587	316.39633	22.809814
-38.142853	-53.407608	22.81958
-38.143021	-33.954029	22.829346
-38.141277	-27.043955	22.839111
-38.140858	-42.959969	22.848877
-38.14209	-43.83564	22.858643
-38.14151	-41.322067	22.868408
-38.139336	-37.160385	22.878174
-38.139286	-34.796059	22.887939
-38.139297	-39.471138	22.897705
-38.137257	-43.480949	22.907471
-38.137726	-44.506668	22.917236
-38.136677	-40.872005	22.927002
-38.136044	-37.785782	22.936768
-38.134872	-37.967918	22.946533
-38.134022	-39.387539	22.956299
-38.133076	-39.552078	22.966064
-38.133106	-44.079037	22.97583
-38.131184	-43.278004	22.985596
-38.130989	-41.527435	22.995361
-38.129597	-37.923912	23.005127
-38.128349	-35.991062	23.014893
-38.129417	-43.073887	23.024658
-38.127392	-42.060024	23.034424
-38.126785	-44.331223	23.044189
-38.126141	-41.265987	23.053955
-38.124241	-40.58783	23.063721
-38.123997	-41.273132	23.073486
-38.123566	-38.898956	23.083252
-38.12328	-39.158642	23.093018
-38.122677	-43.971863	23.102783
-38.119926	-45.154446	23.112549
-38.120781	-42.008839	23.122314
-38.120243	-38.066746	23.13208
-38.119164	-39.724552	23.141846
-38.117744	-42.252502	23.151611
-38.117081	-43.034351	23.161377
-38.11676	-44.48056	23.171143
-38.115749	-42.351971	23.180908
-38.114388	-41.414619	23.190674
-38.114491	-40.763714	23.200439
-38.113987	-37.156296	23.210205
-38.11161	-41.562939	23.219971
-38.111622	-46.227764	23.229736
-38.110462	-44.329723	23.239502
-38.110298	-39.442314	23.249268
-38.10931	-37.79504	23.259033
-38.108658	-37.374783	23.268799
-38.108219	-42.208694	23.278564
-38.107422	-42.332058	23.28833
-38.106461	-43.532421	23.298096
-38.104519	-46.559856	23.307861
-38.104568	-37.294239	23.317627
-38.1036	-36.17712	23.327393
-38.102631	-38.342274	23.337158
-38.102322	-42.978546	23.346924
-38.100716	-46.618664	23.356689
-38.100449	-42.313942	23.366455
-38.098831	-39.019539	23.376221
-38.098305	-37.037327	23.385986
-38.097797	-39.433338	23.395752
-38.096828	-43.617401	23.405518
-38.096367	-43.142776	23.415283
-38.096367	-46.600258	23.425049
-38.094387	-40.664421	23.434814
-38.093784	-36.867867	23.44458
-38.092941	-36.886097	23.454346
-38.091846	-40.857315	23.464111
-38.090893	-47.356895	23.473877
-38.090317	-44.945465	23.483643
-38.089146	-38.82095	23.493408
-38.08913	-37.429279	23.503174
-38.087898	-37.380138	23.512939
-38.086449	-41.347763	23.522705
-38.086739	-41.087818	23.532471
-38.085915	-45.077526	23.542236
-38.084145	-44.723984	23.552002
-38.084343	-39.510689	23.561768
-38.08371	-37.322979	23.571533
-38.082611	-37.237328	23.581299
-38.082493	-43.751408	23.591064
-38.08054	-46.119061	23.60083
-38.079472	-41.303333	23.610596
-38.078987	-41.769428	23.620361
-38.078262	-40.467857	23.630127
-38.077362	-38.660469	23.639893
-38.07618	-39.890072	23.649658
-38.07505	-42.267727	23.659424
-38.074661	-43.625931	23.669189
-38.073574	-44.388931	23.678955
-38.072338	-37.916882	23.688721
-38.07338	-37.476631	23.698486
-38.071751	-39.075062	23.708252
-38.070198	-42.064301	23.718018
-38.070412	-43.011745	23.727783
-38.067688	-40.402889	23.737549
-38.068268	-41.108219	23.747314
-38.067909	-41.413303	23.75708
-38.06588	-36.936729	23.766846
-38.065933	-38.366447	23.776611
-38.065407	-42.310017	23.786377
-38.065624	-45.538094	23.796143
-38.063049	-41.118176	23.805908
-38.063549	-36.900482	23.815674
-38.061317	-38.359188	23.825439
-38.061745	-38.593449	23.835205
-38.059235	-40.444378	23.844971
-38.059074	-43.047775	23.854736
-38.058514	-42.596443	23.864502
-38.05793	-42.883434	23.874268
-38.057186	-39.335381	23.884033
-38.055466	-35.955112	23.893799
-38.055885	-39.496078	23.903564
-38.054565	-42.859417	23.91333
-38.054234	-45.002914	23.923096
-38.05286	-40.715233	23.932861
-38.052483	-38.14473	23.942627
-38.05151	-36.36755	23.952393
-38.049889	-38.787537	23.962158
-38.049831	-42.681847	23.971924
-38.048683	-44.116917	23.981689
-38.047447	-46.023403	23.991455
-38.046928	-40.704365	24.001221
-38.046844	-35.728855	24.010986
-38.044941	-36.293098	24.020752
-38.045189	-43.896072	24.030518
-38.0439	-45.619862	24.040283
-38.043892	-43.075199	24.050049
-38.042633	-40.285931	24.059814
-38.041573	-36.605686	24.06958
-38.040443	-38.262642	24.079346
-38.039394	-40.528324	24.089111
-38.038269	-42.47295	24.098877
-38.038769	-47.435555	24.108643
-38.037518	-40.717861	24.118408
-38.036976	-37.427105	24.128174
-38.035809	-35.164471	24.137939
-38.034531	-39.333374	24.147705
-38.034004	-44.338058	24.157471
-38.033405	-43.778728	24.167236
-38.032551	-41.125156	24.177002
-38.031696	-38.746048	24.186768
-38.030289	-37.760086	24.196533
-38.030899	-39.817791	24.206299
-38.030373	-39.941803	24.216064
-38.028484	-45.353203	24.22583
-38.028721	-43.990196	24.235596
-38.026447	-39.213261	24.245361
-38.026291	-37.343464	24.255127
-38.024368	-36.525089	24.264893
-38.024574	-41.685814	24.274658
-38.023212	-43.403404	24.284424
-38.022175	-42.087582	24.294189
-38.021786	-40.03455	24.303955
-38.021267	-40.84293	24.313721
-38.020805	-39.834621	24.323486
-38.020359	-38.854172	24.333252
-38.018276	-40.975323	24.343018
-38.016697	-42.258316	24.352783
-38.017319	-44.00079	24.362549
-38.016624	-39.298477	24.372314
-38.014263	-36.619118	24.38208
-38.014332	-39.745564	24.391846
-38.013512	-37.34565	24.401611
-38.011971	-41.915752	24.411377
-38.011459	-41.071194	24.421143
-38.011936	-43.004639	24.430908
-38.010174	-40.41449	24.440674
-38.010494	-36.315456	24.450439
-38.008911	-37.07766	24.460205
-38.007053	-40.031155	24.469971
-38.008274	-45.183773	24.479736
-38.006882	-43.087547	24.489502
-38.005806	-37.053009	24.499268
-38.005211	-40.42725	24.509033
-38.00465	-37.456665	24.518799
-38.003292	-41.019119	24.528564
-38.003231	-41.954983	24.53833
-38.002422	-43.081909	24.548096
-37.999523	-44.649601	24.557861
-37.999771	-38.286446	24.567627
-37.999168	-36.656162	24.577393
-37.997528	-39.572605	24.587158
-37.998524	-41.790997	24.596924
-37.996307	-45.16975	24.606689
-37.996235	-42.260654	24.616455
-37.995571	-39.300835	24.626221
-37.9935	-37.174545	24.635986
-37.993504	-37.896633	24.645752
-37.992935	-41.712364	24.655518
-37.991962	-42.801311	24.665283
-37.99128	-46.099392	24.675049
-37.991013	-41.229107	24.684814
-37.990414	-36.815948	24.69458
-37.989399	-35.952408	24.704346
-37.988045	-41.540607	24.714111
-37.986385	-43.984184	24.723877
-37.986095	-43.882214	24.733643
-37.984444	-41.554558	24.743408
-37.983994	-38.303188	24.753174
-37.984127	-36.849857	24.762939
-37.982998	-38.053593	24.772705
-37.982357	-41.692471	24.782471
-37.981823	-44.053814	24.792236
-37.980385	-43.524323	24.802002
-37.979248	-39.95396	24.811768
-37.979694	-35.788013	24.821533
-37.977009	-39.709232	24.831299
-37.977058	-44.856033	24.841064
-37.975933	-43.944096	24.85083
-37.975307	-43.213444	24.860596
-37.974178	-39.445786	24.870361
-37.973721	-38.966702	24.880127
-37.972973	-38.504753	24.889893
-37.971863	-38.805805	24.899658
-37.972065	-43.730488	24.909424
-37.970222	-44.375591	24.919189
-37.970253	-41.387409	24.928955
-37.969326	-38.868465	24.938721
-37.969078	-35.379482	24.948486
-37.967175	-41.599548	24.958252
-37.966618	-40.723412	24.968018
-37.965767	-40.978504	24.977783
-37.96405	-41.97226	24.987549
-37.964081	-40.429775	24.997314
-37.964901	-39.457558	25.00708
-37.96172	-36.347977	25.016846
-37.961906	-39.723026	25.026611
-37.96191	-42.6483	25.036377
-37.959915	-44.430511	25.046143
-37.959045	-39.353329	25.055908
-37.95895	-38.458832	25.065674
-37.957344	-39.472092	25.075439
-37.956051	-40.583172	25.085205
-37.955673	-40.516556	25.094971
-37.955521	-42.815624	25.104736
-37.954876	-44.775955	25.114502
-37.953709	-42.487679	25.124268
-37.952698	-38.882126	25.134033
-37.95155	-36.894184	25.143799
-37.951221	-38.829556	25.153564
-37.950577	-45.149101	25.16333
-37.94865	-45.530895	25.173096
-37.948254	-41.612991	25.182861
-37.947308	-40.162704	25.192627
-37.946747	-36.881569	25.202393
-37.945938	-40.872883	25.212158
-37.945789	-41.328758	25.221924
-37.945366	-43.14547	25.231689
-37.944595	-47.315704	25.241455
-37.94146	-40.390461	25.251221
-37.942539	-36.345005	25.260986
-37.941631	-36.995724	25.270752
-37.940907	-40.084698	25.280518
-37.939651	-46.030903	25.290283
-37.938374	-42.642284	25.300049
-37.93771	-41.895599	25.309814
-37.937107	-38.225979	25.31958
-37.937344	-37.024628	25.329346
-37.935577	-38.058582	25.339111
-37.93581	-42.084457	25.348877
-37.934372	-45.797211	25.358643
-37.933243	-42.006912	25.368408
-37.932899	-36.027058	25.378174
-37.93177	-36.855286	25.387939
-37.930325	-40.03661	25.397705
-37.930614	-42.935173	25.407471
-37.930111	-44.704041	25.417236
-37.927925	-42.071022	25.427002
-37.927509	-39.339802	25.436768
-37.926922	-37.86261	25.446533
-37.924961	-35.119877	25.456299
-37.92461	-41.519325	25.466064
-37.924767	-45.407574	25.47583
-37.923901	-45.86541	25.485596
-37.922146	-40.856861	25.495361
-37.921448	-35.044155	25.505127
-37.920639	-37.388496	25.514893
-37.920845	-41.918404	25.524658
-37.919868	-41.661884	25.534424
-37.918682	-42.63142	25.544189
-37.917988	-40.32011	25.553955
-37.916798	-40.339897	25.563721
-37.916065	-38.252857	25.573486
-37.914528	-37.151833	25.583252
-37.914474	-43.734028	25.593018
-37.913776	-42.710464	25.602783
-37.913383	-41.658665	25.612549
-37.912643	-39.21344	25.622314
-37.910858	-36.88623	25.63208
-37.909649	-40.803825	25.641846
-37.909882	-39.67062	25.651611
-37.908897	-41.931164	25.661377
-37.906952	-44.025074	25.671143
-37.907112	-42.174717	25.680908
-37.90609	-42.188999	25.690674
-37.906372	-36.147861	25.700439
-37.904591	-39.195824	25.710205
-37.903976	-42.643867	25.719971
-37.903503	-45.454731	25.729736
-37.903019	-42.485596	25.739502
-37.901295	-39.278214	25.749268
-37.900955	-39.337826	25.759033
-37.899494	-38.746967	25.768799
-37.899155	-39.952991	25.778564
-37.898651	-42.25996	25.78833
-37.896656	-46.302094	25.798096
-37.89666	-42.424252	25.807861
-37.895374	-40.601387	25.817627
-37.895306	-36.294331	25.827393
-37.893627	-38.515144	25.837158
-37.89378	-44.802109	25.846924
-37.893299	-43.277073	25.856689
-37.892235	-44.362617	25.866455
-37.891357	-41.25441	25.876221
-37.890259	-36.630058	25.885986
-37.888386	-37.876881	25.895752
-37.889793	-40.647808	25.905518
-37.88818	-44.921417	25.915283
-37.887218	-46.758434	25.925049
-37.885178	-40.237129	25.934814
-37.884888	-37.355053	25.94458
-37.88353	-35.666592	25.954346
-37.883659	-41.076664	25.964111
-37.882545	-45.365414	25.973877
-37.881489	-42.22047	25.983643
-37.881603	-44.169594	25.993408
-37.880455	-39.294224	26.003174
-37.87981	-35.964714	26.012939
-37.878849	-37.851734	26.022705
-37.878483	-41.445305	26.032471
-37.876831	-46.808689	26.042236
-37.87706	-43.931667	26.052002
-37.874939	-38.707573	26.061768
-37.87458	-36.297268	26.071533
-37.874016	-38.981644	26.081299
-37.872795	-43.355209	26.091064
-37.8717	-42.675499	26.10083
-37.870953	-44.33955	26.110596
-37.870754	-42.105209	26.120361
-37.869015	-38.075764	26.130127
-37.869251	-36.518326	26.139893
-37.867435	-39.499069	26.149658
-37.866898	-44.858093	26.159424
-37.867004	-45.113026	26.169189
-37.866356	-41.282585	26.178955
-37.865616	-38.329868	26.188721
-37.864475	-38.558929	26.198486
-37.863407	-41.052212	26.208252
-37.862598	-42.811668	26.218018
-37.860619	-42.587963	26.227783
-37.860519	-42.181831	26.237549
-37.86034	-41.395599	26.247314
-37.85944	-36.778072	26.25708
-37.85865	-37.03574	26.266846
-37.856663	-41.658352	26.276611
-37.857151	-42.803654	26.286377
-37.855812	-45.107983	26.296143
-37.85479	-40.612232	26.305908
-37.855717	-38.76408	26.315674
-37.852322	-39.549278	26.325439
-37.851513	-39.022339	26.335205
-37.851543	-40.001232	26.344971
-37.851524	-42.518646	26.354736
-37.849995	-45.164543	26.364502
-37.848366	-42.204479	26.374268
-37.84869	-37.639648	26.384033
-37.848282	-39.510445	26.393799
-37.847698	-40.168163	26.403564
-37.84634	-43.599129	26.41333
-37.845322	-42.877819	26.423096

