MTS793|BTW|ENU|1|2|.|/|:|1|0|0|A

Data Header:			arielle_monotonic_typei_general			Time:	20.026123	s	4/15/2019 6:24:07 PM
Data Acquisition:	Timed
Station Name:	ft40.cfg
Test File Name:	arielle_monotonic_typei_general.tst
Displacement	Force	Running Time
mm	N	s
9.9796724	-110.48837	0.03125
9.9797812	-106.16497	0.041015625
9.9801064	-100.68279	0.05078125
9.9795256	-102.07758	0.060546875
9.9790401	-105.58176	0.0703125
9.9788227	-109.99977	0.080078125
9.9783993	-107.39268	0.08984375
9.9791374	-106.28214	0.099609375
9.9811764	-105.36515	0.109375
9.9812393	-100.33862	0.11914063
9.9823217	-98.200279	0.12890625
9.9832897	-103.24722	0.13867188
9.9842644	-109.08489	0.1484375
9.985466	-105.75964	0.15820313
9.9853868	-100.99075	0.16796875
9.9859028	-98.141144	0.17773438
9.9872837	-97.95327	0.1875
9.9875851	-100.91402	0.19726563
9.9895	-102.49639	0.20703125
9.9902	-104.7204	0.21679688
9.9905777	-99.554306	0.2265625
9.9906778	-98.659851	0.23632813
9.9914103	-95.323051	0.24609375
9.9934616	-92.809303	0.25585938
9.9944811	-101.00453	0.265625
9.9933605	-99.39003	0.27539063
9.9948492	-99.41996	0.28515625
9.9963312	-94.981674	0.29492188
9.9966097	-91.263092	0.3046875
9.9979305	-95.005508	0.31445313
9.9985209	-92.016556	0.32421875
9.999897	-93.610886	0.33398438
9.9996233	-96.245674	0.34375
10.000746	-93.874428	0.35351563
10.001781	-91.987701	0.36328125
10.001836	-85.98526	0.37304688
10.00318	-89.272118	0.3828125
10.004473	-91.779938	0.39257813
10.004974	-93.336823	0.40234375
10.00531	-92.665405	0.41210938
10.006583	-88.248489	0.421875
10.008214	-87.356087	0.43164063
10.007459	-84.92878	0.44140625
10.00948	-85.566612	0.45117188
10.010116	-88.484398	0.4609375
10.010433	-89.982368	0.47070313
10.010445	-88.960213	0.48046875
10.012135	-83.366905	0.49023438
10.012852	-79.317574	0.5
10.013031	-80.637238	0.50976563
10.014122	-86.074265	0.51953125
10.016045	-87.413902	0.52929688
10.017012	-84.712006	0.5390625
10.017478	-84.292595	0.54882813
10.017423	-76.5242	0.55859375
10.018476	-76.8256	0.56835938
10.019991	-79.481461	0.578125
10.02114	-83.393646	0.58789063
10.021447	-89.09713	0.59765625
10.02135	-79.153671	0.60742188
10.022561	-74.21257	0.6171875
10.023595	-72.159065	0.62695313
10.024426	-78.517448	0.63671875
10.0262	-81.346626	0.64648438
10.025818	-79.099403	0.65625
10.02676	-80.518303	0.66601563
10.027784	-72.156746	0.67578125
10.028232	-70.598923	0.68554688
10.028633	-73.247169	0.6953125
10.029872	-73.797447	0.70507813
10.030251	-81.036934	0.71484375
10.032266	-76.687523	0.72460938
10.032618	-70.916153	0.734375
10.032948	-69.608757	0.74414063
10.034216	-66.719276	0.75390625
10.03515	-73.256432	0.76367188
10.036795	-73.572128	0.7734375
10.036152	-72.894234	0.78320313
10.037633	-70.767357	0.79296875
10.037308	-67.250885	0.80273438
10.039303	-64.079987	0.8125
10.039564	-64.706543	0.82226563
10.040004	-71.202599	0.83203125
10.041862	-71.775383	0.84179688
10.042953	-70.33371	0.8515625
10.042928	-61.226379	0.86132813
10.044296	-61.22168	0.87109375
10.044763	-64.417175	0.88085938
10.045098	-64.952858	0.890625
10.046703	-66.777008	0.90039063
10.046846	-66.443962	0.91015625
10.048128	-64.438232	0.91992188
10.048266	-60.417282	0.9296875
10.048944	-56.611835	0.93945313
10.050151	-61.352402	0.94921875
10.051637	-62.190475	0.95898438
10.052065	-64.774673	0.96875
10.05282	-59.793152	0.97851563
10.053304	-54.946419	0.98828125
10.054612	-58.651371	0.99804688
10.05498	-54.941574	1.0078125
10.056748	-56.953934	1.0175781
10.05662	-58.813305	1.0273438
10.058296	-59.227596	1.0371094
10.059132	-58.468937	1.046875
10.059546	-51.02636	1.0566406
10.061101	-50.784737	1.0664063
10.061122	-53.638412	1.0761719
10.06133	-57.167397	1.0859375
10.061805	-56.612686	1.0957031
10.063589	-50.926933	1.1054688
10.064099	-50.967358	1.1152344
10.065904	-49.116821	1.125
10.065829	-48.142586	1.1347656
10.066985	-52.191357	1.1445313
10.066192	-53.353683	1.1542969
10.068172	-54.854542	1.1640625
10.069479	-48.492119	1.1738281
10.069435	-43.15213	1.1835938
10.070161	-44.557789	1.1933594
10.072424	-48.845055	1.203125
10.07273	-52.860481	1.2128906
10.07323	-48.415623	1.2226563
10.074458	-47.088367	1.2324219
10.075236	-42.005939	1.2421875
10.076366	-41.126648	1.2519531
10.076027	-42.422604	1.2617188
10.078193	-45.694221	1.2714844
10.078099	-51.116776	1.28125
10.078526	-44.995632	1.2910156
10.079641	-40.031197	1.3007813
10.079645	-36.266312	1.3105469
10.081676	-37.913418	1.3203125
10.082071	-45.823711	1.3300781
10.08357	-42.804722	1.3398438
10.083747	-43.400986	1.3496094
10.085287	-37.257305	1.359375
10.085509	-35.502052	1.3691406
10.086482	-35.870415	1.3789063
10.086813	-34.391479	1.3886719
10.088917	-43.420372	1.3984375
10.088758	-40.937572	1.4082031
10.088941	-36.501942	1.4179688
10.090164	-32.285469	1.4277344
10.090774	-29.303328	1.4375
10.091427	-36.067139	1.4472656
10.092711	-37.332836	1.4570313
10.09356	-35.389732	1.4667969
10.093832	-35.213242	1.4765625
10.095744	-30.044184	1.4863281
10.095984	-30.233526	1.4960938
10.09531	-28.615282	1.5058594
10.097405	-30.803658	1.515625
10.098019	-33.929295	1.5253906
10.09836	-33.392273	1.5351563
10.099989	-29.029608	1.5449219
10.102108	-26.028502	1.5546875
10.101727	-27.124304	1.5644531
10.102701	-27.414564	1.5742188
10.102086	-28.423225	1.5839844
10.10552	-29.798622	1.59375
10.104652	-27.25539	1.6035156
10.105373	-26.77791	1.6132813
10.10617	-21.151844	1.6230469
10.10724	-22.910456	1.6328125
10.108941	-24.279419	1.6425781
10.109515	-28.440397	1.6523438
10.109265	-26.851774	1.6621094
10.110386	-21.947849	1.671875
10.110139	-23.535883	1.6816406
10.111979	-17.355541	1.6914063
10.11342	-19.563057	1.7011719
10.113368	-23.606112	1.7109375
10.114298	-24.640594	1.7207031
10.116125	-25.042934	1.7304688
10.115388	-16.240339	1.7402344
10.117182	-13.262349	1.75
10.117424	-16.516701	1.7597656
10.11882	-19.213753	1.7695313
10.120197	-22.601791	1.7792969
10.120106	-18.950357	1.7890625
10.12185	-18.074905	1.7988281
10.122207	-11.388167	1.8085938
10.123605	-11.970998	1.8183594
10.124031	-15.494938	1.828125
10.124352	-17.864849	1.8378906
10.124142	-21.91016	1.8476563
10.125711	-16.218218	1.8574219
10.126928	-6.5316877	1.8671875
10.128479	-5.2695847	1.8769531
10.128009	-11.783654	1.8867188
10.129042	-15.805675	1.8964844
10.130601	-14.146117	1.90625
10.130466	-10.434885	1.9160156
10.132126	-7.3420572	1.9257813
10.132633	-4.6921296	1.9355469
10.133351	-5.9032254	1.9453125
10.13401	-8.4524126	1.9550781
10.135655	-15.059372	1.9648438
10.135565	-9.7461252	1.9746094
10.136415	-6.1881213	1.984375
10.136681	-0.57947671	1.9941406
10.137454	-1.7717541	2.0039063
10.138037	-7.5073214	2.0136719
10.139199	-7.1591868	2.0234375
10.140238	-7.0888438	2.0332031
10.141945	-3.1757355	2.0429688
10.142605	-1.9666489	2.0527344
10.142679	-0.56919241	2.0625
10.144793	2.2664747	2.0722656
10.144659	-8.0337591	2.0820313
10.146664	-4.3790226	2.0917969
10.146317	-2.269907	2.1015625
10.146364	1.7466865	2.1113281
10.14777	6.9716415	2.1210938
10.148836	1.558182	2.1308594
10.149248	1.7649456	2.140625
10.150307	0.12459047	2.1503906
10.151012	-2.1082473	2.1601563
10.15191	2.3887682	2.1699219
10.152367	4.0577703	2.1796875
10.154217	8.7889738	2.1894531
10.154194	6.2035899	2.1992188
10.155588	2.4225001	2.2089844
10.156848	1.6306901	2.21875
10.156851	4.1428308	2.2285156
10.157444	9.0944271	2.2382813
10.160116	9.3623276	2.2480469
10.159796	9.3881884	2.2578125
10.160815	7.3123188	2.2675781
10.160968	6.4611225	2.2773438
10.162031	4.3092542	2.2871094
10.162805	7.8017511	2.296875
10.163576	13.669979	2.3066406
10.165263	15.518703	2.3164063
10.164308	13.634879	2.3261719
10.165086	9.1213655	2.3359375
10.166311	8.2367477	2.3457031
10.167676	13.48568	2.3554688
10.168003	13.902303	2.3652344
10.169836	19.057795	2.375
10.170424	17.362247	2.3847656
10.171144	14.728105	2.3945313
10.171517	14.262835	2.4042969
10.172873	10.041124	2.4140625
10.172829	19.917252	2.4238281
10.173847	23.877327	2.4335938
10.175585	22.730816	2.4433594
10.175552	19.176039	2.453125
10.176196	12.597902	2.4628906
10.177312	18.783644	2.4726563
10.177876	21.00194	2.4824219
10.178835	25.618515	2.4921875
10.179617	26.932775	2.5019531
10.181711	22.811863	2.5117188
10.180929	21.268066	2.5214844
10.182541	16.598608	2.53125
10.183034	22.23008	2.5410156
10.183267	28.560474	2.5507813
10.184066	30.714281	2.5605469
10.185514	28.484425	2.5703125
10.186418	23.33522	2.5800781
10.187757	22.545933	2.5898438
10.187192	26.060759	2.5996094
10.188757	29.536139	2.609375
10.189482	31.332121	2.6191406
10.190604	32.659801	2.6289063
10.190242	30.945595	2.6386719
10.191292	24.616053	2.6484375
10.192887	27.706512	2.6582031
10.19452	30.396009	2.6679688
10.19385	36.732944	2.6777344
10.195358	37.475433	2.6875
10.194907	29.683901	2.6972656
10.196008	32.042679	2.7070313
10.197886	29.415556	2.7167969
10.199274	34.184673	2.7265625
10.199381	36.320099	2.7363281
10.200426	36.054596	2.7460938
10.200402	38.864178	2.7558594
10.20135	35.955872	2.765625
10.201696	32.965115	2.7753906
10.204157	34.912033	2.7851563
10.203876	35.911076	2.7949219
10.203938	43.638939	2.8046875
10.206181	40.57325	2.8144531
10.206362	41.000744	2.8242188
10.207751	39.537739	2.8339844
10.207731	37.465652	2.84375
10.209067	40.272984	2.8535156
10.208987	40.074684	2.8632813
10.210637	46.41621	2.8730469
10.211548	48.157837	2.8828125
10.211883	42.860374	2.8925781
10.212942	38.561794	2.9023438
10.213675	40.376682	2.9121094
10.214027	46.159512	2.921875
10.21496	48.48476	2.9316406
10.216436	50.349934	2.9414063
10.216586	47.581093	2.9511719
10.218102	44.42662	2.9609375
10.219057	44.427479	2.9707031
10.220521	44.12048	2.9804688
10.221094	50.317078	2.9902344
10.221537	55.240963	3
10.222036	53.630337	3.0097656
10.222751	49.880333	3.0195313
10.223497	44.574532	3.0292969
10.224882	50.589516	3.0390625
10.224385	53.35881	3.0488281
10.226528	58.344048	3.0585938
10.227019	55.217762	3.0683594
10.228509	54.598747	3.078125
10.228484	52.959023	3.0878906
10.231218	47.627396	3.0976563
10.230481	56.42186	3.1074219
10.230813	60.159382	3.1171875
10.232518	61.8806	3.1269531
10.232422	59.235703	3.1367188
10.233519	50.833981	3.1464844
10.233374	55.208981	3.15625
10.235556	58.626785	3.1660156
10.235356	62.619141	3.1757813
10.237136	63.318157	3.1855469
10.238272	61.753414	3.1953125
10.237883	60.408493	3.2050781
10.238751	53.871162	3.2148438
10.240669	58.251095	3.2246094
10.241064	64.33667	3.234375
10.241553	65.838226	3.2441406
10.242614	68.601555	3.2539063
10.242964	60.652531	3.2636719
10.244286	59.879032	3.2734375
10.2457	63.004704	3.2832031
10.245005	66.470306	3.2929688
10.246375	67.244904	3.3027344
10.246383	68.329094	3.3125
10.247151	71.298859	3.3222656
10.248768	64.875	3.3320313
10.250505	66.147568	3.3417969
10.250615	65.299828	3.3515625
10.251802	69.829369	3.3613281
10.252525	74.622795	3.3710938
10.25197	70.226524	3.3808594
10.253586	70.518944	3.390625
10.253998	67.456642	3.4003906
10.254936	69.379074	3.4101563
10.256232	71.10453	3.4199219
10.257113	72.90065	3.4296875
10.257145	78.50103	3.4394531
10.258618	75.516327	3.4492188
10.259095	73.452225	3.4589844
10.260285	69.412987	3.46875
10.260911	72.253906	3.4785156
10.261374	79.796524	3.4882813
10.263152	78.149429	3.4980469
10.263684	78.892624	3.5078125
10.265521	76.110229	3.5175781
10.264759	74.874519	3.5273438
10.266647	76.238007	3.5371094
10.265664	76.44136	3.546875
10.267704	83.228172	3.5566406
10.268879	86.234245	3.5664063
10.269916	81.362762	3.5761719
10.269934	78.481895	3.5859375
10.270953	75.921898	3.5957031
10.271529	81.206482	3.6054688
10.273611	86.119911	3.6152344
10.273828	87.305847	3.625
10.2732	86.836197	3.6347656
10.275628	83.383163	3.6445313
10.275336	82.310898	3.6542969
10.276114	79.45562	3.6640625
10.277866	88.786934	3.6738281
10.277927	91.962975	3.6835938
10.278765	92.288116	3.6933594
10.279292	87.070305	3.703125
10.280113	82.078911	3.7128906
10.2812	85.155769	3.7226563
10.282166	89.147781	3.7324219
10.283002	93.067032	3.7421875
10.284194	94.24131	3.7519531
10.28491	91.227417	3.7617188
10.285952	90.903351	3.7714844
10.285631	85.989151	3.78125
10.287357	91.185051	3.7910156
10.288112	95.462059	3.8007813
10.288198	98.936119	3.8105469
10.289953	98.174698	3.8203125
10.290876	89.580688	3.8300781
10.290791	91.582428	3.8398438
10.292121	94.493286	3.8496094
10.292701	97.958595	3.859375
10.294123	102.07967	3.8691406
10.294409	97.368454	3.8789063
10.295039	100.32488	3.8886719
10.296327	96.839127	3.8984375
10.297842	96.103683	3.9082031
10.297484	98.511383	3.9179688
10.298728	103.29038	3.9277344
10.298644	105.97712	3.9375
10.300858	100.37114	3.9472656
10.301075	99.123558	3.9570313
10.302907	100.89837	3.9667969
10.30305	102.16137	3.9765625
10.303308	104.69928	3.9863281
10.303384	105.12084	3.9960938
10.304903	107.86927	4.0058594
10.305285	108.47205	4.015625
10.306968	105.07625	4.0253906
10.307333	102.76173	4.0351563
10.308732	106.01974	4.0449219
10.308789	111.96457	4.0546875
10.310103	109.69472	4.0644531
10.310608	111.02549	4.0742188
10.31117	105.40228	4.0839844
10.312411	105.41116	4.09375
10.31273	109.9193	4.1035156
10.313805	107.74503	4.1132813
10.313623	115.66188	4.1230469
10.315185	116.34229	4.1328125
10.315873	112.36281	4.1425781
10.31742	107.75327	4.1523438
10.317873	108.6179	4.1621094
10.319147	115.38564	4.171875
10.319515	116.03259	4.1816406
10.32086	118.61172	4.1914063
10.32105	115.43756	4.2011719
10.322211	113.13441	4.2109375
10.323042	113.61647	4.2207031
10.32342	113.69907	4.2304688
10.325014	121.17802	4.2402344
10.325072	124.5203	4.25
10.326732	121.88771	4.2597656
10.328044	117.56339	4.2695313
10.328283	112.43748	4.2792969
10.328303	115.85501	4.2890625
10.329929	125.26559	4.2988281
10.329276	125.25571	4.3085938
10.331136	125.10392	4.3183594
10.331952	120.52308	4.328125
10.332623	119.10306	4.3378906
10.333961	116.86942	4.3476563
10.333793	123.84048	4.3574219
10.33519	127.75974	4.3671875
10.336061	130.76794	4.3769531
10.336402	126.36935	4.3867188
10.337521	121.62791	4.3964844
10.338747	122.03756	4.40625
10.339557	126.59945	4.4160156
10.340322	131.35301	4.4257813
10.34016	132.3685	4.4355469
10.341076	130.18031	4.4453125
10.34334	129.34459	4.4550781
10.34293	124.94776	4.4648438
10.344018	127.58486	4.4746094
10.345134	130.51176	4.484375
10.344759	136.01242	4.4941406
10.346045	139.41774	4.5039063
10.34684	130.39977	4.5136719
10.347845	130.93166	4.5234375
10.348747	131.78687	4.5332031
10.349475	134.2066	4.5429688
10.349775	138.30586	4.5527344
10.350999	136.91331	4.5625
10.352726	137.16957	4.5722656
10.352484	135.73045	4.5820313
10.353507	131.83972	4.5917969
10.355176	134.21054	4.6015625
10.355874	136.8727	4.6113281
10.35662	144.30383	4.6210938
10.357017	140.57292	4.6308594
10.358472	138.10056	4.640625
10.358381	138.12794	4.6503906
10.359021	136.95454	4.6601563
10.360734	142.37874	4.6699219
10.360292	142.27927	4.6796875
10.362022	146.03726	4.6894531
10.362551	147.06805	4.6992188
10.364008	142.42932	4.7089844
10.365202	140.07001	4.71875
10.366125	141.75601	4.7285156
10.365838	147.41057	4.7382813
10.365531	149.62675	4.7480469
10.367653	149.3112	4.7578125
10.368685	144.94757	4.7675781
10.369226	143.70905	4.7773438
10.370241	146.66585	4.7871094
10.370393	144.32741	4.796875
10.371526	153.26007	4.8066406
10.372337	153.88396	4.8164063
10.37335	152.15414	4.8261719
10.374457	147.55592	4.8359375
10.37514	143.89182	4.8457031
10.375503	149.87164	4.8554688
10.377026	155.75714	4.8652344
10.377337	157.81619	4.875
10.378569	154.9931	4.8847656
10.379003	149.28308	4.8945313
10.380029	151.12405	4.9042969
10.379649	148.6319	4.9140625
10.38157	156.73222	4.9238281
10.382889	159.82567	4.9335938
10.382173	160.21851	4.9433594
10.383372	157.8159	4.953125
10.384991	149.60373	4.9628906
10.385489	153.13962	4.9726563
10.386088	159.21098	4.9824219
10.387012	161.26547	4.9921875
10.387488	164.43228	5.0019531
10.387579	156.98293	5.0117188
10.389561	158.11903	5.0214844
10.390472	156.88748	5.03125
10.390947	161.88078	5.0410156
10.391592	163.10327	5.0507813
10.392663	166.92415	5.0605469
10.393899	167.61887	5.0703125
10.394381	158.99901	5.0800781
10.39562	159.82753	5.0898438
10.395375	162.40675	5.0996094
10.396739	166.47552	5.109375
10.397838	170.81715	5.1191406
10.398767	168.56512	5.1289063
10.398243	168.05566	5.1386719
10.399798	164.93564	5.1484375
10.401148	165.60713	5.1582031
10.401773	165.30069	5.1679688
10.402485	171.28891	5.1777344
10.404349	175.53329	5.1875
10.404962	169.60406	5.1972656
10.405447	169.16718	5.2070313
10.406052	166.92395	5.2167969
10.406103	169.17165	5.2265625
10.407287	172.65283	5.2363281
10.408072	172.53169	5.2460938
10.409106	177.57089	5.2558594
10.409555	174.7552	5.265625
10.410244	172.01376	5.2753906
10.411554	171.37862	5.2851563
10.413054	171.75206	5.2949219
10.411695	180.91599	5.3046875
10.414153	180.58565	5.3144531
10.414963	176.77551	5.3242188
10.415676	174.48486	5.3339844
10.416193	174.32701	5.34375
10.416654	177.29236	5.3535156
10.417449	179.25249	5.3632813
10.418377	185.02052	5.3730469
10.419753	186.38094	5.3828125
10.419923	179.89302	5.3925781
10.420904	176.01538	5.4023438
10.422421	176.99762	5.4121094
10.422638	181.73654	5.421875
10.42281	188.29454	5.4316406
10.424921	188.32864	5.4414063
10.425408	184.1414	5.4511719
10.426963	181.84952	5.4609375
10.427209	183.29106	5.4707031
10.427032	183.66237	5.4804688
10.429013	189.15335	5.4902344
10.429914	191.52164	5.5
10.430015	190.99831	5.5097656
10.430577	184.8308	5.5195313
10.431584	180.32085	5.5292969
10.432485	185.75255	5.5390625
10.434239	192.28079	5.5488281
10.433863	195.08374	5.5585938
10.434273	192.29214	5.5683594
10.43514	188.46132	5.578125
10.436379	190.06978	5.5878906
10.4374	187.49062	5.5976563
10.438675	193.75764	5.6074219
10.439461	196.55232	5.6171875
10.439665	197.1624	5.6269531
10.441052	197.18547	5.6367188
10.441831	188.71962	5.6464844
10.441896	190.83069	5.65625
10.442937	195.27815	5.6660156
10.444514	200.1651	5.6757813
10.44551	201.77843	5.6855469
10.44497	196.94286	5.6953125
10.447235	196.84087	5.7050781
10.446492	195.11349	5.7148438
10.448252	196.50682	5.7246094
10.448773	198.98532	5.734375
10.449806	202.97388	5.7441406
10.450389	204.46797	5.7539063
10.450726	199.78052	5.7636719
10.451286	197.94365	5.7734375
10.452436	199.15263	5.7832031
10.452947	202.94414	5.7929688
10.454305	206.3472	5.8027344
10.455168	205.16277	5.8125
10.456759	205.41809	5.8222656
10.456964	204.74321	5.8320313
10.457186	203.83035	5.8417969
10.458729	201.61566	5.8515625
10.460077	206.39754	5.8613281
10.460062	213.10417	5.8710938
10.460434	209.98093	5.8808594
10.461978	208.69392	5.890625
10.463311	203.79866	5.9003906
10.46333	205.54272	5.9101563
10.463406	210.94	5.9199219
10.464894	210.31294	5.9296875
10.465318	215.6655	5.9394531
10.467238	213.66991	5.9492188
10.467271	210.80701	5.9589844
10.468519	208.99733	5.96875
10.468408	206.9976	5.9785156
10.470839	216.51073	5.9882813
10.470675	219.97319	5.9980469
10.471786	218.22453	6.0078125
10.472477	214.88786	6.0175781
10.474068	209.40509	6.0273438
10.473942	213.75089	6.0371094
10.47542	214.5571	6.046875
10.474961	220.59753	6.0566406
10.476017	223.57584	6.0664063
10.476168	220.707	6.0761719
10.478051	216.90939	6.0859375
10.479144	213.88153	6.0957031
10.479311	216.80099	6.1054688
10.479664	225.72412	6.1152344
10.481387	226.68562	6.125
10.481921	223.32021	6.1347656
10.482468	218.31284	6.1445313
10.483737	219.59006	6.1542969
10.485169	220.09908	6.1640625
10.485498	226.06693	6.1738281
10.485898	227.95493	6.1835938
10.486442	230.27229	6.1933594
10.487741	226.92662	6.203125
10.488303	218.26862	6.2128906
10.489327	222.23338	6.2226563
10.490775	226.87097	6.2324219
10.491767	232.2267	6.2421875
10.491218	231.73946	6.2519531
10.492892	226.38867	6.2617188
10.493258	229.03564	6.2714844
10.494383	226.2533	6.28125
10.494152	227.81686	6.2910156
10.495698	232.15651	6.3007813
10.497965	234.40623	6.3105469
10.498096	236.01518	6.3203125
10.497677	228.28748	6.3300781
10.499511	227.74998	6.3398438
10.501099	231.05754	6.3496094
10.50144	234.72687	6.359375
10.501333	239.15776	6.3691406
10.502746	235.51682	6.3789063
10.503282	235.51569	6.3886719
10.504377	236.04684	6.3984375
10.503938	234.17641	6.4082031
10.505608	234.03664	6.4179688
10.50688	240.74132	6.4277344
10.507539	241.339	6.4375
10.508144	241.87152	6.4472656
10.509451	237.60315	6.4570313
10.510145	236.78139	6.4667969
10.511597	239.09293	6.4765625
10.511372	242.73151	6.4863281
10.510954	242.49484	6.4960938
10.512989	244.53009	6.5058594
10.514071	243.85405	6.515625
10.514154	243.00351	6.5253906
10.514906	239.78271	6.5351563
10.515548	240.78491	6.5449219
10.51655	247.98836	6.5546875
10.518372	249.72563	6.5644531
10.519084	249.10539	6.5742188
10.519513	242.67918	6.5839844
10.521552	241.90985	6.59375
10.521705	246.72354	6.6035156
10.521919	246.51669	6.6132813
10.522897	254.33215	6.6230469
10.52451	253.69757	6.6328125
10.524423	246.93423	6.6425781
10.52583	245.99716	6.6523438
10.5264	243.08792	6.6621094
10.527835	251.8485	6.671875
10.527301	256.33264	6.6816406
10.527931	256.76547	6.6914063
10.528707	255.06517	6.7011719
10.53043	247.25557	6.7109375
10.531496	249.12675	6.7207031
10.532084	253.0845	6.7304688
10.531513	257.23169	6.7402344
10.533935	260.7709	6.75
10.534414	257.68414	6.7597656
10.534598	255.41437	6.7695313
10.536098	249.91493	6.7792969
10.536855	254.73181	6.7890625
10.537135	260.26563	6.7988281
10.537945	264.42737	6.8085938
10.539653	262.17014	6.8183594
10.538528	257.57697	6.828125
10.541607	256.36539	6.8378906
10.540167	257.73672	6.8476563
10.54183	259.98297	6.8574219
10.543488	264.28558	6.8671875
10.54352	266.01724	6.8769531
10.544391	266.5415	6.8867188
10.544725	258.0535	6.8964844
10.545503	260.71402	6.90625
10.547888	262.95047	6.9160156
10.547808	268.33203	6.9257813
10.548618	270.99637	6.9355469
10.550076	265.96027	6.9453125
10.550409	266.78415	6.9550781
10.551234	263.68878	6.9648438
10.55209	265.20554	6.9746094
10.552634	269.07269	6.984375
10.553525	269.42172	6.9941406
10.554912	274.89886	7.0039063
10.555877	270.28781	7.0136719
10.556441	266.52475	7.0234375
10.556695	267.48608	7.0332031
10.557781	270.82693	7.0429688
10.559794	276.6994	7.0527344
10.559246	274.34216	7.0625
10.560506	275.61139	7.0722656
10.56057	274.04095	7.0820313
10.562567	270.58679	7.0917969
10.563477	273.49399	7.1015625
10.56257	274.87985	7.1113281
10.563528	279.81354	7.1210938
10.566258	280.6041	7.1308594
10.565338	276.48883	7.140625
10.566766	273.89789	7.1503906
10.567101	272.64532	7.1601563
10.569132	279.27432	7.1699219
10.569557	280.83273	7.1796875
10.569622	285.9812	7.1894531
10.569645	283.24759	7.1992188
10.572154	279.58752	7.2089844
10.571932	276.78186	7.21875
10.572724	277.19955	7.2285156
10.57395	282.70029	7.2382813
10.575267	288.6712	7.2480469
10.576421	286.84122	7.2578125
10.576105	281.59027	7.2675781
10.577573	277.70636	7.2773438
10.577779	282.94656	7.2871094
10.579425	284.65805	7.296875
10.579076	288.76196	7.3066406
10.580412	290.52167	7.3164063
10.581547	288.26962	7.3261719
10.582536	285.48026	7.3359375
10.583055	278.87686	7.3457031
10.584055	287.29999	7.3554688
10.585281	293.64481	7.3652344
10.585808	294.62991	7.375
10.586324	292.68326	7.3847656
10.587721	285.06659	7.3945313
10.588232	287.91486	7.4042969
10.588973	291.14865	7.4140625
10.59035	292.37375	7.4238281
10.591063	295.80533	7.4335938
10.591347	296.92346	7.4433594
10.591587	294.44165	7.453125
10.593175	289.24194	7.4628906
10.593642	291.45157	7.4726563
10.594795	296.11591	7.4824219
10.594849	299.68124	7.4921875
10.596122	300.82443	7.5019531
10.598165	295.62799	7.5117188
10.597602	293.54694	7.5214844
10.599006	296.15372	7.53125
10.598933	296.57809	7.5410156
10.600431	300.46426	7.5507813
10.600803	301.77194	7.5605469
10.601361	303.20059	7.5703125
10.603218	299.28784	7.5800781
10.60429	297.17181	7.5898438
10.604025	299.09308	7.5996094
10.605066	303.34665	7.609375
10.606214	306.27216	7.6191406
10.605599	305.03317	7.6289063
10.60721	304.78595	7.6386719
10.608743	301.58902	7.6484375
10.608724	302.14627	7.6582031
10.610523	303.67139	7.6679688
10.610493	305.03677	7.6777344
10.610828	311.75485	7.6875
10.611576	310.59213	7.6972656
10.612371	305.57248	7.7070313
10.613911	303.08939	7.7167969
10.614424	303.24066	7.7265625
10.614865	312.9213	7.7363281
10.616345	310.9313	7.7460938
10.617573	314.13348	7.7558594
10.618779	313.08435	7.765625
10.618389	306.84149	7.7753906
10.620568	309.00354	7.7851563
10.619841	308.61508	7.7949219
10.621389	314.71826	7.8046875
10.622456	320.56738	7.8144531
10.622206	315.2988	7.8242188
10.62322	310.75952	7.8339844
10.624374	308.6265	7.84375
10.62498	314.32733	7.8535156
10.625421	318.08905	7.8632813
10.62722	320.40427	7.8730469
10.627896	320.25024	7.8828125
10.62814	316.14703	7.8925781
10.6288	312.95819	7.9023438
10.631054	312.45917	7.9121094
10.630557	318.37109	7.921875
10.631986	324.3963	7.9316406
10.63267	325.73529	7.9414063
10.633381	321.47198	7.9511719
10.633865	315.4978	7.9609375
10.634945	316.6528	7.9707031
10.636345	322.74979	7.9804688
10.636706	327.95825	7.9902344
10.637598	327.6745	8
10.638595	324.6954	8.0097656
10.638858	325.0657	8.0195313
10.639736	316.84039	8.0292969
10.640323	322.47812	8.0390625
10.641644	326.27856	8.0488281
10.642844	332.32571	8.0585938
10.643746	332.41629	8.0683594
10.642792	323.7757	8.078125
10.645203	323.31528	8.0878906
10.64552	325.44623	8.0976563
10.646297	329.57538	8.1074219
10.646729	335.43887	8.1171875
10.648946	332.28125	8.1269531
10.650434	331.48169	8.1367188
10.650485	328.50565	8.1464844
10.651505	326.7572	8.15625
10.650803	329.50818	8.1660156
10.651993	334.95865	8.1757813
10.65322	339.61145	8.1855469
10.654632	333.8396	8.1953125
10.654363	331.4718	8.2050781
10.655439	331.07501	8.2148438
10.6562	331.17331	8.2246094
10.656824	335.35028	8.234375
10.658128	338.16043	8.2441406
10.658675	341.01401	8.2539063
10.65891	338.65552	8.2636719
10.660045	334.72214	8.2734375
10.66095	332.44907	8.2832031
10.662029	338.18701	8.2929688
10.662242	343.77005	8.3027344
10.66318	342.1293	8.3125
10.66437	343.92834	8.3222656
10.665511	338.04556	8.3320313
10.665902	338.47598	8.3417969
10.667029	338.42441	8.3515625
10.66675	340.64832	8.3613281
10.668409	348.45135	8.3710938
10.668429	348.01926	8.3808594
10.670798	346.4433	8.390625
10.671569	341.96875	8.4003906
10.671796	339.50192	8.4101563
10.673275	347.94632	8.4199219
10.673529	349.99033	8.4296875
10.673633	352.36438	8.4394531
10.675249	348.5593	8.4492188
10.676362	343.25241	8.4589844
10.676508	346.88913	8.46875
10.676981	344.23666	8.4785156
10.678045	351.02722	8.4882813
10.679008	356.27008	8.4980469
10.679931	353.88507	8.5078125
10.680035	351.3764	8.5175781
10.681457	344.74338	8.5273438
10.682781	346.91284	8.5371094
10.682399	354.79257	8.546875
10.684101	358.155	8.5566406
10.684225	358.37775	8.5664063
10.685314	354.44968	8.5761719
10.68652	353.32239	8.5859375
10.686781	349.10818	8.5957031
10.687815	356.42099	8.6054688
10.688607	359.47314	8.6152344
10.689497	363.63089	8.625
10.689653	360.27084	8.6347656
10.690804	354.62064	8.6445313
10.692216	352.33261	8.6542969
10.69402	357.84579	8.6640625
10.694524	361.56528	8.6738281
10.695299	364.62036	8.6835938
10.695706	361.97833	8.6933594
10.696203	362.6886	8.703125
10.695967	355.68994	8.7128906
10.69836	359.69058	8.7226563
10.698557	362.48865	8.7324219
10.69984	366.85315	8.7421875
10.698802	369.99304	8.7519531
10.700397	363.20117	8.7617188
10.70089	362.18039	8.7714844
10.702878	362.94125	8.78125
10.702933	363.34427	8.7910156
10.705825	369.48096	8.8007813
10.705871	368.08923	8.8105469
10.705738	370.72049	8.8203125
10.706357	368.81995	8.8300781
10.707336	363.41714	8.8398438
10.708002	365.96704	8.8496094
10.709203	369.68274	8.859375
10.711239	374.52649	8.8691406
10.711019	371.90717	8.8789063
10.711096	372.42337	8.8886719
10.712303	369.36295	8.8984375
10.713462	367.78864	8.9082031
10.713667	371.51282	8.9179688
10.714913	373.69498	8.9277344
10.715512	376.59897	8.9375
10.716328	377.58578	8.9472656
10.716958	373.75415	8.9570313
10.718112	369.3649	8.9667969
10.719006	370.65823	8.9765625
10.720067	378.02948	8.9863281
10.721078	379.98038	8.9960938
10.721499	382.23358	9.0058594
10.721831	377.55447	9.015625
10.723397	374.97104	9.0253906
10.724049	374.73163	9.0351563
10.723853	375.57782	9.0449219
10.725652	384.1687	9.0546875
10.727744	386.983	9.0644531
10.727505	382.47217	9.0742188
10.728093	378.99081	9.0839844
10.729369	372.87698	9.09375
10.729696	380.87741	9.1035156
10.731339	385.86771	9.1132813
10.731429	387.45187	9.1230469
10.731894	387.29407	9.1328125
10.732366	380.56387	9.1425781
10.732648	381.75375	9.1523438
10.73472	378.97079	9.1621094
10.734573	387.5314	9.171875
10.736045	391.08868	9.1816406
10.736745	390.61987	9.1914063
10.737217	388.80515	9.2011719
10.73842	381.19254	9.2109375
10.739597	382.04901	9.2207031
10.740484	389.22397	9.2304688
10.740442	393.21024	9.2402344
10.741331	394.69727	9.25
10.74279	391.24387	9.2597656
10.743731	388.94943	9.2695313
10.744308	387.41904	9.2792969
10.74452	388.61902	9.2890625
10.745783	394.87723	9.2988281
10.746076	399.60236	9.3085938
10.747733	398.14124	9.3183594
10.748655	390.50427	9.328125
10.749435	389.62573	9.3378906
10.75052	392.49454	9.3476563
10.751163	397.4668	9.3574219
10.751558	398.4993	9.3671875
10.751118	397.10034	9.3769531
10.753458	400.42941	9.3867188
10.753631	395.25894	9.3964844
10.755175	395.09897	9.40625
10.756354	394.27155	9.4160156
10.755951	399.62506	9.4257813
10.756561	406.86472	9.4355469
10.758189	401.60605	9.4453125
10.759593	399.91144	9.4550781
10.759734	397.75027	9.4648438
10.760109	398.00555	9.4746094
10.761262	404.38763	9.484375
10.761375	403.61533	9.4941406
10.762666	406.63162	9.5039063
10.763175	404.5036	9.5136719
10.764874	400.81146	9.5234375
10.765564	400.77432	9.5332031
10.764648	401.44455	9.5429688
10.767034	409.7164	9.5527344
10.767708	410.79358	9.5625
10.768618	409.21616	9.5722656
10.768847	404.90079	9.5820313
10.771436	402.17319	9.5917969
10.771345	406.08051	9.6015625
10.771803	407.79715	9.6113281
10.772905	411.74698	9.6210938
10.773241	417.09003	9.6308594
10.774104	410.33936	9.640625
10.775823	406.82141	9.6503906
10.775636	404.6153	9.6601563
10.777002	412.37473	9.6699219
10.777853	417.23529	9.6796875
10.779202	417.57013	9.6894531
10.779264	414.19028	9.6992188
10.780158	410.31329	9.7089844
10.781256	410.10681	9.71875
10.781532	409.32007	9.7285156
10.782028	418.94086	9.7382813
10.783075	420.17233	9.7480469
10.784351	421.84039	9.7578125
10.784617	415.99094	9.7675781
10.7861	409.58835	9.7773438
10.786734	415.10907	9.7871094
10.787014	420.8298	9.796875
10.788803	423.94125	9.8066406
10.789557	422.84283	9.8164063
10.790272	417.15469	9.8261719
10.790793	418.82718	9.8359375
10.79169	415.50595	9.8457031
10.791098	420.17773	9.8554688
10.792192	425.42435	9.8652344
10.793911	427.52185	9.875
10.794668	427.10074	9.8847656
10.795444	419.25513	9.8945313
10.794292	419.31537	9.9042969
10.796167	423.43463	9.9140625
10.797493	426.65112	9.9238281
10.799219	431.33722	9.9335938
10.800281	426.69904	9.9433594
10.800159	425.8035	9.953125
10.80058	425.67798	9.9628906
10.801474	423.52588	9.9726563
10.802099	425.87698	9.9824219
10.803228	432.64691	9.9921875
10.804724	435.18179	10.001953
10.805176	428.5892	10.011719
10.804865	429.405	10.021484
10.806832	425.85074	10.03125
10.806983	430.06207	10.041016
10.807751	434.75821	10.050781
10.808846	434.28223	10.060547
10.80935	434.97092	10.070313
10.811165	433.98996	10.080078
10.811168	429.65686	10.089844
10.812239	429.83484	10.099609
10.813241	432.8772	10.109375
10.813689	441.60477	10.119141
10.814869	439.422	10.128906
10.815224	437.14908	10.138672
10.816236	433.70715	10.148438
10.817327	431.75269	10.158203
10.818209	436.56458	10.167969
10.819467	438.73099	10.177734
10.820424	444.53946	10.1875
10.819682	443.53912	10.197266
10.820538	438.38876	10.207031
10.822079	436.0397	10.216797
10.822651	435.27344	10.226563
10.82279	443.1011	10.236328
10.824856	450.23294	10.246094
10.82583	445.02856	10.255859
10.825631	441.76859	10.265625
10.826821	437.95853	10.275391
10.827922	440.83838	10.285156
10.827898	441.98154	10.294922
10.8304	448.04333	10.304688
10.830673	451.07281	10.314453
10.831049	447.96368	10.324219
10.832096	443.1684	10.333984
10.83166	439.50885	10.34375
10.833191	443.30179	10.353516
10.835076	451.18939	10.363281
10.835465	454.4696	10.373047
10.836727	449.54349	10.382813
10.836276	447.08441	10.392578
10.837018	446.19641	10.402344
10.837227	446.297	10.412109
10.840106	452.78467	10.421875
10.839951	455.43164	10.431641
10.840314	458.80566	10.441406
10.84162	455.22192	10.451172
10.84189	446.25882	10.460938
10.844404	449.28522	10.470703
10.844472	452.80109	10.480469
10.84552	459.4252	10.490234
10.847421	461.26807	10.5
10.84688	454.79227	10.509766
10.847437	454.31528	10.519531
10.848651	452.98056	10.529297
10.848228	454.79581	10.539063
10.849735	459.832	10.548828
10.850925	461.11719	10.558594
10.851569	464.53439	10.568359
10.851085	458.05588	10.578125
10.852402	455.57446	10.587891
10.854578	457.3909	10.597656
10.854583	461.0871	10.607422
10.855959	465.69217	10.617188
10.856334	464.14313	10.626953
10.857273	463.04477	10.636719
10.857226	460.9671	10.646484
10.858561	458.52414	10.65625
10.860028	461.2861	10.666016
10.861409	466.05402	10.675781
10.861969	471.05551	10.685547
10.861241	468.04871	10.695313
10.86338	465.08221	10.705078
10.863363	459.57306	10.714844
10.865314	462.95688	10.724609
10.866005	469.20059	10.734375
10.866587	470.37317	10.744141
10.865436	473.15125	10.753906
10.867739	472.2923	10.763672
10.868239	466.1644	10.773438
10.868753	464.16098	10.783203
10.870003	465.49658	10.792969
10.870916	474.94861	10.802734
10.872455	478.84991	10.8125
10.873979	475.93417	10.822266
10.873919	469.48672	10.832031
10.874617	466.38425	10.841797
10.874742	472.54984	10.851563
10.875748	473.70947	10.861328
10.875596	481.30139	10.871094
10.877484	480.80832	10.880859
10.878679	475.15921	10.890625
10.879196	472.92447	10.900391
10.878944	469.78314	10.910156
10.881711	475.7829	10.919922
10.881941	483.0014	10.929688
10.882441	482.06616	10.939453
10.883065	481.04407	10.949219
10.885043	474.23779	10.958984
10.884489	475.48572	10.96875
10.885442	476.95352	10.978516
10.887215	483.35864	10.988281
10.887079	485.75067	10.998047
10.888007	485.84421	11.007813
10.888679	482.16174	11.017578
10.890436	475.23764	11.027344
10.891464	478.19019	11.037109
10.89112	486.24759	11.046875
10.892426	490.14877	11.056641
10.892421	487.79199	11.066406
10.894844	483.823	11.076172
10.894098	481.98413	11.085938
10.895411	481.63095	11.095703
10.896234	486.83914	11.105469
10.897394	488.20306	11.115234
10.897971	493.16052	11.125
10.899122	491.71326	11.134766
10.898936	483.7431	11.144531
10.900632	485.14764	11.154297
10.901043	487.45514	11.164063
10.901412	491.91025	11.173828
10.902742	496.4122	11.183594
10.902929	491.57397	11.193359
10.90511	492.16345	11.203125
10.905206	489.13394	11.212891
10.905136	488.09525	11.222656
10.907155	493.39584	11.232422
10.907053	494.80765	11.242188
10.908161	500.68414	11.251953
10.908841	496.18304	11.261719
10.909467	493.66452	11.271484
10.911465	492.28342	11.28125
10.911309	492.91312	11.291016
10.912556	500.06174	11.300781
10.914865	501.42252	11.310547
10.914649	499.68643	11.320313
10.915284	498.08649	11.330078
10.915757	494.69601	11.339844
10.916227	495.38092	11.349609
10.917167	498.14917	11.359375
10.917076	505.02182	11.369141
10.91895	508.26163	11.378906
10.918728	501.08325	11.388672
10.920448	497.03354	11.398438
10.921508	496.47073	11.408203
10.921987	501.63412	11.417969
10.922943	505.62549	11.427734
10.92352	508.33179	11.4375
10.92462	507.57373	11.447266
10.924771	503.10712	11.457031
10.926119	499.55417	11.466797
10.926127	500.82303	11.476563
10.927932	507.3132	11.486328
10.928019	512.64026	11.496094
10.929815	513.12799	11.505859
10.931069	505.6008	11.515625
10.931824	501.70435	11.525391
10.932492	504.71448	11.535156
10.931655	507.2269	11.544922
10.933497	513.87555	11.554688
10.934756	516.14777	11.564453
10.934723	512.75342	11.574219
10.937118	510.01935	11.583984
10.937034	502.8472	11.59375
10.938464	509.83618	11.603516
10.937387	517.42407	11.613281
10.940195	519.49036	11.623047
10.940867	518.90845	11.632813
10.941114	509.37671	11.642578
10.943156	511.59949	11.652344
10.943603	513.35443	11.662109
10.943423	515.46515	11.671875
10.944033	521.42896	11.681641
10.944769	518.44879	11.691406
10.944723	518.45392	11.701172
10.946327	513.11035	11.710938
10.94803	513.46698	11.720703
10.948991	518.07153	11.730469
10.950234	524.52155	11.740234
10.950232	523.67059	11.75
10.950112	519.4978	11.759766
10.951402	517.7793	11.769531
10.953425	517.60602	11.779297
10.953689	520.97089	11.789063
10.953245	522.37323	11.798828
10.953382	526.64685	11.808594
10.955213	529.08044	11.818359
10.956539	522.15265	11.828125
10.956019	521.35632	11.837891
10.958332	519.69287	11.847656
10.958043	524.48218	11.857422
10.958699	531.46039	11.867188
10.960389	528.97491	11.876953
10.961154	529.05176	11.886719
10.961555	525.80676	11.896484
10.96274	523.17377	11.90625
10.963602	526.52777	11.916016
10.964803	527.30096	11.925781
10.965979	534.85559	11.935547
10.966095	532.99994	11.945313
10.967028	529.67041	11.955078
10.967957	525.96667	11.964844
10.96826	524.69037	11.974609
10.968122	534.40259	11.984375
10.969615	535.08228	11.994141
10.970957	536.94958	12.003906
10.971292	534.08698	12.013672
10.973366	531.98901	12.023438
10.973836	529.82526	12.033203
10.973728	531.37958	12.042969
10.974676	537.38171	12.052734
10.976456	543.25922	12.0625
10.977046	539.79572	12.072266
10.977648	534.10828	12.082031
10.979567	529.97198	12.091797
10.979246	534.80353	12.101563
10.979773	539.84326	12.111328
10.981133	544.6748	12.121094
10.980945	541.21112	12.130859
10.982859	541.14276	12.140625
10.983812	536.27173	12.150391
10.983575	533.49426	12.160156
10.985346	542.50055	12.169922
10.985196	545.94006	12.179688
10.986401	549.26666	12.189453
10.987295	543.12769	12.199219
10.987652	536.22607	12.208984
10.988257	537.75189	12.21875
10.989457	541.5683	12.228516
10.99047	547.81836	12.238281
10.991584	549.33655	12.248047
10.992523	545.75555	12.257813
10.99201	546.01624	12.267578
10.994658	538.92267	12.277344
10.993656	545.11151	12.287109
10.995268	547.91638	12.296875
10.996342	553.14709	12.306641
10.997482	554.53363	12.316406
10.997974	545.15466	12.326172
10.997997	545.17389	12.335938
10.999547	546.60919	12.345703
11.001162	549.41583	12.355469
11.000775	552.58228	12.365234
11.002049	553.15216	12.375
11.002318	554.32599	12.384766
11.004001	550.11115	12.394531
11.004065	547.82361	12.404297
11.004235	549.52533	12.414063
11.00545	553.94482	12.423828
11.007374	558.672	12.433594
11.007835	554.98615	12.443359
11.00867	553.37433	12.453125
11.009314	552.11169	12.462891
11.008013	553.26282	12.472656
11.011564	555.89624	12.482422
11.012389	558.16815	12.492188
11.012433	560.6817	12.501953
11.012943	559.82556	12.511719
11.01449	554.79004	12.521484
11.015727	552.86035	12.53125
11.015396	556.1037	12.541016
11.017166	563.31506	12.550781
11.016704	561.6026	12.560547
11.018616	565.5011	12.570313
11.019318	559.22229	12.580078
11.019754	557.58411	12.589844
11.020415	560.07721	12.599609
11.022158	559.81073	12.609375
11.022099	568.52124	12.619141
11.02374	569.63983	12.628906
11.023186	566.07672	12.638672
11.025099	560.87274	12.648438
11.024955	556.40808	12.658203
11.026294	564.04181	12.667969
11.027486	568.11578	12.677734
11.027815	570.30115	12.6875
11.029136	569.91846	12.697266
11.03012	566.58496	12.707031
11.030853	563.79224	12.716797
11.031727	562.44019	12.726563
11.032063	568.89124	12.736328
11.032923	576.54364	12.746094
11.032959	574.04797	12.755859
11.034582	570.20966	12.765625
11.035245	564.36218	12.775391
11.036043	565.99164	12.785156
11.037391	572.55341	12.794922
11.037961	576.33063	12.804688
11.038754	577.51105	12.814453
11.039257	573.47131	12.824219
11.039687	571.45264	12.833984
11.039877	567.45441	12.84375
11.041181	574.12378	12.853516
11.04359	576.94128	12.863281
11.043334	581.2489	12.873047
11.044265	580.22345	12.882813
11.044694	571.39258	12.892578
11.046752	572.64929	12.902344
11.046922	575.36823	12.912109
11.047583	579.46082	12.921875
11.048631	582.64124	12.931641
11.05001	579.00085	12.941406
11.050648	582.03503	12.951172
11.049922	574.95349	12.960938
11.051156	575.78906	12.970703
11.052371	579.18536	12.980469
11.052919	584.05847	12.990234
11.053919	587.7074	13
11.055542	581.09753	13.009766
11.055831	580.17755	13.019531
11.056629	579.28711	13.029297
11.057445	580.18463	13.039063
11.057925	586.97137	13.048828
11.058671	586.13586	13.058594
11.059264	590.17743	13.068359
11.060293	585.35107	13.078125
11.060588	581.05231	13.087891
11.062262	581.81964	13.097656
11.062557	584.91034	13.107422
11.062911	590.30884	13.117188
11.063614	591.15826	13.126953
11.065712	588.5163	13.136719
11.066456	586.2077	13.146484
11.067422	584.78662	13.15625
11.06782	587.45807	13.166016
11.068037	589.27374	13.175781
11.069323	595.9129	13.185547
11.07057	595.75989	13.195313
11.071916	592.54755	13.205078
11.071756	586.20923	13.214844
11.07303	587.3504	13.224609
11.073019	593.84747	13.234375
11.0742	597.51648	13.244141
11.075649	599.43787	13.253906
11.076347	593.93774	13.263672
11.076986	589.7619	13.273438
11.078378	591.37836	13.283203
11.078737	592.43921	13.292969
11.079096	600.28339	13.302734
11.080518	601.84991	13.3125
11.080793	600.24579	13.322266
11.081481	597.4447	13.332031
11.083409	589.79932	13.341797
11.083147	596.83417	13.351563
11.084433	601.03143	13.361328
11.085361	606.57635	13.371094
11.085534	605.35834	13.380859
11.087303	598.34143	13.390625
11.08838	599.58582	13.400391
11.089264	594.60193	13.410156
11.08975	601.1391	13.419922
11.090348	606.63885	13.429688
11.090228	608.75024	13.439453
11.090894	605.12823	13.449219
11.092259	598.07587	13.458984
11.093504	597.09735	13.46875
11.093287	605.53052	13.478516
11.093971	608.90631	13.488281
11.09574	609.71539	13.498047
11.096583	606.6048	13.507813
11.096703	605.52655	13.517578
11.097156	601.66321	13.527344
11.098646	603.33881	13.537109
11.099079	609.02509	13.546875
11.099884	615.51001	13.556641
11.100638	613.36853	13.566406
11.102315	607.47058	13.576172
11.102671	606.57568	13.585938
11.103273	606.23798	13.595703
11.104684	610.92902	13.605469
11.10589	614.90002	13.615234
11.10589	613.53564	13.625
11.106915	614.31482	13.634766
11.107603	611.7326	13.644531
11.108125	609.26245	13.654297
11.108556	609.87354	13.664063
11.109587	612.24097	13.673828
11.110814	621.68433	13.683594
11.111244	616.55286	13.693359
11.112289	617.48029	13.703125
11.11372	612.2207	13.712891
11.114664	613.44604	13.722656
11.11603	619.40894	13.732422
11.115179	618.0968	13.742188
11.117688	622.40558	13.751953
11.117696	622.85895	13.761719
11.118678	615.93445	13.771484
11.118281	614.78967	13.78125
11.11949	614.88788	13.791016
11.120685	623.6626	13.800781
11.121511	627.58447	13.810547
11.122729	623.98883	13.820313
11.122882	622.62689	13.830078
11.12459	618.45569	13.839844
11.124305	621.18103	13.849609
11.126041	621.65216	13.859375
11.126484	627.8418	13.869141
11.128572	629.78503	13.878906
11.127927	626.5177	13.888672
11.129189	620.81891	13.898438
11.129234	617.66736	13.908203
11.130791	624.68866	13.917969
11.13138	630.66907	13.927734
11.132357	632.69696	13.9375
11.132942	627.62579	13.947266
11.133288	624.60559	13.957031
11.134527	623.13922	13.966797
11.135719	622.85767	13.976563
11.135747	633.74426	13.986328
11.136852	634.69714	13.996094
11.136618	637.11591	14.005859
11.138227	633.17682	14.015625
11.139359	623.21863	14.025391
11.140467	627.79889	14.035156
11.140954	634.73938	14.044922
11.141747	638.98376	14.054688
11.142924	639.29144	14.064453
11.143802	631.49731	14.074219
11.144048	633.33868	14.083984
11.144806	628.37689	14.09375
11.145847	632.23572	14.103516
11.147091	638.25366	14.113281
11.147786	640.75885	14.123047
11.147599	643.00696	14.132813
11.149539	633.46228	14.142578
11.149985	631.40344	14.152344
11.152146	635.12	14.162109
11.152441	639.35162	14.171875
11.153077	642.3446	14.181641
11.154325	641.37915	14.191406
11.154085	638.79681	14.201172
11.15556	638.44244	14.210938
11.156046	637.2265	14.220703
11.156642	639.67554	14.230469
11.157164	644.96423	14.240234
11.158111	648.05328	14.25
11.159514	642.82721	14.259766
11.159761	641.65271	14.269531
11.159853	638.93848	14.279297
11.161407	640.82617	14.289063
11.162453	646.29034	14.298828
11.162336	647.24487	14.308594
11.163519	649.87311	14.318359
11.165656	646.49695	14.328125
11.164889	643.05756	14.337891
11.166412	642.48694	14.347656
11.167527	643.92212	14.357422
11.168354	653.13507	14.367188
11.168424	651.12952	14.376953
11.167901	651.21332	14.386719
11.170348	646.15082	14.396484
11.17128	642.94666	14.40625
11.171512	650.17401	14.416016
11.172447	649.7702	14.425781
11.173534	655.75824	14.435547
11.174109	656.4245	14.445313
11.175112	651.39478	14.455078
11.175524	649.0943	14.464844
11.176311	645.87189	14.474609
11.177986	652.01074	14.484375
11.178142	658.87451	14.494141
11.179392	658.15106	14.503906
11.180204	655.74866	14.513672
11.181809	650.54114	14.523438
11.181585	651.80188	14.533203
11.182419	652.84192	14.542969
11.184782	659.73767	14.552734
11.184129	662.16315	14.5625
11.185401	661.45062	14.572266
11.185734	655.58624	14.582031
11.185281	650.23059	14.591797
11.187391	654.86725	14.601563
11.189237	662.5061	14.611328
11.188895	666.22644	14.621094
11.189411	663.68677	14.630859
11.1913	658.59253	14.640625
11.191689	657.87738	14.650391
11.191309	656.42542	14.660156
11.193892	662.97607	14.669922
11.194119	665.80634	14.679688
11.194792	668.4856	14.689453
11.196959	665.69092	14.699219
11.196722	656.84204	14.708984
11.197062	658.95428	14.71875
11.197333	663.03119	14.728516
11.197978	669.18719	14.738281
11.199671	671.89929	14.748047
11.19995	665.75842	14.757813
11.20113	665.63696	14.767578
11.20293	663.50684	14.777344
11.202273	665.30365	14.787109
11.203157	668.37268	14.796875
11.204546	670.74432	14.806641
11.206395	675.34259	14.816406
11.206573	668.71832	14.826172
11.206317	665.73083	14.835938
11.207574	666.27368	14.845703
11.207917	670.51447	14.855469
11.208709	674.44781	14.865234
11.210327	673.39325	14.875
11.21036	673.20575	14.884766
11.212032	674.02191	14.894531
11.212935	668.28186	14.904297
11.21299	668.99579	14.914063
11.214343	673.22229	14.923828
11.214134	679.48096	14.933594
11.215165	678.73285	14.943359
11.217079	674.53778	14.953125
11.217359	669.38672	14.962891
11.218135	670.91821	14.972656
11.218814	676.42938	14.982422
11.220537	677.72937	14.992188
11.221136	682.83167	15.001953
11.221097	679.1275	15.011719
11.222666	678.20752	15.021484
11.223336	673.5415	15.03125
11.224901	674.35583	15.041016
11.225619	682.95471	15.050781
11.225459	685.91992	15.060547
11.226411	685.31647	15.070313
11.227401	679.39886	15.080078
11.228777	674.05115	15.089844
11.229269	679.31372	15.099609
11.229779	680.24957	15.109375
11.229466	688.45807	15.119141
11.230788	689.07605	15.128906
11.232767	684.8891	15.138672
11.232486	681.14813	15.148438
11.23296	676.68311	15.158203
11.234256	682.87665	15.167969
11.234963	689.94232	15.177734
11.236691	690.69989	15.1875
11.236536	688.30695	15.197266
11.238473	680.90601	15.207031
11.238457	683.06714	15.216797
11.239312	685.81482	15.226563
11.240912	690.3952	15.236328
11.241735	692.76489	15.246094
11.242368	693.67053	15.255859
11.243451	689.11218	15.265625
11.24261	683.078	15.275391
11.244698	684.88519	15.285156
11.245587	692.19067	15.294922
11.246007	697.61536	15.304688
11.247154	694.95721	15.314453
11.248158	692.48383	15.324219
11.248616	690.18842	15.333984
11.249049	688.09723	15.34375
11.24928	693.8208	15.353516
11.251701	696.61475	15.363281
11.250775	698.08777	15.373047
11.252054	699.97198	15.382813
11.254611	690.33911	15.392578
11.253854	692.78705	15.402344
11.254972	692.43207	15.412109
11.255831	697.22211	15.421875
11.256204	702.03906	15.431641
11.257982	696.71851	15.441406
11.257783	698.78857	15.451172
11.258208	696.68121	15.460938
11.259959	693.35327	15.470703
11.261328	698.17883	15.480469
11.260347	699.30499	15.490234
11.262795	706.96826	15.5
11.262807	701.08521	15.509766
11.263818	699.1908	15.519531
11.264433	697.88013	15.529297
11.265224	698.35901	15.539063
11.266319	705.33093	15.548828
11.266653	704.97388	15.558594
11.267278	707.31671	15.568359
11.269018	705.5708	15.578125
11.269977	701.40088	15.587891
11.270856	701.62274	15.597656
11.271962	702.23438	15.607422
11.272706	707.80164	15.617188
11.271863	712.88361	15.626953
11.273898	710.13068	15.636719
11.274431	704.31989	15.646484
11.275744	701.05267	15.65625
11.276397	705.72534	15.666016
11.276899	709.45795	15.675781
11.278083	716.52051	15.685547
11.278485	713.15448	15.695313
11.27879	709.37085	15.705078
11.280369	705.87665	15.714844
11.28088	703.59998	15.724609
11.282463	711.28467	15.734375
11.281589	716.98309	15.744141
11.283232	719.00177	15.753906
11.2845	710.88568	15.763672
11.284564	705.43176	15.773438
11.284763	709.73761	15.783203
11.286163	710.70483	15.792969
11.287832	717.9118	15.802734
11.288431	719.09723	15.8125
11.288692	716.9726	15.822266
11.289665	715.74988	15.832031
11.291135	708.43799	15.841797
11.290893	712.02606	15.851563
11.292658	720.13007	15.861328
11.293135	722.94928	15.871094
11.293518	720.81836	15.880859
11.294239	712.67712	15.890625
11.295121	714.3548	15.900391
11.296379	716.25702	15.910156
11.297119	719.362	15.919922
11.298117	724.21387	15.929688
11.298897	723.30695	15.939453
11.300596	721.31335	15.949219
11.299842	716.18634	15.958984
11.302099	716.24371	15.96875
11.302485	719.12451	15.978516
11.302883	725.50018	15.988281
11.305005	726.79596	15.998047
11.305699	722.90405	16.007813
11.30549	721.08765	16.017578
11.306766	721.36249	16.027344
11.307328	722.55042	16.037109
11.308932	723.05542	16.046875
11.307826	726.6535	16.056641
11.308854	730.67023	16.066406
11.310076	726.37463	16.076172
11.311345	725.38275	16.085938
11.312062	719.65918	16.095703
11.311979	727.28589	16.105469
11.313475	731.435	16.115234
11.313567	729.76959	16.125
11.315694	731.97607	16.134766
11.31636	726.76752	16.144531
11.316475	725.83777	16.154297
11.31689	727.88928	16.164063
11.318501	726.8222	16.173828
11.318904	736.63739	16.183594
11.320197	735.48248	16.193359
11.320863	732.54199	16.203125
11.322118	728.11029	16.212891
11.323025	727.17871	16.222656
11.322621	734.65442	16.232422
11.325451	736.03064	16.242188
11.324866	736.61694	16.251953
11.326146	737.30951	16.261719
11.326718	732.12976	16.271484
11.327599	731.46118	16.28125
11.32885	729.85919	16.291016
11.329618	736.22375	16.300781
11.329462	744.39911	16.310547
11.330772	742.23657	16.320313
11.331124	734.67194	16.330078
11.331882	730.81805	16.339844
11.332907	732.86444	16.349609
11.333328	737.15985	16.359375
11.334543	743.7489	16.369141
11.335834	742.69379	16.378906
11.337189	742.16406	16.388672
11.337365	737.42023	16.398438
11.338037	731.75354	16.408203
11.338103	740.49884	16.417969
11.339923	744.36969	16.427734
11.341082	748.56201	16.4375
11.341627	745.29852	16.447266
11.342134	737.51691	16.457031
11.342742	739.94513	16.466797
11.344625	740.79761	16.476563
11.344522	746.91742	16.486328
11.344188	749.32007	16.496094
11.345784	748.22864	16.505859
11.347122	747.14032	16.515625
11.347659	739.77448	16.525391
11.347986	742.14624	16.535156
11.349668	747.67419	16.544922
11.351267	751.25989	16.554688
11.350043	752.92523	16.564453
11.351314	746.45715	16.574219
11.352719	744.69623	16.583984
11.353006	745.52313	16.59375
11.35466	747.047	16.603516
11.355408	751.39343	16.613281
11.356076	753.1377	16.623047
11.356794	753.8465	16.632813
11.356288	751.00824	16.642578
11.359984	746.03406	16.652344
11.359313	748.85571	16.662109
11.359878	753.66266	16.671875
11.360863	757.42877	16.681641
11.362017	754.24835	16.691406
11.362821	753.70953	16.701172
11.36377	750.84576	16.710938
11.364381	750.48932	16.720703
11.364954	752.94617	16.730469
11.365449	755.37543	16.740234
11.367583	759.76538	16.75
11.367596	758.03644	16.759766
11.368324	754.99976	16.769531
11.369347	750.12701	16.779297
11.368863	754.38361	16.789063
11.370092	760.69745	16.798828
11.371429	760.41608	16.808594
11.372179	762.2713	16.818359
11.372766	758.3584	16.828125
11.37386	755.3764	16.837891
11.374537	756.89581	16.847656
11.37545	755.30945	16.857422
11.376563	763.7345	16.867188
11.377742	766.68677	16.876953
11.377928	762.18542	16.886719
11.377886	757.20203	16.896484
11.379443	752.66382	16.90625
11.380796	761.32349	16.916016
11.381171	764.13684	16.925781
11.381971	768.58319	16.935547
11.381931	767.45758	16.945313
11.383023	763.22351	16.955078
11.38434	759.85284	16.964844
11.385467	760.24506	16.974609
11.386054	764.85748	16.984375
11.387501	772.34802	16.994141
11.387576	770.0166	17.003906
11.388724	767.65509	17.013672
11.389771	760.76581	17.023438
11.390442	761.2619	17.033203
11.389362	766.38654	17.042969
11.391862	771.9671	17.052734
11.39221	772.54559	17.0625
11.393741	770.39832	17.072266
11.393518	767.04388	17.082031
11.395579	762.42572	17.091797
11.39509	766.5177	17.101563
11.396859	770.36676	17.111328
11.397264	775.83966	17.121094
11.398252	775.41479	17.130859
11.399839	766.26923	17.140625
11.399938	767.77667	17.150391
11.400152	769.05835	17.160156
11.401896	773.97998	17.169922
11.402491	776.64844	17.179688
11.403125	777.19226	17.189453
11.404535	777.13666	17.199219
11.403967	771.66882	17.208984
11.40504	770.42505	17.21875
11.406517	772.28021	17.228516
11.406083	776.86554	17.238281
11.407094	781.86597	17.248047
11.409301	777.13116	17.257813
11.409794	774.35132	17.267578
11.410055	774.78802	17.277344
11.411407	775.33179	17.287109
11.411679	777.91235	17.296875
11.413284	780.24231	17.306641
11.413852	780.79858	17.316406
11.415682	779.96564	17.326172
11.415116	775.74335	17.335938
11.416033	775.71399	17.345703
11.416588	777.90112	17.355469
11.418427	784.26447	17.365234
11.417759	782.26672	17.375
11.419822	783.49921	17.384766
11.419269	780.68555	17.394531
11.420947	779.40143	17.404297
11.421014	779.85022	17.414063
11.423325	781.50519	17.423828
11.423517	788.02216	17.433594
11.42403	788.0224	17.443359
11.424646	785.98364	17.453125
11.425568	776.7276	17.462891
11.426146	777.97833	17.472656
11.427344	785.32306	17.482422
11.427918	788.32916	17.492188
11.42906	790.93011	17.501953
11.429496	786.11334	17.511719
11.429904	781.36914	17.521484
11.431046	783.93341	17.53125
11.432488	781.05841	17.541016
11.433181	790.23346	17.550781
11.434282	793.69763	17.560547
11.434179	793.09631	17.570313
11.435562	788.90747	17.580078
11.436606	779.57745	17.589844
11.43631	786.5575	17.599609
11.438273	791.1955	17.609375
11.439895	794.58081	17.619141
11.439141	792.98773	17.628906
11.441126	790.57983	17.638672
11.44154	789.39288	17.648438
11.441784	785.31476	17.658203
11.443013	791.51721	17.667969
11.44382	796.20117	17.677734
11.443769	799.4328	17.6875
11.44523	796.22589	17.697266
11.44587	788.82477	17.707031
11.447198	788.56854	17.716797
11.447067	794.35211	17.726563
11.448369	798.38013	17.736328
11.449941	799.10504	17.746094
11.450089	798.10419	17.755859
11.450609	796.82233	17.765625
11.452006	791.77985	17.775391
11.453226	793.00488	17.785156
11.453864	796.71704	17.794922
11.454179	803.15088	17.804688
11.455029	802.5564	17.814453
11.456663	798.16968	17.824219
11.456551	796.72559	17.833984
11.458801	794.09198	17.84375
11.458653	799.44452	17.853516
11.45929	801.79364	17.863281
11.459929	802.34576	17.873047
11.460521	803.52148	17.882813
11.460816	800.60828	17.892578
11.463361	797.09308	17.902344
11.46328	796.93549	17.912109
11.464171	799.7851	17.921875
11.465754	807.89398	17.931641
11.46489	804.33582	17.941406
11.466511	803.77789	17.951172
11.467381	799.52228	17.960938
11.468534	797.55737	17.970703
11.469023	802.9762	17.980469
11.470424	804.1156	17.990234
11.470247	808.24927	18
11.471333	808.8866	18.009766
11.472445	804.48712	18.019531
11.472684	802.25085	18.029297
11.474473	801.52698	18.039063
11.474801	808.72253	18.048828
11.475083	812.01105	18.058594
11.476457	811.41339	18.068359
11.477711	807.34778	18.078125
11.477721	803.41986	18.087891
11.478812	803.6073	18.097656
11.479989	805.28882	18.107422
11.479359	811.31952	18.117188
11.48116	815.30981	18.126953
11.482088	813.1712	18.136719
11.483389	806.10187	18.146484
11.482105	803.04486	18.15625
11.48427	807.83679	18.166016
11.485377	812.98737	18.175781
11.485852	817.82269	18.185547
11.487286	813.43506	18.195313
11.486721	809.586	18.205078
11.488468	809.65308	18.214844
11.488114	806.86267	18.224609
11.489396	815.86011	18.234375
11.490895	818.33118	18.244141
11.49123	819.51819	18.253906
11.493284	818.56677	18.263672
11.494158	806.73016	18.273438
11.494827	810.22473	18.283203
11.495258	815.8465	18.292969
11.496266	818.24011	18.302734
11.496874	821.25226	18.3125
11.496827	817.31207	18.322266
11.497439	816.33258	18.332031
11.498824	812.03217	18.341797
11.4999	814.96478	18.351563
11.500743	818.39716	18.361328
11.501243	823.53271	18.371094
11.501519	824.36279	18.380859
11.503795	816.44574	18.390625
11.504057	815.31921	18.400391
11.504232	817.13824	18.410156
11.504822	820.69397	18.419922
11.505848	823.78522	18.429688
11.507674	822.57703	18.439453
11.507302	822.64172	18.449219
11.507971	821.75934	18.458984
11.509368	817.19067	18.46875
11.510647	819.76105	18.478516
11.510737	823.47711	18.488281
11.511417	827.84668	18.498047
11.512488	825.10785	18.507813
11.51424	823.38507	18.517578
11.51412	819.77557	18.527344
11.515119	823.63953	18.537109
11.516289	826.58844	18.546875
11.518466	827.10645	18.556641
11.518133	830.95758	18.566406
11.519693	827.00128	18.576172
11.520015	823.86646	18.585938
11.520125	820.8103	18.595703
11.52052	822.16864	18.605469
11.521875	831.77362	18.615234
11.522827	832.48883	18.625
11.524151	829.65717	18.634766
11.52323	825.9118	18.644531
11.52485	822.15747	18.654297
11.525498	828.12469	18.664063
11.527254	826.59241	18.673828
11.527184	835.23578	18.683594
11.52839	835.13062	18.693359
11.528963	830.27344	18.703125
11.529388	825.74121	18.712891
11.531614	822.86707	18.722656
11.529973	830.5766	18.732422
11.532879	835.76208	18.742188
11.533148	837.58575	18.751953
11.534122	833.8277	18.761719
11.534574	828.35797	18.771484
11.536673	828.01569	18.78125
11.53658	830.39917	18.791016
11.537229	837.18146	18.800781
11.538853	838.20978	18.810547
11.539165	840.2439	18.820313
11.53979	834.78064	18.830078
11.540458	828.80023	18.839844
11.541084	831.13068	18.849609
11.541901	839.37366	18.859375
11.54332	842.98438	18.869141
11.544598	839.86279	18.878906
11.545305	835.23145	18.888672
11.545568	835.21265	18.898438
11.545726	830.88654	18.908203
11.547875	839.28046	18.917969
11.54649	840.11127	18.927734
11.549175	842.27393	18.9375
11.549346	844.81433	18.947266
11.550238	832.77417	18.957031
11.550525	834.05066	18.966797
11.551599	837.57263	18.976563
11.553079	843.60144	18.986328
11.553106	844.85345	18.996094
11.553436	840.33307	19.005859
11.55516	841.03857	19.015625
11.556306	838.50494	19.025391
11.556628	836.66687	19.035156
11.557956	841.63281	19.044922
11.558117	844.164	19.054688
11.560501	847.55322	19.064453
11.559731	841.20569	19.074219
11.560785	840.61591	19.083984
11.56256	838.79327	19.09375
11.562618	842.58398	19.103516
11.563438	845.78821	19.113281
11.563878	846.64349	19.123047
11.565281	848.11041	19.132813
11.566464	845.33307	19.142578
11.566567	841.87665	19.152344
11.567234	840.60156	19.162109
11.568595	843.72571	19.171875
11.569286	850.92609	19.181641
11.569107	851.23486	19.191406
11.570709	847.58429	19.201172
11.571551	842.64618	19.210938
11.571376	844.8576	19.220703
11.572748	847.07983	19.230469
11.574804	848.11682	19.240234
11.575388	852.31903	19.25
11.575106	850.56458	19.259766
11.576126	848.26105	19.269531
11.577743	843.63544	19.279297
11.576837	843.64032	19.289063
11.578543	851.4126	19.298828
11.579337	855.21307	19.308594
11.580344	854.32385	19.318359
11.580572	850.55646	19.328125
11.582236	845.1286	19.337891
11.582566	850.00305	19.347656
11.583995	847.47241	19.357422
11.584207	855.79657	19.367188
11.58539	858.71246	19.376953
11.585505	852.76251	19.386719
11.586794	851.37054	19.396484
11.58711	846.09058	19.40625
11.588493	849.65399	19.416016
11.589165	858.62756	19.425781
11.590216	859.35144	19.435547
11.591327	858.28943	19.445313
11.592669	851.47937	19.455078
11.592208	850.37726	19.464844
11.593748	850.67908	19.474609
11.593516	854.29517	19.484375
11.594625	859.28107	19.494141
11.595675	861.50641	19.503906
11.596674	858.12488	19.513672
11.596992	848.86658	19.523438
11.598433	851.50323	19.533203
11.599336	855.96832	19.542969
11.599985	861.49377	19.552734
11.600551	862.19122	19.5625
11.602144	856.85327	19.572266
11.6023	855.53064	19.582031
11.603087	854.78418	19.591797
11.604025	857.81604	19.601563
11.605965	858.72748	19.611328
11.605762	861.56464	19.621094
11.606161	864.88098	19.630859
11.608246	856.76813	19.640625
11.60827	857.25824	19.650391
11.608465	856.13904	19.660156
11.608683	860.88916	19.669922
11.609324	865.59698	19.679688
11.61054	863.36414	19.689453
11.611376	863.15161	19.699219
11.612569	860.21246	19.708984
11.613834	856.70874	19.71875
11.614467	860.22784	19.728516
11.615881	862.24481	19.738281
11.61492	867.84558	19.748047
11.617081	866.08014	19.757813
11.618203	861.50085	19.767578
11.618488	859.44128	19.777344
11.619222	859.54395	19.787109
11.619847	865.19788	19.796875
11.620671	866.3136	19.806641
11.622682	869.27673	19.816406
11.622949	868.10529	19.826172
11.623341	862.44415	19.835938
11.625346	861.14862	19.845703
11.625594	860.08142	19.855469
11.627197	868.51855	19.865234
11.626023	871.10547	19.875
11.627594	868.90259	19.884766
11.627903	863.20349	19.894531
11.62954	861.49384	19.904297
11.631228	863.43884	19.914063
11.63154	867.12366	19.923828
11.631889	872.18878	19.933594
11.632755	872.08185	19.943359
11.632647	868.99121	19.953125
11.634415	863.24683	19.962891
11.634492	859.90369	19.972656
11.635694	868.21088	19.982422
11.63602	873.35541	19.992188
11.636923	875.71497	20.001953
11.638332	869.94086	20.011719
11.639215	863.664	20.021484


Data Header:			arielle_monotonic_typei_general			Time:	24.610107	s	4/15/2019 6:24:12 PM
Data Acquisition:	Timed
Station Name:	ft40.cfg
Test File Name:	arielle_monotonic_typei_general.tst
Displacement	Force	Running Time
mm	N	s
11.639693	866.47076	20.03125
11.640497	867.44592	20.041016
11.641136	872.84308	20.050781
11.641786	874.93744	20.060547
11.643579	873.95093	20.070313
11.643845	872.39551	20.080078
11.644654	862.47699	20.089844
11.64517	868.28162	20.099609
11.646753	873.91083	20.109375
11.647441	878.22168	20.119141
11.648338	875.39355	20.128906
11.649775	869.71893	20.138672
11.649114	867.27167	20.148438
11.650723	869.47473	20.158203
11.651268	870.67969	20.167969
11.651416	874.97644	20.177734
11.65299	877.73444	20.1875
11.653764	876.71552	20.197266
11.65533	869.99036	20.207031
11.655242	868.3999	20.216797
11.655946	871.67365	20.226563
11.657861	876.80316	20.236328
11.657352	880.02295	20.246094
11.658979	877.65338	20.255859
11.660047	872.80621	20.265625
11.660888	872.95227	20.275391
11.66026	872.42224	20.285156
11.662273	874.69702	20.294922
11.663008	878.32019	20.304688
11.663162	882.31567	20.314453
11.663687	878.00537	20.324219
11.665427	874.82568	20.333984
11.666489	871.91107	20.34375
11.667248	873.92853	20.353516
11.666486	882.56152	20.363281
11.669043	878.43713	20.373047
11.668929	881.83594	20.382813
11.67044	877.44556	20.392578
11.670643	874.55414	20.402344
11.67149	874.09552	20.412109
11.671898	875.47717	20.421875
11.673182	882.12323	20.431641
11.672988	884.66443	20.441406
11.673941	880.77319	20.451172
11.675487	875.91003	20.460938
11.676916	874.23566	20.470703
11.677353	879.88458	20.480469
11.67821	880.19531	20.490234
11.678635	884.09686	20.5
11.680269	883.14465	20.509766
11.680882	880.15002	20.519531
11.681531	876.4303	20.529297
11.683071	875.17926	20.539063
11.683303	883.71497	20.548828
11.683829	887.64203	20.558594
11.685298	886.03613	20.568359
11.685349	879.96606	20.578125
11.686314	875.95081	20.587891
11.686519	878.51587	20.597656
11.688115	881.03223	20.607422
11.688779	886.72498	20.617188
11.688998	886.9762	20.626953
11.69167	884.8465	20.636719
11.691072	881.02594	20.646484
11.691284	875.07013	20.65625
11.692912	883.39484	20.666016
11.693204	885.96442	20.675781
11.69459	890.39465	20.685547
11.695172	885.15381	20.695313
11.695698	880.07153	20.705078
11.696344	880.33057	20.714844
11.697859	880.80145	20.724609
11.697813	884.88391	20.734375
11.699516	889.43597	20.744141
11.700227	887.17725	20.753906
11.700704	887.42444	20.763672
11.701357	879.89441	20.773438
11.702537	880.82117	20.783203
11.704239	885.50537	20.792969
11.702767	888.47168	20.802734
11.705585	889.12036	20.8125
11.704939	884.28925	20.822266
11.705729	883.71222	20.832031
11.706943	881.85168	20.841797
11.708542	884.49384	20.851563
11.708434	887.53845	20.861328
11.709826	889.39539	20.871094
11.710685	888.82642	20.880859
11.711147	886.27386	20.890625
11.712735	883.32233	20.900391
11.713424	882.99707	20.910156
11.714435	888.96741	20.919922
11.714454	891.0697	20.929688
11.715215	890.39893	20.939453
11.715611	889.24066	20.949219
11.717038	884.80396	20.958984
11.717358	884.1142	20.96875
11.71817	885.56628	20.978516
11.720944	889.52527	20.988281
11.720322	892.17377	20.998047
11.721884	893.01447	21.007813
11.722148	888.29517	21.017578
11.723498	884.09045	21.027344
11.723978	883.5116	21.037109
11.724616	892.01733	21.046875
11.724401	891.5282	21.056641
11.725654	895.599	21.066406
11.727237	888.54779	21.076172
11.727207	886.81781	21.085938
11.728307	886.75214	21.095703
11.729799	884.6723	21.105469
11.729774	894.21112	21.115234
11.731239	896.16168	21.125
11.731324	894.92035	21.134766
11.732754	889.93878	21.144531
11.734368	884.68817	21.154297
11.734218	889.8974	21.164063
11.735302	892.30817	21.173828
11.736193	895.85944	21.183594
11.736413	895.85962	21.193359
11.737113	892.30951	21.203125
11.738771	889.54755	21.212891
11.739693	887.08978	21.222656
11.739752	890.65198	21.232422
11.740512	897.34979	21.242188
11.741895	898.91083	21.251953
11.74292	893.9812	21.261719
11.743065	886.72394	21.271484
11.743944	886.96027	21.28125
11.744042	890.24744	21.291016
11.745681	896.08655	21.300781
11.747496	897.76654	21.310547
11.746792	895.58569	21.320313
11.748019	893.91229	21.330078
11.749346	887.01331	21.339844
11.750143	891.45856	21.349609
11.750186	893.1662	21.359375
11.75117	898.77856	21.369141
11.752625	897.95789	21.378906
11.752572	890.97388	21.388672
11.754203	890.64209	21.398438
11.755885	890.04456	21.408203
11.75583	893.63733	21.417969
11.757142	895.4278	21.427734
11.757988	895.70697	21.4375
11.758278	897.50555	21.447266
11.758265	891.4425	21.457031
11.759764	890.4989	21.466797
11.760278	892.00751	21.476563
11.761004	897.56323	21.486328
11.762033	901.83087	21.496094
11.762624	895.75421	21.505859
11.764267	896.16571	21.515625
11.764534	892.09393	21.525391
11.765009	891.94391	21.535156
11.765953	893.0943	21.544922
11.766749	896.73749	21.554688
11.767697	900.60736	21.564453
11.769397	899.72241	21.574219
11.768247	892.23248	21.583984
11.769562	889.23761	21.59375
11.769482	893.2663	21.603516
11.770692	897.8327	21.613281
11.773139	898.59131	21.623047
11.773582	900.57422	21.632813
11.774767	895.03864	21.642578
11.773785	894.44519	21.652344
11.775276	892.00269	21.662109
11.775673	894.69305	21.671875
11.776798	899.98895	21.681641
11.778034	903.52307	21.691406
11.778918	898.08051	21.701172
11.779766	893.1944	21.710938
11.781954	889.59631	21.720703
11.782151	897.36206	21.730469
11.783011	899.5769	21.740234
11.782718	902.87213	21.75
11.783514	900.93719	21.759766
11.78545	895.77362	21.769531
11.786285	896.71436	21.779297
11.786853	890.28894	21.789063
11.787572	900.28967	21.798828
11.787736	902.18005	21.808594
11.789162	902.58594	21.818359
11.789534	898.03412	21.828125
11.790192	890.25812	21.837891
11.791614	893.77643	21.847656
11.791469	899.09412	21.857422
11.792727	901.85394	21.867188
11.793282	903.23584	21.876953
11.794805	899.39771	21.886719
11.794905	895.52026	21.896484
11.796289	891.88556	21.90625
11.795998	895.65234	21.916016
11.797358	900.9325	21.925781
11.798967	904.04913	21.935547
11.799199	902.38281	21.945313
11.799917	894.38794	21.955078
11.800956	893.60425	21.964844
11.801094	897.18237	21.974609
11.803117	902.12402	21.984375
11.803576	902.75635	21.994141
11.803916	901.38947	22.003906
11.806087	900.53229	22.013672
11.806545	894.81042	22.023438
11.807067	896.59485	22.033203
11.807912	896.94342	22.042969
11.808513	902.97296	22.052734
11.809471	904.88513	22.0625
11.809409	898.15149	22.072266
11.810922	897.36719	22.082031
11.81129	894.58051	22.091797
11.812803	898.43719	22.101563
11.813865	901.85681	22.111328
11.814028	900.38031	22.121094
11.815747	904.11871	22.130859
11.81532	900.34235	22.140625
11.81582	895.88892	22.150391
11.816665	894.75201	22.160156
11.818262	899.33728	22.169922
11.819008	904.51422	22.179688
11.819666	902.29724	22.189453
11.820323	901.42346	22.199219
11.821352	897.11108	22.208984
11.82229	896.72589	22.21875
11.822889	899.08673	22.228516
11.823374	898.04901	22.238281
11.825274	904.70508	22.248047
11.826109	905.79523	22.257813
11.826779	900.73303	22.267578
11.826545	895.63568	22.277344
11.828141	895.32349	22.287109
11.828757	900.19458	22.296875
11.828784	905.03308	22.306641
11.829664	903.84802	22.316406
11.830647	900.46271	22.326172
11.83191	897.9126	22.335938
11.83302	897.07251	22.345703
11.833261	895.9505	22.355469
11.834374	902.27441	22.365234
11.835504	906.13202	22.375
11.834793	904.25171	22.384766
11.837363	898.21558	22.394531
11.837267	893.21313	22.404297
11.839333	896.97382	22.414063
11.838771	902.57141	22.423828
11.838887	906.00592	22.433594
11.840519	904.49182	22.443359
11.841314	898.09491	22.453125
11.842978	896.07251	22.462891
11.843408	892.14978	22.472656
11.843745	900.56897	22.482422
11.845467	904.26843	22.492188
11.844995	904.90515	22.501953
11.846742	901.27643	22.511719
11.846017	893.05725	22.521484
11.848677	894.93689	22.53125
11.848828	900.52026	22.541016
11.849811	903.15692	22.550781
11.851279	904.49872	22.560547
11.850731	900.49432	22.570313
11.852262	897.00952	22.580078
11.852308	893.4314	22.589844
11.854016	895.24713	22.599609
11.855601	900.06458	22.609375
11.855488	904.31329	22.619141
11.856641	903.77698	22.628906
11.85722	897.16699	22.638672
11.858023	893.31915	22.648438
11.858569	895.72235	22.658203
11.859634	897.66052	22.667969
11.860929	899.71606	22.677734
11.86059	898.76367	22.6875
11.86237	899.56476	22.697266
11.862713	896.48193	22.707031
11.86346	892.06494	22.716797
11.863078	893.20801	22.726563
11.865611	896.12018	22.736328
11.865873	902.24268	22.746094
11.866989	897.59863	22.755859
11.868302	895.17035	22.765625
11.868294	891.94904	22.775391
11.868684	891.18237	22.785156
11.869375	895.55463	22.794922
11.870348	893.90564	22.804688
11.871212	898.84338	22.814453
11.872933	894.4718	22.824219
11.872866	889.71973	22.833984
11.874125	885.35559	22.84375
11.875422	886.09436	22.853516
11.875105	890.9859	22.863281
11.877768	887.21259	22.873047
11.884891	-52.336052	22.882813
11.883954	-4.0652518	22.892578
11.885189	-50.579182	22.902344
11.886271	-36.614468	22.912109
11.885332	-48.401806	22.921875
11.884484	-34.702908	22.931641
11.884636	-32.810604	22.941406
11.885424	-40.535366	22.951172
11.885471	-43.29557	22.960938
11.886122	-49.620441	22.970703
11.887276	-42.346039	22.980469
11.88623	-35.892403	22.990234
11.888874	-35.109455	23
11.889574	-39.972046	23.009766
11.889802	-44.779331	23.019531
11.890124	-45.692242	23.029297
11.891145	-45.027233	23.039063
11.892914	-39.124889	23.048828
11.893101	-35.878624	23.058594
11.89399	-35.419209	23.068359
11.895576	-41.655144	23.078125
11.895806	-49.252007	23.087891
11.896555	-45.503815	23.097656
11.897347	-41.058155	23.107422
11.897936	-34.605659	23.117188
11.898627	-38.607521	23.126953
11.898885	-41.195717	23.136719
11.900409	-41.5709	23.146484
11.900242	-47.637825	23.15625
11.90264	-43.236019	23.166016
11.902775	-38.054073	23.175781
11.904031	-36.687782	23.185547
11.904082	-35.369026	23.195313
11.904967	-45.659725	23.205078
11.906371	-45.264702	23.214844
11.905991	-43.047089	23.224609
11.906988	-40.830597	23.234375
11.908033	-35.689777	23.244141
11.910095	-39.189724	23.253906
11.909282	-41.117432	23.263672
11.90998	-43.562103	23.273438
11.911263	-44.833881	23.283203
11.912072	-43.378323	23.292969
11.912992	-38.51881	23.302734
11.913767	-35.365185	23.3125
11.914344	-39.414661	23.322266
11.914865	-42.682709	23.332031
11.91601	-44.917709	23.341797
11.917036	-42.320869	23.351563
11.91834	-41.176907	23.361328
11.918543	-38.953876	23.371094
11.920027	-37.749916	23.380859
11.920294	-39.390675	23.390625
11.921009	-45.330025	23.400391
11.92243	-45.907913	23.410156
11.923612	-42.763222	23.419922
11.924107	-37.366322	23.429688
11.92471	-37.240425	23.439453
11.925726	-37.885944	23.449219
11.927225	-43.551456	23.458984
11.926713	-44.653248	23.46875
11.927171	-43.579628	23.478516
11.9295	-41.977863	23.488281
11.929567	-35.752201	23.498047
11.930502	-38.053207	23.507813
11.93062	-41.111919	23.517578
11.931361	-44.56538	23.527344
11.933121	-50.391663	23.537109
11.934278	-39.202133	23.546875
11.934127	-36.538521	23.556641
11.934286	-37.09861	23.566406
11.935064	-39.980495	23.576172
11.937697	-45.99984	23.585938
11.937989	-43.204536	23.595703
11.939075	-45.500847	23.605469
11.93831	-37.223259	23.615234
11.938777	-34.899998	23.625
11.940832	-38.110355	23.634766
11.941354	-41.743549	23.644531
11.942505	-48.605419	23.654297
11.942516	-44.382198	23.664063
11.94436	-37.917843	23.673828
11.943852	-35.455952	23.683594
11.946005	-37.281063	23.693359
11.946177	-43.103981	23.703125
11.948325	-44.798275	23.712891
11.948195	-44.956848	23.722656
11.947838	-39.862007	23.732422
11.949389	-37.919323	23.742188
11.950044	-36.68882	23.751953
11.951695	-38.686836	23.761719
11.95194	-46.204502	23.771484
11.953454	-47.146198	23.78125
11.952217	-41.962231	23.791016
11.95467	-38.077515	23.800781
11.95564	-36.648384	23.810547
11.956529	-43.18718	23.820313
11.957036	-40.405003	23.830078
11.958091	-45.283096	23.839844
11.95846	-42.448261	23.849609
11.959908	-40.615482	23.859375
11.959673	-38.197262	23.869141
11.961205	-34.758202	23.878906
11.961758	-42.874702	23.888672
11.963178	-43.575733	23.898438
11.963151	-43.625076	23.908203
11.963436	-42.130604	23.917969
11.964632	-38.148365	23.927734
11.966232	-40.404827	23.9375
11.966208	-39.504219	23.947266
11.967382	-41.412453	23.957031
11.968512	-44.996368	23.966797
11.969195	-45.528618	23.976563
11.969835	-41.360645	23.986328
11.969956	-35.822655	23.996094
11.971176	-36.461178	24.005859
11.971692	-42.022945	24.015625
11.972506	-46.251617	24.025391
11.973974	-44.702648	24.035156
11.973934	-41.673218	24.044922
11.97572	-39.474567	24.054688
11.975615	-36.583752	24.064453
11.977064	-38.425514	24.074219
11.978666	-42.062157	24.083984
11.978949	-46.841854	24.09375
11.980236	-45.415665	24.103516
11.979871	-38.908703	24.113281
11.980742	-35.419712	24.123047
11.981176	-35.75301	24.132813
11.982687	-43.967854	24.142578
11.983412	-46.970367	24.152344
11.984463	-43.140789	24.162109
11.985102	-43.418083	24.171875
11.98619	-36.366039	24.181641
11.987329	-37.298317	24.191406
11.987632	-39.898563	24.201172
11.989038	-42.93211	24.210938
11.989344	-49.90451	24.220703
11.990314	-42.85059	24.230469
11.991332	-36.486046	24.240234
11.991316	-35.150032	24.25
11.99252	-38.166023	24.259766
11.992715	-47.14365	24.269531
11.99378	-43.960316	24.279297
11.995538	-43.39978	24.289063
11.995786	-40.387714	24.298828
11.996719	-36.184235	24.308594
11.997558	-38.857498	24.318359
11.999023	-40.593094	24.328125
11.999365	-47.562405	24.337891
11.999103	-46.831245	24.347656
11.999863	-39.396984	24.357422
12.001328	-38.750912	24.367188
12.002076	-38.108047	24.376953
12.002739	-41.737347	24.386719
12.004056	-44.810379	24.396484
12.004841	-44.606682	24.40625
12.006106	-42.163105	24.416016
12.006261	-40.93055	24.425781
12.007208	-38.006622	24.435547
12.007779	-37.168629	24.445313
12.009027	-44.535404	24.455078
12.008759	-46.906879	24.464844
12.010684	-45.70372	24.474609
12.009997	-40.371559	24.484375
12.012304	-37.648792	24.494141
12.012305	-40.827549	24.503906
12.01359	-41.333866	24.513672
12.014922	-43.490662	24.523438
12.014971	-43.901871	24.533203
12.015815	-44.909111	24.542969
12.017971	-39.380413	24.552734
12.016913	-36.398651	24.5625
12.018569	-37.618065	24.572266
12.019742	-43.714226	24.582031
12.020377	-44.344116	24.591797
12.021147	-43.9846	24.601563

