MTS793|BTW|ENU|1|2|.|/|:|1|0|0|A

Data Header:			0.254_solid_uprint_typeiv_090_r0			Time:	20.017334	s	4/14/2019 1:14:07 AM
Data Acquisition:	Timed
Station Name:	ft40.cfg
Test File Name:	monotonic_0.2540_typeiv_solid_090_uprint.tst
Displacement	Force	Running Time
mm	N	s
-40.040844	-30.530445	0.022216797
-40.04179	-25.665224	0.031982422
-40.041409	-23.687786	0.041748047
-40.041248	-22.764215	0.051513672
-40.041401	-26.349884	0.061279297
-40.041592	-25.950752	0.071044922
-40.041355	-27.227001	0.080810547
-40.040886	-29.62788	0.090576172
-40.040321	-24.609688	0.1003418
-40.038261	-20.897959	0.11010742
-40.0387	-20.300451	0.11987305
-40.038677	-23.052353	0.12963867
-40.03656	-28.042572	0.1394043
-40.036774	-25.744246	0.14916992
-40.034813	-24.162584	0.15893555
-40.034733	-19.179066	0.16870117
-40.033058	-19.755798	0.1784668
-40.032429	-19.931356	0.18823242
-40.032833	-18.68075	0.19799805
-40.030567	-23.342115	0.20776367
-40.031296	-20.416313	0.2175293
-40.030056	-18.62421	0.22729492
-40.029037	-16.154554	0.23706055
-40.028053	-15.43957	0.24682617
-40.028008	-19.809477	0.2565918
-40.025475	-19.07266	0.26635742
-40.025158	-18.025316	0.27612305
-40.023735	-15.459001	0.28588867
-40.024261	-14.633758	0.2956543
-40.02282	-11.943191	0.30541992
-40.022102	-12.330049	0.31518555
-40.021336	-12.95152	0.32495117
-40.01992	-15.531104	0.3347168
-40.02013	-16.188389	0.34448242
-40.020138	-10.005056	0.35424805
-40.018322	-8.5979147	0.36401367
-40.018391	-9.5154161	0.3737793
-40.017002	-10.533792	0.38354492
-40.015556	-12.688198	0.39331055
-40.015411	-11.029086	0.40307617
-40.013794	-11.383777	0.4128418
-40.014027	-9.2141256	0.42260742
-40.013599	-5.1388712	0.43237305
-40.011139	-5.4611239	0.44213867
-40.011497	-6.534194	0.4519043
-40.010258	-10.498164	0.46166992
-40.009914	-9.912776	0.47143555
-40.008564	-3.2566431	0.48120117
-40.007282	-3.2494035	0.4909668
-40.006081	-4.2611618	0.50073242
-40.005489	-4.4874787	0.51049805
-40.003925	-6.8241854	0.52026367
-40.004204	-5.6542163	0.5300293
-40.00338	-6.000062	0.53979492
-40.003483	-0.071847387	0.54956055
-40.002369	3.6978393	0.55932617
-40.000866	0.10940737	0.5690918
-40.000977	-4.0429225	0.57885742
-40.000092	-4.8942947	0.58862305
-39.999504	-1.8925458	0.59838867
-39.998142	3.1906035	0.6081543
-39.996208	4.592555	0.61791992
-39.995827	3.5269828	0.62768555
-39.995457	0.41062522	0.63745117
-39.993736	-0.83327067	0.6472168
-39.993656	-0.27294582	0.65698242
-39.992729	3.3180444	0.66674805
-39.992226	7.596137	0.67651367
-39.99144	9.0700064	0.6862793
-39.99099	4.1718922	0.69604492
-39.990063	1.1695939	0.70581055
-39.989456	2.3317745	0.71557617
-39.987129	5.7741027	0.7253418
-39.987614	11.457285	0.73510742
-39.986286	9.2059813	0.74487305
-39.985664	8.2999144	0.75463867
-39.985435	8.5244398	0.7644043
-39.984234	5.3342795	0.77416992
-39.982086	9.2971115	0.78393555
-39.981705	10.044562	0.79370117
-39.981796	14.623915	0.8034668
-39.98053	14.28709	0.81323242
-39.980484	7.3949146	0.82299805
-39.980042	7.7109113	0.83276367
-39.978115	11.039512	0.8425293
-39.977093	14.221946	0.85229492
-39.976959	16.395977	0.86206055
-39.97533	14.53465	0.87182617
-39.974751	16.489017	0.8815918
-39.973709	14.486428	0.89135742
-39.974739	12.511992	0.90112305
-39.972374	12.732448	0.91088867
-39.971691	17.932463	0.9206543
-39.971848	20.888166	0.93041992
-39.970501	17.502491	0.94018555
-39.96883	16.072689	0.94995117
-39.967949	16.770826	0.9597168
-39.968449	17.589228	0.96948242
-39.966049	21.561354	0.97924805
-39.967442	21.674383	0.98901367
-39.965218	22.359747	0.9987793
-39.963951	22.648407	1.0085449
-39.964375	20.546625	1.0183105
-39.96278	17.475836	1.0280762
-39.962341	20.168207	1.0378418
-39.960842	25.634186	1.0476074
-39.960171	25.840265	1.057373
-39.959671	27.384836	1.0671387
-39.958881	21.336432	1.0769043
-39.958378	24.583979	1.0866699
-39.957489	22.500517	1.0964355
-39.955948	24.274158	1.1062012
-39.956005	29.375784	1.1159668
-39.954437	30.302099	1.1257324
-39.953957	29.542608	1.135498
-39.953541	25.118675	1.1452637
-39.953163	23.584835	1.1550293
-39.951927	30.047369	1.1647949
-39.950939	33.644279	1.1745605
-39.950451	33.750103	1.1843262
-39.949291	32.340031	1.1940918
-39.948071	29.383842	1.2038574
-39.946823	30.910738	1.213623
-39.946865	29.203007	1.2233887
-39.945534	34.44582	1.2331543
-39.945007	39.024845	1.2429199
-39.944595	36.684532	1.2526855
-39.943752	34.237572	1.2624512
-39.942337	27.753807	1.2722168
-39.940575	31.902235	1.2819824
-39.940979	40.203491	1.291748
-39.940346	39.87759	1.3015137
-39.939144	39.289356	1.3112793
-39.937653	36.421429	1.3210449
-39.936954	35.175289	1.3308105
-39.935402	35.474506	1.3405762
-39.935715	39.475609	1.3503418
-39.93486	41.498325	1.3601074
-39.934479	44.014606	1.369873
-39.933838	41.754623	1.3796387
-39.931732	38.155903	1.3894043
-39.931271	37.176544	1.3991699
-39.931259	41.339649	1.4089355
-39.930653	46.357075	1.4187012
-39.929092	43.696899	1.4284668
-39.928303	43.636436	1.4382324
-39.927368	42.113808	1.447998
-39.92701	42.06007	1.4577637
-39.926781	43.456875	1.4675293
-39.925442	44.094074	1.4772949
-39.924042	49.466137	1.4870605
-39.924122	51.054913	1.4968262
-39.923485	44.962227	1.5065918
-39.922459	45.124535	1.5163574
-39.921333	45.771019	1.526123
-39.92086	49.537598	1.5358887
-39.919601	51.132042	1.5456543
-39.920994	49.412994	1.5554199
-39.917797	51.911549	1.5651855
-39.917648	50.832691	1.5749512
-39.916687	47.688824	1.5847168
-39.915775	47.965012	1.5944824
-39.9142	50.637882	1.604248
-39.913239	56.55978	1.6140137
-39.912548	54.654301	1.6237793
-39.912075	53.488331	1.6335449
-39.912468	51.173531	1.6433105
-39.909973	51.580513	1.6530762
-39.910152	54.04097	1.6628418
-39.911427	55.76347	1.6726074
-39.908604	57.187595	1.682373
-39.907692	59.491985	1.6921387
-39.906128	57.566902	1.7019043
-39.907173	54.141518	1.7116699
-39.906162	54.690987	1.7214355
-39.904221	59.073334	1.7312012
-39.903446	62.075943	1.7409668
-39.902908	61.26086	1.7507324
-39.901878	56.746914	1.760498
-39.900394	58.327274	1.7702637
-39.899185	58.196331	1.7800293
-39.899647	59.27961	1.7897949
-39.898529	64.627205	1.7995605
-39.897121	65.786552	1.8093262
-39.897366	65.348091	1.8190918
-39.895691	61.45768	1.8288574
-39.89679	58.329903	1.838623
-39.894283	63.054039	1.8483887
-39.895058	66.666924	1.8581543
-39.893299	69.921989	1.8679199
-39.892448	67.477943	1.8776855
-39.890949	63.267612	1.8874512
-39.889332	64.079018	1.8972168
-39.889385	63.947388	1.9069824
-39.889225	68.461807	1.916748
-39.887707	70.1707	1.9265137
-39.886509	72.693733	1.9362793
-39.887253	68.848114	1.9460449
-39.884983	63.504345	1.9558105
-39.883938	64.804619	1.9655762
-39.883965	72.245056	1.9753418
-39.883072	73.551857	1.9851074
-39.882236	73.420731	1.994873
-39.881657	70.567444	2.0046387
-39.879326	69.943115	2.0144043
-39.880039	70.120155	2.0241699
-39.878281	72.369644	2.0339355
-39.87825	75.289986	2.0437012
-39.877285	77.675926	2.0534668
-39.877193	76.807831	2.0632324
-39.875225	73.255646	2.072998
-39.873428	73.110123	2.0827637
-39.874462	73.029388	2.0925293
-39.873386	79.824799	2.1022949
-39.872334	78.953636	2.1120605
-39.870728	78.091621	2.1218262
-39.870358	78.478912	2.1315918
-39.870125	78.009621	2.1413574
-39.868896	76.740288	2.151123
-39.868191	76.415123	2.1608887
-39.867847	80.193192	2.1706543
-39.865494	84.303947	2.1804199
-39.866634	80.232063	2.1901855
-39.864132	81.130608	2.1999512
-39.863754	78.003822	2.2097168
-39.863926	81.115471	2.2194824
-39.862968	83.896042	2.229248
-39.862766	84.843666	2.2390137
-39.861492	85.695358	2.2487793
-39.859253	85.990952	2.2585449
-39.860626	82.966225	2.2683105
-39.857967	82.295502	2.2780762
-39.858059	82.278229	2.2878418
-39.85667	89.082565	2.2976074
-39.855915	91.356079	2.307373
-39.855103	89.199081	2.3171387
-39.854542	86.52401	2.3269043
-39.853443	84.649307	2.3366699
-39.854164	86.800888	2.3464355
-39.852966	89.360077	2.3562012
-39.85178	93.135864	2.3659668
-39.850548	93.59687	2.3757324
-39.849976	90.448395	2.385498
-39.84935	87.402687	2.3952637
-39.848289	87.168175	2.4050293
-39.846165	90.715027	2.4147949
-39.845921	96.895058	2.4245605
-39.846348	97.445343	2.4343262
-39.844421	91.077103	2.4440918
-39.844318	91.410248	2.4538574
-39.843204	92.283882	2.463623
-39.842705	92.432877	2.4733887
-39.842693	98.436302	2.4831543
-39.84026	98.947502	2.4929199
-39.839058	98.80172	2.5026855
-39.83947	95.743233	2.5124512
-39.83791	91.248154	2.5222168
-39.838005	94.933891	2.5319824
-39.837318	99.276863	2.541748
-39.835987	103.26755	2.5515137
-39.835205	101.69632	2.5612793
-39.834137	96.709869	2.5710449
-39.832352	99.044746	2.5808105
-39.832455	98.217621	2.5905762
-39.831768	100.78744	2.6003418
-39.831451	104.57008	2.6101074
-39.829926	105.42072	2.619873
-39.82906	105.16915	2.6296387
-39.829662	99.598984	2.6394043
-39.827229	100.06615	2.6491699
-39.826824	104.11119	2.6589355
-39.825733	107.5005	2.6687012
-39.824905	108.75838	2.6784668
-39.82436	105.47222	2.6882324
-39.824127	103.90882	2.697998
-39.82254	106.25273	2.7077637
-39.821785	104.63396	2.7175293
-39.820854	104.98521	2.7272949
-39.820599	109.39664	2.7370605
-39.821114	110.44123	2.7468262
-39.818932	109.01746	2.7565918
-39.817936	108.77027	2.7663574
-39.817493	106.06351	2.776123
-39.816277	111.05728	2.7858887
-39.815247	112.83339	2.7956543
-39.815182	112.73112	2.8054199
-39.813236	112.6393	2.8151855
-39.812862	111.51438	2.8249512
-39.812397	111.40113	2.8347168
-39.812092	109.46103	2.8444824
-39.810749	112.98975	2.854248
-39.808792	116.98159	2.8640137
-39.809872	117.68003	2.8737793
-39.808239	117.62164	2.8835449
-39.806938	112.52939	2.8933105
-39.8069	112.26355	2.9030762
-39.806377	117.05476	2.9128418
-39.805462	116.11013	2.9226074
-39.802979	121.62878	2.932373
-39.80262	120.90377	2.9421387
-39.801903	118.80112	2.9519043
-39.801273	117.05863	2.9616699
-39.800648	114.43732	2.9714355
-39.799969	120.54851	2.9812012
-39.799507	127.04521	2.9909668
-39.798843	124.75208	3.0007324
-39.79755	119.76588	3.010498
-39.796402	117.58276	3.0202637
-39.7962	121.09424	3.0300293
-39.794418	122.47411	3.0397949
-39.793854	127.03017	3.0495605
-39.793354	128.04044	3.0593262
-39.792912	126.97761	3.0690918
-39.791149	123.66299	3.0788574
-39.791409	119.56232	3.088623
-39.790188	123.10807	3.0983887
-39.789501	129.19144	3.1081543
-39.789413	132.10359	3.1179199
-39.78754	127.60461	3.1276855
-39.786308	124.98251	3.1374512
-39.786453	124.74452	3.1472168
-39.785942	125.69132	3.1569824
-39.783424	130.58269	3.166748
-39.783695	130.08844	3.1765137
-39.783424	132.61713	3.1862793
-39.782162	131.43903	3.1960449
-39.781368	125.18376	3.2058105
-39.781269	128.27774	3.2155762
-39.779163	130.79779	3.2253418
-39.779163	137.38815	3.2351074
-39.777611	136.02556	3.244873
-39.777023	131.1376	3.2546387
-39.7761	131.74329	3.2644043
-39.775154	131.0885	3.2741699
-39.774002	132.88112	3.2839355
-39.774315	136.19769	3.2937012
-39.773125	138.01318	3.3034668
-39.772026	140.02031	3.3132324
-39.770966	134.99341	3.322998
-39.770802	135.29153	3.3327637
-39.769428	136.63535	3.3425293
-39.770496	138.99524	3.3522949
-39.768337	141.32872	3.3620605
-39.767456	140.49559	3.3718262
-39.766529	138.90486	3.3815918
-39.765652	140.26939	3.3913574
-39.765812	138.24803	3.401123
-39.764748	139.0403	3.4108887
-39.764004	141.80673	3.4206543
-39.761936	143.53633	3.4304199
-39.761768	144.70926	3.4401855
-39.761135	142.00499	3.4499512
-39.76025	139.81149	3.4597168
-39.759617	143.12344	3.4694824
-39.759056	143.69313	3.479248
-39.75782	145.39267	3.4890137
-39.756443	147.70419	3.4987793
-39.755928	146.75664	3.5085449
-39.755592	145.33928	3.5183105
-39.753754	141.7809	3.5280762
-39.753033	143.12518	3.5378418
-39.753189	147.84982	3.5476074
-39.751637	152.16777	3.557373
-39.751171	151.53302	3.5671387
-39.750736	145.63799	3.5769043
-39.749744	145.47423	3.5866699
-39.748405	148.33604	3.5964355
-39.748264	150.63469	3.6062012
-39.748055	154.09033	3.6159668
-39.746719	152.7312	3.6257324
-39.745087	151.38974	3.635498
-39.744503	149.48712	3.6452637
-39.744514	146.424	3.6550293
-39.743168	151.74472	3.6647949
-39.742397	159.0863	3.6745605
-39.740971	157.65172	3.6843262
-39.74086	155.49309	3.6940918
-39.741009	151.44403	3.7038574
-39.739792	151.5899	3.713623
-39.73798	157.17564	3.7233887
-39.737671	157.76134	3.7331543
-39.736332	159.74992	3.7429199
-39.735512	159.90303	3.7526855
-39.734867	159.58739	3.7624512
-39.735252	153.57585	3.7722168
-39.734024	156.56903	3.7819824
-39.731884	160.7998	3.791748
-39.731995	166.04129	3.8015137
-39.731667	162.37303	3.8112793
-39.730923	159.22124	3.8210449
-39.729515	157.59207	3.8308105
-39.728424	159.82227	3.8405762
-39.727062	162.27762	3.8503418
-39.727123	162.42038	3.8601074
-39.726639	165.2373	3.869873
-39.725773	166.95004	3.8796387
-39.724434	159.63754	3.8894043
-39.723297	160.90155	3.8991699
-39.723377	162.98627	3.9089355
-39.723511	168.12	3.9187012
-39.721851	169.23523	3.9284668
-39.721252	164.89371	3.9382324
-39.71891	166.42744	3.947998
-39.718338	166.19092	3.9577637
-39.717957	167.36296	3.9675293
-39.715904	169.19876	3.9772949
-39.715958	167.44504	3.9870605
-39.715694	173.67441	3.9968262
-39.714596	170.90443	4.0065918
-39.713791	169.01508	4.0163574
-39.713203	167.29933	4.026123
-39.711678	168.4391	4.0358887
-39.711208	174.39513	4.0456543
-39.710926	172.67389	4.0554199
-39.709621	174.21042	4.0651855
-39.709682	173.56714	4.0749512
-39.708015	170.82957	4.0847168
-39.707623	171.11671	4.0944824
-39.706406	172.34622	4.104248
-39.705036	176.23227	4.1140137
-39.704571	179.09372	4.1237793
-39.704697	176.66243	4.1335449
-39.703831	172.44487	4.1433105
-39.702614	171.4585	4.1530762
-39.70293	174.19081	4.1628418
-39.701065	178.1237	4.1726074
-39.699696	182.0042	4.182373
-39.699677	179.12961	4.1921387
-39.698154	178.39299	4.2019043
-39.69664	175.30849	4.2116699
-39.69619	174.35129	4.2214355
-39.696434	180.573	4.2312012
-39.696621	185.61203	4.2409668
-39.694557	186.40665	4.2507324
-39.694134	179.36452	4.260498
-39.694611	175.77673	4.2702637
-39.692852	181.06335	4.2800293
-39.691174	184.07196	4.2897949
-39.690025	186.38676	4.2995605
-39.68948	186.15993	4.3093262
-39.688381	184.48639	4.3190918
-39.688011	183.17845	4.3288574
-39.688168	178.83742	4.338623
-39.686878	183.03931	4.3483887
-39.685154	190.43471	4.3581543
-39.684299	190.42239	4.3679199
-39.684807	188.68867	4.3776855
-39.683456	182.78905	4.3874512
-39.681713	183.11285	4.3972168
-39.681351	187.10002	4.4069824
-39.680477	189.22145	4.416748
-39.678802	192.65675	4.4265137
-39.679466	191.45503	4.4362793
-39.677143	190.22432	4.4460449
-39.677364	187.54861	4.4558105
-39.676388	187.81705	4.4655762
-39.675198	191.03378	4.4753418
-39.675144	195.56886	4.4851074
-39.675091	195.52707	4.494873
-39.673611	192.31068	4.5046387
-39.67292	190.20291	4.5144043
-39.67136	191.97241	4.5241699
-39.671227	195.33542	4.5339355
-39.6693	195.02132	4.5437012
-39.668766	197.01051	4.5534668
-39.667919	200.59279	4.5632324
-39.667526	196.46634	4.572998
-39.666019	194.29854	4.5827637
-39.665985	191.90396	4.5925293
-39.666439	198.35251	4.6022949
-39.663662	200.8484	4.6120605
-39.6628	199.47491	4.6218262
-39.66161	200.58929	4.6315918
-39.661839	199.07455	4.6413574
-39.660957	197.57574	4.651123
-39.660572	199.77611	4.6608887
-39.659256	199.65076	4.6706543
-39.658398	203.9742	4.6804199
-39.657906	204.81987	4.6901855
-39.656609	201.60822	4.6999512
-39.656216	198.51988	4.7097168
-39.654915	199.64011	4.7194824
-39.655476	204.02916	4.729248
-39.652733	206.21605	4.7390137
-39.652805	208.00494	4.7487793
-39.651466	204.54831	4.7585449
-39.651173	203.94713	4.7683105
-39.650482	202.98529	4.7780762
-39.649239	204.65804	4.7878418
-39.649136	205.84557	4.7976074
-39.647854	212.78455	4.807373
-39.647213	210.27483	4.8171387
-39.646271	204.41429	4.8269043
-39.644657	204.1284	4.8366699
-39.644222	206.65987	4.8464355
-39.644047	210.935	4.8562012
-39.642136	213.73724	4.8659668
-39.641361	211.08408	4.8757324
-39.64159	210.89365	4.885498
-39.641224	208.51074	4.8952637
-39.640404	205.76433	4.9050293
-39.639923	212.37962	4.9147949
-39.63747	216.2527	4.9245605
-39.638168	217.73012	4.9343262
-39.63599	213.15097	4.9440918
-39.635468	207.8181	4.9538574
-39.634956	211.10448	4.963623
-39.63459	213.53374	4.9733887
-39.633366	218.37292	4.9831543
-39.632923	218.34534	4.9929199
-39.631157	215.88077	5.0026855
-39.630035	215.15459	5.0124512
-39.630253	210.858	5.0222168
-39.629524	215.19478	5.0319824
-39.628269	218.03996	5.041748
-39.627621	223.23029	5.0515137
-39.626751	220.94958	5.0612793
-39.62693	215.48363	5.0710449
-39.625412	214.60507	5.0808105
-39.623856	217.89108	5.0905762
-39.623287	220.33536	5.1003418
-39.623726	220.95839	5.1101074
-39.622787	224.14394	5.119873
-39.621349	222.60355	5.1296387
-39.620338	221.67238	5.1394043
-39.619774	218.34308	5.1491699
-39.618511	221.44858	5.1589355
-39.618534	225.56882	5.1687012
-39.616924	224.97133	5.1784668
-39.61647	225.11546	5.1882324
-39.614746	223.96765	5.197998
-39.614746	223.17285	5.2077637
-39.613346	224.18875	5.2175293
-39.613407	225.16544	5.2272949
-39.611561	227.1539	5.2370605
-39.610909	229.37776	5.2468262
-39.610092	228.85275	5.2565918
-39.610371	226.66821	5.2663574
-39.608833	223.1586	5.276123
-39.607178	227.31906	5.2858887
-39.607445	234.01237	5.2956543
-39.606411	231.70328	5.3054199
-39.605549	235.03987	5.3151855
-39.605473	229.29115	5.3249512
-39.603901	228.28775	5.3347168
-39.602833	230.92447	5.3444824
-39.601864	229.28549	5.354248
-39.601513	234.62822	5.3640137
-39.601536	236.69046	5.3737793
-39.599045	234.40187	5.3835449
-39.59911	230.26392	5.3933105
-39.598537	227.84805	5.4030762
-39.597355	234.13785	5.4128418
-39.596382	238.15218	5.4226074
-39.596039	239.53658	5.432373
-39.595169	237.96021	5.4421387
-39.59428	233.58437	5.4519043
-39.593678	234.76823	5.4616699
-39.59235	233.73906	5.4714355
-39.591007	239.3373	5.4812012
-39.591152	242.95609	5.4909668
-39.59066	242.63289	5.5007324
-39.588955	237.45554	5.510498
-39.588943	235.25702	5.5202637
-39.587967	235.61708	5.5300293
-39.586613	243.12024	5.5397949
-39.585648	244.89983	5.5495605
-39.586361	241.72308	5.5593262
-39.584991	240.69908	5.5690918
-39.58316	240.04517	5.5788574
-39.583462	238.72211	5.588623
-39.582798	241.86946	5.5983887
-39.581573	244.3812	5.6081543
-39.579678	249.62376	5.6179199
-39.579311	246.43826	5.6276855
-39.578384	240.14429	5.6374512
-39.57793	242.2686	5.6472168
-39.577854	243.18483	5.6569824
-39.575401	248.77464	5.666748
-39.575233	248.41443	5.6765137
-39.575516	247.50066	5.6862793
-39.57259	248.46732	5.6960449
-39.57365	245.40094	5.7058105
-39.572777	247.24519	5.7155762
-39.572109	247.00072	5.7253418
-39.570755	250.56621	5.7351074
-39.570019	254.29135	5.744873
-39.568714	249.7058	5.7546387
-39.569054	249.0903	5.7644043
-39.565857	249.13521	5.7741699
-39.566818	250.61777	5.7839355
-39.566174	251.34709	5.7937012
-39.564762	252.65097	5.8034668
-39.564133	253.23833	5.8132324
-39.562401	255.40765	5.822998
-39.561691	251.97282	5.8327637
-39.561092	249.57944	5.8425293
-39.561565	253.83612	5.8522949
-39.559753	256.77499	5.8620605
-39.559357	258.26581	5.8718262
-39.559765	258.78485	5.8815918
-39.558327	253.71558	5.8913574
-39.557522	255.57106	5.901123
-39.557518	255.39151	5.9108887
-39.55505	259.561	5.9206543
-39.554768	259.96759	5.9304199
-39.553841	261.29459	5.9401855
-39.552433	259.38492	5.9499512
-39.55164	254.39769	5.9597168
-39.552292	254.87927	5.9694824
-39.549526	261.11533	5.979248
-39.548935	262.93591	5.9890137
-39.548401	265.15646	5.9987793
-39.546631	260.74924	6.0085449
-39.547379	257.77203	6.0183105
-39.546875	260.26559	6.0280762
-39.544964	259.64346	6.0378418
-39.544029	265.99179	6.0476074
-39.545002	266.7052	6.057373
-39.542686	267.30579	6.0671387
-39.541054	263.95853	6.0769043
-39.540592	258.39963	6.0866699
-39.540443	262.10144	6.0964355
-39.539661	269.95877	6.1062012
-39.538712	269.71155	6.1159668
-39.537621	268.4313	6.1257324
-39.53759	266.32944	6.135498
-39.535591	265.54648	6.1452637
-39.535168	265.258	6.1550293
-39.534595	269.16678	6.1647949
-39.534233	271.38303	6.1745605
-39.533207	274.76663	6.1843262
-39.531487	270.26865	6.1940918
-39.531445	265.74451	6.2038574
-39.530678	265.50574	6.213623
-39.52895	271.74866	6.2233887
-39.528816	274.73312	6.2331543
-39.528206	274.18936	6.2429199
-39.528584	272.99329	6.2526855
-39.526951	271.40363	6.2624512
-39.526447	268.68561	6.2722168
-39.524628	272.92358	6.2819824
-39.524803	272.66205	6.291748
-39.523045	277.91336	6.3015137
-39.523262	278.46973	6.3112793
-39.522133	271.68893	6.3210449
-39.520985	274.7222	6.3308105
-39.519676	272.83783	6.3405762
-39.518627	277.77484	6.3503418
-39.52	278.42889	6.3601074
-39.517799	279.16135	6.369873
-39.5163	280.13809	6.3796387
-39.516048	277.84988	6.3894043
-39.514793	276.12476	6.3991699
-39.514141	277.39093	6.4089355
-39.513	278.80151	6.4187012
-39.513763	284.38672	6.4284668
-39.510952	282.57779	6.4382324
-39.509918	280.74902	6.447998
-39.511826	280.00583	6.4577637
-39.50951	279.99347	6.4675293
-39.508183	282.73703	6.4772949
-39.508442	282.80606	6.4870605
-39.507782	284.19275	6.4968262
-39.506416	287.505	6.5065918
-39.505062	284.30991	6.5163574
-39.504917	279.63068	6.526123
-39.505005	280.89923	6.5358887
-39.502365	285.92044	6.5456543
-39.502426	289.26807	6.5554199
-39.501011	287.81979	6.5651855
-39.50095	283.49689	6.5749512
-39.49968	284.34909	6.5847168
-39.497856	283.32458	6.5944824
-39.49897	287.46033	6.604248
-39.497227	290.65936	6.6140137
-39.496414	291.38989	6.6237793
-39.495926	289.82541	6.6335449
-39.49556	284.02344	6.6433105
-39.493713	283.78543	6.6530762
-39.494141	288.39438	6.6628418
-39.493515	291.59973	6.6726074
-39.49173	296.86655	6.682373
-39.491497	290.99197	6.6921387
-39.490463	287.77417	6.7019043
-39.489979	289.85843	6.7116699
-39.489017	288.90274	6.7214355
-39.486992	295.72913	6.7312012
-39.486668	297.75806	6.7409668
-39.486034	296.8035	6.7507324
-39.485386	293.96735	6.760498
-39.484024	289.18704	6.7702637
-39.483513	291.85641	6.7800293
-39.483131	297.19235	6.7897949
-39.482269	299.76059	6.7995605
-39.48193	299.13879	6.8093262
-39.480431	295.07245	6.8190918
-39.47987	294.64481	6.8288574
-39.478569	294.2438	6.838623
-39.478409	296.20999	6.8483887
-39.477463	298.4808	6.8581543
-39.475525	302.40982	6.8679199
-39.476398	301.06952	6.8776855
-39.473957	297.87427	6.8874512
-39.474724	295.70511	6.8972168
-39.472473	298.59552	6.9069824
-39.472378	303.7243	6.916748
-39.471085	303.84012	6.9265137
-39.47089	301.61487	6.9362793
-39.469872	301.00659	6.9460449
-39.468941	300.9668	6.9558105
-39.468113	300.33926	6.9655762
-39.467628	300.40347	6.9753418
-39.465816	305.64435	6.9851074
-39.466557	307.68582	6.994873
-39.465088	305.79413	7.0046387
-39.46381	304.53662	7.0144043
-39.464027	301.78564	7.0241699
-39.463261	304.93179	7.0339355
-39.461357	307.65115	7.0437012
-39.461212	306.55939	7.0534668
-39.459671	308.37384	7.0632324
-39.459869	307.09177	7.072998
-39.457897	307.01843	7.0827637
-39.45715	303.72824	7.0925293
-39.456848	305.35901	7.1022949
-39.45586	312.03961	7.1120605
-39.455936	312.53549	7.1218262
-39.455494	311.28766	7.1315918
-39.453503	307.44821	7.1413574
-39.453419	307.8902	7.151123
-39.451382	308.8295	7.1608887
-39.451405	310.48306	7.1706543
-39.450108	314.57635	7.1804199
-39.449543	314.06036	7.1901855
-39.448551	310.88013	7.1999512
-39.448555	308.4549	7.2097168
-39.447258	306.89322	7.2194824
-39.445557	312.00085	7.229248
-39.444958	318.88235	7.2390137
-39.444859	318.71017	7.2487793
-39.44289	314.0903	7.2585449
-39.44244	312.66357	7.2683105
-39.441982	310.82413	7.2780762
-39.441223	313.17401	7.2878418
-39.440582	319.78778	7.2976074
-39.440567	319.66342	7.307373
-39.437584	320.36993	7.3171387
-39.437687	314.71527	7.3269043
-39.436054	311.61343	7.3366699
-39.435837	316.31256	7.3464355
-39.43586	319.2843	7.3562012
-39.434479	323.0983	7.3659668
-39.432941	321.37338	7.3757324
-39.432766	317.34726	7.385498
-39.431652	316.57123	7.3952637
-39.431511	318.14856	7.4050293
-39.432529	320.1926	7.4147949
-39.429745	323.39056	7.4245605
-39.428307	323.9957	7.4343262
-39.427555	323.83939	7.4440918
-39.427391	317.22528	7.4538574
-39.426666	320.99603	7.463623
-39.425869	322.54218	7.4733887
-39.424667	325.20529	7.4831543
-39.424938	329.19754	7.4929199
-39.423077	323.92566	7.5026855
-39.422497	321.94321	7.5124512
-39.422241	325.57236	7.5222168
-39.422134	324.6087	7.5319824
-39.420116	326.03436	7.541748
-39.419598	328.68866	7.5515137
-39.41851	329.84341	7.5612793
-39.417835	327.59082	7.5710449
-39.416782	325.14612	7.5808105
-39.416286	325.2558	7.5905762
-39.41571	329.66479	7.6003418
-39.414875	331.80316	7.6101074
-39.412983	330.78036	7.619873
-39.412445	330.23318	7.6296387
-39.412441	330.04984	7.6394043
-39.411057	329.59811	7.6491699
-39.409828	327.54874	7.6589355
-39.408463	331.14804	7.6687012
-39.407681	335.54404	7.6784668
-39.407879	335.62854	7.6882324
-39.408573	333.02365	7.697998
-39.406921	327.99292	7.7077637
-39.40517	331.63333	7.7175293
-39.405373	333.57266	7.7272949
-39.404148	334.90903	7.7370605
-39.402496	338.15518	7.7468262
-39.40205	336.0282	7.7565918
-39.401302	333.85471	7.7663574
-39.400921	332.3764	7.776123
-39.401066	331.45062	7.7858887
-39.399147	338.59521	7.7956543
-39.398403	343.10263	7.8054199
-39.396622	341.53677	7.8151855
-39.395771	335.47449	7.8249512
-39.396034	333.95959	7.8347168
-39.394264	336.20428	7.8444824
-39.394199	339.59213	7.854248
-39.393551	340.53351	7.8640137
-39.391872	343.7428	7.8737793
-39.391006	340.40649	7.8835449
-39.390915	336.7984	7.8933105
-39.390091	333.16672	7.9030762
-39.389675	339.2262	7.9128418
-39.388412	345.36157	7.9226074
-39.38797	347.81186	7.932373
-39.386581	341.48492	7.9421387
-39.384731	338.24078	7.9519043
-39.38382	338.80298	7.9616699
-39.383537	343.18115	7.9714355
-39.383209	345.9278	7.9812012
-39.38311	347.7803	7.9909668
-39.381847	349.29547	8.0007324
-39.381516	344.58844	8.010498
-39.379917	338.52615	8.0202637
-39.379322	343.3501	8.0300293
-39.37838	347.02524	8.0397949
-39.378563	350.57086	8.0495605
-39.376984	349.06665	8.0593262
-39.376373	344.86569	8.0690918
-39.374241	345.42679	8.0788574
-39.373676	346.90601	8.088623
-39.373775	347.45935	8.0983887
-39.374111	350.38928	8.1081543
-39.372383	351.2067	8.1179199
-39.371922	352.28061	8.1276855
-39.370716	347.94547	8.1374512
-39.369865	346.91196	8.1472168
-39.368019	348.44803	8.1569824
-39.368549	352.56781	8.166748
-39.366634	356.63651	8.1765137
-39.366009	351.84552	8.1862793
-39.365788	352.12338	8.1960449
-39.364227	351.11163	8.2058105
-39.363106	350.26895	8.2155762
-39.363659	351.05234	8.2253418
-39.361729	354.30441	8.2351074
-39.361202	357.1575	8.244873
-39.361435	356.78177	8.2546387
-39.360744	353.66583	8.2644043
-39.358181	350.15958	8.2741699
-39.358189	353.2337	8.2839355
-39.357506	357.23087	8.2937012
-39.355839	357.40024	8.3034668
-39.355568	358.71796	8.3132324
-39.356331	357.93457	8.322998
-39.354244	355.8996	8.3327637
-39.353348	354.80185	8.3425293
-39.353832	355.48212	8.3522949
-39.35133	359.77457	8.3620605
-39.350811	362.29114	8.3718262
-39.350689	361.74527	8.3815918
-39.349037	355.16193	8.3913574
-39.348747	355.78638	8.401123
-39.348381	358.46655	8.4108887
-39.346684	361.37042	8.4206543
-39.346535	365.18002	8.4304199
-39.345707	362.56387	8.4401855
-39.344692	361.1535	8.4499512
-39.343388	358.6788	8.4597168
-39.342243	356.71719	8.4694824
-39.342594	363.38266	8.479248
-39.34045	368.09402	8.4890137
-39.340416	367.11261	8.4987793
-39.338871	364.37845	8.5085449
-39.339756	358.6608	8.5183105
-39.339886	361.15927	8.5280762
-39.337902	364.68362	8.5378418
-39.336269	367.20529	8.5476074
-39.335514	367.12567	8.557373
-39.334427	367.04941	8.5671387
-39.333435	363.86475	8.5769043
-39.331791	362.49731	8.5866699
-39.332355	362.58411	8.5964355
-39.331287	370.14151	8.6062012
-39.33054	372.39713	8.6159668
-39.330238	368.58035	8.6257324
-39.330223	365.92075	8.635498
-39.327946	364.04535	8.6452637
-39.32803	367.0665	8.6550293
-39.327286	370.47134	8.6647949
-39.325764	369.3374	8.6745605
-39.325619	372.57443	8.6843262
-39.324795	371.12369	8.6940918
-39.322372	366.83743	8.7038574
-39.324368	368.24808	8.713623
-39.321896	368.87662	8.7233887
-39.320419	377.1474	8.7331543
-39.319153	377.64886	8.7429199
-39.319664	371.99319	8.7526855
-39.317822	371.63757	8.7624512
-39.318558	371.66232	8.7722168
-39.316845	373.20767	8.7819824
-39.316368	374.33075	8.791748
-39.315548	375.2229	8.8015137
-39.314541	378.36902	8.8112793
-39.313023	374.789	8.8210449
-39.312809	373.19962	8.8308105
-39.311928	371.30597	8.8405762
-39.31068	374.60339	8.8503418
-39.30978	379.00403	8.8601074
-39.30938	377.7085	8.869873
-39.308205	377.46451	8.8796387
-39.307991	377.189	8.8894043
-39.30687	374.24112	8.8991699
-39.30508	375.65186	8.9089355
-39.305832	376.64401	8.9187012
-39.305164	379.79565	8.9284668
-39.303936	383.29251	8.9382324
-39.303619	378.90869	8.947998
-39.302086	375.552	8.9577637
-39.302048	376.34573	8.9675293
-39.30077	379.84857	8.9772949
-39.299492	382.90594	8.9870605
-39.298424	384.74957	8.9968262
-39.298923	382.5249	9.0065918
-39.297825	381.10107	9.0163574
-39.296917	378.08432	9.026123
-39.29493	377.36783	9.0358887
-39.294224	383.41788	9.0456543
-39.293056	388.617	9.0554199
-39.293095	387.47351	9.0651855
-39.29192	382.19284	9.0749512
-39.292538	378.57114	9.0847168
-39.290524	381.16162	9.0944824
-39.289742	386.19675	9.104248
-39.28923	390.1492	9.1140137
-39.289158	387.64069	9.1237793
-39.288582	386.98505	9.1335449
-39.286125	385.02594	9.1433105
-39.286209	379.01468	9.1530762
-39.285427	387.25449	9.1628418
-39.283569	390.71136	9.1726074
-39.282604	391.57181	9.182373
-39.282124	390.0647	9.1921387
-39.283226	383.96692	9.2019043
-39.280235	384.27246	9.2116699
-39.279884	389.68594	9.2214355
-39.279293	391.87018	9.2312012
-39.278252	392.07294	9.2409668
-39.277981	391.9122	9.2507324
-39.276695	390.73248	9.260498
-39.275143	385.44254	9.2702637
-39.276005	388.58124	9.2800293
-39.273979	390.6228	9.2897949
-39.273212	396.32745	9.2995605
-39.274269	394.72986	9.3093262
-39.272316	390.38425	9.3190918
-39.271397	387.92737	9.3288574
-39.270481	391.91211	9.338623
-39.269802	394.28122	9.3483887
-39.267807	393.58472	9.3581543
-39.268871	394.02914	9.3679199
-39.267525	396.55356	9.3776855
-39.266258	393.03308	9.3874512
-39.264019	392.11499	9.3972168
-39.264919	390.29895	9.4069824
-39.264256	394.72937	9.416748
-39.261902	400.13541	9.4265137
-39.262756	396.228	9.4362793
-39.2617	397.28873	9.4460449
-39.261143	394.0119	9.4558105
-39.260071	395.18625	9.4655762
-39.258377	396.06363	9.4753418
-39.258461	396.53366	9.4851074
-39.257076	401.86084	9.494873
-39.255463	400.64551	9.5046387
-39.25528	398.2652	9.5144043
-39.255383	394.89856	9.5241699
-39.25457	395.40829	9.5339355
-39.254608	400.89841	9.5437012
-39.253582	401.10959	9.5534668
-39.252201	401.96185	9.5632324
-39.249767	399.32635	9.572998
-39.248913	398.01733	9.5827637
-39.248291	396.90018	9.5925293
-39.246902	399.13068	9.6022949
-39.246593	402.5535	9.6120605
-39.247288	405.73471	9.6218262
-39.245781	403.99194	9.6315918
-39.24604	398.95798	9.6413574
-39.244705	396.74429	9.651123
-39.243877	400.84335	9.6608887
-39.24181	407.2135	9.6706543
-39.241608	407.87024	9.6804199
-39.240959	406.81534	9.6901855
-39.240986	403.96353	9.6999512
-39.238667	400.95264	9.7097168
-39.239372	399.90399	9.7194824
-39.237823	405.39526	9.729248
-39.236313	409.45898	9.7390137
-39.236462	409.52533	9.7487793
-39.235394	405.88895	9.7585449
-39.234909	400.58578	9.7683105
-39.233665	403.74139	9.7780762
-39.233147	407.69104	9.7878418
-39.231766	411.17624	9.7976074
-39.23138	408.76782	9.807373
-39.230251	408.56079	9.8171387
-39.229176	406.83865	9.8269043
-39.229206	403.13815	9.8366699
-39.226696	405.29321	9.8464355
-39.226997	411.16638	9.8562012
-39.225994	413.31631	9.8659668
-39.226067	413.17352	9.8757324
-39.22398	405.3204	9.885498
-39.223312	405.70071	9.8952637
-39.222321	408.06854	9.9050293
-39.222382	410.04263	9.9147949
-39.221085	413.09747	9.9245605
-39.2211	413.8096	9.9343262
-39.218925	411.03375	9.9440918
-39.218292	410.38821	9.9538574
-39.218739	409.21362	9.963623
-39.217464	409.13837	9.9733887
-39.217236	414.03958	9.9831543
-39.215912	415.18979	9.9929199
-39.216103	412.41132	10.002686
-39.215103	410.63589	10.012451
-39.212654	411.45505	10.022217
-39.212708	413.54318	10.031982
-39.212509	412.65549	10.041748
-39.211403	415.48145	10.051514
-39.210674	415.36462	10.061279
-39.209919	415.4014	10.071045
-39.209839	412.93097	10.080811
-39.208031	409.64267	10.090576
-39.205528	414.62616	10.100342
-39.206791	419.63821	10.110107
-39.205803	417.8493	10.119873
-39.20433	418.0372	10.129639
-39.204662	413.55096	10.139404
-39.203648	412.38736	10.14917
-39.201756	414.50739	10.158936
-39.200081	414.3186	10.168701
-39.200333	420.01065	10.178467
-39.199341	421.39255	10.188232
-39.198509	417.44656	10.197998
-39.197212	412.64191	10.207764
-39.197639	413.1785	10.217529
-39.197029	419.69363	10.227295
-39.195389	421.39752	10.237061
-39.195137	422.6413	10.246826
-39.193474	418.7204	10.256592
-39.193489	415.89536	10.266357
-39.192398	417.1022	10.276123
-39.191341	416.95291	10.285889
-39.190979	420.29312	10.295654
-39.189766	424.88693	10.30542
-39.190018	423.84381	10.315186
-39.188068	418.56592	10.324951
-39.188347	414.94684	10.334717
-39.186771	417.95575	10.344482
-39.185661	423.83948	10.354248
-39.185188	425.94067	10.364014
-39.183914	422.07175	10.373779
-39.183113	421.73514	10.383545
-39.182507	418.87653	10.393311
-39.182903	417.49533	10.403076
-39.181286	423.90338	10.412842
-39.180187	424.04831	10.422607
-39.179062	427.34933	10.432373
-39.179165	423.18387	10.442139
-39.177422	419.16251	10.451904
-39.1768	418.3942	10.46167
-39.175785	423.74826	10.471436
-39.175426	427.62579	10.481201
-39.174809	425.47568	10.490967
-39.173584	423.89859	10.500732
-39.171108	423.43985	10.510498
-39.172333	420.83609	10.520264
-39.170826	421.77826	10.530029
-39.170517	423.97931	10.539795
-39.168915	426.5741	10.549561
-39.168503	430.52469	10.559326
-39.166451	424.87271	10.569092
-39.167362	423.54019	10.578857
-39.166069	423.82004	10.588623
-39.165714	424.85428	10.598389
-39.164757	429.99313	10.608154
-39.162651	427.81934	10.61792
-39.163555	427.32175	10.627686
-39.163082	427.23987	10.637451
-39.161934	423.01303	10.647217
-39.161617	422.83801	10.656982
-39.159946	426.79407	10.666748
-39.159363	431.04507	10.676514
-39.158073	430.83728	10.686279
-39.15715	426.88797	10.696045
-39.157131	425.93726	10.705811
-39.156006	426.71478	10.715576
-39.155548	425.95297	10.725342
-39.155312	427.51773	10.735107
-39.152897	430.0386	10.744873
-39.153008	432.08923	10.754639
-39.151028	429.18445	10.764404
-39.150776	422.93805	10.77417
-39.150051	425.87769	10.783936
-39.149239	430.16647	10.793701
-39.14843	434.21292	10.803467
-39.147442	432.78247	10.813232
-39.146893	428.40536	10.822998
-39.145794	427.73199	10.832764
-39.146309	427.23825	10.842529
-39.143597	426.59967	10.852295
-39.142437	432.27197	10.862061
-39.141155	434.01874	10.871826
-39.14172	432.75989	10.881592
-39.140949	428.20038	10.891357
-39.14006	425.0101	10.901123
-39.138622	428.353	10.910889
-39.138885	434.42807	10.920654
-39.137005	434.78583	10.93042
-39.138042	431.85248	10.940186
-39.136787	429.44327	10.949951
-39.135124	429.31793	10.959717
-39.134342	427.69492	10.969482
-39.133282	433.51843	10.979248
-39.132088	435.07327	10.989014
-39.131554	435.49033	10.998779
-39.132198	432.63049	11.008545
-39.129974	427.3967	11.018311
-39.13031	426.93802	11.028076
-39.128845	433.94727	11.037842
-39.128605	435.83234	11.047607
-39.127136	433.85211	11.057373
-39.126434	433.42798	11.067139
-39.125671	430.09793	11.076904
-39.125446	430.21014	11.08667
-39.123516	432.57053	11.096436
-39.121998	433.63205	11.106201
-39.123238	438.10822	11.115967
-39.120827	436.35464	11.125732
-39.120407	430.96225	11.135498
-39.119701	430.17621	11.145264
-39.119423	431.43378	11.155029
-39.119061	436.39291	11.164795
-39.117443	436.20749	11.174561
-39.115936	433.26508	11.184326
-39.115971	435.74435	11.194092
-39.114727	431.8093	11.203857
-39.1138	430.72018	11.213623
-39.114613	432.73727	11.223389
-39.11343	434.39819	11.233154
-39.111389	440.42999	11.24292
-39.111977	434.10828	11.252686
-39.109428	435.52167	11.262451
-39.109627	432.89633	11.272217
-39.108665	433.68405	11.281982
-39.108227	436.28137	11.291748
-39.107307	435.65305	11.301514
-39.106209	437.30231	11.311279
-39.105518	437.98315	11.321045
-39.104073	432.85995	11.330811
-39.103447	431.70499	11.340576
-39.103088	434.07471	11.350342
-39.102131	437.75467	11.360107
-39.100918	440.76511	11.369873
-39.099552	436.51929	11.379639
-39.099319	432.73953	11.389404
-39.098309	433.92636	11.39917
-39.09861	433.66656	11.408936
-39.098328	435.53854	11.418701
-39.096439	439.46777	11.428467
-39.095329	439.73871	11.438232
-39.09494	437.11813	11.447998
-39.094437	432.27097	11.457764
-39.092983	431.18109	11.467529
-39.092628	434.34894	11.477295
-39.091351	439.53549	11.487061
-39.090141	442.6438	11.496826
-39.089554	434.6004	11.506592
-39.088093	432.73032	11.516357
-39.087521	433.55878	11.526123
-39.088253	433.08157	11.535889
-39.08625	439.8136	11.545654
-39.085686	438.79483	11.55542
-39.083958	440.36694	11.565186
-39.084667	434.58994	11.574951
-39.083214	429.94611	11.584717
-39.082394	433.76495	11.594482
-39.081036	440.3316	11.604248
-39.081024	441.59109	11.614014
-39.080021	439.78574	11.623779
-39.079521	434.71463	11.633545
-39.078674	434.58636	11.643311
-39.077541	435.22522	11.653076
-39.077175	436.96832	11.662842
-39.074951	440.44382	11.672607
-39.074539	441.64905	11.682373
-39.075752	439.48212	11.692139
-39.072388	433.59338	11.701904
-39.072712	433.75815	11.71167
-39.071674	437.27579	11.721436
-39.071285	438.99991	11.731201
-39.069527	439.25412	11.740967
-39.06834	437.72238	11.750732
-39.06934	434.15265	11.760498
-39.067307	436.06885	11.770264
-39.068504	436.70401	11.780029
-39.066551	435.58011	11.789795
-39.066032	441.77954	11.799561
-39.064545	440.77963	11.809326
-39.063976	437.24847	11.819092
-39.061592	436.10431	11.828857
-39.060993	433.42249	11.838623
-39.060909	438.53693	11.848389
-39.061016	441.20883	11.858154
-39.059998	438.17697	11.86792
-39.058636	439.04904	11.877686
-39.057354	438.00076	11.887451
-39.05727	436.70523	11.897217
-39.05677	434.1759	11.906982
-39.055733	436.08102	11.916748
-39.054951	441.90323	11.926514
-39.05407	441.93909	11.936279
-39.052628	439.88879	11.946045
-39.051651	436.26132	11.955811
-39.051327	434.91873	11.965576
-39.049446	438.26163	11.975342
-39.049019	438.29269	11.985107
-39.048855	442.44449	11.994873
-39.048882	442.84305	12.004639
-39.047756	437.83896	12.014404
-39.046906	434.54642	12.02417
-39.045624	434.33096	12.033936
-39.045319	439.6496	12.043701
-39.044121	444.71045	12.053467
-39.043999	440.55026	12.063232
-39.042244	438.61896	12.072998
-39.041687	434.76917	12.082764
-39.041058	435.53284	12.092529
-39.040802	437.81866	12.102295
-39.040039	441.03503	12.112061
-39.039017	442.40228	12.121826
-39.036915	442.36438	12.131592
-39.036407	435.98322	12.141357
-39.03503	433.85437	12.151123
-39.036095	436.64798	12.160889
-39.03339	440.99756	12.170654
-39.032764	443.29703	12.18042
-39.032097	438.2356	12.190186
-39.032215	435.43765	12.199951
-39.032021	435.47839	12.209717
-39.030312	435.55933	12.219482
-39.029922	440.79849	12.229248
-39.028011	440.88235	12.239014
-39.027607	442.71921	12.248779
-39.027821	439.4133	12.258545
-39.026352	432.98337	12.268311
-39.024818	434.38004	12.278076
-39.024826	437.36203	12.287842
-39.023705	442.51648	12.297607
-39.023933	441.92694	12.307373
-39.021667	435.53888	12.317139
-39.021111	437.83621	12.326904
-39.020287	436.53354	12.33667
-39.018368	435.73218	12.346436
-39.019276	440.54227	12.356201
-39.018002	440.56003	12.365967
-39.017021	441.95221	12.375732
-39.015388	436.56595	12.385498
-39.016003	435.01282	12.395264
-39.015446	436.1629	12.405029
-39.013695	438.93048	12.414795
-39.013416	438.84073	12.424561
-39.013218	438.89478	12.434326
-39.013077	438.02805	12.444092
-39.011139	437.54456	12.453857
-39.011002	437.10809	12.463623
-39.008274	435.10745	12.473389
-39.008381	440.05029	12.483154
-39.007172	442.47217	12.49292
-39.00684	440.74896	12.502686
-39.006802	437.99402	12.512451
-39.004299	434.16501	12.522217
-39.004627	437.14749	12.531982
-39.003826	438.56622	12.541748
-39.002052	438.48492	12.551514
-39.003002	440.7056	12.561279
-39.000954	439.78192	12.571045
-39.0005	437.13678	12.580811
-38.999496	433.64664	12.590576
-38.998051	435.14615	12.600342
-38.998219	440.81015	12.610107
-38.99715	442.67062	12.619873
-38.997715	440.96844	12.629639
-38.99577	435.4393	12.639404
-38.994034	433.19086	12.64917
-38.993176	437.38602	12.658936
-38.993031	437.14023	12.668701
-38.992085	442.18539	12.678467
-38.991329	441.33264	12.688232
-38.990513	439.42834	12.697998
-38.989418	436.92792	12.707764
-38.988613	433.04626	12.717529
-38.988522	436.42676	12.727295
-38.986069	442.57867	12.737061
-38.986557	442.21381	12.746826
-38.986115	437.79507	12.756592
-38.984463	434.75589	12.766357
-38.984432	433.06598	12.776123
-38.982903	436.30685	12.785889
-38.982224	440.30569	12.795654
-38.980671	439.98505	12.80542
-38.980427	440.09067	12.815186
-38.979416	434.78738	12.824951
-38.978264	431.70578	12.834717
-38.978088	435.32758	12.844482
-38.978012	439.18756	12.854248
-38.976643	442.7001	12.864014
-38.975769	440.14444	12.873779
-38.975414	435.47723	12.883545
-38.974068	434.38055	12.893311
-38.973366	435.1286	12.903076
-38.973476	438.74048	12.912842
-38.971581	438.59412	12.922607
-38.970692	440.52728	12.932373
-38.969223	439.72067	12.942139
-38.969421	433.56992	12.951904
-38.968185	433.83887	12.96167
-38.967278	434.66776	12.971436
-38.96653	439.85306	12.981201
-38.96587	442.11792	12.990967
-38.966511	435.55753	13.000732
-38.964066	435.70172	13.010498
-38.962688	435.14398	13.020264
-38.962376	434.55902	13.030029
-38.961452	435.6597	13.039795
-38.961514	436.85587	13.049561
-38.961178	440.42389	13.059326
-38.959351	437.64471	13.069092
-38.9585	434.08701	13.078857
-38.957169	431.25491	13.088623
-38.956509	435.80035	13.098389
-38.956745	438.04144	13.108154
-38.955757	439.28043	13.11792
-38.95459	436.95935	13.127686
-38.953819	436.68317	13.137451
-38.952007	434.36325	13.147217
-38.952469	432.00809	13.156982
-38.951385	434.01636	13.166748
-38.950413	438.61011	13.176514
-38.95039	438.46887	13.186279
-38.949135	437.17047	13.196045
-38.94902	432.26093	13.205811
-38.947979	432.07303	13.215576
-38.947086	435.61826	13.225342
-38.945488	435.32782	13.235107
-38.944557	440.70987	13.244873
-38.943615	436.85095	13.254639
-38.942543	435.60449	13.264404
-38.942188	432.22644	13.27417
-38.942009	430.95496	13.283936
-38.941917	435.80511	13.293701
-38.941216	439.42984	13.303467
-38.938591	438.76147	13.313232
-38.93816	434.09332	13.322998
-38.937836	427.86746	13.332764
-38.936581	433.24747	13.342529
-38.93565	433.40823	13.352295
-38.934891	437.39493	13.362061
-38.934959	438.20016	13.371826
-38.933537	436.35886	13.381592
-38.932293	432.53079	13.391357
-38.933193	429.57147	13.401123
-38.931309	430.86044	13.410889
-38.930634	437.98227	13.420654
-38.929268	439.23196	13.43042
-38.928474	436.49823	13.440186
-38.927055	430.64044	13.449951
-38.927364	429.15106	13.459717
-38.926064	433.29568	13.469482
-38.926121	434.55646	13.479248
-38.924053	434.82977	13.489014
-38.923107	437.28564	13.498779
-38.923134	433.30243	13.508545
-38.922047	428.91159	13.518311
-38.920578	430.80792	13.528076
-38.920238	433.03879	13.537842
-38.918495	439.90265	13.547607
-38.918499	435.75214	13.557373
-38.918396	434.11914	13.567139
-38.917416	430.05133	13.576904
-38.916164	430.85074	13.58667
-38.916344	434.38611	13.596436
-38.914227	432.48401	13.606201
-38.913551	435.98785	13.615967
-38.913918	437.0275	13.625732
-38.912457	432.71799	13.635498
-38.912113	430.74811	13.645264
-38.91082	429.53931	13.655029
-38.911087	434.38007	13.664795
-38.909634	436.36688	13.674561
-38.908478	432.2258	13.684326
-38.907578	433.41269	13.694092
-38.906609	432.21616	13.703857
-38.905746	430.14447	13.713623
-38.905334	430.42752	13.723389
-38.904545	431.66016	13.733154
-38.903164	435.57095	13.74292
-38.902794	436.33722	13.752686
-38.901775	430.68042	13.762451
-38.900589	428.97971	13.772217
-38.900024	428.57086	13.781982
-38.900238	432.36661	13.791748
-38.898426	434.86597	13.801514
-38.898033	434.92099	13.811279
-38.896889	434.46024	13.821045
-38.896248	430.9429	13.830811
-38.895634	429.26303	13.840576
-38.8936	429.27768	13.850342
-38.894371	433.40097	13.860107
-38.891827	437.92252	13.869873
-38.892002	435.92444	13.879639
-38.890888	429.77808	13.889404
-38.889572	426.85727	13.89917
-38.889168	430.07214	13.908936
-38.888138	431.13562	13.918701
-38.887802	437.02167	13.928467
-38.887089	432.76883	13.938232
-38.886147	433.7785	13.947998
-38.885284	427.72256	13.957764
-38.884384	426.12042	13.967529
-38.884724	431.59537	13.977295
-38.882504	435.20468	13.987061
-38.882683	436.60571	13.996826
-38.881416	430.77777	14.006592
-38.88023	426.25812	14.016357
-38.879642	429.88751	14.026123
-38.87886	430.37289	14.035889
-38.878681	433.26028	14.045654
-38.877804	433.88074	14.05542
-38.876171	432.02982	14.065186
-38.876335	431.76968	14.074951
-38.874538	425.44705	14.084717
-38.874954	427.23611	14.094482
-38.872581	431.99957	14.104248
-38.872551	434.47388	14.114014
-38.871452	431.42795	14.123779
-38.871063	428.681	14.133545
-38.869892	425.30527	14.143311
-38.869537	429.52518	14.153076
-38.868202	430.38083	14.162842
-38.868637	431.25903	14.172607
-38.866615	434.03052	14.182373
-38.865978	431.34076	14.192139
-38.86565	428.10956	14.201904
-38.864552	427.16418	14.21167
-38.863857	427.61255	14.221436
-38.863403	433.20248	14.231201
-38.862167	431.26166	14.240967
-38.860939	431.2291	14.250732
-38.86021	429.10492	14.260498
-38.858688	427.81815	14.270264
-38.858673	429.49652	14.280029
-38.857491	428.14288	14.289795
-38.856209	431.02045	14.299561
-38.856682	432.91879	14.309326
-38.855473	431.92712	14.319092
-38.853775	429.54831	14.328857
-38.853745	426.08701	14.338623
-38.852192	428.75967	14.348389
-38.852428	432.33817	14.358154
-38.852051	430.94958	14.36792
-38.851158	432.23892	14.377686
-38.849983	428.86072	14.387451
-38.848404	425.97205	14.397217
-38.848156	425.73102	14.406982
-38.846619	426.44354	14.416748
-38.846554	430.75781	14.426514
-38.845238	435.05356	14.436279
-38.844856	429.39841	14.446045
-38.84343	425.63034	14.455811
-38.843639	424.68015	14.465576
-38.842117	429.01251	14.475342
-38.841179	430.04132	14.485107
-38.841225	433.04459	14.494873
-38.839989	430.86224	14.504639
-38.838688	427.03995	14.514404
-38.837536	426.05481	14.52417
-38.838955	425.0033	14.533936
-38.837608	427.80145	14.543701
-38.835323	432.75201	14.553467
-38.834843	432.23572	14.563232
-38.833851	427.17249	14.572998
-38.833664	424.14822	14.582764
-38.832264	425.06705	14.592529
-38.832684	429.13358	14.602295
-38.830582	433.62463	14.612061
-38.830627	429.89725	14.621826
-38.828888	430.32306	14.631592
-38.828251	426.18222	14.641357
-38.827839	422.68472	14.651123
-38.827156	427.42184	14.660889
-38.826458	431.12723	14.670654
-38.825672	433.71906	14.68042
-38.824188	430.60037	14.690186
-38.823818	423.00931	14.699951
-38.821705	424.354	14.709717
-38.822018	428.03378	14.719482
-38.822224	429.76404	14.729248
-38.820267	430.49237	14.739014
-38.820114	429.75	14.748779
-38.818748	429.27344	14.758545
-38.81823	423.98209	14.768311
-38.816219	425.69974	14.778076
-38.816582	427.23004	14.787842
-38.815384	431.4397	14.797607
-38.815144	431.61356	14.807373
-38.813377	427.11273	14.817139
-38.813633	426.12576	14.826904
-38.812054	426.89566	14.83667
-38.811329	426.14896	14.846436
-38.811016	427.3678	14.856201
-38.80896	429.86618	14.865967
-38.809589	428.93753	14.875732
-38.809143	428.39828	14.885498
-38.807236	423.83975	14.895264
-38.80574	424.72452	14.905029
-38.805973	429.51334	14.914795
-38.803474	428.66888	14.924561
-38.803802	429.42801	14.934326
-38.802998	427.79401	14.944092
-38.802063	424.78629	14.953857
-38.801479	426.07559	14.963623
-38.800419	424.99686	14.973389
-38.799843	426.45914	14.983154
-38.79847	429.87152	14.99292
-38.797775	430.43723	15.002686
-38.797905	427.07443	15.012451
-38.796509	421.95679	15.022217
-38.796131	423.32141	15.031982
-38.796074	428.97659	15.041748
-38.794159	428.22867	15.051514
-38.793934	431.03525	15.061279
-38.792225	426.86441	15.071045
-38.792141	423.66678	15.080811
-38.790939	424.2381	15.090576
-38.789219	422.47617	15.100342
-38.789909	428.04022	15.110107
-38.788578	432.99567	15.119873
-38.788879	429.71942	15.129639
-38.786743	425.16965	15.139404
-38.785473	419.78818	15.14917
-38.786419	425.68649	15.158936
-38.784012	427.03354	15.168701
-38.784603	430.35123	15.178467
-38.783001	430.62259	15.188232
-38.781876	425.12564	15.197998
-38.780537	422.47815	15.207764
-38.780674	422.18512	15.217529
-38.779243	425.66251	15.227295
-38.779469	430.13611	15.237061
-38.778988	431.0383	15.246826
-38.776825	424.75833	15.256592
-38.776436	420.71326	15.266357
-38.774914	420.94513	15.276123
-38.775337	427.12344	15.285889
-38.773327	427.93158	15.295654
-38.773659	427.10431	15.30542
-38.772701	427.54898	15.315186
-38.77166	424.13818	15.324951
-38.771355	420.16153	15.334717
-38.771133	423.57513	15.344482
-38.767933	425.32413	15.354248
-38.768753	429.5285	15.364014
-38.767357	427.4791	15.373779
-38.766865	422.28232	15.383545
-38.765347	421.24033	15.393311
-38.765503	423.08041	15.403076
-38.764732	426.14572	15.412842
-38.762886	427.34387	15.422607
-38.762184	427.23019	15.432373
-38.762981	429.14767	15.442139
-38.760227	424.46008	15.451904
-38.759995	422.72751	15.46167
-38.759045	421.64124	15.471436
-38.757942	427.32858	15.481201
-38.756882	429.89563	15.490967
-38.757214	426.29013	15.500732
-38.755383	424.57501	15.510498
-38.755016	423.02029	15.520264
-38.753822	424.11475	15.530029
-38.752899	424.31747	15.539795
-38.75256	426.4303	15.549561
-38.751602	428.28656	15.559326
-38.750923	429.10294	15.569092
-38.750107	425.32703	15.578857
-38.749592	420.78485	15.588623
-38.749096	423.24185	15.598389
-38.748539	427.26675	15.608154
-38.746834	428.03464	15.61792
-38.747013	425.61337	15.627686
-38.745834	423.02121	15.637451
-38.744194	423.03891	15.647217
-38.743366	421.85278	15.656982
-38.74297	423.05875	15.666748
-38.741318	427.55045	15.676514
-38.742409	429.20724	15.686279
-38.740852	427.16696	15.696045
-38.739441	420.98959	15.705811
-38.73967	421.31772	15.715576
-38.738689	424.06097	15.725342
-38.73735	425.95633	15.735107
-38.738178	428.7247	15.744873
-38.734875	427.1774	15.754639
-38.735477	422.72095	15.764404
-38.73336	421.01343	15.77417
-38.73328	420.28058	15.783936
-38.73291	426.44849	15.793701
-38.731045	428.69171	15.803467
-38.731064	429.06079	15.813232
-38.73	424.27844	15.822998
-38.729237	419.68607	15.832764
-38.72871	422.1442	15.842529
-38.727573	425.96051	15.852295
-38.72691	427.53165	15.862061
-38.725468	427.63489	15.871826
-38.725395	426.23141	15.881592
-38.724674	422.97748	15.891357
-38.723423	420.59134	15.901123
-38.721626	422.89035	15.910889
-38.721859	427.06567	15.920654
-38.721283	428.88757	15.93042
-38.71965	426.50702	15.940186
-38.719521	421.70282	15.949951
-38.717892	419.78952	15.959717
-38.717422	424.68182	15.969482
-38.716801	426.1546	15.979248
-38.715935	426.32861	15.989014
-38.715424	426.67596	15.998779
-38.714725	425.20444	16.008545
-38.71394	422.25281	16.018311
-38.712852	422.92798	16.028076
-38.711388	423.52319	16.037842
-38.712055	428.15509	16.047607
-38.710304	427.48727	16.057373
-38.710075	422.99832	16.067139
-38.70866	421.79419	16.076904
-38.709347	421.78088	16.08667
-38.707829	422.68515	16.096436
-38.707123	425.27838	16.106201
-38.705585	425.03455	16.115967
-38.704586	426.69006	16.125732
-38.703838	423.31244	16.135498
-38.702484	422.61615	16.145264
-38.702698	421.92252	16.155029
-38.701378	423.57712	16.164795
-38.702065	429.04425	16.174561
-38.700481	426.35205	16.184326
-38.698853	425.9942	16.194092
-38.698208	423.25562	16.203857
-38.697212	422.55777	16.213623
-38.695824	423.92819	16.223389
-38.695816	425.09177	16.233154
-38.694931	427.43552	16.24292
-38.694332	428.84323	16.252686
-38.692902	423.78571	16.262451
-38.692898	418.68127	16.272217
-38.691849	419.31747	16.281982
-38.691177	424.7941	16.291748
-38.690105	428.29297	16.301514
-38.690086	428.13867	16.311279
-38.688026	424.02631	16.321045
-38.687534	424.28561	16.330811
-38.688038	420.31705	16.340576
-38.686123	420.25208	16.350342
-38.684792	426.57465	16.360107
-38.68325	428.6676	16.369873
-38.683826	427.62323	16.379639
-38.683018	421.76651	16.389404
-38.683369	419.08542	16.39917
-38.681385	420.73312	16.408936
-38.681026	425.44211	16.418701
-38.678791	429.9772	16.428467
-38.678867	425.54324	16.438232
-38.677296	423.55264	16.447998
-38.677597	422.48734	16.457764
-38.676956	418.46295	16.467529
-38.675304	423.45313	16.477295
-38.675201	426.54703	16.487061
-38.674679	427.76294	16.496826
-38.67384	425.69308	16.506592
-38.671993	418.55341	16.516357
-38.671474	418.86105	16.526123
-38.66983	423.12253	16.535889
-38.669952	426.06726	16.545654
-38.668449	427.76025	16.55542
-38.668232	426.04129	16.565186
-38.666775	423.11581	16.574951
-38.666603	421.4444	16.584717
-38.665031	420.96149	16.594482
-38.666218	424.7128	16.604248
-38.664539	428.9744	16.614014
-38.662266	425.45877	16.623779
-38.662857	422.17697	16.633545
-38.661972	420.01257	16.643311
-38.661625	422.44992	16.653076
-38.661751	424.15173	16.662842
-38.658886	425.8349	16.672607
-38.658283	426.40408	16.682373
-38.657749	424.56049	16.692139
-38.656704	421.78278	16.701904
-38.656086	421.43335	16.71167
-38.655968	419.31854	16.721436
-38.65535	425.55219	16.731201
-38.653027	427.34091	16.740967
-38.65229	424.53027	16.750732
-38.652271	422.66754	16.760498
-38.651318	420.14877	16.770264
-38.650166	423.46228	16.780029
-38.649841	423.19363	16.789795
-38.6497	424.23401	16.799561
-38.648003	426.19241	16.809326
-38.647018	425.37796	16.819092
-38.645565	422.13278	16.828857
-38.645439	420.04922	16.838623
-38.643654	421.44476	16.848389
-38.642799	426.91568	16.858154
-38.643459	425.44104	16.86792
-38.642647	426.32684	16.877686
-38.641186	421.61139	16.887451
-38.641029	420.04602	16.897217
-38.640648	421.85675	16.906982
-38.638691	421.37003	16.916748
-38.638035	424.96005	16.926514
-38.636433	428.44489	16.936279
-38.636868	423.4805	16.946045
-38.636093	420.06531	16.955811
-38.63427	417.36716	16.965576
-38.634045	422.82828	16.975342
-38.633408	425.88324	16.985107
-38.631809	428.02386	16.994873
-38.631077	422.05923	17.004639
-38.630524	421.10672	17.014404
-38.630314	418.7081	17.02417
-38.629047	418.14142	17.033936
-38.627563	423.92038	17.043701
-38.626663	426.34756	17.053467
-38.625755	427.07303	17.063232
-38.62513	421.35123	17.072998
-38.624401	416.49905	17.082764
-38.623817	419.66824	17.092529
-38.623741	424.39874	17.102295
-38.622559	427.63458	17.112061
-38.622307	424.44736	17.121826
-38.620216	423.53143	17.131592
-38.619644	421.02975	17.141357
-38.61898	416.8483	17.151123
-38.619553	422.40332	17.160889
-38.618614	425.53577	17.170654
-38.616371	426.75076	17.18042
-38.616184	424.7023	17.190186
-38.614605	418.22229	17.199951
-38.613903	418.60696	17.209717
-38.613777	421.43405	17.219482
-38.612732	424.0451	17.229248
-38.611565	427.40692	17.239014
-38.611828	422.31821	17.248779
-38.609818	423.27994	17.258545
-38.609955	421.8363	17.268311
-38.610836	419.11804	17.278076
-38.60741	421.30762	17.287842
-38.606998	424.84308	17.297607
-38.606312	426.39902	17.307373
-38.60516	422.68488	17.317139
-38.604912	419.84338	17.326904
-38.603287	422.10156	17.33667
-38.602093	422.18454	17.346436
-38.602882	423.04599	17.356201
-38.601662	422.84851	17.365967
-38.600624	424.22305	17.375732
-38.600018	423.2453	17.385498
-38.599072	419.69269	17.395264
-38.598103	417.73178	17.405029
-38.597401	422.89267	17.414795
-38.596729	425.5517	17.424561
-38.594688	426.26648	17.434326
-38.593941	423.46936	17.444092
-38.594151	420.21106	17.453857
-38.594151	420.82587	17.463623
-38.592861	421.85165	17.473389
-38.59182	420.59637	17.483154
-38.592293	425.41583	17.49292
-38.589912	425.72067	17.502686
-38.58913	423.47375	17.512451
-38.587761	418.25562	17.522217
-38.587967	418.36697	17.531982
-38.58572	422.73508	17.541748
-38.58559	426.47717	17.551514
-38.585613	425.49442	17.561279
-38.58416	422.81528	17.571045
-38.584946	418.89539	17.580811
-38.581795	419.60385	17.590576
-38.58271	418.99478	17.600342
-38.580482	424.69501	17.610107
-38.580177	428.91501	17.619873
-38.579182	424.30127	17.629639
-38.578205	420.88568	17.639404
-38.577969	416.03973	17.64917
-38.576653	418.18234	17.658936
-38.576073	424.89307	17.668701
-38.57502	425.5863	17.678467
-38.575565	423.66678	17.688232
-38.574333	421.68286	17.697998
-38.57251	419.46811	17.707764
-38.573036	418.65927	17.717529
-38.571205	423.39972	17.727295
-38.569611	425.31506	17.737061
-38.570278	427.27838	17.746826
-38.568974	422.73035	17.756592
-38.569256	416.97522	17.766357
-38.567543	417.15479	17.776123
-38.566315	421.0986	17.785889
-38.565403	426.19388	17.795654
-38.564533	424.81268	17.80542
-38.564262	421.48599	17.815186
-38.562237	421.0014	17.824951
-38.562523	418.25708	17.834717
-38.561398	420.25098	17.844482
-38.561211	420.09055	17.854248
-38.559128	424.64572	17.864014
-38.559971	425.63858	17.873779
-38.557556	419.14813	17.883545
-38.557465	420.10449	17.893311
-38.556046	419.18982	17.903076
-38.555275	420.64557	17.912842
-38.55497	423.63498	17.922607
-38.554996	423.46915	17.932373
-38.552971	422.4566	17.942139
-38.55241	421.97339	17.951904
-38.552155	417.30496	17.96167
-38.550915	418.84393	17.971436
-38.550228	422.6626	17.981201
-38.549026	427.85764	17.990967
-38.548317	422.08557	18.000732
-38.547928	420.14566	18.010498
-38.546455	418.08377	18.020264
-38.545742	419.18536	18.030029
-38.545277	421.57419	18.039795
-38.544167	422.72577	18.049561
-38.544655	425.2825	18.059326
-38.542694	425.40903	18.069092
-38.541515	421.11862	18.078857
-38.541523	416.33054	18.088623
-38.540485	420.36139	18.098389
-38.539139	422.97034	18.108154
-38.539066	427.18509	18.11792
-38.537571	425.34998	18.127686
-38.536385	418.89481	18.137451
-38.537186	419.23962	18.147217
-38.53474	418.27649	18.156982
-38.534492	420.62775	18.166748
-38.534134	426.17212	18.176514
-38.533615	424.9014	18.186279
-38.532295	423.99579	18.196045
-38.530788	419.41443	18.205811
-38.529907	415.12122	18.215576
-38.530262	421.14178	18.225342
-38.528297	424.87177	18.235107
-38.52861	426.14127	18.244873
-38.52747	422.84467	18.254639
-38.525982	419.1113	18.264404
-38.526161	420.37628	18.27417
-38.524635	418.86719	18.283936
-38.524311	422.44406	18.293701
-38.523941	426.2608	18.303467
-38.521881	424.31876	18.313232
-38.521793	421.45398	18.322998
-38.52092	416.10394	18.332764
-38.520542	417.84439	18.342529
-38.518806	422.69049	18.352295
-38.518448	426.09796	18.362061
-38.51701	424.00806	18.371826
-38.51767	421.76892	18.381592
-38.516014	417.95642	18.391357
-38.515091	418.05948	18.401123
-38.514633	419.78421	18.410889
-38.512524	423.02011	18.420654
-38.513966	426.54132	18.43042
-38.511734	422.18985	18.440186
-38.511028	417.73849	18.449951
-38.510937	417.85739	18.459717
-38.509659	419.65332	18.469482
-38.509235	424.54266	18.479248
-38.508038	422.80499	18.489014
-38.506969	423.29419	18.498779
-38.505508	421.48083	18.508545
-38.505844	420.20642	18.518311
-38.503864	420.8808	18.528076
-38.50351	418.80579	18.537842
-38.502995	423.05911	18.547607
-38.503197	426.67627	18.557373
-38.501713	420.59833	18.567139
-38.500511	419.81659	18.576904
-38.499969	417.448	18.58667
-38.499371	419.92819	18.596436
-38.498211	422.98911	18.606201
-38.49638	421.80811	18.615967
-38.49641	422.66293	18.625732
-38.495327	422.34518	18.635498
-38.495426	417.47305	18.645264
-38.494057	416.67062	18.655029
-38.493206	417.46326	18.664795
-38.492058	422.61298	18.674561
-38.491856	424.25867	18.684326
-38.49028	424.29739	18.694092
-38.490021	418.43314	18.703857
-38.489109	418.79013	18.713623
-38.488861	419.0881	18.723389
-38.48851	421.00027	18.733154
-38.486946	422.62491	18.74292
-38.486092	425.26334	18.752686
-38.483902	421.89224	18.762451
-38.483761	417.13937	18.772217
-38.483166	416.46448	18.781982
-38.482452	420.93137	18.791748
-38.481659	425.26794	18.801514
-38.481461	424.56494	18.811279
-38.480682	420.55429	18.821045
-38.479954	417.05746	18.830811
-38.479607	419.39059	18.840576
-38.477306	418.548	18.850342
-38.477741	423.17935	18.860107
-38.475609	424.2699	18.869873
-38.474667	423.97437	18.879639
-38.475231	419.59903	18.889404
-38.474781	414.58032	18.89917
-38.473988	419.26575	18.908936
-38.473	423.59875	18.918701
-38.470486	426.34738	18.928467
-38.470921	423.27017	18.938232
-38.471119	419.28366	18.947998
-38.468006	418.70093	18.957764
-38.468166	418.00262	18.967529
-38.467484	420.19385	18.977295
-38.465477	423.71472	18.987061
-38.464741	423.5014	18.996826
-38.464401	421.80115	19.006592
-38.464424	416.98267	19.016357
-38.46339	417.02066	19.026123
-38.463181	421.52942	19.035889
-38.461037	423.57056	19.045654
-38.461109	423.64603	19.05542
-38.460487	420.45837	19.065186
-38.45956	419.50034	19.074951
-38.457817	420.21844	19.084717
-38.456593	420.68365	19.094482
-38.456173	419.80167	19.104248
-38.455524	423.43759	19.114014
-38.456089	424.1969	19.123779
-38.454567	420.92151	19.133545
-38.453354	418.25278	19.143311
-38.452007	416.74133	19.153076
-38.451595	423.78415	19.162842
-38.450939	423.00861	19.172607
-38.44986	421.96777	19.182373
-38.449425	421.92245	19.192139
-38.448582	419.92197	19.201904
-38.44677	420.17188	19.21167
-38.447163	416.55115	19.221436
-38.446053	420.71841	19.231201
-38.444767	427.03992	19.240967
-38.445324	423.79318	19.250732
-38.443192	422.26492	19.260498
-38.441578	417.1716	19.270264
-38.442116	419.66522	19.280029
-38.440929	419.87857	19.289795
-38.440212	420.31369	19.299561
-38.438267	424.35959	19.309326
-38.437645	422.40689	19.319092
-38.439171	419.27289	19.328857
-38.437672	415.33139	19.338623
-38.436104	415.38525	19.348389
-38.435982	422.76532	19.358154
-38.434986	425.7341	19.36792
-38.434471	422.077	19.377686
-38.431965	419.87045	19.387451
-38.432461	418.19199	19.397217
-38.431145	418.56989	19.406982
-38.430748	420.20615	19.416748
-38.430958	423.48874	19.426514
-38.428883	424.43533	19.436279
-38.428703	421.62195	19.446045
-38.427895	415.78125	19.455811
-38.425694	415.55399	19.465576
-38.424381	417.69321	19.475342
-38.425228	425.81653	19.485107
-38.424561	425.9299	19.494873
-38.423359	421.29224	19.504639
-38.422295	417.72223	19.514404
-38.422318	417.23822	19.52417
-38.421242	417.12778	19.533936
-38.42028	422.90027	19.543701
-38.418324	423.68478	19.553467
-38.418957	423.53391	19.563232
-38.416962	421.73544	19.572998
-38.416103	413.66226	19.582764
-38.415642	416.72073	19.592529
-38.415642	421.02167	19.602295
-38.415264	424.78455	19.612061
-38.414196	423.55826	19.621826
-38.410866	419.03601	19.631592
-38.411137	420.0629	19.641357
-38.411488	418.0155	19.651123
-38.409702	419.64148	19.660889
-38.409435	423.45193	19.670654
-38.408577	424.47156	19.68042
-38.406597	425.17798	19.690186
-38.407692	416.5585	19.699951
-38.406799	418.03067	19.709717
-38.405525	419.75644	19.719482
-38.404907	422.33615	19.729248
-38.404232	423.87643	19.739014
-38.404793	422.08139	19.748779
-38.401802	420.24591	19.758545
-38.40097	420.01096	19.768311
-38.400661	417.88654	19.778076
-38.399815	417.93906	19.787842
-38.399006	422.18271	19.797607
-38.398895	423.75891	19.807373
-38.397564	422.38623	19.817139
-38.396297	419.24701	19.826904
-38.395908	416.34406	19.83667
-38.393864	420.14053	19.846436
-38.394165	420.69409	19.856201
-38.392323	420.98557	19.865967
-38.392673	421.9017	19.875732
-38.391754	421.44626	19.885498
-38.390991	418.90799	19.895264
-38.390659	414.99548	19.905029
-38.390121	419.19604	19.914795
-38.389175	425.30862	19.924561
-38.387039	423.23361	19.934326
-38.38726	423.20587	19.944092
-38.386192	418.74136	19.953857
-38.384678	417.63815	19.963623
-38.383255	418.67108	19.973389
-38.383957	421.63815	19.983154
-38.381733	424.24158	19.99292
-38.381084	423.33286	20.002686
-38.381916	421.35162	20.012451


Data Header:			0.254_solid_uprint_typeiv_090_r0			Time:	26.169922	s	4/14/2019 1:14:13 AM
Data Acquisition:	Timed
Station Name:	ft40.cfg
Test File Name:	monotonic_0.2540_typeiv_solid_090_uprint.tst
Displacement	Force	Running Time
mm	N	s
-38.37944	416.34317	20.022217
-38.37859	413.47003	20.031982
-38.378155	420.02991	20.041748
-38.377266	425.52777	20.051514
-38.37524	422.5148	20.061279
-38.375679	420.17242	20.071045
-38.375229	415.48035	20.080811
-38.374695	417.52402	20.090576
-38.374081	419.54562	20.100342
-38.372711	424.18695	20.110107
-38.371704	425.16159	20.119873
-38.37077	423.22702	20.129639
-38.370674	418.29495	20.139404
-38.369694	415.11948	20.14917
-38.367905	416.96326	20.158936
-38.368759	422.87552	20.168701
-38.367031	425.44397	20.178467
-38.365925	420.34549	20.188232
-38.365803	418.8252	20.197998
-38.364418	417.64133	20.207764
-38.364819	417.56592	20.217529
-38.362751	421.02026	20.227295
-38.362522	423.43027	20.237061
-38.361198	426.82678	20.246826
-38.360401	420.59003	20.256592
-38.360039	415.87668	20.266357
-38.35936	415.88516	20.276123
-38.357929	420.22412	20.285889
-38.357967	424.3251	20.295654
-38.35667	424.24368	20.30542
-38.356091	420.328	20.315186
-38.354946	419.07999	20.324951
-38.35397	419.62527	20.334717
-38.3535	419.24216	20.344482
-38.351902	420.14011	20.354248
-38.352406	423.08102	20.364014
-38.351017	424.92517	20.373779
-38.349751	419.5701	20.383545
-38.349503	417.37631	20.393311
-38.349285	418.84186	20.403076
-38.347752	420.03571	20.412842
-38.347614	423.61362	20.422607
-38.345974	421.31848	20.432373
-38.345245	420.13791	20.442139
-38.344761	421.33569	20.451904
-38.343224	417.95316	20.46167
-38.342293	415.96616	20.471436
-38.343338	419.11768	20.481201
-38.341015	424.60269	20.490967
-38.340401	422.89081	20.500732
-38.339462	419.23087	20.510498
-38.339005	414.92175	20.520264
-38.33709	418.88266	20.530029
-38.337582	418.95761	20.539795
-38.335102	420.82507	20.549561
-38.335476	422.72327	20.559326
-38.335228	422.83652	20.569092
-38.333511	418.42188	20.578857
-38.332508	415.26361	20.588623
-38.330902	415.49084	20.598389
-38.331326	421.6785	20.608154
-38.331383	424.22522	20.61792
-38.330185	425.3924	20.627686
-38.329159	418.09659	20.637451
-38.327744	416.26605	20.647217
-38.327213	419.12964	20.656982
-38.327343	417.33542	20.666748
-38.325249	423.4216	20.676514
-38.324413	423.35428	20.686279
-38.323055	421.85031	20.696045
-38.323765	417.50571	20.705811
-38.321938	413.40649	20.715576
-38.321293	416.95282	20.725342
-38.320889	422.15491	20.735107
-38.319469	423.92831	20.744873
-38.318653	421.64877	20.754639
-38.318958	416.34735	20.764404
-38.317596	416.84744	20.77417
-38.315876	418.74506	20.783936
-38.316338	420.48871	20.793701
-38.313881	422.98187	20.803467
-38.313953	421.6452	20.813232
-38.313534	419.78659	20.822998
-38.31284	414.7728	20.832764
-38.311615	414.74655	20.842529
-38.310894	421.64798	20.852295
-38.310207	423.50186	20.862061
-38.308804	422.13367	20.871826
-38.309116	418.17181	20.881592
-38.306938	416.64468	20.891357
-38.308006	417.54434	20.901123
-38.305725	419.71722	20.910889
-38.305035	420.5274	20.920654
-38.304661	423.45258	20.93042
-38.303116	422.19714	20.940186
-38.302704	416.48331	20.949951
-38.302132	417.65973	20.959717
-38.30019	416.7117	20.969482
-38.301216	423.07776	20.979248
-38.300083	422.52399	20.989014
-38.298393	421.48099	20.998779
-38.297836	418.77884	21.008545
-38.297199	418.69171	21.018311
-38.295963	417.96396	21.028076
-38.295631	418.58005	21.037842
-38.295067	418.05972	21.047607
-38.294975	423.34155	21.057373
-38.292976	419.22672	21.067139
-38.291241	417.98224	21.076904
-38.29142	414.41711	21.08667
-38.290592	417.58151	21.096436
-38.290222	421.18604	21.106201
-38.290409	420.46613	21.115967
-38.287819	422.38907	21.125732
-38.287937	419.20636	21.135498
-38.286865	416.97037	21.145264
-38.286232	416.0264	21.155029
-38.285019	417.08218	21.164795
-38.283546	420.815	21.174561
-38.28334	426.362	21.184326
-38.28241	420.60339	21.194092
-38.281475	417.63611	21.203857
-38.280792	415.33926	21.213623
-38.280197	417.79959	21.223389
-38.280033	419.61887	21.233154
-38.279385	423.80264	21.24292
-38.277626	422.28235	21.252686
-38.275963	420.1297	21.262451
-38.276558	415.24268	21.272217
-38.276379	413.53482	21.281982
-38.273331	419.66745	21.291748
-38.273602	424.20193	21.301514
-38.272594	425.44977	21.311279
-38.271797	418.54956	21.321045
-38.271248	414.229	21.330811
-38.270592	417.88898	21.340576
-38.269455	418.21948	21.350342
-38.268597	422.51642	21.360107
-38.268208	423.41278	21.369873
-38.267075	422.05676	21.379639
-38.266487	419.43301	21.389404
-38.264679	413.07767	21.39917
-38.265141	417.15314	21.408936
-38.264343	421.58136	21.418701
-38.263027	424.06403	21.428467
-38.261745	422.32419	21.438232
-38.261093	416.46341	21.447998
-38.261032	414.95178	21.457764
-38.258888	417.77417	21.467529
-38.258339	419.5972	21.477295
-38.256851	421.78012	21.487061
-38.257549	422.55676	21.496826
-38.256207	421.13873	21.506592
-38.255249	415.60153	21.516357
-38.254501	417.30298	21.526123
-38.254131	417.93811	21.535889
-38.253407	422.90036	21.545654
-38.252476	422.32959	21.55542
-38.251564	421.15488	21.565186
-38.25021	415.8595	21.574951
-38.249928	417.75378	21.584717
-38.248837	417.78043	21.594482
-38.247948	418.01367	21.604248
-38.249004	422.8334	21.614014
-38.246712	424.47577	21.623779
-38.246605	417.58432	21.633545
-38.245251	417.62097	21.643311
-38.243088	415.3028	21.653076
-38.244526	420.70154	21.662842
-38.241806	422.99918	21.672607
-38.241985	419.42874	21.682373
-38.241486	420.27863	21.692139
-38.240524	417.96475	21.701904
-38.239212	417.55005	21.71167
-38.239029	415.72235	21.721436
-38.237839	418.06845	21.731201
-38.237244	423.34198	21.740967
-38.235062	423.41025	21.750732
-38.236076	418.68008	21.760498
-38.234756	415.1976	21.770264
-38.233753	414.60788	21.780029
-38.234726	418.73776	21.789795
-38.231426	419.62622	21.799561
-38.231434	421.73331	21.809326
-38.229588	419.89105	21.819092
-38.229084	417.24112	21.828857
-38.228638	416.09213	21.838623
-38.229656	414.71536	21.848389
-38.226257	419.52496	21.858154
-38.226898	424.50562	21.86792
-38.224285	419.00571	21.877686
-38.224297	416.74741	21.887451
-38.223511	413.68683	21.897217
-38.223969	416.71387	21.906982
-38.222202	419.13934	21.916748
-38.221931	422.17157	21.926514
-38.219852	421.47449	21.936279
-38.219147	420.88812	21.946045
-38.218998	416.06113	21.955811
-38.217083	413.24234	21.965576
-38.217636	416.0972	21.975342
-38.216469	422.60193	21.985107
-38.216084	423.71164	21.994873
-38.214951	420.2514	22.004639
-38.214352	415.05957	22.014404
-38.213993	415.26978	22.02417
-38.212658	416.37747	22.033936
-38.211491	420.42563	22.043701
-38.210155	420.63336	22.053467
-38.209652	421.32858	22.063232
-38.208858	418.51062	22.072998
-38.20866	412.38406	22.082764
-38.207272	415.9566	22.092529
-38.206535	417.90137	22.102295
-38.205971	421.87451	22.112061
-38.205399	421.94882	22.121826
-38.203773	417.41721	22.131592
-38.203648	414.28247	22.141357
-38.202583	417.2948	22.151123
-38.202339	418.09808	22.160889
-38.200348	419.48743	22.170654
-38.200642	420.42688	22.18042
-38.199261	420.71747	22.190186
-38.198555	417.3096	22.199951
-38.197823	415.84579	22.209717
-38.197311	416.03751	22.219482
-38.196102	420.90439	22.229248
-38.194866	420.72394	22.239014
-38.194023	420.2485	22.248779
-38.194237	417.14401	22.258545
-38.192364	417.05493	22.268311
-38.192966	416.51178	22.278076
-38.1917	414.98438	22.287842
-38.190922	419.53543	22.297607
-38.189774	420.31696	22.307373
-38.188683	421.63736	22.317139
-38.18943	417.11383	22.326904
-38.186691	412.04044	22.33667
-38.186726	417.5621	22.346436
-38.185345	419.8176	22.356201
-38.184849	419.55743	22.365967
-38.184158	421.60669	22.375732
-38.182915	418.75574	22.385498
-38.181252	417.39807	22.395264
-38.180225	414.47897	22.405029
-38.180706	414.90405	22.414795
-38.180611	420.80658	22.424561
-38.178596	422.69885	22.434326
-38.17831	421.87311	22.444092
-38.176884	414.79694	22.453857
-38.176929	413.75858	22.463623
-38.175682	417.87582	22.473389
-38.176052	419.2337	22.483154
-38.174328	423.147	22.49292
-38.173519	421.24588	22.502686
-38.172947	418.45609	22.512451
-38.171562	416.14218	22.522217
-38.17144	413.48175	22.531982
-38.169769	416.7757	22.541748
-38.168728	422.98315	22.551514
-38.168381	422.68216	22.561279
-38.167313	417.77261	22.571045
-38.16721	414.14789	22.580811
-38.165855	413.42227	22.590576
-38.165821	418.83752	22.600342
-38.163471	420.03601	22.610107
-38.163376	422.40479	22.619873
-38.16383	420.1582	22.629639
-38.160854	416.19656	22.639404
-38.162376	412.08191	22.64917
-38.160515	416.79065	22.658936
-38.159676	419.72833	22.668701
-38.158585	423.54239	22.678467
-38.157848	418.43698	22.688232
-38.158314	414.78284	22.697998
-38.156277	413.57358	22.707764
-38.155769	415.54095	22.717529
-38.155083	418.92343	22.727295
-38.153103	419.11282	22.737061
-38.153206	420.44556	22.746826
-38.151863	421.31464	22.756592
-38.150677	414.05768	22.766357
-38.150177	415.56342	22.776123
-38.150333	415.35965	22.785889
-38.147263	420.61841	22.795654
-38.148949	421.25409	22.80542
-38.147572	417.09818	22.815186
-38.145744	415.94736	22.824951
-38.146435	415.56769	22.834717
-38.14526	416.37454	22.844482
-38.144176	417.87149	22.854248
-38.143776	418.86649	22.864014
-38.14275	421.07727	22.873779
-38.142223	418.98224	22.883545
-38.140697	414.69226	22.893311
-38.139809	413.73572	22.903076
-38.139057	416.85324	22.912842
-38.138397	420.14139	22.922607
-38.137985	418.08533	22.932373
-38.137497	418.47089	22.942139
-38.135349	418.61301	22.951904
-38.133995	416.26318	22.96167
-38.135445	413.81818	22.971436
-38.133781	416.04929	22.981201
-38.13269	420.24222	22.990967
-38.132549	422.70389	23.000732
-38.130917	417.12534	23.010498
-38.1297	412.89343	23.020264
-38.130234	414.11752	23.030029
-38.128078	417.13809	23.039795
-38.127926	418.93567	23.049561
-38.127033	419.82077	23.059326
-38.125481	416.89716	23.069092
-38.125477	416.36722	23.078857
-38.12355	413.68155	23.088623
-38.124924	414.37213	23.098389
-38.124294	417.44382	23.108154
-38.122959	420.18393	23.11792
-38.121296	420.73279	23.127686
-38.120533	413.72598	23.137451
-38.119011	412.07593	23.147217
-38.119305	416.01117	23.156982
-38.118881	416.7149	23.166748
-38.116257	421.01657	23.176514
-38.115864	419.70782	23.186279
-38.115288	416.98666	23.196045
-38.113281	413.69592	23.205811
-38.113216	410.97894	23.215576
-38.112732	415.96661	23.225342
-38.113167	421.95544	23.235107
-38.111504	422.24554	23.244873
-38.111053	415.79422	23.254639
-38.109554	412.79715	23.264404
-38.109783	412.37128	23.27417
-38.108204	416.52014	23.283936
-38.107986	417.88437	23.293701
-38.1068	419.27917	23.303467
-38.106667	419.46552	23.313232
-38.105068	416.89185	23.322998
-38.103653	412.19067	23.332764
-38.103745	412.8006	23.342529
-38.10276	415.78952	23.352295
-38.102764	422.28528	23.362061
-38.102654	419.52182	23.371826
-38.099991	415.24139	23.381592
-38.09948	412.74911	23.391357
-38.098598	414.2504	23.401123
-38.097229	415.81689	23.410889
-38.0961	417.19495	23.420654
-38.096294	417.59326	23.43042
-38.09515	418.80695	23.440186
-38.095013	414.75061	23.449951
-38.092915	412.64609	23.459717
-38.092838	412.34015	23.469482
-38.092125	417.21564	23.479248
-38.092175	418.31076	23.489014
-38.091244	416.06046	23.498779
-38.088753	416.259	23.508545
-38.089066	413.12598	23.518311
-38.08791	414.34894	23.528076
-38.08728	414.09045	23.537842
-38.086517	415.19385	23.547607
-38.085789	418.85202	23.557373
-38.08559	420.59424	23.567139
-38.084049	414.8934	23.576904
-38.083225	411.3941	23.58667
-38.081806	411.28519	23.596436
-38.080826	417.45856	23.606201
-38.079926	418.08997	23.615967
-38.079865	418.22577	23.625732
-38.079956	416.58841	23.635498
-38.078205	414.39597	23.645264
-38.077923	412.73236	23.655029
-38.076969	411.8793	23.664795
-38.076576	415.21478	23.674561
-38.075562	419.6377	23.684326
-38.07341	417.53101	23.694092
-38.07262	410.84793	23.703857
-38.072868	411.26437	23.713623
-38.071293	413.77991	23.723389
-38.071316	415.97879	23.733154
-38.070877	419.54456	23.74292
-38.069489	416.25281	23.752686
-38.069092	415.40994	23.762451
-38.067444	411.40662	23.772217
-38.067612	409.58896	23.781982
-38.065594	414.06198	23.791748
-38.065361	419.88589	23.801514
-38.064175	419.88727	23.811279
-38.064011	415.40118	23.821045
-38.062702	409.31384	23.830811
-38.062874	411.14337	23.840576
-38.061665	414.0484	23.850342
-38.060429	418.45969	23.860107
-38.059395	415.94446	23.869873
-38.058453	414.04559	23.879639
-38.058552	414.32693	23.889404
-38.057522	409.26508	23.89917
-38.056236	412.40897	23.908936
-38.05423	417.19388	23.918701
-38.054497	417.27637	23.928467
-38.053276	417.74585	23.938232
-38.052479	410.37592	23.947998
-38.051716	408.776	23.957764
-38.051804	412.75208	23.967529
-38.050591	414.02072	23.977295
-38.049969	415.97171	23.987061
-38.049488	414.85028	23.996826
-38.048218	413.42685	24.006592
-38.046139	410.02277	24.016357
-38.047958	410.25845	24.026123
-38.045475	410.2702	24.035889
-38.045319	416.28299	24.045654
-38.044552	415.93069	24.05542
-38.044441	414.4957	24.065186
-38.043076	409.21414	24.074951
-38.041622	409.03662	24.084717
-38.040779	410.91309	24.094482
-38.039246	410.84399	24.104248
-38.040016	414.09088	24.114014
-38.038448	413.89685	24.123779
-38.037544	412.65057	24.133545
-38.03714	407.89059	24.143311
-38.036312	406.21878	24.153076
-38.035351	408.18326	24.162842
-38.034977	413.54306	24.172607
-38.033558	411.13593	24.182373
-38.033115	410.86356	24.192139
-38.030991	407.38409	24.201904
-38.03093	405.37091	24.21167
-38.030441	403.10825	24.221436
-38.025707	17.877573	24.231201
-38.025761	-22.042522	24.240967
-38.024662	-38.967663	24.250732
-38.025688	-55.181892	24.260498
-38.025257	-43.545422	24.270264
-38.024628	-43.062958	24.280029
-38.024162	-42.51125	24.289795
-38.022575	-38.308193	24.299561
-38.021839	-39.848698	24.309326
-38.020958	-41.723972	24.319092
-38.020462	-43.390781	24.328857
-38.018623	-42.740425	24.338623
-38.017982	-44.611168	24.348389
-38.018871	-40.880161	24.358154
-38.017948	-36.680099	24.36792
-38.016357	-38.260685	24.377686
-38.016193	-45.168003	24.387451
-38.015121	-47.17915	24.397217
-38.014538	-46.139172	24.406982
-38.013412	-40.736111	24.416748
-38.011833	-39.49501	24.426514
-38.0116	-41.427242	24.436279
-38.010807	-40.404732	24.446045
-38.009346	-44.288582	24.455811
-38.009842	-47.34771	24.465576
-38.008842	-42.377666	24.475342
-38.008305	-39.923546	24.485107
-38.006958	-35.645981	24.494873
-38.00589	-40.327885	24.504639
-38.004932	-47.252777	24.514404
-38.003933	-45.243378	24.52417
-38.00362	-42.346626	24.533936
-38.00349	-39.931229	24.543701
-38.001835	-39.604382	24.553467
-38.001507	-41.554134	24.563232
-38.001141	-41.136444	24.572998
-37.999516	-47.183273	24.582764
-37.998852	-45.712109	24.592529
-37.997456	-41.694416	24.602295
-37.997669	-39.395439	24.612061
-37.995434	-38.302547	24.621826
-37.996269	-43.911263	24.631592
-37.995186	-45.290337	24.641357
-37.993271	-43.997742	24.651123
-37.99371	-42.776489	24.660889
-37.992298	-41.928917	24.670654
-37.992676	-40.794865	24.68042
-37.991196	-40.440559	24.690186
-37.990814	-42.774014	24.699951
-37.989021	-45.710056	24.709717
-37.98859	-44.796318	24.719482
-37.987476	-40.322853	24.729248
-37.986214	-40.221622	24.739014
-37.985809	-39.992523	24.748779
-37.985035	-41.619785	24.758545
-37.983932	-45.103054	24.768311
-37.983952	-43.168804	24.778076
-37.981537	-44.012657	24.787842
-37.981468	-41.850941	24.797607
-37.981308	-39.295795	24.807373
-37.980602	-38.386543	24.817139
-37.978897	-41.232796	24.826904
-37.978085	-46.471825	24.83667
-37.97823	-44.801476	24.846436
-37.977577	-39.202099	24.856201
-37.976746	-40.98027	24.865967
-37.97583	-37.993694	24.875732
-37.97403	-42.839466	24.885498
-37.97377	-45.054649	24.895264
-37.973568	-44.120544	24.905029
-37.971046	-45.933327	24.914795
-37.971256	-39.636806	24.924561
-37.970539	-36.509098	24.934326
-37.969971	-40.027641	24.944092
-37.968304	-43.75267	24.953857
-37.968548	-48.470512	24.963623
-37.967087	-44.164852	24.973389
-37.965965	-40.074551	24.983154
-37.965424	-40.543423	24.99292
-37.96526	-40.368649	25.002686
-37.963322	-41.697918	25.012451
-37.963463	-45.21381	25.022217
-37.96236	-45.901329	25.031982
-37.961941	-41.690304	25.041748
-37.961353	-37.529907	25.051514
-37.959518	-35.882881	25.061279
-37.95863	-42.481495	25.071045
-37.958302	-47.280495	25.080811
-37.957466	-46.810471	25.090576
-37.956024	-42.140297	25.100342
-37.956673	-38.669903	25.110107
-37.95422	-40.395279	25.119873
-37.9534	-40.503517	25.129639
-37.952187	-43.114204	25.139404
-37.95174	-45.140629	25.14917
-37.951698	-43.681435	25.158936
-37.950352	-42.90659	25.168701
-37.950485	-37.534485	25.178467
-37.948635	-40.31665	25.188232
-37.948685	-45.200916	25.197998
-37.946934	-45.80275	25.207764
-37.94643	-43.7243	25.217529
-37.946281	-41.219578	25.227295
-37.944458	-41.10931	25.237061
-37.945148	-41.937069	25.246826
-37.943661	-38.386745	25.256592
-37.942547	-42.952553	25.266357
-37.942043	-44.484772	25.276123
-37.941475	-43.344589	25.285889
-37.940105	-40.65654	25.295654
-37.939724	-38.824459	25.30542
-37.93972	-41.953091	25.315186
-37.938305	-43.806755	25.324951
-37.937496	-43.924767	25.334717
-37.937576	-44.069672	25.344482
-37.936562	-42.008003	25.354248
-37.934669	-40.810253	25.364014
-37.933842	-40.249737	25.373779
-37.932228	-39.310673	25.383545
-37.931908	-43.995125	25.393311
-37.930813	-47.661438	25.403076
-37.930965	-45.269531	25.412842
-37.930088	-40.92799	25.422607
-37.929073	-40.502895	25.432373
-37.927887	-40.906979	25.442139
-37.927673	-44.351501	25.451904
-37.927582	-43.244411	25.46167
-37.92625	-44.768478	25.471436
-37.924469	-43.402008	25.481201
-37.923874	-39.357224	25.490967
-37.923939	-38.224415	25.500732
-37.922131	-40.072655	25.510498
-37.921547	-46.613888	25.520264
-37.921005	-47.899055	25.530029
-37.919861	-42.752075	25.539795
-37.91975	-39.457726	25.549561
-37.919277	-39.107491	25.559326
-37.918121	-42.729095	25.569092
-37.917221	-44.517086	25.578857
-37.915493	-44.731606	25.588623
-37.914452	-46.574448	25.598389
-37.913525	-40.331127	25.608154
-37.913937	-38.30402	25.61792
-37.912479	-38.069168	25.627686
-37.912552	-42.641342	25.637451
-37.91074	-49.321098	25.647217
-37.910305	-46.138809	25.656982
-37.90947	-38.950047	25.666748
-37.909012	-39.783325	25.676514
-37.908001	-40.076797	25.686279
-37.908272	-43.663383	25.696045
-37.907104	-45.605473	25.705811
-37.905548	-46.600441	25.715576
-37.905437	-43.444141	25.725342
-37.904682	-39.277561	25.735107
-37.902889	-38.374207	25.744873
-37.902569	-39.452393	25.754639
-37.901451	-45.365414	25.764404
-37.900341	-46.794624	25.77417
-37.899044	-43.316814	25.783936
-37.899315	-39.778	25.793701
-37.898296	-40.039761	25.803467
-37.897877	-40.565582	25.813232
-37.896122	-43.767406	25.822998
-37.895985	-45.577274	25.832764
-37.894943	-44.325619	25.842529
-37.893581	-42.908596	25.852295
-37.89352	-37.973644	25.862061
-37.892933	-37.566032	25.871826
-37.891071	-44.898476	25.881592
-37.889893	-45.777058	25.891357
-37.890484	-45.089371	25.901123
-37.889191	-42.531807	25.910889
-37.887539	-42.758934	25.920654
-37.887974	-42.20649	25.93042
-37.887947	-39.983727	25.940186
-37.886448	-42.552883	25.949951
-37.885246	-44.151592	25.959717
-37.883793	-45.687065	25.969482
-37.882839	-43.761978	25.979248
-37.88245	-37.935265	25.989014
-37.882469	-40.911888	25.998779
-37.880596	-42.748009	26.008545
-37.880348	-44.305405	26.018311
-37.878544	-45.466145	26.028076
-37.880089	-43.112545	26.037842
-37.877636	-43.153591	26.047607
-37.87709	-41.103157	26.057373
-37.875328	-38.466164	26.067139
-37.875935	-44.384052	26.076904
-37.874203	-45.846355	26.08667
-37.873623	-44.917046	26.096436
-37.873207	-42.137306	26.106201
-37.871853	-38.922829	26.115967
-37.871178	-41.125797	26.125732
-37.870621	-43.019615	26.135498
-37.870216	-44.464203	26.145264
-37.86776	-45.296677	26.155029
-37.868176	-43.639656	26.164795

