MTS793|BTW|ENU|1|2|.|/|:|1|0|0|A

Data Header:			0.254_solid_uprint_typeiv_090_r0			Time:	20.019043	s	4/14/2019 1:17:22 AM
Data Acquisition:	Timed
Station Name:	ft40.cfg
Test File Name:	monotonic_0.2540_typeiv_solid_090_uprint.tst
Displacement	Force	Running Time
mm	N	s
-40.040829	-149.5399	0.022705078
-40.041248	-149.96155	0.032470703
-40.042252	-154.85347	0.042236328
-40.040905	-151.76772	0.052001953
-40.040913	-153.51395	0.061767578
-40.04158	-152.15352	0.071533203
-40.041054	-152.0303	0.081298828
-40.040718	-151.72278	0.091064453
-40.040565	-145.81653	0.10083008
-40.038975	-150.33032	0.1105957
-40.038612	-149.30141	0.12036133
-40.038143	-151.29022	0.13012695
-40.037281	-150.62231	0.13989258
-40.034573	-148.66245	0.1496582
-40.035999	-148.18953	0.15942383
-40.034019	-143.63443	0.16918945
-40.033604	-142.88744	0.17895508
-40.031445	-146.97813	0.1887207
-40.032303	-149.79602	0.19848633
-40.031761	-146.3705	0.20825195
-40.029171	-142.97711	0.21801758
-40.029243	-140.79848	0.2277832
-40.027145	-141.34567	0.23754883
-40.027782	-143.74225	0.24731445
-40.026291	-143.81479	0.25708008
-40.025574	-143.89613	0.2668457
-40.025181	-143.11238	0.27661133
-40.023621	-138.49225	0.28637695
-40.024784	-137.30663	0.29614258
-40.022236	-136.55592	0.3059082
-40.020542	-142.64549	0.31567383
-40.019707	-143.38495	0.32543945
-40.018528	-138.11481	0.33520508
-40.01862	-134.62151	0.3449707
-40.019203	-133.12231	0.35473633
-40.017582	-135.85455	0.36450195
-40.016422	-137.63687	0.37426758
-40.017181	-136.19075	0.3840332
-40.015118	-141.43742	0.39379883
-40.013954	-130.95877	0.40356445
-40.013332	-130.10925	0.41333008
-40.01413	-130.48027	0.4230957
-40.012737	-131.88261	0.43286133
-40.011803	-137.25098	0.44262695
-40.010113	-135.02388	0.45239258
-40.009304	-129.26872	0.4621582
-40.00766	-128.15764	0.47192383
-40.007549	-128.38101	0.48168945
-40.00621	-129.81706	0.49145508
-40.0061	-129.89343	0.5012207
-40.005215	-132.25383	0.51098633
-40.005276	-129.82573	0.52075195
-40.003014	-126.05351	0.53051758
-40.002918	-123.74367	0.5402832
-40.002106	-124.84699	0.55004883
-40.000114	-129.00551	0.55981445
-40.000546	-129.11871	0.56958008
-40.001202	-125.07665	0.5793457
-39.998703	-122.07966	0.58911133
-39.997746	-122.18156	0.59887695
-39.99625	-122.51298	0.60864258
-39.996193	-122.82578	0.6184082
-39.995285	-123.58013	0.62817383
-39.995586	-124.576	0.63793945
-39.994011	-122.69806	0.64770508
-39.99316	-120.17226	0.6574707
-39.992367	-117.28732	0.66723633
-39.990376	-120.85409	0.67700195
-39.990101	-118.93822	0.68676758
-39.990181	-121.20738	0.6965332
-39.989391	-119.53161	0.70629883
-39.988914	-116.40302	0.71606445
-39.986794	-117.67065	0.72583008
-39.986057	-114.72513	0.7355957
-39.986092	-115.06371	0.74536133
-39.984978	-116.53249	0.75512695
-39.984142	-117.51389	0.76489258
-39.983429	-117.70056	0.7746582
-39.981792	-110.66441	0.78442383
-39.981346	-111.65784	0.79418945
-39.98008	-110.48351	0.80395508
-39.979847	-113.96711	0.8137207
-39.979496	-115.88799	0.82348633
-39.979111	-111.5215	0.83325195
-39.977566	-113.26246	0.84301758
-39.977112	-108.25304	0.8527832
-39.974373	-104.93644	0.86254883
-39.975475	-108.42578	0.87231445
-39.975399	-112.84137	0.88208008
-39.973099	-112.65534	0.8918457
-39.972672	-109.38039	0.90161133
-39.971924	-102.9057	0.91137695
-39.971115	-103.50345	0.92114258
-39.970287	-105.44138	0.9309082
-39.969566	-107.8233	0.94067383
-39.967968	-107.51962	0.95043945
-39.967754	-107.52629	0.96020508
-39.965984	-101.94792	0.9699707
-39.965153	-99.313454	0.97973633
-39.966389	-100.67014	0.98950195
-39.964542	-103.43945	0.99926758
-39.963264	-107.72108	1.0090332
-39.962822	-104.4577	1.0187988
-39.962936	-99.107018	1.0285645
-39.960854	-95.655998	1.0383301
-39.961151	-98.215836	1.0480957
-39.959709	-102.29361	1.0578613
-39.959377	-99.09594	1.067627
-39.958206	-103.1937	1.0773926
-39.956074	-98.11097	1.0871582
-39.956154	-94.797592	1.0969238
-39.955715	-94.235443	1.1066895
-39.955933	-93.540581	1.1164551
-39.95401	-101.78465	1.1262207
-39.952923	-98.702026	1.1359863
-39.951946	-96.048134	1.145752
-39.952087	-92.011765	1.1555176
-39.950481	-91.772461	1.1652832
-39.951466	-94.969383	1.1750488
-39.948475	-93.615746	1.1848145
-39.94912	-95.417068	1.1945801
-39.946938	-94.453056	1.2043457
-39.946266	-91.25663	1.2141113
-39.94553	-88.986832	1.223877
-39.944485	-87.942513	1.2336426
-39.943466	-90.720894	1.2434082
-39.942982	-91.47551	1.2531738
-39.943085	-90.150703	1.2629395
-39.941826	-88.993599	1.2727051
-39.942047	-85.798363	1.2824707
-39.940651	-87.639824	1.2922363
-39.940514	-85.850494	1.302002
-39.938801	-86.417618	1.3117676
-39.93729	-88.466644	1.3215332
-39.937908	-88.646126	1.3312988
-39.935898	-85.426094	1.3410645
-39.935669	-81.195206	1.3508301
-39.934227	-83.635353	1.3605957
-39.933098	-82.84465	1.3703613
-39.932407	-87.261902	1.380127
-39.932182	-83.278603	1.3898926
-39.930637	-81.786232	1.3996582
-39.930038	-82.462784	1.4094238
-39.92976	-79.228737	1.4191895
-39.928818	-77.99617	1.4289551
-39.927326	-80.807381	1.4387207
-39.926895	-83.012085	1.4484863
-39.926197	-83.564209	1.458252
-39.925156	-75.525551	1.4680176
-39.924774	-74.963959	1.4777832
-39.925186	-73.321808	1.4875488
-39.924126	-76.480904	1.4973145
-39.922783	-79.904289	1.5070801
-39.92173	-75.810883	1.5168457
-39.92046	-77.859764	1.5266113
-39.920055	-72.555359	1.536377
-39.91848	-69.565269	1.5461426
-39.918026	-70.492241	1.5559082
-39.91769	-75.198372	1.5656738
-39.916855	-77.62355	1.5754395
-39.916679	-72.775772	1.5852051
-39.915386	-67.552338	1.5949707
-39.913887	-68.843216	1.6047363
-39.91457	-70.419296	1.614502
-39.912502	-72.759964	1.6242676
-39.911774	-72.415665	1.6340332
-39.911156	-72.173752	1.6437988
-39.910664	-68.258385	1.6535645
-39.909462	-64.390984	1.6633301
-39.908669	-63.48653	1.6730957
-39.906868	-66.4217	1.6828613
-39.90699	-70.43515	1.692627
-39.906174	-68.412666	1.7023926
-39.904709	-63.912846	1.7121582
-39.904682	-61.388454	1.7219238
-39.903378	-61.890949	1.7316895
-39.903767	-64.581429	1.7414551
-39.902557	-64.525665	1.7512207
-39.902496	-65.87384	1.7609863
-39.899414	-62.823952	1.770752
-39.899818	-61.310249	1.7805176
-39.899109	-58.114437	1.7902832
-39.898529	-57.769482	1.8000488
-39.897648	-63.353016	1.8098145
-39.897121	-63.797825	1.8195801
-39.896141	-61.70187	1.8293457
-39.894386	-58.58094	1.8391113
-39.894112	-54.557259	1.848877
-39.894032	-58.165512	1.8586426
-39.892944	-56.131962	1.8684082
-39.891312	-58.130314	1.8781738
-39.890644	-58.706108	1.8879395
-39.889645	-57.262474	1.8977051
-39.888424	-54.028843	1.9074707
-39.88966	-49.712959	1.9172363
-39.887474	-52.931591	1.927002
-39.886993	-55.215122	1.9367676
-39.88586	-54.547981	1.9465332
-39.88398	-53.817825	1.9562988
-39.884201	-51.203564	1.9660645
-39.884701	-52.290688	1.9758301
-39.883175	-49.941711	1.9855957
-39.881588	-49.017208	1.9953613
-39.881428	-52.682415	2.005127
-39.880268	-55.06868	2.0148926
-39.87862	-52.418503	2.0246582
-39.87809	-45.371773	2.0344238
-39.876675	-44.219337	2.0441895
-39.876163	-45.710796	2.0539551
-39.875614	-49.738407	2.0637207
-39.875011	-49.005951	2.0734863
-39.873592	-47.357197	2.083252
-39.873478	-46.56926	2.0930176
-39.873795	-40.7271	2.1027832
-39.873299	-42.73764	2.1125488
-39.871731	-42.646626	2.1223145
-39.870392	-47.052486	2.1320801
-39.868931	-49.98349	2.1418457
-39.86858	-42.032921	2.1516113
-39.867561	-39.008537	2.161377
-39.867054	-37.484959	2.1711426
-39.866104	-40.662289	2.1809082
-39.864452	-44.282131	2.1906738
-39.864777	-42.478607	2.2004395
-39.863194	-43.70686	2.2102051
-39.863361	-36.825253	2.2199707
-39.861721	-35.269573	2.2297363
-39.862041	-36.277859	2.239502
-39.860996	-39.107056	2.2492676
-39.859779	-43.201027	2.2590332
-39.858524	-40.515503	2.2687988
-39.857895	-32.789982	2.2785645
-39.858627	-32.651386	2.2883301
-39.858315	-32.630219	2.2980957
-39.856525	-37.510685	2.3078613
-39.85466	-34.876842	2.317627
-39.85511	-36.409744	2.3273926
-39.852104	-34.090179	2.3371582
-39.851761	-32.767582	2.3469238
-39.851677	-29.280014	2.3566895
-39.850163	-30.215826	2.3664551
-39.850365	-35.859653	2.3762207
-39.848957	-33.65107	2.3859863
-39.848392	-31.660065	2.395752
-39.847443	-28.294479	2.4055176
-39.846542	-27.526604	2.4152832
-39.846169	-29.614229	2.4250488
-39.844589	-28.295887	2.4348145
-39.844551	-30.480381	2.4445801
-39.842976	-29.142952	2.4543457
-39.842617	-28.691053	2.4641113
-39.840893	-25.330957	2.473877
-39.840782	-22.322042	2.4836426
-39.840614	-28.387402	2.4934082
-39.840458	-26.483311	2.5031738
-39.838249	-29.263433	2.5129395
-39.837524	-23.792908	2.5227051
-39.836643	-19.488747	2.5324707
-39.836483	-24.17956	2.5422363
-39.833988	-22.792501	2.552002
-39.83403	-21.188488	2.5617676
-39.834515	-24.784998	2.5715332
-39.832878	-24.290077	2.5812988
-39.832832	-21.728855	2.5910645
-39.831882	-15.739949	2.6008301
-39.829628	-17.225418	2.6105957
-39.829166	-20.573498	2.6203613
-39.828907	-21.122847	2.630127
-39.827938	-21.129713	2.6398926
-39.827427	-17.705292	2.6496582
-39.826958	-17.276756	2.6594238
-39.824909	-14.700332	2.6691895
-39.824753	-13.405956	2.6789551
-39.823795	-16.98774	2.6887207
-39.822041	-20.278578	2.6984863
-39.822781	-17.573895	2.708252
-39.82254	-14.305685	2.7180176
-39.820862	-8.3835087	2.7277832
-39.819504	-10.466142	2.7375488
-39.818642	-15.441912	2.7473145
-39.817944	-15.2146	2.7570801
-39.81707	-14.111101	2.7668457
-39.815945	-14.247314	2.7766113
-39.815414	-7.6388736	2.786377
-39.814117	-7.8347216	2.7961426
-39.813976	-8.3568611	2.8059082
-39.813736	-11.492223	2.8156738
-39.812462	-16.416136	2.8254395
-39.812546	-9.8884583	2.8352051
-39.810966	-4.4997206	2.8449707
-39.809402	-3.7089875	2.8547363
-39.809807	-5.1676531	2.864502
-39.808224	-10.106117	2.8742676
-39.807232	-7.2914648	2.8840332
-39.806435	-8.5552454	2.8937988
-39.80666	-3.8884404	2.9035645
-39.805618	-2.3835628	2.9133301
-39.806152	-2.6038628	2.9230957
-39.803879	-3.2822759	2.9328613
-39.803745	-8.3152056	2.942627
-39.802532	-7.9016371	2.9523926
-39.801758	-2.8855371	2.9621582
-39.799286	1.6754833	2.9719238
-39.799618	2.6645908	2.9816895
-39.799866	-1.9832405	2.9914551
-39.79776	-1.4032066	3.0012207
-39.797527	-1.6716762	3.0109863
-39.796333	-1.6418692	3.020752
-39.795395	1.5139893	3.0305176
-39.79541	6.009006	3.0402832
-39.793121	4.5137186	3.0500488
-39.793674	-0.77417463	3.0598145
-39.791794	0.099661604	3.0695801
-39.79105	1.5691601	3.0793457
-39.791065	4.6096544	3.0891113
-39.788696	8.8071289	3.098877
-39.789036	6.3981943	3.1086426
-39.787998	5.3375006	3.1184082
-39.786564	4.8674455	3.1281738
-39.78722	4.8030367	3.1379395
-39.785984	5.3804088	3.1477051
-39.785088	7.9314699	3.1574707
-39.784393	13.1522	3.1672363
-39.782745	8.3183079	3.177002
-39.782867	8.3145895	3.1867676
-39.781773	6.38587	3.1965332
-39.781048	9.4875307	3.2062988
-39.780136	12.158835	3.2160645
-39.779873	9.7495174	3.2258301
-39.777924	14.806019	3.2355957
-39.778488	12.691746	3.2453613
-39.777241	10.390077	3.255127
-39.775898	9.4839582	3.2648926
-39.774971	9.2724619	3.2746582
-39.774265	16.98818	3.2844238
-39.7729	18.995152	3.2941895
-39.773071	15.68158	3.3039551
-39.771313	14.64409	3.3137207
-39.770954	13.397284	3.3234863
-39.771069	17.997698	3.333252
-39.770477	15.697788	3.3430176
-39.769527	22.177752	3.3527832
-39.768017	21.066662	3.3625488
-39.767246	18.042263	3.3723145
-39.765984	16.940952	3.3820801
-39.765068	15.458758	3.3918457
-39.764904	18.547426	3.4016113
-39.764069	25.355759	3.411377
-39.762188	26.832125	3.4211426
-39.762024	21.214018	3.4309082
-39.761452	17.866667	3.4406738
-39.760353	19.73695	3.4504395
-39.759766	20.472937	3.4602051
-39.75853	26.764627	3.4699707
-39.757954	25.678514	3.4797363
-39.756535	28.497997	3.489502
-39.755596	25.580025	3.4992676
-39.75481	20.987629	3.5090332
-39.754524	23.280899	3.5187988
-39.753143	27.619904	3.5285645
-39.753613	32.492416	3.5383301
-39.752018	30.919878	3.5480957
-39.751484	23.982832	3.5578613
-39.74968	26.835381	3.567627
-39.750118	26.093878	3.5773926
-39.74749	30.121471	3.5871582
-39.748764	32.384647	3.5969238
-39.748173	34.042942	3.6066895
-39.746143	35.311382	3.6164551
-39.746998	27.174074	3.6262207
-39.745102	28.479805	3.6359863
-39.745255	32.642857	3.645752
-39.742985	35.446461	3.6555176
-39.743568	37.62817	3.6652832
-39.741879	33.669621	3.6750488
-39.740799	33.429733	3.6848145
-39.740639	33.891472	3.6945801
-39.73938	33.797501	3.7043457
-39.737953	35.25613	3.7141113
-39.737366	37.582813	3.723877
-39.737339	40.076504	3.7336426
-39.736271	36.472969	3.7434082
-39.735966	35.074486	3.7531738
-39.734573	34.880898	3.7629395
-39.734062	38.896526	3.7727051
-39.732616	41.763584	3.7824707
-39.732708	40.966911	3.7922363
-39.731331	41.725491	3.802002
-39.729996	40.594887	3.8117676
-39.729218	40.003651	3.8215332
-39.727818	39.408581	3.8312988
-39.728176	41.014111	3.8410645
-39.72736	46.449371	3.8508301
-39.726025	44.914631	3.8605957
-39.725273	45.279057	3.8703613
-39.725449	40.286587	3.880127
-39.724628	42.815731	3.8898926
-39.722408	46.931187	3.8996582
-39.723053	46.214233	3.9094238
-39.721355	51.847027	3.9191895
-39.720585	49.481617	3.9289551
-39.720539	47.597584	3.9387207
-39.71851	47.263893	3.9484863
-39.717327	43.047855	3.958252
-39.718643	50.617229	3.9680176
-39.715347	53.636555	3.9777832
-39.716099	51.702187	3.9875488
-39.714943	52.079262	3.9973145
-39.713509	45.649609	4.0070801
-39.712532	50.104736	4.0168457
-39.712009	51.853634	4.0266113
-39.712147	54.331467	4.036377
-39.711662	55.93988	4.0461426
-39.709538	54.92384	4.0559082
-39.709423	52.367485	4.0656738
-39.70895	49.183933	4.0754395
-39.708279	53.028927	4.0852051
-39.706165	59.105869	4.0949707
-39.705933	60.79528	4.1047363
-39.704517	57.298401	4.114502
-39.704674	53.657921	4.1242676
-39.70359	54.003735	4.1340332
-39.702614	55.539093	4.1437988
-39.701393	58.614487	4.1535645
-39.700428	60.963459	4.1633301
-39.700645	62.995792	4.1730957
-39.698544	59.56002	4.1828613
-39.699387	56.159492	4.192627
-39.697857	58.034622	4.2023926
-39.697598	60.251167	4.2121582
-39.695877	65.422783	4.2219238
-39.695457	66.099907	4.2316895
-39.69566	59.579433	4.2414551
-39.693684	62.873886	4.2512207
-39.693813	61.225243	4.2609863
-39.692173	63.07143	4.270752
-39.691986	66.151909	4.2805176
-39.691219	67.224686	4.2902832
-39.690662	68.427032	4.3000488
-39.687206	62.361568	4.3098145
-39.688187	64.344734	4.3195801
-39.686699	65.31636	4.3293457
-39.686504	68.110107	4.3391113
-39.684742	72.091705	4.348877
-39.684959	68.570908	4.3586426
-39.684647	69.20932	4.3684082
-39.683281	70.396416	4.3781738
-39.682926	68.458313	4.3879395
-39.682053	69.808746	4.3977051
-39.682209	69.893341	4.4074707
-39.679489	75.088814	4.4172363
-39.678501	74.246628	4.427002
-39.678383	70.893303	4.4367676
-39.677021	69.053726	4.4465332
-39.678082	71.800903	4.4562988
-39.675674	75.185883	4.4660645
-39.675549	75.274261	4.4758301
-39.675137	77.126083	4.4855957
-39.673019	77.04969	4.4953613
-39.672588	76.067802	4.505127
-39.671078	72.356499	4.5148926
-39.671509	73.665565	4.5246582
-39.670181	78.805344	4.5344238
-39.668079	82.339195	4.5441895
-39.66893	80.969261	4.5539551
-39.668274	76.285782	4.5637207
-39.667027	76.795639	4.5734863
-39.666183	79.074211	4.583252
-39.664799	79.37204	4.5930176
-39.664425	85.67572	4.6027832
-39.664078	85.559525	4.6125488
-39.663372	83.343079	4.6223145
-39.661659	80.883415	4.6320801
-39.660854	78.259552	4.6418457
-39.660465	83.886269	4.6516113
-39.658772	88.229736	4.661377
-39.659069	88.793533	4.6711426
-39.6576	86.474167	4.6809082
-39.657604	81.721146	4.6906738
-39.656536	83.173843	4.7004395
-39.6549	85.234108	4.7102051
-39.653351	87.225471	4.7199707
-39.653996	91.327492	4.7297363
-39.652885	89.194717	4.739502
-39.652435	87.687012	4.7492676
-39.651531	82.709579	4.7590332
-39.649944	86.863197	4.7687988
-39.649612	93.552834	4.7785645
-39.649296	94.361847	4.7883301
-39.64806	92.384476	4.7980957
-39.649303	89.546852	4.8078613
-39.646282	89.702576	4.817627
-39.645855	91.175079	4.8273926
-39.644108	92.497406	4.8371582
-39.64423	94.02861	4.8469238
-39.642967	96.764954	4.8566895
-39.642048	97.73407	4.8664551
-39.640686	90.089737	4.8762207
-39.641239	92.808525	4.8859863
-39.641098	93.907898	4.895752
-39.639847	100.79581	4.9055176
-39.639511	99.670441	4.9152832
-39.637592	96.734741	4.9250488
-39.635643	96.561966	4.9348145
-39.6357	95.181389	4.9445801
-39.635258	98.703384	4.9543457
-39.633881	98.86377	4.9641113
-39.633846	101.4948	4.973877
-39.632511	104.89751	4.9836426
-39.632607	99.566704	4.9934082
-39.631413	100.22727	5.0031738
-39.62949	99.6782	5.0129395
-39.62981	100.70703	5.0227051
-39.629189	107.08846	5.0324707
-39.629288	103.88396	5.0422363
-39.627445	104.79699	5.052002
-39.627754	104.30836	5.0617676
-39.624714	102.31977	5.0715332
-39.625057	101.65783	5.0812988
-39.622654	103.18882	5.0910645
-39.623688	108.718	5.1008301
-39.621258	110.40643	5.1105957
-39.621433	105.25982	5.1203613
-39.620686	103.61614	5.130127
-39.620262	105.17442	5.1398926
-39.619942	108.60084	5.1496582
-39.618031	109.12559	5.1594238
-39.618023	112.79307	5.1691895
-39.615791	111.55426	5.1789551
-39.616447	110.04495	5.1887207
-39.613873	107.34433	5.1984863
-39.613224	106.75845	5.208252
-39.614288	111.62913	5.2180176
-39.612511	116.42909	5.2277832
-39.612354	115.3957	5.2375488
-39.611046	110.45995	5.2473145
-39.610512	108.64272	5.2570801
-39.609921	114.23655	5.2668457
-39.60828	112.45509	5.2766113
-39.606808	119.01308	5.286377
-39.606735	117.57053	5.2961426
-39.605385	117.26041	5.3059082
-39.605274	115.48	5.3156738
-39.603863	109.64453	5.3254395
-39.603432	117.5333	5.3352051
-39.602825	121.63541	5.3449707
-39.602207	122.89162	5.3547363
-39.601101	122.90768	5.364502
-39.601624	114.86485	5.3742676
-39.598465	117.76126	5.3840332
-39.599728	118.32641	5.3937988
-39.598808	121.46956	5.4035645
-39.596912	123.95935	5.4133301
-39.595943	125.11787	5.4230957
-39.595741	122.79957	5.4328613
-39.594254	118.09004	5.442627
-39.594208	121.08059	5.4523926
-39.592991	124.33904	5.4621582
-39.593063	127.78071	5.4719238
-39.591034	128.34119	5.4816895
-39.590351	123.52802	5.4914551
-39.588963	122.16045	5.5012207
-39.58979	125.86472	5.5109863
-39.587643	124.70161	5.520752
-39.58651	128.90448	5.5305176
-39.586426	128.98555	5.5402832
-39.585487	129.56122	5.5500488
-39.584629	126.54184	5.5598145
-39.584351	127.29463	5.5695801
-39.583668	127.38248	5.5793457
-39.581409	131.05736	5.5891113
-39.580879	132.51956	5.598877
-39.581264	129.98485	5.6086426
-39.579369	132.08704	5.6184082
-39.578861	130.67097	5.6281738
-39.578743	131.34145	5.6379395
-39.577389	132.03195	5.6477051
-39.576305	131.84727	5.6574707
-39.575283	138.24252	5.6672363
-39.574814	134.5132	5.677002
-39.574032	133.65155	5.6867676
-39.573418	132.3114	5.6965332
-39.572964	132.96588	5.7062988
-39.572079	138.60237	5.7160645
-39.570011	137.66711	5.7258301
-39.570419	138.49835	5.7355957
-39.568298	138.37349	5.7453613
-39.568779	136.37204	5.755127
-39.566776	136.84387	5.7648926
-39.566944	135.97021	5.7746582
-39.565903	141.44928	5.7844238
-39.565548	145.00702	5.7941895
-39.564415	142.9783	5.8039551
-39.56308	138.9184	5.8137207
-39.562344	137.27577	5.8234863
-39.562149	140.32556	5.833252
-39.561192	141.88936	5.8430176
-39.560108	145.4843	5.8527832
-39.559132	144.92421	5.8625488
-39.559486	144.84981	5.8723145
-39.557331	141.30725	5.8820801
-39.556183	139.43457	5.8918457
-39.556942	143.63956	5.9016113
-39.555317	149.12631	5.911377
-39.554043	150.52895	5.9211426
-39.55352	145.88933	5.9309082
-39.554043	142.3504	5.9406738
-39.552601	145.52097	5.9504395
-39.552765	146.72414	5.9602051
-39.551052	151.12029	5.9699707
-39.549656	150.67105	5.9797363
-39.548801	151.17863	5.989502
-39.547356	150.04607	5.9992676
-39.547699	143.74368	6.0090332
-39.545704	148.1116	6.0187988
-39.545795	152.48271	6.0285645
-39.544594	156.38451	6.0383301
-39.543716	156.83524	6.0480957
-39.544067	148.79155	6.0578613
-39.542511	152.01973	6.067627
-39.540882	152.93861	6.0773926
-39.540356	152.97356	6.0871582
-39.539749	155.86111	6.0969238
-39.539135	155.75165	6.1066895
-39.539089	158.39519	6.1164551
-39.537106	153.3315	6.1262207
-39.537346	153.48024	6.1359863
-39.535976	156.49541	6.145752
-39.535515	160.34793	6.1555176
-39.534035	161.77484	6.1652832
-39.534687	157.31247	6.1750488
-39.53289	158.02187	6.1848145
-39.531601	159.5146	6.1945801
-39.531746	158.77809	6.2043457
-39.529591	158.19823	6.2141113
-39.529858	161.07884	6.223877
-39.528843	163.99432	6.2336426
-39.527443	163.43755	6.2434082
-39.527596	160.31981	6.2531738
-39.526672	158.29335	6.2629395
-39.524853	163.4584	6.2727051
-39.524231	167.02559	6.2824707
-39.524349	164.49373	6.2922363
-39.522293	167.18332	6.302002
-39.522034	164.42953	6.3117676
-39.521103	164.79544	6.3215332
-39.520538	162.94023	6.3312988
-39.520035	164.45728	6.3410645
-39.518478	170.32541	6.3508301
-39.517262	169.96416	6.3605957
-39.517166	169.34244	6.3703613
-39.517117	165.33362	6.380127
-39.514793	163.52646	6.3898926
-39.514931	170.9162	6.3996582
-39.514294	168.43652	6.4094238
-39.513218	174.22765	6.4191895
-39.511963	173.75256	6.4289551
-39.511566	170.28911	6.4387207
-39.511055	170.52046	6.4484863
-39.508892	167.42737	6.458252
-39.508602	172.60367	6.4680176
-39.508591	178.397	6.4777832
-39.50716	173.99541	6.4875488
-39.506378	172.85051	6.4973145
-39.506397	169.15646	6.5070801
-39.505684	171.17285	6.5168457
-39.504883	174.62965	6.5266113
-39.503658	178.22734	6.536377
-39.502487	178.67618	6.5461426
-39.501957	176.43918	6.5559082
-39.501434	174.2299	6.5656738
-39.500458	172.19882	6.5754395
-39.49876	178.04317	6.5852051
-39.498482	182.51009	6.5949707
-39.497711	183.79332	6.6047363
-39.496777	179.24065	6.614502
-39.495007	176.75072	6.6242676
-39.495441	177.50882	6.6340332
-39.495052	179.16974	6.6437988
-39.493351	182.96291	6.6535645
-39.492821	183.41812	6.6633301
-39.491669	184.94504	6.6730957
-39.491577	183.67955	6.6828613
-39.490299	178.17348	6.692627
-39.490204	181.3111	6.7023926
-39.488491	183.42969	6.7121582
-39.488602	188.61275	6.7219238
-39.486912	189.30438	6.7316895
-39.487743	183.07906	6.7414551
-39.48571	184.78667	6.7512207
-39.485016	182.96976	6.7609863
-39.484318	186.40659	6.770752
-39.483131	188.34502	6.7805176
-39.48262	190.07745	6.7902832
-39.481529	191.72421	6.8000488
-39.481262	186.95096	6.8098145
-39.479202	187.23106	6.8195801
-39.478905	188.90012	6.8293457
-39.478451	189.88329	6.8391113
-39.477207	194.08047	6.848877
-39.47633	191.75128	6.8586426
-39.475426	192.06807	6.8684082
-39.474197	191.73988	6.8781738
-39.474865	192.27039	6.8879395
-39.473568	192.04254	6.8977051
-39.473392	193.99899	6.9074707
-39.472038	197.98544	6.9172363
-39.471451	198.44328	6.927002
-39.470181	194.98476	6.9367676
-39.469032	191.11121	6.9465332
-39.468929	195.12791	6.9562988
-39.468102	197.6024	6.9660645
-39.467121	198.27411	6.9758301
-39.466381	200.12541	6.9855957
-39.465588	198.31743	6.9953613
-39.46463	196.28815	7.005127
-39.464619	196.12724	7.0148926
-39.462151	195.82936	7.0246582
-39.462299	202.54295	7.0344238
-39.46117	203.94916	7.0441895
-39.460281	203.10818	7.0539551
-39.459057	199.28999	7.0637207
-39.458443	195.8452	7.0734863
-39.457806	202.77773	7.083252
-39.457119	202.73524	7.0930176
-39.457134	207.75845	7.1027832
-39.456345	205.41998	7.1125488
-39.454136	204.05438	7.1223145
-39.45322	202.84325	7.1320801
-39.453636	200.18738	7.1418457
-39.45298	205.25493	7.1516113
-39.450909	211.67924	7.161377
-39.450054	209.69284	7.1711426
-39.450504	207.23709	7.1809082
-39.449436	203.24802	7.1906738
-39.447983	206.11125	7.2004395
-39.446674	209.78163	7.2102051
-39.447529	212.61234	7.2199707
-39.446682	212.73195	7.2297363
-39.445129	211.3587	7.239502
-39.444054	209.70799	7.2492676
-39.443066	205.01118	7.2590332
-39.442554	208.96571	7.2687988
-39.441067	213.80153	7.2785645
-39.440788	218.41071	7.2883301
-39.440277	214.52995	7.2980957
-39.438652	210.90543	7.3078613
-39.439465	210.9184	7.317627
-39.437695	210.6993	7.3273926
-39.437447	216.53757	7.3371582
-39.436016	216.15736	7.3469238
-39.433975	217.49234	7.3566895
-39.433746	216.40807	7.3664551
-39.433025	213.00375	7.3762207
-39.432526	213.36615	7.3859863
-39.431538	215.34824	7.395752
-39.430069	220.86943	7.4055176
-39.430756	221.87091	7.4152832
-39.429485	217.54668	7.4250488
-39.427841	219.34593	7.4348145
-39.428905	217.03136	7.4445801
-39.426598	217.78108	7.4543457
-39.425705	221.62837	7.4641113
-39.425079	220.23517	7.473877
-39.424393	225.35579	7.4836426
-39.424442	222.5708	7.4934082
-39.422405	220.09209	7.5031738
-39.42168	218.09492	7.5129395
-39.421463	221.01591	7.5227051
-39.420258	226.19624	7.5324707
-39.419739	225.23331	7.5422363
-39.419632	226.69154	7.552002
-39.418739	224.69987	7.5617676
-39.417419	223.22328	7.5715332
-39.415943	224.43413	7.5812988
-39.415958	224.11055	7.5910645
-39.415459	229.145	7.6008301
-39.414017	232.35976	7.6105957
-39.4137	229.06326	7.6203613
-39.412579	224.50764	7.630127
-39.412128	223.9156	7.6398926
-39.409451	229.97527	7.6496582
-39.409306	230.81624	7.6594238
-39.409832	235.19049	7.6691895
-39.40797	233.123	7.6789551
-39.407745	230.43854	7.6887207
-39.406567	227.37473	7.6984863
-39.405655	227.18082	7.708252
-39.404697	232.90555	7.7180176
-39.403934	236.797	7.7277832
-39.402916	237.66632	7.7375488
-39.402863	231.28468	7.7473145
-39.400829	228.16896	7.7570801
-39.401402	232.45471	7.7668457
-39.399696	233.27832	7.7766113
-39.398788	239.52623	7.786377
-39.399475	237.12439	7.7961426
-39.398186	235.8298	7.8059082
-39.397121	236.41257	7.8156738
-39.397278	230.5947	7.8254395
-39.393978	236.83829	7.8352051
-39.393814	241.00255	7.8449707
-39.39304	242.7491	7.8547363
-39.392178	241.45726	7.864502
-39.392799	234.46268	7.8742676
-39.391205	234.86385	7.8840332
-39.390121	240.26643	7.8937988
-39.389305	241.90338	7.9035645
-39.389019	243.98462	7.9133301
-39.388	243.66693	7.9230957
-39.386505	242.03558	7.9328613
-39.385429	237.69081	7.942627
-39.385857	240.40547	7.9523926
-39.384193	243.6125	7.9621582
-39.38483	247.56664	7.9719238
-39.383232	249.77226	7.9816895
-39.383232	243.21826	7.9914551
-39.381233	241.1729	8.0012207
-39.381241	245.59241	8.0109863
-39.380302	245.86409	8.020752
-39.378918	246.30832	8.0305176
-39.3783	249.5766	8.0402832
-39.377365	249.97369	8.0500488
-39.37672	246.38504	8.0598145
-39.375996	247.25293	8.0695801
-39.37492	246.51677	8.0793457
-39.373646	250.24905	8.0891113
-39.373386	252.96056	8.098877
-39.372799	249.29013	8.1086426
-39.3717	252.90239	8.1184082
-39.370548	248.54854	8.1281738
-39.370041	248.51732	8.1379395
-39.368656	251.25414	8.1477051
-39.369358	251.63168	8.1574707
-39.367523	255.82036	8.1672363
-39.366699	256.4097	8.177002
-39.364651	253.31291	8.1867676
-39.364357	252.81628	8.1965332
-39.364319	250.4369	8.2062988
-39.362713	258.28754	8.2160645
-39.362823	255.78558	8.2258301
-39.36264	259.17764	8.2355957
-39.360699	257.92883	8.2453613
-39.360668	253.315	8.255127
-39.359459	253.7612	8.2648926
-39.359055	254.23015	8.2746582
-39.358734	259.42911	8.2844238
-39.35709	263.92218	8.2941895
-39.357506	262.04129	8.3039551
-39.355103	256.54697	8.3137207
-39.354774	255.97701	8.3234863
-39.353546	259.14563	8.333252
-39.354031	263.67578	8.3430176
-39.35257	265.40903	8.3527832
-39.35149	264.73367	8.3625488
-39.349789	262.68689	8.3723145
-39.349403	260.93042	8.3820801
-39.348476	259.04422	8.3918457
-39.347626	262.86417	8.4016113
-39.347355	268.8757	8.411377
-39.345695	268.80646	8.4211426
-39.345844	263.96793	8.4309082
-39.345531	261.31409	8.4406738
-39.344208	262.00974	8.4504395
-39.342915	265.50995	8.4602051
-39.342018	270.23364	8.4699707
-39.34193	269.53659	8.4797363
-39.340435	267.89114	8.489502
-39.339924	268.27451	8.4992676
-39.338627	262.61688	8.5090332
-39.337914	268.98538	8.5187988
-39.336262	270.75375	8.5285645
-39.33688	273.11533	8.5383301
-39.33572	273.94739	8.5480957
-39.334888	266.01584	8.5578613
-39.33419	267.73468	8.567627
-39.334366	268.87582	8.5773926
-39.333118	271.67816	8.5871582
-39.331673	274.7673	8.5969238
-39.331501	274.26212	8.6066895
-39.331287	276.13614	8.6164551
-39.330261	269.85312	8.6262207
-39.329323	271.36465	8.6359863
-39.328632	272.25638	8.645752
-39.326912	277.56442	8.6555176
-39.327164	279.05008	8.6652832
-39.324024	276.54883	8.6750488
-39.324501	273.77475	8.6848145
-39.323612	274.90356	8.6945801
-39.323727	274.46362	8.7043457
-39.322365	276.50308	8.7141113
-39.321831	277.67163	8.723877
-39.320225	281.15817	8.7336426
-39.319103	280.23486	8.7434082
-39.319183	277.06519	8.7531738
-39.317314	274.19324	8.7629395
-39.315712	278.42807	8.7727051
-39.316872	283.03183	8.7824707
-39.316105	281.20331	8.7922363
-39.313339	285.07813	8.802002
-39.313644	279.71732	8.8117676
-39.31234	280.14795	8.8215332
-39.312153	280.63004	8.8312988
-39.31192	280.13394	8.8410645
-39.310612	286.04797	8.8508301
-39.309608	288.6326	8.8605957
-39.307983	284.05582	8.8703613
-39.309975	280.83789	8.880127
-39.306988	279.90701	8.8898926
-39.306717	286.31735	8.8996582
-39.305874	286.6954	8.9094238
-39.304554	289.40411	8.9191895
-39.303768	287.84073	8.9289551
-39.302555	286.55197	8.9387207
-39.302681	284.98331	8.9484863
-39.300797	282.83008	8.958252
-39.301056	288.38757	8.9680176
-39.298779	295.06418	8.9777832
-39.300018	293.04636	8.9875488
-39.299107	288.51535	8.9973145
-39.297989	284.61746	9.0070801
-39.296558	287.03458	9.0168457
-39.29538	292.01083	9.0266113
-39.29623	294.38058	9.036377
-39.293831	294.76837	9.0461426
-39.294312	292.20444	9.0559082
-39.291519	290.37442	9.0656738
-39.292217	288.72171	9.0754395
-39.291836	292.36505	9.0852051
-39.290012	295.90634	9.0949707
-39.289402	299.13864	9.1047363
-39.289078	296.87805	9.114502
-39.287151	292.06763	9.1242676
-39.286934	291.51413	9.1340332
-39.287025	294.15884	9.1437988
-39.285908	299.41745	9.1535645
-39.284	300.20758	9.1633301
-39.284184	298.18729	9.1730957
-39.282688	299.51526	9.1828613
-39.280575	293.03934	9.192627
-39.281948	296.9819	9.2023926
-39.280144	298.90527	9.2121582
-39.279438	302.53491	9.2219238
-39.278709	303.72513	9.2316895
-39.278214	299.0795	9.2414551
-39.277336	298.21933	9.2512207
-39.276634	299.43274	9.2609863
-39.276028	300.20761	9.270752
-39.275444	303.7037	9.2805176
-39.274387	304.29343	9.2902832
-39.273289	306.22147	9.3000488
-39.272602	304.1109	9.3098145
-39.271404	299.36472	9.3195801
-39.27145	300.8158	9.3293457
-39.269287	304.17542	9.3391113
-39.268433	308.34668	9.348877
-39.268471	305.2507	9.3586426
-39.267353	306.00803	9.3684082
-39.266548	304.45862	9.3781738
-39.26635	304.52908	9.3879395
-39.265011	304.4834	9.3977051
-39.264198	308.03564	9.4074707
-39.263874	310.58725	9.4172363
-39.263336	311.26425	9.427002
-39.261257	308.85678	9.4367676
-39.261429	303.00967	9.4465332
-39.259876	305.49463	9.4562988
-39.260132	313.20276	9.4660645
-39.258484	310.79895	9.4758301
-39.256561	314.41681	9.4855957
-39.257832	310.67883	9.4953613
-39.256054	310.37222	9.505127
-39.256512	309.8201	9.5148926
-39.253487	309.33371	9.5246582
-39.253166	314.87115	9.5344238
-39.253433	316.30399	9.5441895
-39.251774	316.8233	9.5539551
-39.251869	310.60742	9.5637207
-39.249554	307.99753	9.5734863
-39.250572	315.2207	9.583252
-39.248104	315.40155	9.5930176
-39.248947	319.58731	9.6027832
-39.247467	317.49149	9.6125488
-39.246861	315.22153	9.6223145
-39.246342	315.67902	9.6320801
-39.244503	312.44339	9.6418457
-39.243805	319.00677	9.6516113
-39.243591	323.81	9.661377
-39.242661	322.14093	9.6711426
-39.24115	318.7453	9.6809082
-39.240101	314.21338	9.6906738
-39.240772	315.30063	9.7004395
-39.239395	320.30759	9.7102051
-39.237579	322.98984	9.7199707
-39.237808	322.19125	9.7297363
-39.235943	322.4877	9.739502
-39.235806	322.29022	9.7492676
-39.235172	317.13058	9.7590332
-39.233158	320.39343	9.7687988
-39.233486	324.05582	9.7785645
-39.23291	328.97968	9.7883301
-39.231239	326.13403	9.7980957
-39.23138	321.24487	9.8078613
-39.231312	320.55728	9.817627
-39.229179	322.62485	9.8273926
-39.228474	327.69275	9.8371582
-39.228039	327.8248	9.8469238
-39.225697	327.09616	9.8566895
-39.225906	330.22821	9.8664551
-39.225189	324.78101	9.8762207
-39.223751	325.69238	9.8859863
-39.223934	324.73434	9.895752
-39.223003	331.07294	9.9055176
-39.222462	334.43512	9.9152832
-39.219646	328.25928	9.9250488
-39.220055	329.38	9.9348145
-39.219353	327.93768	9.9445801
-39.218174	327.74463	9.9543457
-39.217712	331.05066	9.9641113
-39.217663	329.76605	9.973877
-39.216778	333.79175	9.9836426
-39.216442	333.51486	9.9934082
-39.214497	329.22726	10.003174
-39.212891	329.45493	10.012939
-39.213131	330.22775	10.022705
-39.212315	336.39804	10.032471
-39.212322	335.17459	10.042236
-39.210583	336.37158	10.052002
-39.209858	334.97821	10.061768
-39.208538	333.53891	10.071533
-39.208202	334.00339	10.081299
-39.207661	334.41418	10.091064
-39.206776	338.65659	10.10083
-39.205345	341.91348	10.110596
-39.205715	338.08679	10.120361
-39.204487	332.66592	10.130127
-39.204155	334.33862	10.139893
-39.201622	338.29001	10.149658
-39.201668	339.53506	10.159424
-39.200081	344.32166	10.169189
-39.198673	339.7392	10.178955
-39.199577	338.73892	10.188721
-39.198708	336.75592	10.198486
-39.19743	335.55112	10.208252
-39.196621	343.38751	10.218018
-39.197506	347.35272	10.227783
-39.194599	346.70825	10.237549
-39.194698	341.63879	10.247314
-39.193531	337.03296	10.25708
-39.192837	341.62625	10.266846
-39.192375	344.83691	10.276611
-39.191196	347.48178	10.286377
-39.18993	346.75488	10.296143
-39.189835	344.16269	10.305908
-39.18885	344.90823	10.315674
-39.188488	337.5177	10.325439
-39.187248	345.62619	10.335205
-39.186626	349.68314	10.344971
-39.185894	349.94046	10.354736
-39.184155	350.68356	10.364502
-39.1842	341.27661	10.374268
-39.18343	343.50125	10.384033
-39.182255	347.74655	10.393799
-39.181931	350.61075	10.403564
-39.18119	352.00388	10.41333
-39.179981	350.44992	10.423096
-39.179646	350.42166	10.432861
-39.177017	347.07541	10.442627
-39.17704	348.42929	10.452393
-39.176914	348.77966	10.462158
-39.175526	355.06799	10.471924
-39.175129	354.74426	10.481689
-39.174541	350.53873	10.491455
-39.172573	349.57312	10.501221
-39.17355	351.54715	10.510986
-39.170956	353.19913	10.520752
-39.170681	354.66895	10.530518
-39.170319	356.2034	10.540283
-39.16909	357.54178	10.550049
-39.168236	354.61215	10.559814
-39.167412	354.10739	10.56958
-39.167648	351.79834	10.579346
-39.166054	355.14719	10.589111
-39.164577	360.30396	10.598877
-39.164837	356.70715	10.608643
-39.163124	356.81586	10.618408
-39.162849	354.95776	10.628174
-39.16193	355.48987	10.637939
-39.160862	358.07132	10.647705
-39.16058	357.17899	10.657471
-39.158905	362.39249	10.667236
-39.157452	362.80466	10.677002
-39.158123	358.37372	10.686768
-39.158764	356.94107	10.696533
-39.15601	355.16974	10.706299
-39.154961	362.78653	10.716064
-39.154362	363.0014	10.72583
-39.152916	364.04886	10.735596
-39.153439	362.21793	10.745361
-39.152412	360.34042	10.755127
-39.152016	359.53149	10.764893
-39.150951	359.86353	10.774658
-39.150368	364.50916	10.784424
-39.148998	368.91541	10.794189
-39.147625	367.13107	10.803955
-39.146824	361.40668	10.813721
-39.146591	359.19446	10.823486
-39.145741	362.35388	10.833252
-39.144714	366.78107	10.843018
-39.14275	368.26688	10.852783
-39.142982	366.01804	10.862549
-39.142883	366.89447	10.872314
-39.141434	363.85651	10.88208
-39.140453	362.19232	10.891846
-39.139736	367.79688	10.901611
-39.138275	371.37833	10.911377
-39.137695	373.23892	10.921143
-39.137035	368.93167	10.930908
-39.136086	362.39648	10.940674
-39.136578	365.47229	10.950439
-39.134949	368.31473	10.960205
-39.1353	372.90891	10.969971
-39.134109	372.36188	10.979736
-39.132389	369.91049	10.989502
-39.131222	371.40726	10.999268
-39.130653	367.12772	11.009033
-39.130054	369.83151	11.018799
-39.129242	372.58478	11.028564
-39.127686	374.98892	11.03833
-39.127857	376.23422	11.048096
-39.125645	368.89758	11.057861
-39.126682	370.52066	11.067627
-39.125019	372.22229	11.077393
-39.124481	374.32019	11.087158
-39.124371	376.71359	11.096924
-39.123165	376.84326	11.106689
-39.121723	376.09653	11.116455
-39.120564	374.70389	11.126221
-39.119362	372.63583	11.135986
-39.119305	374.13174	11.145752
-39.118481	378.66592	11.155518
-39.118172	381.00082	11.165283
-39.117538	377.9183	11.175049
-39.11573	376.66177	11.184814
-39.114983	375.37021	11.19458
-39.114956	376.93494	11.204346
-39.112644	377.45828	11.214111
-39.112446	379.56625	11.223877
-39.112156	380.85269	11.233643
-39.111137	380.06326	11.243408
-39.109867	378.64417	11.253174
-39.109921	376.51764	11.262939
-39.108635	376.98724	11.272705
-39.108387	384.29892	11.282471
-39.106514	381.79468	11.292236
-39.107037	383.38385	11.302002
-39.106182	379.94162	11.311768
-39.105759	379.07556	11.321533
-39.105114	379.15109	11.331299
-39.10186	379.71854	11.341064
-39.102619	386.62833	11.35083
-39.10149	387.57132	11.360596
-39.100914	383.61731	11.370361
-39.099121	381.80829	11.380127
-39.099239	379.25839	11.389893
-39.098316	385.01688	11.399658
-39.097263	388.01035	11.409424
-39.096355	389.98685	11.419189
-39.095867	387.38058	11.428955
-39.093548	385.52258	11.438721
-39.094196	383.21841	11.448486
-39.092808	383.64337	11.458252
-39.091614	387.71451	11.468018
-39.0914	392.53287	11.477783
-39.091198	391.78427	11.487549
-39.090275	387.16159	11.497314
-39.089451	384.32568	11.50708
-39.088219	384.7652	11.516846
-39.088474	390.92072	11.526611
-39.087872	393.37109	11.536377
-39.086418	393.30206	11.546143
-39.085011	389.88101	11.555908
-39.083782	388.32526	11.565674
-39.083214	385.34445	11.575439
-39.083336	390.81601	11.585205
-39.081738	394.37289	11.594971
-39.0807	395.69702	11.604736
-39.080029	394.82361	11.614502
-39.079613	388.00092	11.624268
-39.079147	387.92944	11.634033
-39.077751	390.85373	11.643799
-39.077583	396.02475	11.653564
-39.075806	396.96674	11.66333
-39.076538	394.28909	11.673096
-39.074791	395.4968	11.682861
-39.074043	390.85825	11.692627
-39.073235	393.49286	11.702393
-39.072197	394.9491	11.712158
-39.071831	397.71228	11.721924
-39.07095	400.99976	11.731689
-39.068779	393.80017	11.741455
-39.069508	394.25116	11.751221
-39.066933	394.44321	11.760986
-39.067841	396.45285	11.770752
-39.065231	398.72287	11.780518
-39.063812	396.99356	11.790283
-39.064484	399.45328	11.800049
-39.064392	398.73358	11.809814
-39.06414	394.75705	11.81958
-39.062565	395.5105	11.829346
-39.062222	398.99942	11.839111
-39.059742	401.1304	11.848877
-39.059956	400.18686	11.858643
-39.05891	399.57416	11.868408
-39.059826	397.90793	11.878174
-39.057701	397.33994	11.887939
-39.05637	398.76984	11.897705
-39.054855	401.34491	11.907471
-39.055531	404.25714	11.917236
-39.054424	405.23965	11.927002
-39.054665	401.82382	11.936768
-39.052971	397.78149	11.946533
-39.05167	397.25833	11.956299
-39.050419	405.73624	11.966064
-39.050339	404.96057	11.97583
-39.050037	406.06186	11.985596
-39.048294	402.83084	11.995361
-39.047527	402.00528	12.005127
-39.047783	403.51468	12.014893
-39.046452	400.35971	12.024658
-39.045883	408.64258	12.034424
-39.045841	408.64063	12.044189
-39.04314	408.45905	12.053955
-39.042702	403.18777	12.063721
-39.041344	398.39136	12.073486
-39.0397	403.72858	12.083252
-39.039577	408.11984	12.093018
-39.038952	410.35684	12.102783
-39.038471	410.19144	12.112549
-39.037975	406.14859	12.122314
-39.03714	404.78571	12.13208
-39.036213	402.25433	12.141846
-39.034805	408.94742	12.151611
-39.034126	412.16058	12.161377
-39.034302	411.53558	12.171143
-39.032452	409.29169	12.180908
-39.031746	403.60922	12.190674
-39.031998	403.52496	12.200439
-39.031235	410.54724	12.210205
-39.029922	412.66254	12.219971
-39.029305	413.53183	12.229736
-39.028248	411.09351	12.239502
-39.027493	408.90051	12.249268
-39.026802	407.51016	12.259033
-39.025894	410.18619	12.268799
-39.025665	411.35635	12.278564
-39.024364	417.44672	12.28833
-39.021938	415.17566	12.298096
-39.023499	409.17822	12.307861
-39.02195	409.41415	12.317627
-39.020233	410.95993	12.327393
-39.020035	415.55267	12.337158
-39.019264	414.84796	12.346924
-39.019142	414.39108	12.356689
-39.018322	415.16208	12.366455
-39.017159	411.51837	12.376221
-39.015831	412.86508	12.385986
-39.015354	412.43481	12.395752
-39.013988	414.92233	12.405518
-39.014225	419.06107	12.415283
-39.012634	413.33182	12.425049
-39.012619	414.00281	12.434814
-39.01178	413.3457	12.44458
-39.010429	413.1817	12.454346
-39.008678	416.65225	12.464111
-39.009495	414.9921	12.473877
-39.007957	420.51099	12.483643
-39.007065	419.56415	12.493408
-39.006626	414.84201	12.503174
-39.005554	414.58105	12.512939
-39.004688	413.3956	12.522705
-39.003647	419.1781	12.532471
-39.003475	420.36038	12.542236
-39.001442	419.27386	12.552002
-39.001499	417.58267	12.561768
-39.000832	415.36343	12.571533
-38.999516	415.00525	12.581299
-38.998405	417.49347	12.591064
-38.99781	421.37308	12.60083
-38.996212	423.44522	12.610596
-38.996864	420.56851	12.620361
-38.995636	416.00995	12.630127
-38.995491	414.7316	12.639893
-38.993767	419.66647	12.649658
-38.993042	422.88998	12.659424
-38.993256	425.56415	12.669189
-38.99131	420.16412	12.678955
-38.990715	419.13672	12.688721
-38.99036	418.41418	12.698486
-38.989285	416.07108	12.708252
-38.989021	422.35995	12.718018
-38.986645	426.31311	12.727783
-38.986526	424.94754	12.737549
-38.985443	421.17642	12.747314
-38.986423	416.28534	12.75708
-38.984695	419.07806	12.766846
-38.983593	424.69046	12.776611
-38.982212	427.01318	12.786377
-38.981709	426.75543	12.796143
-38.981895	422.40637	12.805908
-38.980965	423.23575	12.815674
-38.979706	419.17712	12.825439
-38.9781	422.64075	12.835205
-38.978149	428.1839	12.844971
-38.976856	428.56494	12.854736
-38.976883	427.23923	12.864502
-38.976192	420.92102	12.874268
-38.97448	419.59518	12.884033
-38.973404	424.29834	12.893799
-38.973167	427.99292	12.903564
-38.971176	429.19714	12.91333
-38.971256	426.59372	12.923096
-38.971195	424.25992	12.932861
-38.970791	423.16422	12.942627
-38.96917	423.69992	12.952393
-38.9683	425.2883	12.962158
-38.967358	430.40988	12.971924
-38.966362	430.12738	12.981689
-38.964951	425.97977	12.991455
-38.965271	426.01016	13.001221
-38.963604	423.47549	13.010986
-38.96386	428.05951	13.020752
-38.962261	428.66275	13.030518
-38.96199	429.74768	13.040283
-38.961468	430.87097	13.050049
-38.960453	428.8172	13.059814
-38.959118	427.10037	13.06958
-38.95808	426.68066	13.079346
-38.958889	428.36731	13.089111
-38.956032	434.1366	13.098877
-38.955536	430.14661	13.108643
-38.953892	432.27505	13.118408
-38.952812	428.86328	13.128174
-38.954067	427.18219	13.137939
-38.952785	428.61343	13.147705
-38.951611	428.83417	13.157471
-38.951141	433.71564	13.167236
-38.950165	433.50061	13.177002
-38.949856	429.17294	13.186768
-38.948601	427.55338	13.196533
-38.948109	425.62125	13.206299
-38.946774	432.86185	13.216064
-38.945923	436.18207	13.22583
-38.945465	433.43555	13.235596
-38.944187	432.57352	13.245361
-38.943768	430.28217	13.255127
-38.942127	430.65131	13.264893
-38.9417	430.00653	13.274658
-38.941921	435.87787	13.284424
-38.940548	438.48303	13.294189
-38.938896	434.76605	13.303955
-38.938622	430.612	13.313721
-38.938416	426.95544	13.323486
-38.936462	431.0141	13.333252
-38.936199	436.06586	13.343018
-38.93541	438.25336	13.352783
-38.935055	433.92941	13.362549
-38.932957	433.15738	13.372314
-38.932568	430.54742	13.38208
-38.932583	429.40073	13.391846
-38.931362	434.23782	13.401611
-38.93066	437.58237	13.411377
-38.930347	438.93808	13.421143
-38.929844	435.96262	13.430908
-38.928589	426.93719	13.440674
-38.929066	430.30612	13.450439
-38.925369	435.71863	13.460205
-38.925442	438.20975	13.469971
-38.925083	437.8363	13.479736
-38.924084	435.72766	13.489502
-38.924564	434.53683	13.499268
-38.92215	431.14368	13.509033
-38.921421	433.31912	13.518799
-38.921223	437.10651	13.528564
-38.920124	439.73068	13.53833
-38.919262	440.0864	13.548096
-38.918552	433.28497	13.557861
-38.9174	431.72339	13.567627
-38.917187	434.48013	13.577393
-38.915241	436.48206	13.587158
-38.914574	439.58194	13.596924
-38.915764	437.56601	13.606689
-38.913158	437.91263	13.616455
-38.911907	436.82053	13.626221
-38.91177	434.65176	13.635986
-38.911182	435.23376	13.645752
-38.91016	438.42114	13.655518
-38.907776	441.15216	13.665283
-38.9086	437.73529	13.675049
-38.907413	437.85684	13.684814
-38.907688	434.82278	13.69458
-38.907215	435.89639	13.704346
-38.905704	438.39099	13.714111
-38.905724	438.5119	13.723877
-38.90321	441.90341	13.733643
-38.903839	439.75433	13.743408
-38.902294	438.36865	13.753174
-38.900665	434.26398	13.762939
-38.900181	434.68045	13.772705
-38.900154	441.50601	13.782471
-38.897697	440.08075	13.792236
-38.898006	442.18848	13.802002
-38.897598	437.56024	13.811768
-38.89727	434.03967	13.821533
-38.895035	437.37192	13.831299
-38.895134	436.56689	13.841064
-38.893581	441.25	13.85083
-38.89344	444.53864	13.860596
-38.892414	439.3775	13.870361
-38.892445	436.271	13.880127
-38.891209	433.60889	13.889893
-38.888554	439.9361	13.899658
-38.889557	445.74921	13.909424
-38.887836	445.67865	13.919189
-38.887344	441.14273	13.928955
-38.886597	438.94281	13.938721
-38.885647	437.7048	13.948486
-38.885761	437.52512	13.958252
-38.884056	441.44742	13.968018
-38.882984	446.52493	13.977783
-38.882107	444.03372	13.987549
-38.881424	439.87668	13.997314
-38.881443	435.73981	14.00708
-38.879776	437.68539	14.016846
-38.880314	444.06259	14.026611
-38.878906	445.18976	14.036377
-38.877892	442.74252	14.046143
-38.876301	440.03088	14.055908
-38.876125	440.1514	14.065674
-38.875507	437.15067	14.075439
-38.873802	442.39407	14.085205
-38.873219	442.08359	14.094971
-38.872276	446.56073	14.104736
-38.870857	445.97296	14.114502
-38.871902	437.2612	14.124268
-38.871353	438.79279	14.134033
-38.869484	439.7352	14.143799
-38.868546	445.82828	14.153564
-38.867115	445.54651	14.16333
-38.867184	440.73477	14.173096
-38.865646	443.11258	14.182861
-38.865223	440.40671	14.192627
-38.864098	439.86157	14.202393
-38.864006	441.64172	14.212158
-38.862686	444.59689	14.221924
-38.861839	447.95316	14.231689
-38.860607	441.81299	14.241455
-38.860966	439.44315	14.251221
-38.860153	440.75723	14.260986
-38.859005	443.1857	14.270752
-38.857391	444.61166	14.280518
-38.858494	443.99893	14.290283
-38.857098	445.87323	14.300049
-38.85537	445.83459	14.309814
-38.854107	441.45013	14.31958
-38.85408	440.21686	14.329346
-38.853683	443.32446	14.339111
-38.851719	447.52029	14.348877
-38.852333	445.15344	14.358643
-38.851013	445.75549	14.368408
-38.849598	442.23917	14.378174
-38.848827	442.75702	14.387939
-38.848942	443.92685	14.397705
-38.847908	443.20477	14.407471
-38.845734	445.94382	14.417236
-38.845898	446.1521	14.427002
-38.846401	443.48633	14.436768
-38.845013	438.83237	14.446533
-38.842693	437.92987	14.456299
-38.842777	445.60571	14.466064
-38.843773	446.59216	14.47583
-38.841503	447.92926	14.485596
-38.841591	441.63794	14.495361
-38.838955	440.99701	14.505127
-38.837967	442.66019	14.514893
-38.837616	440.89331	14.524658
-38.836327	448.83185	14.534424
-38.836117	449.49158	14.544189
-38.835167	446.59814	14.553955
-38.834702	443.65674	14.563721
-38.833229	438.64316	14.573486
-38.833939	441.86807	14.583252
-38.831833	447.9812	14.593018
-38.830471	448.61118	14.602783
-38.830879	446.49377	14.612549
-38.829288	443.10828	14.622314
-38.829353	441.6413	14.63208
-38.827309	440.7236	14.641846
-38.82724	444.25385	14.651611
-38.826923	448.6134	14.661377
-38.825657	447.86008	14.671143
-38.823612	446.41321	14.680908
-38.823997	439.24615	14.690674
-38.822678	439.52725	14.700439
-38.822948	444.98746	14.710205
-38.820702	447.75604	14.719971
-38.82029	447.68634	14.729736
-38.819195	444.68741	14.739502
-38.82024	444.24701	14.749268
-38.818089	441.89783	14.759033
-38.818062	444.47903	14.768799
-38.815987	446.57092	14.778564
-38.8153	448.66687	14.78833
-38.815945	448.41565	14.798096
-38.813885	442.34433	14.807861
-38.81292	444.38828	14.817627
-38.811424	442.19226	14.827393
-38.810894	446.65677	14.837158
-38.81094	448.00195	14.846924
-38.810558	445.52036	14.856689
-38.808681	448.04108	14.866455
-38.808273	444.36383	14.876221
-38.808102	443.55338	14.885986
-38.807507	443.52213	14.895752
-38.804283	445.18259	14.905518
-38.805237	449.53674	14.915283
-38.804127	446.88379	14.925049
-38.802971	444.13452	14.934814
-38.802624	442.20383	14.94458
-38.801903	442.24142	14.954346
-38.801517	445.20087	14.964111
-38.799667	445.02286	14.973877
-38.799049	446.34335	14.983643
-38.799187	447.9827	14.993408
-38.797703	444.78775	15.003174
-38.797157	440.78833	15.012939
-38.795773	443.20148	15.022705
-38.795185	446.70151	15.032471
-38.793514	449.2536	15.042236
-38.793015	446.92438	15.052002
-38.793842	441.41592	15.061768
-38.792465	442.75562	15.071533
-38.791412	442.35754	15.081299
-38.790604	442.6929	15.091064
-38.789734	447.85892	15.10083
-38.789852	448.95746	15.110596
-38.788326	446.49124	15.120361
-38.788048	442.00333	15.130127
-38.78661	439.6189	15.139893
-38.785679	442.66064	15.149658
-38.785027	450.06003	15.159424
-38.783546	449.64767	15.169189
-38.782856	445.69821	15.178955
-38.783096	443.46524	15.188721
-38.780602	443.6937	15.198486
-38.780949	440.88864	15.208252
-38.780167	449.04126	15.218018
-38.77953	448.78448	15.227783
-38.778675	447.12518	15.237549
-38.777664	446.23395	15.247314
-38.777027	439.47784	15.25708
-38.776009	442.19003	15.266846
-38.774883	447.92221	15.276611
-38.774357	449.98132	15.286377
-38.773418	450.07571	15.296143
-38.772251	443.40472	15.305908
-38.771961	444.59665	15.315674
-38.770348	443.33063	15.325439
-38.770329	443.80804	15.335205
-38.769436	447.23145	15.344971
-38.768559	449.74814	15.354736
-38.767136	447.54422	15.364502
-38.767094	442.17706	15.374268
-38.767658	440.89044	15.384033
-38.765739	445.33011	15.393799
-38.764412	449.1691	15.403564
-38.763676	447.95761	15.41333
-38.763351	445.28665	15.423096
-38.761978	443.86673	15.432861
-38.761353	443.17761	15.442627
-38.760403	444.34375	15.452393
-38.759727	442.24966	15.462158
-38.759659	448.00842	15.471924
-38.759575	450.08414	15.481689
-38.757626	444.18964	15.491455
-38.756374	443.6691	15.501221
-38.75581	440.71191	15.510986
-38.754799	444.43668	15.520752
-38.753578	447.53033	15.530518
-38.754169	444.40472	15.540283
-38.752754	447.81186	15.550049
-38.752048	445.97015	15.559814
-38.750591	444.21005	15.56958
-38.750122	441.80292	15.579346
-38.749012	443.03784	15.589111
-38.748177	449.71301	15.598877
-38.748344	446.67294	15.608643
-38.746346	446.44052	15.618408
-38.745564	441.48907	15.628174
-38.745037	440.88644	15.637939
-38.743752	444.95966	15.647705
-38.744572	442.7041	15.657471
-38.743412	446.75488	15.667236
-38.741585	447.88043	15.677002
-38.741158	443.92038	15.686768
-38.739365	440.67587	15.696533
-38.740089	438.38193	15.706299
-38.738422	444.79398	15.716064
-38.737534	449.52951	15.72583
-38.736423	448.92606	15.735596
-38.73687	443.92538	15.745361
-38.735241	440.617	15.755127
-38.734028	440.61395	15.764893
-38.73333	441.97446	15.774658
-38.732475	446.25504	15.784424
-38.73241	449.22559	15.794189
-38.730705	448.14633	15.803955
-38.730228	442.58997	15.813721
-38.728855	438.92941	15.823486
-38.729103	441.03198	15.833252
-38.728046	447.17108	15.843018
-38.726856	449.34088	15.852783
-38.725986	445.16574	15.862549
-38.725494	441.845	15.872314
-38.724709	441.37363	15.88208
-38.724251	439.38892	15.891846
-38.723309	445.21512	15.901611
-38.722656	446.38275	15.911377
-38.721066	448.41949	15.921143
-38.721127	446.31717	15.930908
-38.719219	438.44403	15.940674
-38.71896	441.44104	15.950439
-38.716938	444.08478	15.960205
-38.716431	445.96063	15.969971
-38.716827	446.39828	15.979736
-38.715729	441.70193	15.989502
-38.714958	442.75162	15.999268
-38.713413	441.5278	16.009033
-38.713131	440.90997	16.018799
-38.712303	445.24634	16.028564
-38.711746	446.37363	16.03833
-38.70985	447.64368	16.048096
-38.710747	441.87802	16.057861
-38.709568	441.60327	16.067627
-38.708874	441.77173	16.077393
-38.70789	443.92596	16.087158
-38.706913	444.81857	16.096924
-38.706589	443.92334	16.106689
-38.705578	443.97281	16.116455
-38.705383	444.53528	16.126221
-38.702953	440.58414	16.135986
-38.703358	441.51447	16.145752
-38.702263	443.67191	16.155518
-38.701408	448.14841	16.165283
-38.700401	444.6069	16.175049
-38.698315	443.15265	16.184814
-38.698242	439.18411	16.19458
-38.695862	440.10434	16.204346
-38.696136	443.81561	16.214111
-38.696854	442.59338	16.223877
-38.69524	446.39935	16.233643
-38.694664	445.10141	16.243408
-38.693489	442.0827	16.253174
-38.693878	439.28372	16.262939
-38.692116	438.58466	16.272705
-38.69062	445.30298	16.282471
-38.691326	445.17508	16.292236
-38.690781	444.15015	16.302002
-38.689255	441.42407	16.311768
-38.688473	438.1228	16.321533
-38.688705	441.07156	16.331299
-38.686989	440.19717	16.341064
-38.686256	447.23605	16.35083
-38.684444	447.24637	16.360596
-38.683357	442.6539	16.370361
-38.683556	439.01486	16.380127
-38.681164	437.59378	16.389893
-38.681629	441.77182	16.399658
-38.68079	447.20816	16.409424
-38.679585	446.01028	16.419189
-38.678616	443.20816	16.428955
-38.678623	439.58966	16.438721
-38.67865	438.8866	16.448486
-38.677299	437.58557	16.458252
-38.675369	445.09354	16.468018
-38.675251	445.18454	16.477783
-38.67495	445.09698	16.487549
-38.672188	441.76245	16.497314
-38.672489	435.86023	16.50708
-38.670612	439.06015	16.516846
-38.672333	442.7449	16.526611
-38.670628	446.28958	16.536377
-38.669212	444.24374	16.546143
-38.66877	440.14044	16.555908
-38.667274	439.64847	16.565674
-38.667255	438.62909	16.575439
-38.66576	440.85339	16.585205
-38.665955	443.14893	16.594971
-38.664486	447.18112	16.604736
-38.663731	446.24567	16.614502
-38.662449	436.13293	16.624268
-38.661907	437.86218	16.634033
-38.660355	439.6731	16.643799
-38.660027	444.69955	16.653564
-38.659973	445.07654	16.66333
-38.659	441.4317	16.673096
-38.658268	441.06342	16.682861
-38.657673	438.60849	16.692627
-38.656887	438.41858	16.702393
-38.655621	440.36667	16.712158
-38.654976	441.52844	16.721924
-38.653629	444.74869	16.731689
-38.652889	439.35196	16.741455
-38.651703	439.91702	16.751221
-38.65081	437.40195	16.760986
-38.651077	441.11475	16.770752
-38.650166	442.49911	16.780518
-38.648586	442.9975	16.790283
-38.647411	441.15414	16.800049
-38.647533	442.45856	16.809814
-38.647167	437.30258	16.81958
-38.645649	436.17661	16.829346
-38.645203	438.98898	16.839111
-38.644146	443.47388	16.848877
-38.644062	443.19531	16.858643
-38.641792	441.51859	16.868408
-38.640884	436.82825	16.878174
-38.640827	437.70847	16.887939
-38.6408	439.5968	16.897705
-38.639256	440.01437	16.907471
-38.638878	444.27762	16.917236
-38.63834	441.82965	16.927002
-38.636814	442.10907	16.936768
-38.637157	436.01123	16.946533
-38.634495	434.77975	16.956299
-38.633869	442.11078	16.966064
-38.634151	442.74371	16.97583
-38.632149	443.57086	16.985596
-38.632217	438.9863	16.995361
-38.631516	435.96585	17.005127
-38.630539	436.37454	17.014893
-38.628437	435.49149	17.024658
-38.628609	442.07108	17.034424
-38.627911	442.93524	17.044189
-38.627235	442.97314	17.053955
-38.625858	438.09583	17.063721
-38.625984	432.46661	17.073486
-38.624176	436.62372	17.083252
-38.623844	441.18442	17.093018
-38.622837	442.60175	17.102783
-38.621662	440.53992	17.112549
-38.620724	437.77884	17.122314
-38.619976	435.62231	17.13208
-38.620422	436.15833	17.141846
-38.618641	439.3949	17.151611
-38.618271	441.7739	17.161377
-38.617561	442.47653	17.171143
-38.616924	439.52081	17.180908
-38.61573	433.50867	17.190674
-38.615246	435.04105	17.200439
-38.612942	437.50388	17.210205
-38.613014	442.2392	17.219971
-38.612926	441.07751	17.229736
-38.611927	438.60132	17.239502
-38.610928	438.09198	17.249268
-38.609867	436.91702	17.259033
-38.609997	437.09219	17.268799
-38.60791	438.63864	17.278564
-38.607307	441.66376	17.28833
-38.60738	442.48553	17.298096
-38.605843	437.03006	17.307861
-38.605122	437.43033	17.317627
-38.603981	435.40533	17.327393
-38.603462	439.52127	17.337158
-38.602448	439.86853	17.346924
-38.60096	437.65787	17.356689
-38.601345	439.31192	17.366455
-38.59977	438.01263	17.376221
-38.599083	435.6012	17.385986
-38.598541	436.44202	17.395752
-38.599995	437.66058	17.405518
-38.596992	444.07687	17.415283
-38.596256	440.37869	17.425049
-38.595673	437.20932	17.434814
-38.59341	434.44681	17.44458
-38.593777	434.89337	17.454346
-38.592926	437.9245	17.464111
-38.5928	438.61612	17.473877
-38.590298	439.1666	17.483643
-38.590237	438.89697	17.493408
-38.588879	435.11511	17.503174
-38.588398	434.68082	17.512939
-38.58812	433.72336	17.522705
-38.586388	439.54544	17.532471
-38.585529	440.28549	17.542236
-38.58506	440.96762	17.552002
-38.584332	434.94931	17.561768
-38.584412	433.69318	17.571533
-38.584496	434.71448	17.581299
-38.582424	435.66125	17.591064
-38.58197	440.32846	17.60083
-38.580826	441.33459	17.610596
-38.580059	438.99576	17.620361
-38.578262	434.84793	17.630127
-38.577572	432.35709	17.639893
-38.577026	436.92078	17.649658
-38.575836	440.10718	17.659424
-38.576202	442.93198	17.669189
-38.574814	437.37372	17.678955
-38.574078	431.00018	17.688721
-38.573925	434.15469	17.698486
-38.573532	432.95972	17.708252
-38.571278	438.44144	17.718018
-38.570412	440.5556	17.727783
-38.570961	437.89172	17.737549
-38.569008	438.00659	17.747314
-38.569214	430.57056	17.75708
-38.566631	432.82294	17.766846
-38.567131	437.82254	17.776611
-38.565399	440.63995	17.786377
-38.564503	440.12543	17.796143
-38.563931	435.75436	17.805908
-38.562977	433.33395	17.815674
-38.562775	434.68283	17.825439
-38.56147	435.67416	17.835205
-38.560844	440.41321	17.844971
-38.560181	440.84088	17.854736
-38.559715	439.04654	17.864502
-38.558796	434.2883	17.874268
-38.557175	433.06067	17.884033
-38.558342	434.72083	17.893799
-38.556641	440.13062	17.903564
-38.556412	439.5921	17.91333
-38.555515	435.70544	17.923096
-38.553291	435.30139	17.932861
-38.553761	433.71902	17.942627
-38.552753	434.59854	17.952393
-38.551956	433.77042	17.962158
-38.551189	437.86816	17.971924
-38.549984	440.64746	17.981689
-38.548923	435.21408	17.991455
-38.547352	434.23358	18.001221
-38.546288	431.04288	18.010986
-38.54652	434.92923	18.020752
-38.54575	438.43304	18.030518
-38.543522	435.78439	18.040283
-38.544159	438.46729	18.050049
-38.543285	438.04807	18.059814
-38.54163	432.71149	18.06958
-38.541283	432.66226	18.079346
-38.539795	431.81985	18.089111
-38.540001	440.10861	18.098877
-38.539063	437.7648	18.108643
-38.538422	438.11774	18.118408
-38.537735	432.50137	18.128174
-38.537518	432.56696	18.137939
-38.535362	435.1622	18.147705
-38.535599	434.82568	18.157471
-38.534893	439.93515	18.167236
-38.533566	438.53076	18.177002
-38.532711	435.97427	18.186768
-38.531227	432.14206	18.196533
-38.532215	431.11075	18.206299
-38.529858	434.30728	18.216064
-38.530266	440.15314	18.22583
-38.528267	439.88821	18.235596
-38.52824	434.6171	18.245361
-38.527073	432.39429	18.255127
-38.52618	433.87131	18.264893
-38.525982	434.02817	18.274658
-38.525295	438.22266	18.284424
-38.524178	440.7081	18.294189
-38.522354	437.96588	18.303955
-38.521564	432.64404	18.313721
-38.521244	428.71619	18.323486
-38.520138	432.51126	18.333252
-38.521683	438.04181	18.343018
-38.518688	440.5408	18.352783
-38.517899	436.8728	18.362549
-38.517269	432.33173	18.372314
-38.517223	433.38895	18.38208
-38.515182	431.60214	18.391846
-38.514275	436.41476	18.401611
-38.513317	438.69086	18.411377
-38.512684	439.08923	18.421143
-38.511406	436.92322	18.430908
-38.510818	428.54294	18.440674
-38.511097	431.45789	18.450439
-38.509563	434.85669	18.460205
-38.507984	438.72705	18.469971
-38.507938	439.0199	18.479736
-38.507874	434.50504	18.489502
-38.50716	432.43893	18.499268
-38.506447	432.90524	18.509033
-38.5056	431.56836	18.518799
-38.504574	435.86282	18.528564
-38.503246	437.27713	18.53833
-38.503544	438.26501	18.548096
-38.501595	433.61871	18.557861
-38.499588	430.90265	18.567627
-38.500107	431.66367	18.577393
-38.499741	434.14627	18.587158
-38.499928	438.01047	18.596924
-38.49659	436.57611	18.606689
-38.497349	434.32956	18.616455
-38.496082	435.40295	18.626221
-38.494656	431.53922	18.635986
-38.494431	432.14993	18.645752
-38.49445	435.02158	18.655518
-38.492672	439.05203	18.665283
-38.492302	436.79608	18.675049
-38.491531	435.20517	18.684814
-38.490498	429.38864	18.69458
-38.489689	432.67587	18.704346
-38.489288	434.37991	18.714111
-38.487835	433.82462	18.723877
-38.48671	437.69183	18.733643
-38.487	435.70529	18.743408
-38.484268	432.62689	18.753174
-38.485203	430.38458	18.762939
-38.482677	429.9173	18.772705
-38.481956	437.28604	18.782471
-38.483334	437.00354	18.792236
-38.481552	437.03329	18.802002
-38.481319	431.05121	18.811768
-38.480289	428.76062	18.821533
-38.478722	432.03107	18.831299
-38.478374	433.17511	18.841064
-38.477409	437.67123	18.85083
-38.47644	438.3085	18.860596
-38.475685	435.00082	18.870361
-38.474636	431.23947	18.880127
-38.475067	426.31348	18.889893
-38.472778	431.50476	18.899658
-38.472054	439.55975	18.909424
-38.472473	437.9263	18.919189
-38.47031	435.24762	18.928955
-38.46978	430.00598	18.938721
-38.470791	430.77393	18.948486
-38.467869	431.54861	18.958252
-38.467548	435.08148	18.968018
-38.465839	436.16504	18.977783
-38.466362	435.46494	18.987549
-38.465252	431.83578	18.997314
-38.464661	428.50787	19.00708
-38.462738	430.46252	19.016846
-38.462372	433.82437	19.026611
-38.460857	438.427	19.036377
-38.461536	435.36459	19.046143
-38.459904	431.70261	19.055908
-38.459812	430.65637	19.065674
-38.458183	430.57169	19.075439
-38.458435	432.64407	19.085205
-38.45694	433.67508	19.094971
-38.455112	436.79053	19.104736
-38.455193	437.18918	19.114502
-38.45491	429.52481	19.124268
-38.454273	429.18518	19.134033
-38.452229	431.18375	19.143799
-38.452084	434.95706	19.153564
-38.451202	438.28183	19.16333
-38.449944	433.06824	19.173096
-38.450558	433.00543	19.182861
-38.448872	431.87967	19.192627
-38.44809	429.97287	19.202393
-38.447155	431.34436	19.212158
-38.444923	433.03714	19.221924
-38.445831	437.99506	19.231689
-38.445068	433.1853	19.241455
-38.44347	431.32922	19.251221
-38.443485	431.13983	19.260986
-38.442497	432.40326	19.270752
-38.441463	434.63071	19.280518
-38.440842	435.49811	19.290283
-38.439587	433.92258	19.300049
-38.43874	434.7554	19.309814
-38.438232	430.97952	19.31958
-38.437695	427.7597	19.329346
-38.43663	430.52228	19.339111
-38.436108	437.21902	19.348877
-38.435574	437.55539	19.358643
-38.433933	432.88135	19.368408
-38.433632	429.34366	19.378174
-38.431564	429.4046	19.387939
-38.432148	433.78738	19.397705
-38.430748	432.19684	19.407471
-38.429745	437.27002	19.417236
-38.429428	434.33578	19.427002
-38.42915	431.54742	19.436768
-38.427269	429.93054	19.446533
-38.426498	425.59793	19.456299
-38.425919	433.43832	19.466064
-38.425129	435.80191	19.47583
-38.424824	436.40305	19.485596
-38.42313	432.13614	19.495361
-38.422279	427.09222	19.505127
-38.422832	430.78668	19.514893
-38.420418	427.85092	19.524658
-38.420116	434.09216	19.534424
-38.418983	436.82516	19.544189
-38.418247	433.67798	19.553955
-38.417603	430.87628	19.563721
-38.416851	426.93152	19.573486
-38.415981	429.40903	19.583252
-38.414783	436.30078	19.593018
-38.415546	437.23245	19.602783
-38.413761	434.25012	19.612549
-38.412792	429.79346	19.622314
-38.412582	428.66687	19.63208
-38.412338	431.65302	19.641846
-38.412048	431.7746	19.651611
-38.409275	435.34485	19.661377
-38.408569	435.91422	19.671143
-38.409233	432.59317	19.680908
-38.406906	426.96414	19.690674
-38.40612	428.40976	19.700439
-38.405716	431.90076	19.710205
-38.405739	435.84766	19.719971
-38.403938	437.14124	19.729736
-38.404243	430.74069	19.739502
-38.401554	429.95837	19.749268
-38.402119	428.63367	19.759033
-38.400646	432.43481	19.768799
-38.400116	432.51736	19.778564
-38.399368	435.79993	19.78833
-38.397392	436.34146	19.798096
-38.396832	429.82446	19.807861
-38.396313	431.25778	19.817627
-38.396	429.74774	19.827393
-38.393978	432.04712	19.837158
-38.394207	435.60443	19.846924
-38.393665	430.80511	19.856689
-38.392395	433.13678	19.866455
-38.390205	431.11362	19.876221
-38.390411	429.05539	19.885986
-38.390762	429.51981	19.895752
-38.389351	429.98218	19.905518
-38.38868	435.95175	19.915283
-38.387852	433.3605	19.925049
-38.386589	431.97971	19.934814
-38.385925	428.72449	19.94458
-38.386299	431.07751	19.954346
-38.384239	431.92072	19.964111
-38.382813	433.06796	19.973877
-38.384155	433.9173	19.983643
-38.381653	434.37717	19.993408
-38.381687	430.57794	20.003174
-38.380005	427.58893	20.012939


Data Header:			0.254_solid_uprint_typeiv_090_r0			Time:	27.673584	s	4/14/2019 1:17:30 AM
Data Acquisition:	Timed
Station Name:	ft40.cfg
Test File Name:	monotonic_0.2540_typeiv_solid_090_uprint.tst
Displacement	Force	Running Time
mm	N	s
-38.380299	427.18665	20.022705
-38.379211	433.763	20.032471
-38.376698	438.12836	20.042236
-38.377949	434.51443	20.052002
-38.375999	428.93817	20.061768
-38.375511	427.55566	20.071533
-38.37434	430.41675	20.081299
-38.375294	430.88239	20.091064
-38.373272	435.60779	20.10083
-38.372639	434.93134	20.110596
-38.371494	433.41061	20.120361
-38.370853	427.23404	20.130127
-38.368706	424.62973	20.139893
-38.368793	430.45599	20.149658
-38.368553	434.76129	20.159424
-38.367393	437.04672	20.169189
-38.366924	430.9129	20.178955
-38.366081	427.64816	20.188721
-38.363518	429.67969	20.198486
-38.364655	429.54404	20.208252
-38.362457	433.07758	20.218018
-38.363251	434.83392	20.227783
-38.361259	432.61646	20.237549
-38.36179	432.2764	20.247314
-38.360317	426.08606	20.25708
-38.359894	427.836	20.266846
-38.35836	433.40735	20.276611
-38.358067	435.98105	20.286377
-38.356594	433.91525	20.296143
-38.355473	429.25647	20.305908
-38.355392	427.72372	20.315674
-38.354427	429.73044	20.325439
-38.354557	431.18512	20.335205
-38.353073	432.73047	20.344971
-38.351891	434.92838	20.354736
-38.352112	435.32855	20.364502
-38.350639	428.14249	20.374268
-38.349239	425.79675	20.384033
-38.349079	429.15656	20.393799
-38.347637	431.8222	20.403564
-38.346844	434.32742	20.41333
-38.346008	431.77859	20.423096
-38.346146	429.52069	20.432861
-38.344162	428.38602	20.442627
-38.344234	428.75418	20.452393
-38.342617	428.92596	20.462158
-38.34161	432.10358	20.471924
-38.340305	436.07562	20.481689
-38.339722	430.07037	20.491455
-38.338955	430.10892	20.501221
-38.338718	427.55038	20.510986
-38.338333	428.73276	20.520752
-38.337067	433.72473	20.530518
-38.336159	430.86563	20.540283
-38.336205	433.34583	20.550049
-38.335709	432.16864	20.559814
-38.333828	428.00906	20.56958
-38.333107	429.50687	20.579346
-38.332642	426.96954	20.589111
-38.331161	434.51651	20.598877
-38.332054	434.74054	20.608643
-38.329525	432.4921	20.618408
-38.329651	427.45126	20.628174
-38.328041	424.61765	20.637939
-38.327679	428.97696	20.647705
-38.326263	431.03381	20.657471
-38.325779	433.61203	20.667236
-38.325016	433.47556	20.677002
-38.324177	429.4512	20.686768
-38.323044	425.89627	20.696533
-38.322887	425.76138	20.706299
-38.321369	428.74228	20.716064
-38.320641	435.82114	20.72583
-38.320591	435.44031	20.735596
-38.319458	428.91263	20.745361
-38.318146	425.53403	20.755127
-38.317337	428.43011	20.764893
-38.317608	427.16077	20.774658
-38.31535	433.74252	20.784424
-38.315151	432.37732	20.794189
-38.31496	432.32974	20.803955
-38.314564	428.64905	20.813721
-38.311764	422.65787	20.823486
-38.311752	428.56436	20.833252
-38.312099	431.90134	20.843018
-38.310589	435.7605	20.852783
-38.310143	431.75528	20.862549
-38.308479	426.37445	20.872314
-38.308556	426.89996	20.88208
-38.308037	426.94614	20.891846
-38.305611	429.70114	20.901611
-38.306202	433.75732	20.911377
-38.305931	432.90765	20.921143
-38.303474	433.16675	20.930908
-38.302208	424.58252	20.940674
-38.302231	426.64069	20.950439
-38.302017	431.06287	20.960205
-38.301006	432.3551	20.969971
-38.29953	433.92877	20.979736
-38.298172	428.89987	20.989502
-38.298592	429.40585	20.999268
-38.297867	429.22256	21.009033
-38.297699	428.41934	21.018799
-38.29628	431.68246	21.028564
-38.294113	433.04785	21.03833
-38.292995	434.77515	21.048096
-38.293282	429.15271	21.057861
-38.293114	427.33936	21.067627
-38.29221	426.32071	21.077393
-38.291061	429.36157	21.087158
-38.289272	432.34964	21.096924
-38.290054	431.5386	21.106689
-38.289379	430.74731	21.116455
-38.288036	429.58051	21.126221
-38.286472	427.12131	21.135986
-38.286476	427.92014	21.145752
-38.285099	428.71252	21.155518
-38.284893	434.44684	21.165283
-38.282387	433.42218	21.175049
-38.282017	430.18628	21.184814
-38.282215	426.96713	21.19458
-38.282234	427.75449	21.204346
-38.279976	430.83179	21.214111
-38.279621	431.20065	21.223877
-38.278378	434.21671	21.233643
-38.277416	431.30542	21.243408
-38.277576	428.40805	21.253174
-38.275986	426.7583	21.262939
-38.27504	424.57745	21.272705
-38.27417	432.58182	21.282471
-38.272331	435.85196	21.292236
-38.273903	430.95587	21.302002
-38.272282	428.93802	21.311768
-38.271564	425.10153	21.321533
-38.270138	428.0827	21.331299
-38.269958	430.00174	21.341064
-38.269897	433.1048	21.35083
-38.268871	433.71045	21.360596
-38.268055	431.31256	21.370361
-38.26659	426.80453	21.380127
-38.265797	423.81943	21.389893
-38.264671	428.08505	21.399658
-38.263798	434.21915	21.409424
-38.263512	434.47864	21.419189
-38.262821	430.04547	21.428955
-38.261063	425.35001	21.438721
-38.260818	425.23474	21.448486
-38.259827	426.45178	21.458252
-38.258949	432.22171	21.468018
-38.258656	433.11331	21.477783
-38.257195	432.48245	21.487549
-38.255917	427.95636	21.497314
-38.256126	424.31378	21.50708
-38.255253	425.8194	21.516846
-38.254547	430.1488	21.526611
-38.25309	435.56754	21.536377
-38.252792	433.38031	21.546143
-38.251133	427.37473	21.555908
-38.250099	427.39636	21.565674
-38.249199	427.45627	21.575439
-38.249737	428.61481	21.585205
-38.249519	430.44724	21.594971
-38.247772	431.19052	21.604736
-38.246861	432.18472	21.614502
-38.245701	425.68137	21.624268
-38.24535	425.40149	21.634033
-38.245205	428.0025	21.643799
-38.244507	431.8793	21.653564
-38.242924	433.33951	21.66333
-38.242451	429.05942	21.673096
-38.240932	428.87814	21.682861
-38.240688	427.58292	21.692627
-38.23933	427.15369	21.702393
-38.239452	428.39371	21.712158
-38.23777	430.48972	21.721924
-38.237453	433.7345	21.731689
-38.235577	429.7959	21.741455
-38.235413	427.18219	21.751221
-38.235096	426.56897	21.760986
-38.233524	427.86508	21.770752
-38.232761	431.40585	21.780518
-38.231873	430.03046	21.790283
-38.231525	431.0174	21.800049
-38.231083	429.216	21.809814
-38.22998	427.48215	21.81958
-38.228313	423.88174	21.829346
-38.228374	427.72751	21.839111
-38.226585	432.34579	21.848877
-38.225731	433.79553	21.858643
-38.225601	431.42838	21.868408
-38.225056	425.0517	21.878174
-38.224472	425.7117	21.887939
-38.223625	430.60986	21.897705
-38.222458	429.49063	21.907471
-38.221405	433.67596	21.917236
-38.220505	431.78638	21.927002
-38.220459	429.84503	21.936768
-38.219475	427.51825	21.946533
-38.21833	423.55283	21.956299
-38.217686	430.07611	21.966064
-38.216084	433.79889	21.97583
-38.216785	433.74106	21.985596
-38.214672	430.12054	21.995361
-38.213249	423.81082	22.005127
-38.212486	427.01917	22.014893
-38.213085	428.6572	22.024658
-38.211342	432.84869	22.034424
-38.210182	433.85138	22.044189
-38.211239	429.9248	22.053955
-38.207966	428.16647	22.063721
-38.207981	422.88583	22.073486
-38.208179	426.67902	22.083252
-38.206844	432.18869	22.093018
-38.206444	433.99612	22.102783
-38.205917	429.42795	22.112549
-38.204258	426.67456	22.122314
-38.205212	426.58417	22.13208
-38.203812	427.0144	22.141846
-38.201401	429.89563	22.151611
-38.201267	431.07147	22.161377
-38.200008	432.0062	22.171143
-38.200119	428.37045	22.180908
-38.199181	424.00098	22.190674
-38.1978	426.55038	22.200439
-38.1973	428.52936	22.210205
-38.196392	432.54279	22.219971
-38.195354	432.73834	22.229736
-38.195442	429.04733	22.239502
-38.194454	427.79562	22.249268
-38.193115	425.98276	22.259033
-38.191547	427.56638	22.268799
-38.191776	430.07852	22.278564
-38.189823	430.10867	22.28833
-38.19009	434.16431	22.298096
-38.187725	427.96292	22.307861
-38.188549	426.91046	22.317627
-38.188049	425.37085	22.327393
-38.186493	427.85437	22.337158
-38.186699	432.42902	22.346924
-38.184338	429.31888	22.356689
-38.18504	430.01578	22.366455
-38.183712	429.10001	22.376221
-38.183121	426.87485	22.385986
-38.180927	426.08398	22.395752
-38.182144	427.47369	22.405518
-38.180717	432.78073	22.415283
-38.179192	431.83337	22.425049
-38.177647	427.84177	22.434814
-38.177757	426.06808	22.44458
-38.177208	424.81232	22.454346
-38.176624	430.05673	22.464111
-38.175377	430.75046	22.473877
-38.174553	430.84946	22.483643
-38.173866	429.41348	22.493408
-38.172955	427.67325	22.503174
-38.17123	424.62537	22.512939
-38.171307	424.91568	22.522705
-38.170269	429.36621	22.532471
-38.16943	433.49857	22.542236
-38.168991	431.30524	22.552002
-38.168213	425.47137	22.561768
-38.167244	424.52219	22.571533
-38.16687	426.21176	22.581299
-38.164787	427.60663	22.591064
-38.164543	432.84253	22.60083
-38.164024	431.01212	22.610596
-38.162197	429.45938	22.620361
-38.162197	426.50592	22.630127
-38.16143	420.86224	22.639893
-38.160774	427.28638	22.649658
-38.160137	431.84509	22.659424
-38.159904	432.53796	22.669189
-38.158421	429.28259	22.678955
-38.158413	423.67126	22.688721
-38.157398	425.7804	22.698486
-38.155704	427.14136	22.708252
-38.154896	431.53607	22.718018
-38.153885	431.74191	22.727783
-38.152653	428.32275	22.737549
-38.150852	428.06027	22.747314
-38.152721	421.87512	22.75708
-38.150204	424.80371	22.766846
-38.149117	431.25848	22.776611
-38.1497	430.73932	22.786377
-38.14875	432.50085	22.796143
-38.148804	426.57193	22.805908
-38.148026	423.42743	22.815674
-38.145878	426.10797	22.825439
-38.144943	426.14777	22.835205
-38.144829	429.09665	22.844971
-38.143764	430.52524	22.854736
-38.142628	432.24823	22.864502
-38.142052	425.29526	22.874268
-38.141163	424.51553	22.884033
-38.140224	425.82077	22.893799
-38.140362	429.99661	22.903564
-38.139595	432.73831	22.91333
-38.13736	428.23727	22.923096
-38.136353	427.44339	22.932861
-38.136955	425.32248	22.942627
-38.135906	426.53247	22.952393
-38.134041	426.56961	22.962158
-38.133736	427.66693	22.971924
-38.131824	431.72873	22.981689
-38.131523	426.75104	22.991455
-38.131184	426.43549	23.001221
-38.130348	423.15216	23.010986
-38.130001	425.65985	23.020752
-38.12957	430.57056	23.030518
-38.127003	429.89944	23.040283
-38.127621	428.97556	23.050049
-38.126163	428.39609	23.059814
-38.125462	425.06113	23.06958
-38.124363	425.72449	23.079346
-38.124268	424.66251	23.089111
-38.122627	431.42651	23.098877
-38.122429	434.0498	23.108643
-38.121639	428.42075	23.118408
-38.120964	425.16107	23.128174
-38.120239	423.15704	23.137939
-38.119164	426.93228	23.147705
-38.118717	429.11551	23.157471
-38.118019	431.86447	23.167236
-38.117554	431.21964	23.177002
-38.115799	427.83075	23.186768
-38.114693	423.47739	23.196533
-38.113914	422.20663	23.206299
-38.11412	428.46222	23.216064
-38.113186	433.90234	23.22583
-38.111706	433.2132	23.235596
-38.111122	427.89111	23.245361
-38.110737	423.43228	23.255127
-38.11087	424.78812	23.264893
-38.108376	426.11063	23.274658
-38.107929	430.72107	23.284424
-38.106781	430.60016	23.294189
-38.105652	429.51907	23.303955
-38.105003	426.7449	23.313721
-38.105156	420.88458	23.323486
-38.103924	426.85565	23.333252
-38.103123	430.67197	23.343018
-38.102772	432.50858	23.352783
-38.100544	430.92065	23.362549
-38.100796	424.41232	23.372314
-38.099606	425.03561	23.38208
-38.098919	426.34061	23.391846
-38.098583	428.17639	23.401611
-38.09597	430.09857	23.411377
-38.095776	429.25769	23.421143
-38.096592	430.04865	23.430908
-38.094616	423.77493	23.440674
-38.093765	424.20679	23.450439
-38.093594	428.48734	23.460205
-38.092842	430.16241	23.469971
-38.090755	432.2135	23.479736
-38.091297	427.35651	23.489502
-38.089523	424.59982	23.499268
-38.089287	426.87613	23.509033
-38.089256	425.27338	23.518799
-38.086792	428.57928	23.528564
-38.086945	430.17767	23.53833
-38.085278	430.87726	23.548096
-38.084801	428.35831	23.557861
-38.0849	423.57581	23.567627
-38.083866	422.74811	23.577393
-38.0816	427.26581	23.587158
-38.081322	431.71667	23.596924
-38.08046	428.04919	23.606689
-38.08028	427.65359	23.616455
-38.078484	425.97897	23.626221
-38.077873	426.47	23.635986
-38.077324	424.3479	23.645752
-38.076393	426.85931	23.655518
-38.075356	430.43332	23.665283
-38.076046	430.11191	23.675049
-38.075123	426.8808	23.684814
-38.07494	422.86835	23.69458
-38.074173	422.99716	23.704346
-38.072056	428.60962	23.714111
-38.071571	427.4982	23.723877
-38.069916	430.43475	23.733643
-38.069935	428.11795	23.743408
-38.068275	424.12531	23.753174
-38.068501	423.29785	23.762939
-38.067322	421.98325	23.772705
-38.065605	428.98648	23.782471
-38.065514	431.88382	23.792236
-38.06509	428.93216	23.802002
-38.063828	425.71802	23.811768
-38.063145	420.2261	23.821533
-38.061699	424.49713	23.831299
-38.062088	427.90219	23.841064
-38.060738	428.61688	23.85083
-38.060642	431.20038	23.860596
-38.059853	426.73499	23.870361
-38.058239	423.68771	23.880127
-38.057411	422.23355	23.889893
-38.056183	425.10654	23.899658
-38.055325	430.07111	23.909424
-38.054623	431.16385	23.919189
-38.053791	426.60141	23.928955
-38.052811	423.73126	23.938721
-38.052532	422.95059	23.948486
-38.051495	425.77716	23.958252
-38.050201	428.95953	23.968018
-38.049461	427.87518	23.977783
-38.050404	429.87949	23.987549
-38.047413	426.12558	23.997314
-38.047447	419.55701	24.00708
-38.04768	423.3493	24.016846
-38.046082	426.07242	24.026611
-38.044357	430.96341	24.036377
-38.045063	428.96771	24.046143
-38.041782	423.94498	24.055908
-38.042049	423.07901	24.065674
-38.04187	423.50916	24.075439
-38.040993	424.71182	24.085205
-38.040329	427.99927	24.094971
-38.040363	427.3306	24.104736
-38.038162	429.19403	24.114502
-38.038582	423.34967	24.124268
-38.036884	422.48016	24.134033
-38.03566	423.8389	24.143799
-38.034588	426.38361	24.153564
-38.034874	429.08905	24.16333
-38.033611	426.26083	24.173096
-38.033478	423.14279	24.182861
-38.032856	424.07507	24.192627
-38.031185	422.13123	24.202393
-38.030769	425.0007	24.212158
-38.030083	425.47696	24.221924
-38.029213	429.49368	24.231689
-38.028759	428.22177	24.241455
-38.02615	424.70193	24.251221
-38.026432	420.98962	24.260986
-38.025131	423.8483	24.270752
-38.025013	429.17184	24.280518
-38.023041	428.39249	24.290283
-38.023315	427.35956	24.300049
-38.02261	425.79468	24.309814
-38.0215	421.76108	24.31958
-38.020683	419.85123	24.329346
-38.018768	422.78534	24.339111
-38.019569	428.73529	24.348877
-38.017693	431.22205	24.358643
-38.016888	427.83371	24.368408
-38.017139	421.36514	24.378174
-38.015987	418.71234	24.387939
-38.016396	426.06015	24.397705
-38.014271	423.64557	24.407471
-38.012669	429.76218	24.417236
-38.013515	426.11111	24.427002
-38.012676	424.3541	24.436768
-38.010983	422.8439	24.446533
-38.009983	418.35742	24.456299
-38.008308	425.6517	24.466064
-38.008553	430.70996	24.47583
-38.006992	427.60577	24.485596
-38.006443	425.59045	24.495361
-38.006855	420.36014	24.505127
-38.005455	420.81583	24.514893
-38.003834	424.46609	24.524658
-38.003822	427.24496	24.534424
-38.003204	429.63519	24.544189
-38.002186	424.23975	24.553955
-38.000214	422.4903	24.563721
-38.001465	418.21304	24.573486
-37.999466	420.98471	24.583252
-37.998756	427.20151	24.593018
-37.997242	428.28702	24.602783
-37.996433	425.59897	24.612549
-37.995693	419.83401	24.622314
-37.996037	420.03827	24.63208
-37.994854	420.14368	24.641846
-37.994404	425.6022	24.651611
-37.992641	425.47168	24.661377
-37.992966	426.39047	24.671143
-37.991333	423.71866	24.680908
-37.990498	418.73404	24.690674
-37.988743	420.9021	24.700439
-37.989128	421.07907	24.710205
-37.988121	426.82819	24.719971
-37.987656	426.82071	24.729736
-37.985962	421.53662	24.739502
-37.98761	421.8244	24.749268
-37.984703	420.00671	24.759033
-37.983494	421.45813	24.768799
-37.98299	422.45044	24.778564
-37.983162	422.75269	24.78833
-37.981415	426.67548	24.798096
-37.980976	421.6582	24.807861
-37.979801	420.25034	24.817627
-37.979652	419.06223	24.827393
-37.978085	421.52185	24.837158
-37.97718	425.30444	24.846924
-37.97847	422.86871	24.856689
-37.976406	423.68915	24.866455
-37.975994	422.31088	24.876221
-37.974251	418.48132	24.885986
-37.974659	419.59845	24.895752
-37.972721	420.07108	24.905518
-37.972107	425.0192	24.915283
-37.971138	424.39053	24.925049
-37.96991	422.1138	24.934814
-37.970486	416.84854	24.94458
-37.969021	416.67038	24.954346
-37.96756	421.58136	24.964111
-37.967144	422.94818	24.973877
-37.966064	423.70554	24.983643
-37.965748	421.82062	24.993408
-37.965572	420.27145	25.003174
-37.963444	417.05554	25.012939
-37.962528	416.00943	25.022705
-37.96228	422.31998	25.032471
-37.961006	425.08942	25.042236
-37.960552	424.1452	25.052002
-37.960888	418.36887	25.061768
-37.959553	413.76489	25.071533
-37.958462	417.38599	25.081299
-37.957806	418.28152	25.091064
-37.956814	423.85556	25.10083
-37.956478	420.70493	25.110596
-37.955513	419.53601	25.120361
-37.952812	417.08716	25.130127
-37.95319	411.31741	25.139893
-37.951836	419.58514	25.149658
-37.951397	422.57535	25.159424
-37.950787	423.35641	25.169189
-37.950451	418.68973	25.178955
-37.950241	412.651	25.188721
-37.948151	413.32224	25.198486
-37.947079	415.95639	25.208252
-37.946301	417.42456	25.218018
-37.945892	418.33771	25.227783
-37.944466	416.80917	25.237549
-37.944565	413.91711	25.247314
-37.942028	407.87723	25.25708
-37.941956	408.97327	25.266846
-37.941921	411.57199	25.276611
-37.942177	413.85181	25.286377
-37.940704	412.13876	25.296143
-37.939552	406.86835	25.305908
-37.937973	401.74899	25.315674
-37.933632	-9.3119974	25.325439
-37.934006	-36.22562	25.335205
-37.934902	-63.870914	25.344971
-37.93335	-37.984592	25.354736
-37.932899	-38.116756	25.364502
-37.932304	-39.283009	25.374268
-37.932133	-46.400444	25.384033
-37.931839	-43.689949	25.393799
-37.930447	-41.151585	25.403564
-37.930305	-37.932728	25.41333
-37.92976	-41.597759	25.423096
-37.927586	-41.811626	25.432861
-37.927139	-45.101845	25.442627
-37.925858	-43.295944	25.452393
-37.925495	-43.507534	25.462158
-37.924591	-41.644489	25.471924
-37.924507	-38.249729	25.481689
-37.92387	-41.8022	25.491455
-37.923176	-43.850914	25.501221
-37.920883	-46.268112	25.510986
-37.921761	-45.564152	25.520752
-37.920254	-39.706341	25.530518
-37.918949	-42.032204	25.540283
-37.917793	-39.988846	25.550049
-37.917587	-42.045982	25.559814
-37.916664	-44.779053	25.56958
-37.916203	-45.091091	25.579346
-37.914646	-46.283699	25.589111
-37.914661	-41.399506	25.598877
-37.912437	-36.009186	25.608643
-37.912663	-40.713562	25.618408
-37.911209	-45.89537	25.628174
-37.911396	-47.301849	25.637939
-37.910637	-43.675522	25.647705
-37.909199	-41.525238	25.657471
-37.910107	-38.31184	25.667236
-37.907314	-39.36937	25.677002
-37.90797	-42.898926	25.686768
-37.906666	-46.6096	25.696533
-37.906311	-48.772694	25.706299
-37.905666	-42.366917	25.716064
-37.903858	-37.467422	25.72583
-37.902504	-38.490067	25.735596
-37.902554	-44.020496	25.745361
-37.901035	-48.588726	25.755127
-37.899784	-46.05378	25.764893
-37.900402	-44.145618	25.774658
-37.89917	-39.561222	25.784424
-37.897743	-39.464531	25.794189
-37.898006	-41.226891	25.803955
-37.896606	-43.358479	25.813721
-37.896637	-50.183128	25.823486
-37.894463	-44.437485	25.833252
-37.894318	-40.1329	25.843018
-37.892818	-38.52232	25.852783
-37.893837	-40.644917	25.862549
-37.890629	-46.028603	25.872314
-37.891567	-44.656559	25.88208
-37.890614	-44.535027	25.891846
-37.889492	-42.218079	25.901611
-37.88858	-39.560715	25.911377
-37.887379	-40.259975	25.921143
-37.887348	-40.345379	25.930908
-37.885906	-47.026348	25.940674
-37.884903	-47.240849	25.950439
-37.884094	-43.173256	25.960205
-37.883251	-39.835533	25.969971
-37.883556	-39.10342	25.979736
-37.880722	-41.979259	25.989502
-37.881435	-44.576515	25.999268
-37.880581	-44.027134	26.009033
-37.880707	-44.884899	26.018799
-37.879524	-41.75861	26.028564
-37.877903	-42.177986	26.03833
-37.878597	-39.55209	26.048096
-37.876308	-40.474312	26.057861
-37.875557	-44.245964	26.067627
-37.875164	-46.840649	26.077393
-37.873379	-43.298801	26.087158
-37.873833	-39.1092	26.096924
-37.872623	-42.561752	26.106689
-37.871464	-41.980122	26.116455
-37.871075	-44.335335	26.126221
-37.869152	-44.229786	26.135986
-37.868767	-44.648296	26.145752
-37.868408	-44.935013	26.155518
-37.867393	-37.590164	26.165283
-37.866554	-39.231407	26.175049
-37.866932	-42.160351	26.184814
-37.865017	-46.713158	26.19458
-37.864208	-46.635242	26.204346
-37.863781	-41.644184	26.214111
-37.863045	-42.254337	26.223877
-37.861412	-39.367344	26.233643
-37.860668	-43.461208	26.243408
-37.859856	-44.248524	26.253174
-37.859585	-44.736259	26.262939
-37.858658	-47.156296	26.272705
-37.857986	-41.372444	26.282471
-37.857525	-37.467766	26.292236
-37.85601	-40.001297	26.302002
-37.855194	-44.424404	26.311768
-37.854839	-47.685722	26.321533
-37.854042	-45.644501	26.331299
-37.85413	-40.686409	26.341064
-37.851509	-39.830975	26.35083
-37.851055	-39.780724	26.360596
-37.849327	-43.264999	26.370361
-37.849716	-44.194458	26.380127
-37.848499	-48.332001	26.389893
-37.847996	-43.945587	26.399658
-37.846813	-39.122612	26.409424
-37.846619	-38.150375	26.419189
-37.845249	-41.040527	26.428955
-37.845367	-47.132484	26.438721
-37.843796	-45.6422	26.448486
-37.843697	-43.301723	26.458252
-37.842312	-39.599739	26.468018
-37.841461	-40.2952	26.477783
-37.840256	-40.913651	26.487549
-37.840603	-42.420803	26.497314
-37.838657	-48.942059	26.50708
-37.838276	-43.427021	26.516846
-37.837307	-43.558926	26.526611
-37.836948	-37.248837	26.536377
-37.836075	-39.329861	26.546143
-37.835361	-45.502819	26.555908
-37.834351	-45.740044	26.565674
-37.833782	-44.172688	26.575439
-37.832607	-44.451061	26.585205
-37.831795	-40.768322	26.594971
-37.831043	-40.757156	26.604736
-37.829697	-38.754879	26.614502
-37.829929	-44.229519	26.624268
-37.828609	-45.91856	26.634033
-37.828842	-44.654884	26.643799
-37.82732	-41.743549	26.653564
-37.826958	-37.170029	26.66333
-37.824825	-41.466877	26.673096
-37.824993	-42.821495	26.682861
-37.823902	-42.882191	26.692627
-37.822838	-44.176044	26.702393
-37.82222	-43.045227	26.712158
-37.821178	-43.614323	26.721924
-37.820194	-40.113716	26.731689
-37.819252	-41.636791	26.741455
-37.818253	-43.32893	26.751221
-37.81715	-47.856075	26.760986
-37.818527	-45.025181	26.770752
-37.817116	-41.05249	26.780518
-37.815701	-39.902954	26.790283
-37.815109	-39.148575	26.800049
-37.814423	-42.923328	26.809814
-37.81424	-43.593281	26.81958
-37.812344	-45.602306	26.829346
-37.81076	-46.753174	26.839111
-37.810207	-40.094101	26.848877
-37.809692	-37.187016	26.858643
-37.8097	-39.998447	26.868408
-37.808788	-45.979313	26.878174
-37.807426	-47.760201	26.887939
-37.806335	-41.543365	26.897705
-37.80624	-41.202488	26.907471
-37.803974	-38.76733	26.917236
-37.803791	-41.342201	26.927002
-37.803093	-44.060257	26.936768
-37.802006	-44.071735	26.946533
-37.801918	-47.276829	26.956299
-37.80106	-41.403275	26.966064
-37.799171	-38.448547	26.97583
-37.799755	-40.046646	26.985596
-37.799309	-41.060787	26.995361
-37.797981	-47.770538	27.005127
-37.796745	-47.089329	27.014893
-37.795139	-40.584946	27.024658
-37.796139	-39.765602	27.034424
-37.794392	-38.615799	27.044189
-37.793011	-41.996826	27.053955
-37.792114	-45.31274	27.063721
-37.79055	-48.678947	27.073486
-37.792206	-44.0499	27.083252
-37.790436	-40.97298	27.093018
-37.789894	-37.339283	27.102783
-37.78912	-40.179298	27.112549
-37.788658	-46.606213	27.122314
-37.787693	-47.401253	27.13208
-37.786198	-43.815983	27.141846
-37.785797	-39.692516	27.151611
-37.784512	-40.477676	27.161377
-37.783924	-41.674335	27.171143
-37.78331	-41.40863	27.180908
-37.780746	-47.771881	27.190674
-37.781742	-43.884262	27.200439
-37.780411	-43.361794	27.210205
-37.779694	-38.510513	27.219971
-37.778419	-36.816666	27.229736
-37.77832	-45.224632	27.239502
-37.77705	-44.383305	27.249268
-37.775551	-45.181278	27.259033
-37.776672	-43.512402	27.268799
-37.77557	-43.682854	27.278564
-37.775177	-42.556011	27.28833
-37.774376	-39.818764	27.298096
-37.773174	-40.945744	27.307861
-37.770969	-45.134094	27.317627
-37.770073	-45.761871	27.327393
-37.770523	-45.663792	27.337158
-37.769508	-38.601093	27.346924
-37.76791	-42.792572	27.356689
-37.767368	-43.202732	27.366455
-37.766605	-42.415016	27.376221
-37.765472	-45.128334	27.385986
-37.765266	-45.751965	27.395752
-37.764416	-43.482109	27.405518
-37.76339	-40.195877	27.415283
-37.762085	-38.517815	27.425049
-37.762104	-42.547592	27.434814
-37.761562	-46.69556	27.44458
-37.759636	-46.934948	27.454346
-37.75983	-41.870972	27.464111
-37.759346	-40.260132	27.473877
-37.757923	-38.654049	27.483643
-37.755833	-42.672722	27.493408
-37.756035	-42.606365	27.503174
-37.75602	-45.312645	27.512939
-37.75391	-46.988567	27.522705
-37.754349	-39.380226	27.532471
-37.752316	-37.0783	27.542236
-37.752331	-38.871094	27.552002
-37.750664	-44.756577	27.561768
-37.750206	-47.742004	27.571533
-37.750271	-42.968887	27.581299
-37.750492	-41.563908	27.591064
-37.74728	-37.267143	27.60083
-37.747921	-39.980206	27.610596
-37.747169	-43.176395	27.620361
-37.746029	-43.458817	27.630127
-37.745449	-48.588322	27.639893
-37.744331	-42.041695	27.649658
-37.741947	-38.235798	27.659424
-37.742554	-37.872604	27.669189

