MTS793|BTW|ENU|1|2|.|/|:|1|0|0|A

Data Header:			0.254_hd_dimension_typeiv_090_r0			Time:	20.0271	s	4/14/2019 12:31:20 AM
Data Acquisition:	Timed
Station Name:	ft40.cfg
Test File Name:	monotonic_0.2540_typeiv_hd_090_dimension.tst
Displacement	Force	Running Time
mm	N	s
-40.039654	-19.603613	0.030517578
-40.041985	-20.172474	0.040283203
-40.041382	-20.369894	0.050048828
-40.04044	-25.264477	0.059814453
-40.041439	-24.174503	0.069580078
-40.042046	-23.744324	0.079345703
-40.040306	-25.342546	0.089111328
-40.04002	-21.1021	0.098876953
-40.039196	-18.955763	0.10864258
-40.039524	-17.549826	0.1184082
-40.037674	-21.62595	0.12817383
-40.038002	-25.700211	0.13793945
-40.036465	-22.76836	0.14770508
-40.036098	-16.959154	0.1574707
-40.034912	-16.235275	0.16723633
-40.032696	-16.342033	0.17700195
-40.033581	-18.369909	0.18676758
-40.031414	-19.40583	0.1965332
-40.03199	-21.048162	0.20629883
-40.030346	-17.366571	0.21606445
-40.029072	-12.241549	0.22583008
-40.029495	-11.086722	0.2355957
-40.028633	-13.58341	0.24536133
-40.0271	-17.22143	0.25512695
-40.026413	-18.15799	0.26489258
-40.025692	-11.804233	0.2746582
-40.024498	-9.5808916	0.28442383
-40.024158	-10.601308	0.29418945
-40.022141	-10.926534	0.30395508
-40.022873	-11.290296	0.3137207
-40.022392	-13.275771	0.32348633
-40.021168	-11.830342	0.33325195
-40.019772	-11.946856	0.34301758
-40.01976	-6.3665276	0.3527832
-40.018253	-6.9373956	0.36254883
-40.017975	-9.921217	0.37231445
-40.017635	-9.4241924	0.38208008
-40.01532	-9.6956758	0.3918457
-40.015484	-5.7491779	0.40161133
-40.014099	-5.9826727	0.41137695
-40.014996	-5.9294801	0.42114258
-40.012707	-3.0651348	0.4309082
-40.01162	-4.5531206	0.44067383
-40.011398	-6.325038	0.45043945
-40.010235	-6.7205033	0.46020508
-40.008259	-5.1637068	0.4699707
-40.008499	0.34635079	0.47973633
-40.008801	-2.0205147	0.48950195
-40.006535	-1.3160642	0.49926758
-40.005531	-3.1717584	0.5090332
-40.005486	-3.7710872	0.51879883
-40.005157	-2.8377614	0.52856445
-40.00243	0.96594769	0.53833008
-40.002815	-0.063675858	0.5480957
-40.002884	3.8885603	0.55786133
-40.00185	0.46853021	0.56762695
-40.000381	-2.2655468	0.57739258
-39.999878	0.45424813	0.5871582
-39.99868	3.8495772	0.59692383
-39.997761	6.3446498	0.60668945
-39.997654	6.8087082	0.61645508
-39.99678	3.4336679	0.6262207
-39.996002	4.44206	0.63598633
-39.994934	1.9783583	0.64575195
-39.994072	3.5792744	0.65551758
-39.992996	8.5457439	0.6652832
-39.993042	9.2220125	0.67504883
-39.991741	10.073023	0.68481445
-39.991463	4.1450777	0.69458008
-39.990089	2.7236559	0.7043457
-39.988819	5.0548625	0.71411133
-39.98914	10.101308	0.72387695
-39.987591	12.837622	0.73364258
-39.986374	10.952722	0.7434082
-39.986744	8.3241386	0.75317383
-39.984753	8.1651001	0.76293945
-39.984299	6.0859365	0.77270508
-39.983303	13.265307	0.7824707
-39.983269	14.4351	0.79223633
-39.982105	15.971395	0.80200195
-39.980896	13.541285	0.81176758
-39.979507	7.3957534	0.8215332
-39.98003	11.252872	0.83129883
-39.979198	14.760365	0.84106445
-39.97739	18.40081	0.85083008
-39.977665	18.542648	0.8605957
-39.976555	15.436277	0.87036133
-39.975216	15.942836	0.88012695
-39.974133	14.5335	0.88989258
-39.973698	15.117164	0.8996582
-39.973099	19.051197	0.90942383
-39.972469	22.801796	0.91918945
-39.971203	20.648748	0.92895508
-39.970428	17.417709	0.9387207
-39.970398	16.651491	0.94848633
-39.968838	19.893932	0.95825195
-39.968262	23.201311	0.96801758
-39.967026	23.486372	0.9777832
-39.966061	23.799019	0.98754883
-39.96608	22.611853	0.99731445
-39.964916	24.554077	1.0070801
-39.964252	21.476223	1.0168457
-39.962784	20.587332	1.0266113
-39.963165	26.481489	1.036377
-39.961021	29.272392	1.0461426
-39.96035	26.503077	1.0559082
-39.960098	26.576305	1.0656738
-39.958153	25.113762	1.0754395
-39.957733	26.74987	1.0852051
-39.957691	28.462856	1.0949707
-39.957912	28.186453	1.1047363
-39.955029	31.107943	1.114502
-39.955975	31.583403	1.1242676
-39.954052	30.008602	1.1340332
-39.953869	24.186758	1.1437988
-39.952553	28.158081	1.1535645
-39.952457	33.524391	1.1633301
-39.951008	35.172173	1.1730957
-39.949829	34.539738	1.1828613
-39.948734	32.024868	1.192627
-39.947926	31.173677	1.2023926
-39.948257	33.611912	1.2121582
-39.945915	30.884211	1.2219238
-39.946419	36.037434	1.2316895
-39.945915	40.957912	1.2414551
-39.944618	36.687408	1.2512207
-39.944263	32.290642	1.2609863
-39.943058	31.552303	1.270752
-39.943069	35.055229	1.2805176
-39.940826	41.568047	1.2902832
-39.939922	41.020809	1.3000488
-39.940441	37.551624	1.3098145
-39.939461	39.246483	1.3195801
-39.936871	35.307076	1.3293457
-39.937073	38.100582	1.3391113
-39.935165	41.925381	1.348877
-39.936092	43.701267	1.3586426
-39.934483	45.815643	1.3684082
-39.933868	39.782059	1.3781738
-39.933544	36.106201	1.3879395
-39.932259	39.230949	1.3977051
-39.93121	45.173676	1.4074707
-39.930878	47.638088	1.4172363
-39.930088	44.382023	1.427002
-39.929096	44.399208	1.4367676
-39.929768	44.891792	1.4465332
-39.926731	41.769318	1.4562988
-39.927757	46.603832	1.4660645
-39.926285	47.619987	1.4758301
-39.924992	50.852573	1.4855957
-39.924545	49.624832	1.4953613
-39.92255	44.741089	1.505127
-39.923222	45.453529	1.5148926
-39.922096	49.1992	1.5246582
-39.921673	51.6096	1.5344238
-39.920616	51.952034	1.5441895
-39.919621	50.591782	1.5539551
-39.918373	50.272591	1.5637207
-39.917831	50.065731	1.5734863
-39.916389	49.312977	1.583252
-39.915859	51.191959	1.5930176
-39.915848	56.073521	1.6027832
-39.914051	57.103771	1.6125488
-39.913715	54.196476	1.6223145
-39.913628	50.590542	1.6320801
-39.912514	52.759228	1.6418457
-39.911751	56.478378	1.6516113
-39.910557	56.805401	1.661377
-39.909328	58.267654	1.6711426
-39.910648	57.97908	1.6809082
-39.907417	59.538452	1.6906738
-39.907688	57.69062	1.7004395
-39.905937	55.150505	1.7102051
-39.905758	59.211651	1.7199707
-39.904022	61.892284	1.7297363
-39.90451	63.197582	1.739502
-39.902924	62.993908	1.7492676
-39.901936	58.914169	1.7590332
-39.901283	60.855259	1.7687988
-39.900326	60.72506	1.7785645
-39.899883	61.130836	1.7883301
-39.899918	65.454033	1.7980957
-39.899113	66.20639	1.8078613
-39.898121	65.189835	1.817627
-39.897114	60.361557	1.8273926
-39.896088	61.078789	1.8371582
-39.894947	66.384949	1.8469238
-39.894035	69.905144	1.8566895
-39.89362	68.402069	1.8664551
-39.893559	64.992058	1.8762207
-39.891861	64.173813	1.8859863
-39.891708	66.510315	1.895752
-39.890514	65.935349	1.9055176
-39.889305	70.249687	1.9152832
-39.888565	73.52964	1.9250488
-39.887432	71.623756	1.9348145
-39.885925	67.929848	1.9445801
-39.886406	66.061165	1.9543457
-39.885635	68.114151	1.9641113
-39.884712	76.295021	1.973877
-39.884243	75.066086	1.9836426
-39.883156	74.497345	1.9934082
-39.881798	71.110619	2.0031738
-39.88018	70.744423	2.0129395
-39.879501	70.547615	2.0227051
-39.879482	75.864128	2.0324707
-39.877819	76.577202	2.0422363
-39.878143	80.160156	2.052002
-39.877094	75.922607	2.0617676
-39.876949	71.654472	2.0715332
-39.875969	73.003807	2.0812988
-39.874523	76.645668	2.0910645
-39.874332	82.873756	2.1008301
-39.873001	79.773354	2.1105957
-39.872849	80.059174	2.1203613
-39.870789	78.334305	2.130127
-39.870598	75.814362	2.1398926
-39.870438	79.865952	2.1496582
-39.868946	79.899773	2.1594238
-39.868328	84.00415	2.1691895
-39.867889	84.663582	2.1789551
-39.86554	78.882248	2.1887207
-39.866413	80.895081	2.1984863
-39.864876	82.673645	2.208252
-39.864204	84.982155	2.2180176
-39.86433	86.603889	2.2277832
-39.863514	85.302078	2.2375488
-39.861977	84.772507	2.2473145
-39.860706	85.84568	2.2570801
-39.859943	83.739845	2.2668457
-39.858204	83.127213	2.2766113
-39.857838	88.419342	2.286377
-39.857773	89.522949	2.2961426
-39.856369	88.73877	2.3059082
-39.856228	86.516792	2.3156738
-39.855724	86.750725	2.3254395
-39.854767	88.670677	2.3352051
-39.853073	89.450462	2.3449707
-39.85289	91.341431	2.3547363
-39.850845	92.120445	2.364502
-39.851719	93.282791	2.3742676
-39.850716	89.627754	2.3840332
-39.849602	86.57415	2.3937988
-39.848537	91.458237	2.4035645
-39.847408	95.457466	2.4133301
-39.847145	96.374466	2.4230957
-39.845989	95.985275	2.4328613
-39.845715	92.116936	2.442627
-39.844715	93.124969	2.4523926
-39.843567	93.463135	2.4621582
-39.843472	93.325256	2.4719238
-39.842365	99.570953	2.4816895
-39.841972	99.548965	2.4914551
-39.840988	99.618805	2.5012207
-39.839989	93.639717	2.5109863
-39.839958	92.53833	2.520752
-39.83844	97.138367	2.5305176
-39.837891	101.68668	2.5402832
-39.837276	103.41773	2.5500488
-39.834869	99.884796	2.5598145
-39.835072	96.859016	2.5695801
-39.834507	99.676941	2.5793457
-39.832973	97.393677	2.5891113
-39.832684	102.53577	2.598877
-39.831356	106.78782	2.6086426
-39.830429	104.78495	2.6184082
-39.82975	102.61607	2.6281738
-39.828831	98.919121	2.6379395
-39.829643	99.944016	2.6477051
-39.828068	106.73621	2.6574707
-39.827671	108.61945	2.6672363
-39.826046	107.90051	2.677002
-39.824829	105.45771	2.6867676
-39.823132	102.09689	2.6965332
-39.823528	103.56464	2.7062988
-39.822723	106.60547	2.7160645
-39.821964	108.63615	2.7258301
-39.820297	111.19321	2.7355957
-39.820686	108.65346	2.7453613
-39.819229	105.33191	2.755127
-39.819397	105.96626	2.7648926
-39.817989	109.81149	2.7746582
-39.816475	113.79957	2.7844238
-39.816933	111.64461	2.7941895
-39.815395	113.06748	2.8039551
-39.815102	111.33711	2.8137207
-39.813675	110.37758	2.8234863
-39.813602	113.36644	2.833252
-39.811359	110.40836	2.8430176
-39.811241	116.28314	2.8527832
-39.810303	117.07554	2.8625488
-39.809547	114.78603	2.8723145
-39.80788	114.03185	2.8820801
-39.807827	112.49081	2.8918457
-39.807514	114.33578	2.9016113
-39.80711	118.70359	2.911377
-39.805073	116.084	2.9211426
-39.805439	117.81053	2.9309082
-39.802944	118.59768	2.9406738
-39.803242	116.27911	2.9504395
-39.803177	116.13577	2.9602051
-39.801693	117.82819	2.9699707
-39.79966	122.80193	2.9797363
-39.800137	123.41703	2.989502
-39.798492	123.1105	2.9992676
-39.797451	119.14012	3.0090332
-39.798065	119.08954	3.0187988
-39.797089	121.35871	3.0285645
-39.796829	122.21114	3.0383301
-39.795479	124.53073	3.0480957
-39.794514	125.61381	3.0578613
-39.792988	125.52802	3.067627
-39.790981	120.03419	3.0773926
-39.791157	123.00623	3.0871582
-39.790737	122.68513	3.0969238
-39.789291	129.23586	3.1066895
-39.789024	131.17526	3.1164551
-39.790112	123.33389	3.1262207
-39.787975	124.92407	3.1359863
-39.785748	124.66433	3.145752
-39.786053	125.88276	3.1555176
-39.785542	131.72699	3.1652832
-39.784428	133.12329	3.1750488
-39.783234	131.0696	3.1848145
-39.783386	127.04343	3.1945801
-39.782417	124.45307	3.2043457
-39.781116	127.82207	3.2141113
-39.781143	133.87054	3.223877
-39.779297	135.84476	3.2336426
-39.778957	132.27219	3.2434082
-39.778202	129.40056	3.2531738
-39.777546	132.69409	3.2629395
-39.776073	131.46104	3.2727051
-39.77544	134.00534	3.2824707
-39.775063	137.17787	3.2922363
-39.774086	137.81651	3.302002
-39.773869	135.91734	3.3117676
-39.771984	131.1503	3.3215332
-39.771366	132.98254	3.3312988
-39.770672	137.23427	3.3410645
-39.770432	139.53082	3.3508301
-39.77	142.19434	3.3605957
-39.768826	136.80542	3.3703613
-39.766445	136.77815	3.380127
-39.766342	138.64459	3.3898926
-39.765984	137.91075	3.3996582
-39.765636	139.83545	3.4094238
-39.763844	146.01563	3.4191895
-39.76458	141.91364	3.4289551
-39.762562	140.66353	3.4387207
-39.761906	138.79828	3.4484863
-39.761177	141.11079	3.458252
-39.761242	144.52821	3.4680176
-39.759197	143.83318	3.4777832
-39.756409	146.16136	3.4875488
-39.75779	144.99254	3.4973145
-39.755417	143.717	3.5070801
-39.756077	145.25842	3.5168457
-39.755615	141.73547	3.5266113
-39.754421	147.10622	3.536377
-39.753132	149.94382	3.5461426
-39.752972	148.02736	3.5559082
-39.751575	147.19614	3.5656738
-39.75211	143.71541	3.5754395
-39.750816	146.36261	3.5852051
-39.749546	151.10323	3.5949707
-39.74773	149.58781	3.6047363
-39.748039	152.83049	3.614502
-39.747692	151.64825	3.6242676
-39.745918	150.22946	3.6340332
-39.745007	147.85042	3.6437988
-39.744995	147.2914	3.6535645
-39.742947	154.41849	3.6633301
-39.742836	157.80322	3.6730957
-39.742214	153.94833	3.6828613
-39.742153	152.45267	3.692627
-39.74123	148.63495	3.7023926
-39.741688	153.31348	3.7121582
-39.738892	152.94846	3.7219238
-39.738781	158.65569	3.7316895
-39.737934	160.1842	3.7414551
-39.736279	158.31816	3.7512207
-39.736267	153.79471	3.7609863
-39.735085	152.86758	3.770752
-39.734215	155.40271	3.7805176
-39.733803	162.97272	3.7902832
-39.732132	162.48244	3.8000488
-39.731407	159.13132	3.8098145
-39.730255	157.30064	3.8195801
-39.730228	156.3495	3.8293457
-39.729649	158.78662	3.8391113
-39.728966	163.69632	3.848877
-39.72797	164.21736	3.8586426
-39.726791	166.23941	3.8684082
-39.726299	161.45863	3.8781738
-39.725643	156.77745	3.8879395
-39.724514	159.73073	3.8977051
-39.723812	164.93861	3.9074707
-39.722244	169.96255	3.9172363
-39.721893	166.33313	3.927002
-39.721306	162.61014	3.9367676
-39.720078	165.69383	3.9465332
-39.719006	164.66296	3.9562988
-39.717991	167.46437	3.9660645
-39.717091	168.48653	3.9758301
-39.716305	170.1563	3.9855957
-39.715652	170.99255	3.9953613
-39.716324	164.70369	4.005127
-39.714901	166.11967	4.0148926
-39.713821	169.87215	4.0246582
-39.713482	172.40518	4.0344238
-39.71122	173.59358	4.0441895
-39.711102	170.0587	4.0539551
-39.710518	169.90199	4.0637207
-39.709476	171.37323	4.0734863
-39.708477	171.0957	4.083252
-39.707733	171.3031	4.0930176
-39.707752	174.08284	4.1027832
-39.706528	176.47748	4.1125488
-39.704533	175.51773	4.1223145
-39.70578	174.07831	4.1320801
-39.703915	172.21475	4.1418457
-39.703308	174.56477	4.1516113
-39.701527	177.43915	4.161377
-39.702667	178.17758	4.1711426
-39.700024	178.42181	4.1809082
-39.699257	176.7883	4.1906738
-39.699688	177.69652	4.2004395
-39.697964	175.20639	4.2102051
-39.697044	177.29965	4.2199707
-39.696934	180.93927	4.2297363
-39.695675	182.6804	4.239502
-39.693977	183.1178	4.2492676
-39.694988	176.53032	4.2590332
-39.693768	177.74901	4.2687988
-39.692165	181.46803	4.2785645
-39.691311	179.96082	4.2883301
-39.691273	187.09854	4.2980957
-39.690739	184.77274	4.3078613
-39.688789	183.19736	4.317627
-39.68924	180.12988	4.3273926
-39.688919	178.58957	4.3371582
-39.686527	185.42513	4.3469238
-39.686447	191.28212	4.3566895
-39.685215	188.82098	4.3664551
-39.685028	184.54433	4.3762207
-39.683113	181.93712	4.3859863
-39.682854	184.14459	4.395752
-39.681641	185.24309	4.4055176
-39.681316	190.24236	4.4152832
-39.680004	191.09724	4.4250488
-39.68008	191.93063	4.4348145
-39.678535	187.62001	4.4445801
-39.678177	183.87164	4.4543457
-39.676456	185.94797	4.4641113
-39.677074	194.5713	4.473877
-39.675793	196.18829	4.4836426
-39.674667	191.40497	4.4934082
-39.674229	189.44624	4.5031738
-39.673145	188.28691	4.5129395
-39.6717	190.8073	4.5227051
-39.671082	193.29346	4.5324707
-39.67038	194.48067	4.5422363
-39.669182	197.9023	4.552002
-39.66856	194.09116	4.5617676
-39.668919	189.96069	4.5715332
-39.66721	192.36894	4.5812988
-39.666496	194.93167	4.5910645
-39.665688	200.66277	4.6008301
-39.665348	199.24393	4.6105957
-39.664398	195.01862	4.6203613
-39.66338	196.69431	4.630127
-39.661465	194.77011	4.6398926
-39.662003	198.4091	4.6496582
-39.661053	198.65839	4.6594238
-39.66021	200.25154	4.6691895
-39.660324	202.45886	4.6789551
-39.658722	198.41286	4.6887207
-39.656979	198.13609	4.6984863
-39.65731	199.61272	4.708252
-39.656067	200.39061	4.7180176
-39.655212	204.85094	4.7277832
-39.656143	202.84578	4.7375488
-39.6544	203.3867	4.7473145
-39.653461	201.65854	4.7570801
-39.651848	200.7113	4.7668457
-39.651615	202.32396	4.7766113
-39.649982	204.96428	4.786377
-39.650139	207.63039	4.7961426
-39.64888	209.7184	4.8059082
-39.648083	205.93213	4.8156738
-39.647453	202.53139	4.8254395
-39.646503	204.76572	4.8352051
-39.646069	207.25845	4.8449707
-39.64526	209.85994	4.8547363
-39.6441	211.08994	4.864502
-39.643364	209.42863	4.8742676
-39.641197	209.63763	4.8840332
-39.640533	204.71176	4.8937988
-39.63979	206.92789	4.9035645
-39.639973	211.67117	4.9133301
-39.63929	214.24818	4.9230957
-39.638958	215.72778	4.9328613
-39.636574	209.09801	4.942627
-39.636631	207.45908	4.9523926
-39.635235	211.00122	4.9621582
-39.635372	211.30901	4.9719238
-39.634026	217.79671	4.9816895
-39.633553	215.09081	4.9914551
-39.632324	216.00021	5.0012207
-39.631313	213.2327	5.0109863
-39.631165	208.92813	5.020752
-39.629726	214.85588	5.0305176
-39.629971	220.03316	5.0402832
-39.628105	220.91357	5.0500488
-39.627228	218.51343	5.0598145
-39.625866	213.2057	5.0695801
-39.625107	216.19131	5.0793457
-39.624493	218.25514	5.0891113
-39.625004	220.15662	5.098877
-39.623451	222.24199	5.1086426
-39.623539	222.05602	5.1184082
-39.622379	220.83379	5.1281738
-39.621986	215.29025	5.1379395
-39.620426	218.21593	5.1477051
-39.619343	222.09923	5.1574707
-39.619164	227.02007	5.1672363
-39.616985	224.29028	5.177002
-39.617794	220.69994	5.1867676
-39.615971	219.23125	5.1965332
-39.614639	223.74785	5.2062988
-39.614819	226.07719	5.2160645
-39.613197	223.68677	5.2258301
-39.612431	228.89276	5.2355957
-39.61237	226.83562	5.2453613
-39.61047	224.16806	5.255127
-39.611294	224.43452	5.2648926
-39.609787	222.82561	5.2746582
-39.608685	230.84723	5.2844238
-39.60722	229.42549	5.2941895
-39.608059	228.45943	5.3039551
-39.606735	228.20044	5.3137207
-39.605179	226.36172	5.3234863
-39.605175	229.03302	5.333252
-39.604046	229.05762	5.3430176
-39.602818	231.28293	5.3527832
-39.602821	234.97672	5.3625488
-39.601353	231.82341	5.3723145
-39.601051	231.08981	5.3820801
-39.59935	228.79788	5.3918457
-39.598793	230.64926	5.4016113
-39.598381	237.38611	5.411377
-39.597828	234.24246	5.4211426
-39.595833	234.6899	5.4309082
-39.595592	235.70743	5.4406738
-39.595036	232.5479	5.4504395
-39.593948	232.12547	5.4602051
-39.5933	234.4584	5.4699707
-39.592342	236.74702	5.4797363
-39.592224	241.69287	5.489502
-39.591709	238.33052	5.4992676
-39.589626	234.62585	5.5090332
-39.5895	236.67261	5.5187988
-39.587906	237.407	5.5285645
-39.587784	240.97377	5.5383301
-39.586975	242.91588	5.5480957
-39.586399	241.91005	5.5578613
-39.584591	241.1826	5.567627
-39.584072	237.44583	5.5773926
-39.583508	237.48036	5.5871582
-39.583424	239.1387	5.5969238
-39.581787	245.97002	5.6066895
-39.581875	247.10941	5.6164551
-39.579773	240.17796	5.6262207
-39.579571	239.71068	5.6359863
-39.578091	240.68874	5.645752
-39.577534	243.86122	5.6555176
-39.578117	248.46068	5.6652832
-39.576324	247.24881	5.6750488
-39.575653	246.88968	5.6848145
-39.574825	244.1647	5.6945801
-39.573322	238.89574	5.7043457
-39.572704	245.21117	5.7141113
-39.572441	249.54382	5.723877
-39.570766	252.86644	5.7336426
-39.569836	249.93393	5.7434082
-39.569378	245.48375	5.7531738
-39.568626	246.3074	5.7629395
-39.567772	248.88554	5.7727051
-39.567291	250.95209	5.7824707
-39.566418	250.79498	5.7922363
-39.56604	252.07111	5.802002
-39.564156	251.7587	5.8117676
-39.563541	248.28152	5.8215332
-39.564251	248.84525	5.8312988
-39.562119	251.36703	5.8410645
-39.561916	256.06216	5.8508301
-39.562328	257.21518	5.8605957
-39.559059	252.25908	5.8703613
-39.558582	250.44194	5.880127
-39.557823	253.0399	5.8898926
-39.557957	252.47565	5.8996582
-39.557186	254.23709	5.9094238
-39.556328	257.72516	5.9191895
-39.555199	259.021	5.9289551
-39.554092	255.50705	5.9387207
-39.552994	254.55159	5.9484863
-39.552826	253.80981	5.958252
-39.551399	259.65604	5.9680176
-39.551685	259.49646	5.9777832
-39.55138	259.47418	5.9875488
-39.550358	260.63489	5.9973145
-39.548641	258.19965	6.0070801
-39.547306	258.86328	6.0168457
-39.547184	256.98489	6.0266113
-39.544395	259.33154	6.036377
-39.54517	263.74854	6.0461426
-39.544739	264.35553	6.0559082
-39.544506	260.94638	6.0656738
-39.542751	257.62936	6.0754395
-39.542465	261.18842	6.0852051
-39.541374	264.08279	6.0949707
-39.540749	264.63651	6.1047363
-39.540318	266.69095	6.114502
-39.53838	264.41461	6.1242676
-39.538425	263.53299	6.1340332
-39.53735	263.0943	6.1437988
-39.535824	259.70908	6.1535645
-39.535301	266.27539	6.1633301
-39.534981	272.00876	6.1730957
-39.533249	269.50015	6.1828613
-39.533955	266.57108	6.192627
-39.532959	263.38132	6.2023926
-39.532108	266.29907	6.2121582
-39.531071	269.60822	6.2219238
-39.529453	273.08984	6.2316895
-39.52829	270.4136	6.2414551
-39.527637	271.40479	6.2512207
-39.528271	266.60388	6.2609863
-39.526226	266.30301	6.270752
-39.525818	268.92072	6.2805176
-39.524303	275.06357	6.2902832
-39.524712	276.78409	6.3000488
-39.523289	271.58389	6.3098145
-39.521603	267.88016	6.3195801
-39.521496	268.76459	6.3293457
-39.521217	273.44907	6.3391113
-39.520775	276.53183	6.348877
-39.519638	274.90335	6.3586426
-39.518867	278.3573	6.3684082
-39.517731	273.86938	6.3781738
-39.516727	270.09607	6.3879395
-39.51651	273.94897	6.3977051
-39.51524	276.61078	6.4074707
-39.513496	281.96176	6.4172363
-39.51289	280.96994	6.427002
-39.512474	275.46777	6.4367676
-39.512245	275.37006	6.4465332
-39.51067	277.84894	6.4562988
-39.509666	279.61264	6.4660645
-39.509583	281.08408	6.4758301
-39.508682	280.59155	6.4855957
-39.508514	281.89722	6.4953613
-39.50647	277.88013	6.505127
-39.50671	279.70822	6.5148926
-39.505314	281.04105	6.5246582
-39.504547	283.22559	6.5344238
-39.503773	285.53278	6.5441895
-39.502003	284.18359	6.5539551
-39.502007	282.1893	6.5637207
-39.500931	282.38669	6.5734863
-39.500381	281.6701	6.583252
-39.498966	283.53311	6.5930176
-39.499325	285.8558	6.6027832
-39.498428	286.80695	6.6125488
-39.49725	287.07535	6.6223145
-39.497028	285.14926	6.6320801
-39.495163	281.44373	6.6418457
-39.494759	285.46271	6.6516113
-39.493774	289.91193	6.661377
-39.493443	289.72952	6.6711426
-39.491901	291.06619	6.6809082
-39.492298	286.16962	6.6906738
-39.490883	288.91003	6.7004395
-39.489098	287.35684	6.7102051
-39.489693	287.53119	6.7199707
-39.488365	293.2543	6.7297363
-39.486088	294.61749	6.739502
-39.486626	292.31708	6.7492676
-39.487041	287.13147	6.7590332
-39.486176	286.68024	6.7687988
-39.484779	291.71582	6.7785645
-39.483463	294.98859	6.7883301
-39.484245	298.41553	6.7980957
-39.482025	295.05801	6.8078613
-39.481266	293.62982	6.817627
-39.480873	291.25009	6.8273926
-39.479519	289.95999	6.8371582
-39.478405	294.3587	6.8469238
-39.47718	300.36819	6.8566895
-39.477901	299.22476	6.8664551
-39.47681	295.9866	6.8762207
-39.47538	290.54398	6.8859863
-39.474846	293.61386	6.895752
-39.473759	299.01794	6.9055176
-39.472244	300.85239	6.9152832
-39.47147	301.38562	6.9250488
-39.470879	298.95944	6.9348145
-39.470341	296.26404	6.9445801
-39.469799	295.21646	6.9543457
-39.468346	298.47888	6.9641113
-39.4688	301.55215	6.973877
-39.466579	305.55637	6.9836426
-39.465759	302.29944	6.9934082
-39.465336	299.7337	7.0031738
-39.465923	297.39984	7.0129395
-39.46384	300.18262	7.0227051
-39.462929	306.55646	7.0324707
-39.462677	305.54034	7.0422363
-39.462498	305.8912	7.052002
-39.461216	305.7283	7.0617676
-39.459957	300.52036	7.0715332
-39.458664	303.70242	7.0812988
-39.45858	303.64728	7.0910645
-39.45694	309.42004	7.1008301
-39.456974	309.51712	7.1105957
-39.455498	305.70279	7.1203613
-39.45504	305.45792	7.130127
-39.453896	305.89951	7.1398926
-39.453938	308.50461	7.1496582
-39.452682	309.11639	7.1594238
-39.452896	309.56	7.1691895
-39.451214	311.70227	7.1789551
-39.451584	309.77026	7.1887207
-39.449528	306.98746	7.1984863
-39.448833	308.44299	7.208252
-39.447819	309.40137	7.2180176
-39.446949	313.2562	7.2277832
-39.446247	312.55658	7.2375488
-39.445168	311.94598	7.2473145
-39.445274	311.65134	7.2570801
-39.444496	310.8826	7.2668457
-39.44313	313.22162	7.2766113
-39.442436	312.50809	7.286377
-39.442062	314.62256	7.2961426
-39.44128	318.09741	7.3059082
-39.44112	315.28186	7.3156738
-39.4384	310.33517	7.3254395
-39.436691	311.85214	7.3352051
-39.436188	316.07367	7.3449707
-39.436497	317.6134	7.3547363
-39.435478	319.18176	7.364502
-39.434067	316.0444	7.3742676
-39.434147	316.53485	7.3840332
-39.432426	314.9527	7.3937988
-39.432777	315.3728	7.4035645
-39.430351	320.41437	7.4133301
-39.430019	322.1376	7.4230957
-39.430382	322.43677	7.4328613
-39.429329	316.82132	7.442627
-39.428837	313.60269	7.4523926
-39.427284	318.35693	7.4621582
-39.427151	320.55304	7.4719238
-39.42646	324.31775	7.4816895
-39.424911	323.5322	7.4914551
-39.424274	320.53488	7.5012207
-39.423088	319.50134	7.5109863
-39.42321	315.23544	7.520752
-39.421749	322.71362	7.5305176
-39.42062	326.79111	7.5402832
-39.41983	326.37158	7.5500488
-39.418404	325.89328	7.5598145
-39.417957	319.65088	7.5695801
-39.416473	321.34778	7.5793457
-39.417194	325.00043	7.5891113
-39.415981	328.70367	7.598877
-39.414928	326.95325	7.6086426
-39.414089	326.47501	7.6184082
-39.412903	325.46722	7.6281738
-39.412487	323.31979	7.6379395
-39.411747	324.99808	7.6477051
-39.410522	328.11395	7.6574707
-39.409561	332.28055	7.6672363
-39.409729	331.02344	7.677002
-39.409458	327.92429	7.6867676
-39.408417	327.04068	7.6965332
-39.406876	328.39648	7.7062988
-39.407387	331.63022	7.7160645
-39.405262	330.56897	7.7258301
-39.403679	333.13766	7.7355957
-39.403919	332.77829	7.7453613
-39.403103	329.16675	7.755127
-39.401478	329.38284	7.7648926
-39.400513	327.58759	7.7746582
-39.401051	334.39972	7.7844238
-39.399681	336.30524	7.7941895
-39.39883	333.65546	7.8039551
-39.397846	333.42752	7.8137207
-39.397995	333.18271	7.8234863
-39.396847	333.26114	7.833252
-39.395237	334.52658	7.8430176
-39.395142	334.06396	7.8527832
-39.394672	339.25806	7.8625488
-39.392887	338.94925	7.8723145
-39.39262	336.04843	7.8820801
-39.391136	332.73938	7.8918457
-39.389744	333.56918	7.9016113
-39.39006	340.41882	7.911377
-39.388958	340.8288	7.9211426
-39.389828	341.29495	7.9309082
-39.388077	338.86664	7.9406738
-39.385754	336.36676	7.9504395
-39.385319	335.61304	7.9602051
-39.385372	336.82227	7.9699707
-39.385105	340.97717	7.9797363
-39.383343	345.3096	7.989502
-39.383102	342.49557	7.9992676
-39.382	336.75244	8.0090332
-39.379978	335.97708	8.0187988
-39.381344	340.28436	8.0285645
-39.379456	344.12527	8.0383301
-39.378712	346.01028	8.0480957
-39.377686	342.28909	8.0578613
-39.376389	342.45245	8.067627
-39.375549	338.83731	8.0773926
-39.374886	339.88693	8.0871582
-39.374588	345.03809	8.0969238
-39.373516	346.44611	8.1066895
-39.372292	348.28299	8.1164551
-39.371319	344.44803	8.1262207
-39.370907	340.57132	8.1359863
-39.369957	343.28247	8.145752
-39.369427	347.54349	8.1555176
-39.368954	350.75052	8.1652832
-39.368511	350.10464	8.1750488
-39.368179	348.23166	8.1848145
-39.365734	346.40591	8.1945801
-39.365089	342.72125	8.2043457
-39.364147	347.27917	8.2141113
-39.362797	351.00684	8.223877
-39.36261	352.8577	8.2336426
-39.362675	352.69797	8.2434082
-39.362457	345.53348	8.2531738
-39.360207	345.19235	8.2629395
-39.359055	349.5853	8.2727051
-39.359463	352.18491	8.2824707
-39.358902	353.72958	8.2922363
-39.357376	351.55652	8.302002
-39.357197	351.00571	8.3117676
-39.355934	351.24088	8.3215332
-39.355587	348.64191	8.3312988
-39.354504	350.61594	8.3410645
-39.353863	355.65164	8.3508301
-39.353432	356.95828	8.3605957
-39.350624	354.07587	8.3703613
-39.351418	351.14667	8.380127
-39.349903	350.92175	8.3898926
-39.349987	355.629	8.3996582
-39.348454	354.79791	8.4094238
-39.347477	355.30386	8.4191895
-39.347862	357.2475	8.4289551
-39.346539	357.42206	8.4387207
-39.344749	355.65976	8.4484863
-39.344173	351.87009	8.458252
-39.343372	355.5903	8.4680176
-39.342373	360.74088	8.4777832
-39.341625	358.9245	8.4875488
-39.340569	360.25613	8.4973145
-39.339699	354.62787	8.5070801
-39.339699	357.44159	8.5168457
-39.338627	358.06879	8.5266113
-39.338657	358.21118	8.536377
-39.337765	363.65164	8.5461426
-39.335705	363.66925	8.5559082
-39.336411	360.22388	8.5656738
-39.333778	356.44006	8.5754395
-39.334042	356.47293	8.5852051
-39.333309	361.14783	8.5949707
-39.331886	365.61221	8.6047363
-39.330429	364.31671	8.614502
-39.330788	362.78131	8.6242676
-39.328953	359.87686	8.6340332
-39.328823	360.97601	8.6437988
-39.328743	360.06555	8.6535645
-39.326874	365.37341	8.6633301
-39.32637	369.6171	8.6730957
-39.326267	367.22632	8.6828613
-39.324936	361.78452	8.692627
-39.323471	359.46951	8.7023926
-39.323158	361.22665	8.7121582
-39.322544	368.30099	8.7219238
-39.321445	370.17886	8.7316895
-39.321125	367.58032	8.7414551
-39.31974	366.74231	8.7512207
-39.320198	363.56714	8.7609863
-39.318935	363.26242	8.770752
-39.31715	368.09396	8.7805176
-39.317265	369.38416	8.7902832
-39.316643	374.13351	8.8000488
-39.314232	369.73929	8.8098145
-39.313786	362.9931	8.8195801
-39.31366	364.29993	8.8293457
-39.313332	369.01172	8.8391113
-39.311157	373.50418	8.848877
-39.311363	372.90613	8.8586426
-39.310364	371.33194	8.8684082
-39.309792	371.45053	8.8781738
-39.308609	367.28442	8.8879395
-39.307056	369.23401	8.8977051
-39.30727	371.54932	8.9074707
-39.305653	374.2822	8.9172363
-39.305344	376.29855	8.927002
-39.304062	370.16833	8.9367676
-39.30368	370.17749	8.9465332
-39.302013	371.12793	8.9562988
-39.302841	373.9249	8.9660645
-39.301891	375.30481	8.9758301
-39.301041	375.72296	8.9855957
-39.300724	376.39093	8.9953613
-39.298256	376.15765	9.005127
-39.297009	372.33646	9.0148926
-39.296791	373.13214	9.0246582
-39.295971	376.34521	9.0344238
-39.296173	379.30524	9.0441895
-39.295116	378.59491	9.0539551
-39.292892	375.29941	9.0637207
-39.294094	373.90607	9.0734863
-39.293224	375.62109	9.083252
-39.291161	375.04971	9.0930176
-39.289909	376.7854	9.1027832
-39.290379	379.85297	9.1125488
-39.28899	380.74631	9.1223145
-39.287807	379.24957	9.1320801
-39.287567	373.29089	9.1418457
-39.286358	376.72278	9.1516113
-39.286896	382.35333	9.161377
-39.285442	382.39218	9.1711426
-39.283066	384.6915	9.1809082
-39.283783	379.63538	9.1906738
-39.28191	379.36563	9.2004395
-39.281204	380.9913	9.2102051
-39.281261	378.51794	9.2199707
-39.279903	385.59122	9.2297363
-39.278175	386.28812	9.239502
-39.27906	383.58939	9.2492676
-39.277237	378.69775	9.2590332
-39.277767	375.84592	9.2687988
-39.276115	381.69543	9.2785645
-39.275501	387.95361	9.2883301
-39.27356	387.90891	9.2980957
-39.273182	383.69269	9.3078613
-39.273521	381.6976	9.317627
-39.273376	382.52518	9.3273926
-39.270378	380.66284	9.3371582
-39.271206	385.60245	9.3469238
-39.269062	389.77429	9.3566895
-39.268677	390.21063	9.3664551
-39.268154	386.30609	9.3762207
-39.267124	381.07196	9.3859863
-39.266312	381.94748	9.395752
-39.265598	387.5546	9.4055176
-39.264927	391.00314	9.4152832
-39.263805	388.12891	9.4250488
-39.264183	387.92163	9.4348145
-39.26313	385.48413	9.4445801
-39.261707	385.12338	9.4543457
-39.260696	386.18185	9.4641113
-39.258411	389.68213	9.473877
-39.259651	393.84961	9.4836426
-39.257576	392.1944	9.4934082
-39.257	386.1795	9.5031738
-39.255337	387.58755	9.5129395
-39.255669	387.99014	9.5227051
-39.254089	393.37531	9.5324707
-39.254482	393.9718	9.5422363
-39.252872	391.75812	9.552002
-39.253468	391.85233	9.5617676
-39.251492	391.31866	9.5715332
-39.24984	389.76028	9.5812988
-39.249538	391.06274	9.5910645
-39.248627	393.59229	9.6008301
-39.247692	396.07846	9.6105957
-39.247074	391.37756	9.6203613
-39.246601	391.79291	9.630127
-39.246712	389.60583	9.6398926
-39.245125	391.49478	9.6496582
-39.244598	395.17923	9.6594238
-39.243752	394.93991	9.6691895
-39.242908	397.26645	9.6789551
-39.241386	397.1756	9.6887207
-39.24128	393.25269	9.6984863
-39.240082	390.85257	9.708252
-39.239517	393.95248	9.7180176
-39.237968	398.53348	9.7277832
-39.237221	400.11908	9.7375488
-39.237045	398.69943	9.7473145
-39.236446	394.11148	9.7570801
-39.235653	394.00314	9.7668457
-39.233837	394.33047	9.7766113
-39.233868	397.80496	9.786377
-39.232494	401.49039	9.7961426
-39.231903	402.86319	9.8059082
-39.23167	401.07474	9.8156738
-39.229832	394.68549	9.8254395
-39.229179	395.77942	9.8352051
-39.229362	398.60132	9.8449707
-39.227779	402.9043	9.8547363
-39.227116	403.76065	9.864502
-39.226463	399.60718	9.8742676
-39.224537	397.27356	9.8840332
-39.224754	399.27051	9.8937988
-39.223644	396.98184	9.9035645
-39.222786	404.27109	9.9133301
-39.222454	404.61993	9.9230957
-39.22123	404.64243	9.9328613
-39.220592	401.59726	9.942627
-39.220413	395.88727	9.9523926
-39.219662	400.40338	9.9621582
-39.218731	404.61874	9.9719238
-39.217358	406.57172	9.9816895
-39.216652	405.65936	9.9914551
-39.214687	402.82028	10.001221
-39.215298	401.37155	10.010986
-39.213356	401.17847	10.020752
-39.214256	403.46088	10.030518
-39.212307	407.4104	10.040283
-39.212204	408.1394	10.050049
-39.209972	405.96106	10.059814
-39.210297	400.9032	10.06958
-39.210491	401.16635	10.079346
-39.2089	406.0293	10.089111
-39.208084	409.77002	10.098877
-39.205975	407.698	10.108643
-39.206268	406.38556	10.118408
-39.205044	404.6828	10.128174
-39.205162	405.51266	10.137939
-39.203022	405.75635	10.147705
-39.202717	405.71503	10.157471
-39.201965	410.48108	10.167236
-39.202053	410.88065	10.177002
-39.200588	408.40625	10.186768
-39.199474	406.90219	10.196533
-39.198975	405.80872	10.206299
-39.197258	409.65164	10.216064
-39.19685	409.99164	10.22583
-39.195503	409.82123	10.235596
-39.194458	408.87238	10.245361
-39.195148	409.85425	10.255127
-39.193993	409.43463	10.264893
-39.19355	407.37747	10.274658
-39.191658	409.80402	10.284424
-39.191349	414.56973	10.294189
-39.1898	411.41241	10.303955
-39.189861	411.32977	10.313721
-39.189751	408.05362	10.323486
-39.188587	408.13089	10.333252
-39.187527	411.4537	10.343018
-39.187572	412.69733	10.352783
-39.186127	416.14154	10.362549
-39.184692	414.63269	10.372314
-39.183563	411.20807	10.38208
-39.183243	409.37735	10.391846
-39.183685	409.89029	10.401611
-39.181553	413.31387	10.411377
-39.180214	417.56985	10.421143
-39.179489	416.64969	10.430908
-39.179924	412.08768	10.440674
-39.177422	411.03815	10.450439
-39.176949	411.83942	10.460205
-39.176922	413.92786	10.469971
-39.174713	416.39401	10.479736
-39.17482	418.58176	10.489502
-39.174206	415.55759	10.499268
-39.173592	412.11414	10.509033
-39.172562	410.80331	10.518799
-39.171764	415.03574	10.528564
-39.17112	419.4277	10.53833
-39.168983	422.7753	10.548096
-39.169498	415.86792	10.557861
-39.168694	414.37573	10.567627
-39.167942	413.98059	10.577393
-39.167496	413.50336	10.587158
-39.166367	419.0849	10.596924
-39.166031	420.17303	10.606689
-39.164337	421.71066	10.616455
-39.163055	418.65579	10.626221
-39.164814	412.97617	10.635986
-39.162071	415.50305	10.645752
-39.161251	418.21548	10.655518
-39.159996	423.15137	10.665283
-39.159618	422.39178	10.675049
-39.157749	417.54346	10.684814
-39.158127	418.20212	10.69458
-39.156982	416.79504	10.704346
-39.156521	420.16528	10.714111
-39.155258	420.80835	10.723877
-39.15398	424.28015	10.733643
-39.154446	421.93771	10.743408
-39.153984	418.19421	10.753174
-39.151981	417.5098	10.762939
-39.152306	420.04178	10.772705
-39.150692	422.49722	10.782471
-39.150249	422.98254	10.792236
-39.148663	422.33423	10.802002
-39.147659	420.35281	10.811768
-39.147469	422.72223	10.821533
-39.146851	420.70126	10.831299
-39.144852	420.41379	10.841064
-39.14502	424.96628	10.85083
-39.14539	426.50815	10.860596
-39.143909	425.68042	10.870361
-39.143326	422.90338	10.880127
-39.141827	419.12137	10.889893
-39.140877	424.14304	10.899658
-39.140522	424.97806	10.909424
-39.139793	424.76736	10.919189
-39.139294	426.99893	10.928955
-39.138042	425.79453	10.938721
-39.13615	423.37082	10.948486
-39.13538	421.03918	10.958252
-39.134853	421.44125	10.968018
-39.13438	427.70291	10.977783
-39.134071	427.07181	10.987549
-39.132866	428.06635	10.997314
-39.131672	422.76923	11.00708
-39.131104	422.59393	11.016846
-39.130531	426.04742	11.026611
-39.129684	425.71841	11.036377
-39.128036	430.09833	11.046143
-39.12656	429.9978	11.055908
-39.12709	425.98389	11.065674
-39.126152	422.95709	11.075439
-39.126114	421.00452	11.085205
-39.124771	426.00043	11.094971
-39.123226	432.37051	11.104736
-39.123608	430.45557	11.114502
-39.122459	427.25629	11.124268
-39.121422	424.60281	11.134033
-39.120762	423.45804	11.143799
-39.11998	425.95438	11.153564
-39.118958	430.09259	11.16333
-39.117519	431.05334	11.173096
-39.1175	430.82394	11.182861
-39.116993	426.04932	11.192627
-39.116302	422.49597	11.202393
-39.115402	424.89951	11.212158
-39.114285	431.36926	11.221924
-39.113701	435.37622	11.231689
-39.112343	431.68701	11.241455
-39.111061	428.42929	11.251221
-39.110291	428.29303	11.260986
-39.109745	426.7644	11.270752
-39.108624	431.31589	11.280518
-39.107315	432.63156	11.290283
-39.108032	433.53024	11.300049
-39.1063	432.26422	11.309814
-39.105591	426.82834	11.31958
-39.105553	429.58972	11.329346
-39.104935	429.25375	11.339111
-39.104321	434.38681	11.348877
-39.10252	434.93311	11.358643
-39.102421	430.69595	11.368408
-39.102367	431.27621	11.378174
-39.099937	431.54318	11.387939
-39.099442	429.81152	11.397705
-39.098465	433.06497	11.407471
-39.097641	433.0672	11.417236
-39.096584	436.97318	11.427002
-39.097363	432.07675	11.436768
-39.095066	431.29813	11.446533
-39.095901	430.15289	11.456299
-39.093624	433.25885	11.466064
-39.092674	435.40073	11.47583
-39.091766	435.21527	11.485596
-39.091324	434.15848	11.495361
-39.090225	434.58557	11.505127
-39.088867	431.34769	11.514893
-39.088352	430.52405	11.524658
-39.08746	434.08472	11.534424
-39.088078	436.4812	11.544189
-39.086098	438.03851	11.553955
-39.086205	435.02557	11.563721
-39.084183	430.32343	11.573486
-39.083855	432.81744	11.583252
-39.082779	434.75455	11.593018
-39.081104	434.86655	11.602783
-39.081619	438.7984	11.612549
-39.080593	435.18826	11.622314
-39.079472	434.9563	11.63208
-39.079845	431.67313	11.641846
-39.078602	430.84363	11.651611
-39.077713	436.74283	11.661377
-39.076809	440.30969	11.671143
-39.0756	441.11786	11.680908
-39.076279	435.01495	11.690674
-39.073242	431.74957	11.700439
-39.073563	434.89648	11.710205
-39.071686	435.46817	11.719971
-39.07243	440.62335	11.729736
-39.070637	438.72455	11.739502
-39.07082	437.47327	11.749268
-39.06921	433.93066	11.759033
-39.068939	430.80219	11.768799
-39.067577	435.68036	11.778564
-39.066605	442.53003	11.78833
-39.065868	441.64285	11.798096
-39.065956	437.90649	11.807861
-39.064716	434.6221	11.817627
-39.06406	433.64267	11.827393
-39.06287	437.27771	11.837158
-39.062485	438.94836	11.846924
-39.061844	439.61499	11.856689
-39.060783	443.58688	11.866455
-39.059017	437.08591	11.876221
-39.058731	434.11972	11.885986
-39.057888	437.00177	11.895752
-39.056984	438.17551	11.905518
-39.056534	444.08759	11.915283
-39.055401	440.51581	11.925049
-39.054459	438.5618	11.934814
-39.054684	436.44046	11.94458
-39.053349	437.86636	11.954346
-39.052017	440.04282	11.964111
-39.051346	441.63449	11.973877
-39.050518	442.24759	11.983643
-39.050766	444.14017	11.993408
-39.047722	438.2312	12.003174
-39.047958	438.12448	12.012939
-39.04731	437.81195	12.022705
-39.04668	441.52148	12.032471
-39.045849	443.3013	12.042236
-39.045094	441.30136	12.052002
-39.044689	441.62665	12.061768
-39.042446	440.89136	12.071533
-39.042015	440.10645	12.081299
-39.041801	439.6192	12.091064
-39.040455	439.2338	12.10083
-39.039791	446.28638	12.110596
-39.03944	444.24231	12.120361
-39.039021	439.30984	12.130127
-39.038162	436.77042	12.139893
-39.036198	437.97742	12.149658
-39.035503	442.82224	12.159424
-39.035549	443.56628	12.169189
-39.034958	442.56711	12.178955
-39.033615	443.85559	12.188721
-39.032604	439.39594	12.198486
-39.032345	437.87103	12.208252
-39.031513	440.42593	12.218018
-39.030273	443.43954	12.227783
-39.028675	448.07483	12.237549
-39.028938	445.32443	12.247314
-39.0285	437.75226	12.25708
-39.027519	438.68851	12.266846
-39.027	439.05157	12.276611
-39.026375	442.6239	12.286377
-39.024376	448.59024	12.296143
-39.024254	442.98764	12.305908
-39.023537	444.15988	12.315674
-39.021767	437.69861	12.325439
-39.021492	437.74826	12.335205
-39.021317	442.97638	12.344971
-39.020657	446.3978	12.354736
-39.018414	449.23306	12.364502
-39.017841	443.2681	12.374268
-39.016144	440.00623	12.384033
-39.015724	441.81909	12.393799
-39.016422	441.54483	12.403564
-39.015713	446.5264	12.41333
-39.013988	447.3154	12.423096
-39.013939	445.41434	12.432861
-39.011875	444.92374	12.442627
-39.012886	438.60446	12.452393
-39.011517	442.15402	12.462158
-39.009937	446.42291	12.471924
-39.009438	448.9686	12.481689
-39.008171	447.08023	12.491455
-39.006687	442.2688	12.501221
-39.006126	440.94437	12.510986
-39.005016	443.00485	12.520752
-39.005112	444.77493	12.530518
-39.004223	446.92593	12.540283
-39.003124	446.86862	12.550049
-39.001709	445.6333	12.559814
-39.002293	442.09882	12.56958
-39.00071	440.63641	12.579346
-39.000031	442.65521	12.589111
-38.999233	449.47995	12.598877
-38.997967	447.51291	12.608643
-38.997471	445.3689	12.618408
-38.996307	442.05673	12.628174
-38.995823	444.54913	12.637939
-38.995598	446.58972	12.647705
-38.994102	443.41495	12.657471
-38.993454	446.95279	12.667236
-38.992298	450.82816	12.677002
-38.991299	446.57858	12.686768
-38.992718	445.0174	12.696533
-38.990532	441.01593	12.706299
-38.989956	446.13663	12.716064
-38.989151	449.08719	12.72583
-38.988316	446.9541	12.735596
-38.986931	447.90012	12.745361
-38.985577	446.51871	12.755127
-38.985542	445.71564	12.764893
-38.984715	444.01376	12.774658
-38.984028	443.91049	12.784424
-38.98259	449.99667	12.794189
-38.981846	450.53018	12.803955
-38.981556	448.03259	12.813721
-38.98119	442.44586	12.823486
-38.979927	442.88663	12.833252
-38.978771	446.98709	12.843018
-38.978157	449.27924	12.852783
-38.977985	450.72672	12.862549
-38.976444	448.52005	12.872314
-38.975918	445.31567	12.88208
-38.97467	442.42194	12.891846
-38.973053	444.2312	12.901611
-38.972694	446.82733	12.911377
-38.972301	450.70511	12.921143
-38.971256	451.39322	12.930908
-38.970417	443.97943	12.940674
-38.970592	443.12515	12.950439
-38.969395	443.91544	12.960205
-38.96706	447.20346	12.969971
-38.967896	451.79559	12.979736
-38.965866	449.59167	12.989502
-38.965714	449.46811	12.999268
-38.965931	444.35434	13.009033
-38.963352	441.43381	13.018799
-38.963696	446.57523	13.028564
-38.963745	450.13974	13.03833
-38.962708	455.4433	13.048096
-38.960667	449.5195	13.057861
-38.960773	444.76724	13.067627
-38.960274	443.87595	13.077393
-38.958477	448.28091	13.087158
-38.957478	450.70795	13.096924
-38.957821	451.05637	13.106689
-38.956562	449.7413	13.116455
-38.95509	447.79843	13.126221
-38.953461	443.19122	13.135986
-38.954521	447.26892	13.145752
-38.953552	447.30573	13.155518
-38.952229	451.68411	13.165283
-38.951092	452.17798	13.175049
-38.950211	446.92712	13.184814
-38.9501	443.85925	13.19458
-38.948166	448.46509	13.204346
-38.948986	447.59586	13.214111
-38.947556	449.53497	13.223877
-38.94614	450.92865	13.233643
-38.945911	451.19205	13.243408
-38.944878	448.24326	13.253174
-38.943428	445.50644	13.262939
-38.942657	447.39539	13.272705
-38.941833	450.97241	13.282471
-38.942173	451.68362	13.292236
-38.940681	450.54974	13.302002
-38.939842	448.32135	13.311768
-38.939198	447.8161	13.321533
-38.938961	448.4454	13.331299
-38.937664	446.86346	13.341064
-38.936863	448.4895	13.35083
-38.936172	451.53467	13.360596
-38.934422	451.53983	13.370361
-38.934086	449.4657	13.380127
-38.933128	443.73907	13.389893
-38.932537	446.44943	13.399658
-38.932011	451.11505	13.409424
-38.931854	449.15897	13.419189
-38.929604	453.66751	13.428955
-38.929806	448.38754	13.438721
-38.928108	447.24524	13.448486
-38.928123	446.77396	13.458252
-38.927242	445.1864	13.468018
-38.925846	450.73935	13.477783
-38.925659	454.82874	13.487549
-38.924873	450.45889	13.497314
-38.923355	446.01782	13.50708
-38.922092	443.29807	13.516846
-38.922821	449.00131	13.526611
-38.920521	450.93045	13.536377
-38.919216	452.9935	13.546143
-38.920063	450.97433	13.555908
-38.918507	448.53262	13.565674
-38.919285	445.00208	13.575439
-38.917233	446.37332	13.585205
-38.915897	449.31238	13.594971
-38.915161	455.18335	13.604736
-38.915234	455.11499	13.614502
-38.913868	447.92853	13.624268
-38.913422	444.60388	13.634033
-38.912151	444.67688	13.643799
-38.910519	449.87509	13.653564
-38.911079	453.30847	13.66333
-38.909218	451.09195	13.673096
-38.909271	451.7735	13.682861
-38.907032	446.91745	13.692627
-38.908123	444.86621	13.702393
-38.906906	446.98965	13.712158
-38.906425	449.72546	13.721924
-38.904755	455.88919	13.731689
-38.90416	450.30151	13.741455
-38.903427	445.69675	13.751221
-38.902302	445.64587	13.760986
-38.900803	447.04617	13.770752
-38.900707	449.9624	13.780518
-38.900543	448.61703	13.790283
-38.898857	451.02179	13.800049
-38.898445	450.64581	13.809814
-38.897339	445.79132	13.81958
-38.896252	445.98975	13.829346
-38.896381	447.27991	13.839111
-38.895756	451.34189	13.848877
-38.894325	454.24051	13.858643
-38.893177	448.42575	13.868408
-38.89307	447.72372	13.878174
-38.891876	448.21994	13.887939
-38.891254	447.36844	13.897705
-38.889942	448.66351	13.907471
-38.888962	450.1044	13.917236
-38.888557	450.1134	13.927002
-38.887108	452.25818	13.936768
-38.88718	446.70972	13.946533
-38.885601	445.43997	13.956299
-38.886074	448.06454	13.966064
-38.88488	450.83224	13.97583
-38.883617	451.21347	13.985596
-38.884602	449.59274	13.995361
-38.882305	447.24377	14.005127
-38.880836	447.50067	14.014893
-38.88026	445.22015	14.024658
-38.880398	447.819	14.034424
-38.87933	450.31488	14.044189
-38.87788	452.80759	14.053955
-38.876514	451.20679	14.063721
-38.878021	445.22498	14.073486
-38.876125	444.76135	14.083252
-38.874886	448.45773	14.093018
-38.874535	448.72372	14.102783
-38.87355	453.13571	14.112549
-38.871513	449.41843	14.122314
-38.871002	448.78952	14.13208
-38.870987	446.37283	14.141846
-38.870136	443.14951	14.151611
-38.86985	449.47037	14.161377
-38.868103	453.08112	14.171143
-38.866661	452.88098	14.180908
-38.867741	448.08655	14.190674
-38.865452	444.46674	14.200439
-38.864754	445.87488	14.210205
-38.864712	450.34656	14.219971
-38.863407	453.03922	14.229736
-38.861809	452.36658	14.239502
-38.860996	448.39963	14.249268
-38.860909	446.86563	14.259033
-38.859676	443.81863	14.268799
-38.859833	447.26907	14.278564
-38.858585	451.35352	14.28833
-38.857662	452.57285	14.298096
-38.857452	449.1568	14.307861
-38.855869	444.65317	14.317627
-38.856613	443.17651	14.327393
-38.854046	446.91882	14.337158
-38.853073	451.82108	14.346924
-38.852715	449.74161	14.356689
-38.851795	450.42206	14.366455
-38.850491	447.91663	14.376221
-38.851089	445.83264	14.385986
-38.850216	444.73874	14.395752
-38.850098	445.52155	14.405518
-38.84964	454.32336	14.415283
-38.848099	450.91711	14.425049
-38.847179	444.97656	14.434814
-38.845181	445.08337	14.44458
-38.843372	444.64734	14.454346
-38.84293	450.09482	14.464111
-38.843147	447.22342	14.473877
-38.842922	447.99527	14.483643
-38.841396	450.40942	14.493408
-38.840603	446.09641	14.503174
-38.840332	445.44171	14.512939
-38.839676	443.62228	14.522705
-38.839329	447.8735	14.532471
-38.83683	451.61859	14.542236
-38.837116	448.63232	14.552002
-38.835743	447.7876	14.561768
-38.834641	445.20642	14.571533
-38.835213	445.06143	14.581299
-38.833187	446.86319	14.591064
-38.833897	447.19852	14.60083
-38.832199	450.77039	14.610596
-38.830051	451.17636	14.620361
-38.82917	445.34448	14.630127
-38.829605	442.69028	14.639893
-38.828754	444.2663	14.649658
-38.827724	446.29144	14.659424
-38.826988	450.18237	14.669189
-38.826553	449.32465	14.678955
-38.824486	446.85388	14.688721
-38.824356	445.44449	14.698486
-38.823513	443.09509	14.708252
-38.82423	443.85492	14.718018
-38.822479	447.45636	14.727783
-38.820564	451.45636	14.737549
-38.819862	449.85938	14.747314
-38.818882	441.8895	14.75708
-38.817944	441.46243	14.766846
-38.818085	443.46979	14.776611
-38.81691	446.8237	14.786377
-38.816433	450.99979	14.796143
-38.816105	447.38269	14.805908
-38.815315	445.35617	14.815674
-38.813847	442.91727	14.825439
-38.812366	441.46408	14.835205
-38.811859	446.75287	14.844971
-38.811932	450.52588	14.854736
-38.810146	451.54071	14.864502
-38.81028	447.39059	14.874268
-38.808273	439.85989	14.884033
-38.808998	441.28992	14.893799
-38.807014	445.68018	14.903564
-38.805733	447.3219	14.91333
-38.805912	447.32364	14.923096
-38.804707	445.75375	14.932861
-38.804272	444.85229	14.942627
-38.804367	440.98102	14.952393
-38.803123	442.34363	14.962158
-38.80209	447.52124	14.971924
-38.80048	449.69858	14.981689
-38.799484	448.73813	14.991455
-38.79921	442.49457	15.001221
-38.79771	440.62299	15.010986
-38.796417	444.73016	15.020752
-38.797588	447.95831	15.030518
-38.795155	445.84592	15.040283
-38.796383	447.66077	15.050049
-38.793854	446.8736	15.059814
-38.793549	443.71729	15.06958
-38.792995	441.9762	15.079346
-38.792927	441.14685	15.089111
-38.790043	446.71063	15.098877
-38.7897	447.41272	15.108643
-38.789494	444.85355	15.118408
-38.789234	444.21933	15.128174
-38.78759	440.80334	15.137939
-38.78743	443.70883	15.147705
-38.785965	443.04166	15.157471
-38.786163	444.86755	15.167236
-38.784195	447.98395	15.177002
-38.782982	445.82739	15.186768
-38.78236	443.09189	15.196533
-38.782875	438.87167	15.206299
-38.781094	442.0661	15.216064
-38.781376	445.99948	15.22583
-38.7794	445.7858	15.235596
-38.779186	447.54541	15.245361
-38.778576	442.95062	15.255127
-38.776299	442.85959	15.264893
-38.775116	442.71628	15.274658
-38.775616	442.19064	15.284424
-38.774639	447.6669	15.294189
-38.774734	448.6116	15.303955
-38.772224	446.31116	15.313721
-38.772259	438.75375	15.323486
-38.77232	438.63321	15.333252
-38.770012	444.46152	15.343018
-38.769192	447.49457	15.352783
-38.769306	446.98785	15.362549
-38.769165	445.86136	15.372314
-38.768089	442.73105	15.38208
-38.767143	440.59384	15.391846
-38.765285	438.76791	15.401611
-38.764584	444.03522	15.411377
-38.763424	448.19153	15.421143
-38.763264	447.78223	15.430908
-38.762463	441.47681	15.440674
-38.761658	438.76053	15.450439
-38.760006	440.51508	15.460205
-38.760677	445.49579	15.469971
-38.759296	448.09457	15.479736
-38.759045	445.07013	15.489502
-38.758541	443.94354	15.499268
-38.755653	441.72791	15.509033
-38.75555	437.91678	15.518799
-38.754543	443.54355	15.528564
-38.754745	444.30429	15.53833
-38.754253	449.45682	15.548096
-38.751595	445.63983	15.557861
-38.752281	437.12296	15.567627
-38.750332	438.81976	15.577393
-38.75021	442.28339	15.587158
-38.750507	445.18625	15.596924
-38.749374	445.83148	15.606689
-38.748272	442.78476	15.616455
-38.7472	444.37753	15.626221
-38.746449	440.35364	15.635986
-38.745075	439.8136	15.645752
-38.744804	442.14923	15.655518
-38.743118	444.04083	15.665283
-38.742924	446.53784	15.675049
-38.741188	440.70538	15.684814
-38.741989	438.88541	15.69458
-38.741642	441.00677	15.704346
-38.739986	442.66287	15.714111
-38.739258	442.40311	15.723877
-38.737549	443.83908	15.733643
-38.737457	444.10895	15.743408
-38.737255	444.53949	15.753174
-38.736546	440.21497	15.762939
-38.735424	437.16495	15.772705
-38.733646	441.15158	15.782471
-38.733047	444.50937	15.792236
-38.732323	444.5528	15.802002
-38.730762	443.36526	15.811768
-38.730263	438.65839	15.821533
-38.729733	441.48215	15.831299
-38.729401	441.2373	15.841064
-38.727211	441.57352	15.85083
-38.727612	443.05472	15.860596
-38.726395	444.26929	15.870361
-38.725948	441.71457	15.880127
-38.724487	437.64291	15.889893
-38.723972	437.8732	15.899658
-38.723198	443.3002	15.909424
-38.722836	445.05252	15.919189
-38.721622	446.15982	15.928955
-38.721134	441.6174	15.938721
-38.719681	438.79242	15.948486
-38.719936	438.1962	15.958252
-38.718334	437.56873	15.968018
-38.717621	442.81946	15.977783
-38.71793	445.34781	15.987549
-38.716179	443.77002	15.997314
-38.715866	439.34985	16.00708
-38.714329	435.87524	16.016846
-38.713203	439.60693	16.026611
-38.713615	444.92905	16.036377
-38.712204	445.55072	16.046143
-38.710575	444.01404	16.055908
-38.710434	440.51349	16.065674
-38.709324	437.50565	16.075439
-38.708843	437.62903	16.085205
-38.707817	441.39691	16.094971
-38.707088	445.03326	16.104736
-38.705715	446.26172	16.114502
-38.705051	440.96118	16.124268
-38.703728	435.46988	16.134033
-38.704533	435.28891	16.143799
-38.703564	439.11765	16.153564
-38.703014	444.61758	16.16333
-38.702171	439.5593	16.173096
-38.700745	441.55582	16.182861
-38.700874	438.71698	16.192627
-38.699665	435.79529	16.202393
-38.698147	439.72763	16.212158
-38.69783	439.79312	16.221924
-38.696819	443.5751	16.231689
-38.695995	443.5867	16.241455
-38.695076	436.91483	16.251221
-38.695011	436.11536	16.260986
-38.693527	436.83902	16.270752
-38.69455	439.77902	16.280518
-38.692005	441.97964	16.290283
-38.690697	439.32803	16.300049
-38.689762	440.56897	16.309814
-38.689423	438.52808	16.31958
-38.688301	436.68112	16.329346
-38.686779	436.07764	16.339111
-38.686188	438.72519	16.348877
-38.685501	444.00821	16.358643
-38.685665	441.01212	16.368408
-38.684353	438.78745	16.378174
-38.683456	436.15182	16.387939
-38.682785	436.6123	16.397705
-38.681782	438.21024	16.407471
-38.680046	439.93536	16.417236
-38.681877	440.16504	16.427002
-38.679684	442.52429	16.436768
-38.679352	438.33401	16.446533
-38.677673	433.32419	16.456299
-38.676552	436.93433	16.466064
-38.676472	440.52838	16.47583
-38.675423	441.08633	16.485596
-38.674042	441.53006	16.495361
-38.673546	434.80661	16.505127
-38.674023	437.49109	16.514893
-38.672455	435.56082	16.524658
-38.67112	437.534	16.534424
-38.670757	441.87607	16.544189
-38.67017	442.40317	16.553955
-38.668289	440.55658	16.563721
-38.667553	434.81552	16.573486
-38.667599	433.77457	16.583252
-38.666393	438.58472	16.593018
-38.665253	442.392	16.602783
-38.664036	443.88815	16.612549
-38.663567	440.17767	16.622314
-38.662903	435.85977	16.63208
-38.663006	437.15454	16.641846
-38.661552	432.65964	16.651611
-38.660885	441.75275	16.661377
-38.659664	444.18698	16.671143
-38.659309	441.33057	16.680908
-38.658974	437.48239	16.690674
-38.656631	431.47177	16.700439
-38.655952	433.43832	16.710205
-38.656376	439.93411	16.719971
-38.65522	442.16199	16.729736
-38.653557	439.70291	16.739502
-38.653286	436.20496	16.749268
-38.652645	435.43341	16.759033
-38.652271	434.35394	16.768799
-38.651646	435.8425	16.778564
-38.65081	439.21616	16.78833
-38.649509	441.59979	16.798096
-38.64814	439.12387	16.807861
-38.647633	433.93945	16.817627
-38.647106	431.24857	16.827393
-38.646267	436.61182	16.837158
-38.644775	440.41333	16.846924
-38.643253	439.01205	16.856689
-38.644585	437.88562	16.866455
-38.643864	437.42221	16.876221
-38.641384	434.99359	16.885986
-38.641499	436.34637	16.895752
-38.640831	434.35715	16.905518
-38.639194	441.28806	16.915283
-38.639179	440.71677	16.925049
-38.637489	436.45554	16.934814
-38.638012	435.90408	16.94458
-38.636047	433.39642	16.954346
-38.635857	438.49188	16.964111
-38.635342	439.56384	16.973877
-38.633194	437.77011	16.983643
-38.633217	437.26297	16.993408
-38.632133	437.35165	17.003174
-38.631973	435.05222	17.012939
-38.631813	432.56116	17.022705
-38.630409	434.94421	17.032471
-38.628445	439.86447	17.042236
-38.627541	438.84485	17.052002
-38.627045	439.08716	17.061768
-38.626678	434.25299	17.071533
-38.626194	434.53793	17.081299
-38.624577	436.52875	17.091064
-38.624016	436.20453	17.10083
-38.622971	437.30267	17.110596
-38.622055	441.09662	17.120361
-38.621422	437.3465	17.130127
-38.621017	431.03772	17.139893
-38.619343	431.98926	17.149658
-38.619431	437.25708	17.159424
-38.619274	440.55881	17.169189
-38.617771	440.21722	17.178955
-38.616703	435.24069	17.188721
-38.616444	434.54776	17.198486
-38.614513	432.79791	17.208252
-38.614727	434.29074	17.218018
-38.613834	439.03806	17.227783
-38.612297	441.23639	17.237549
-38.612698	441.07672	17.247314
-38.611534	433.57104	17.25708
-38.609394	429.13373	17.266846
-38.609299	434.54376	17.276611
-38.609161	438.56381	17.286377
-38.607975	441.89337	17.296143
-38.606361	438.60217	17.305908
-38.606213	434.07135	17.315674
-38.605839	433.17224	17.325439
-38.604717	431.65027	17.335205
-38.604599	435.3584	17.344971
-38.601871	438.58319	17.354736
-38.602516	440.32391	17.364502
-38.600842	438.00027	17.374268
-38.600689	430.32455	17.384033
-38.600037	433.18634	17.393799
-38.599045	436.6947	17.403564
-38.598515	439.23569	17.41333
-38.597466	438.55014	17.423096
-38.596706	433.68494	17.432861
-38.595188	435.15903	17.442627
-38.595177	434.36023	17.452393
-38.593567	434.80554	17.462158
-38.593575	436.36774	17.471924
-38.59203	440.38974	17.481689
-38.591232	437.90097	17.491455
-38.592239	433.15085	17.501221
-38.590279	433.25006	17.510986
-38.58868	432.77869	17.520752
-38.588306	436.20358	17.530518
-38.587093	436.12204	17.540283
-38.586639	437.34164	17.550049
-38.586124	436.25992	17.559814
-38.584015	434.55298	17.56958
-38.584087	432.38098	17.579346
-38.582817	432.27164	17.589111
-38.58157	436.60889	17.598877
-38.582039	439.82358	17.608643
-38.58036	437.34494	17.618408
-38.58036	435.22095	17.628174
-38.579617	431.61887	17.637939
-38.578323	434.32712	17.647705
-38.577	435.13284	17.657471
-38.577042	436.328	17.667236
-38.57634	439.36133	17.677002
-38.573555	437.47058	17.686768
-38.574696	436.04846	17.696533
-38.573715	432.51965	17.706299
-38.572964	432.30014	17.716064
-38.572582	439.36542	17.72583
-38.572258	440.10056	17.735596
-38.570667	438.11603	17.745361
-38.569904	434.30457	17.755127
-38.569263	432.01636	17.764893
-38.568157	434.63031	17.774658
-38.56665	432.853	17.784424
-38.566139	438.06165	17.794189
-38.565472	440.11145	17.803955
-38.565121	436.23499	17.813721
-38.56295	431.87296	17.823486
-38.562618	431.82031	17.833252
-38.562973	432.58347	17.843018
-38.561268	439.4436	17.852783
-38.560978	439.60107	17.862549
-38.559231	435.4693	17.872314
-38.558273	433.71338	17.88208
-38.559101	431.30573	17.891846
-38.557842	432.25562	17.901611
-38.555954	436.70938	17.911377
-38.555553	438.65805	17.921143
-38.555798	440.39774	17.930908
-38.553848	433.6824	17.940674
-38.552666	429.03012	17.950439
-38.552273	432.37045	17.960205
-38.550919	437.90851	17.969971
-38.551044	439.94626	17.979736
-38.550766	436.83401	17.989502
-38.549034	433.90405	17.999268
-38.549431	433.06345	18.009033
-38.548035	429.84625	18.018799
-38.548012	436.10281	18.028564
-38.545242	435.41522	18.03833
-38.545681	437.46829	18.048096
-38.544685	438.34692	18.057861
-38.54377	429.31894	18.067627
-38.542477	430.70728	18.077393
-38.541733	436.09985	18.087158
-38.540802	436.23456	18.096924
-38.54126	437.78027	18.106689
-38.539555	434.0773	18.116455
-38.537861	433.74136	18.126221
-38.537819	434.97198	18.135986
-38.536484	432.45563	18.145752
-38.535126	432.75751	18.155518
-38.535744	436.11002	18.165283
-38.535187	438.63809	18.175049
-38.533524	435.01828	18.184814
-38.533833	430.81287	18.19458
-38.532894	431.75894	18.204346
-38.531498	434.15637	18.214111
-38.529747	436.09113	18.223877
-38.528008	435.90558	18.233643
-38.528271	435.19354	18.243408
-38.528034	435.32117	18.253174
-38.526356	433.91809	18.262939
-38.525795	429.21616	18.272705
-38.526005	432.78302	18.282471
-38.524025	437.43958	18.292236
-38.524616	437.04568	18.302002
-38.522991	437.53452	18.311768
-38.522926	430.93341	18.321533
-38.522224	431.12451	18.331299
-38.519997	433.79401	18.341064
-38.519974	433.63354	18.35083
-38.518982	437.32962	18.360596
-38.518795	436.57333	18.370361
-38.518181	435.64267	18.380127
-38.51754	429.15732	18.389893
-38.516682	428.23618	18.399658
-38.515083	435.40518	18.409424
-38.514324	439.28494	18.419189
-38.514839	438.84424	18.428955
-38.513657	433.52618	18.438721
-38.511429	429.42361	18.448486
-38.510136	432.30652	18.458252
-38.510815	431.04065	18.468018
-38.51001	436.65823	18.477783
-38.508438	438.64099	18.487549
-38.508453	437.13345	18.497314
-38.507267	432.99591	18.50708
-38.505451	428.46277	18.516846
-38.506119	431.20856	18.526611
-38.504555	437.34164	18.536377
-38.502789	438.77066	18.546143
-38.502869	435.37601	18.555908
-38.50293	433.82578	18.565674
-38.500618	429.48505	18.575439
-38.500546	432.82605	18.585205
-38.49918	435.47739	18.594971
-38.49836	436.53571	18.604736
-38.498016	439.04187	18.614502
-38.497009	434.90369	18.624268
-38.497162	429.01376	18.634033
-38.495968	430.22403	18.643799
-38.495163	434.08087	18.653564
-38.494469	437.75565	18.66333
-38.494457	437.76718	18.673096
-38.493069	432.74161	18.682861
-38.4916	431.98688	18.692627
-38.491009	429.99365	18.702393
-38.490181	434.05594	18.712158
-38.489002	432.22891	18.721924
-38.488243	435.90799	18.731689
-38.48811	437.65793	18.741455
-38.486813	430.23291	18.751221
-38.48592	432.80356	18.760986
-38.484539	429.48022	18.770752
-38.483482	433.95929	18.780518
-38.48251	436.78445	18.790283
-38.483158	433.43875	18.800049
-38.481182	435.46738	18.809814
-38.480499	432.54572	18.81958
-38.480148	430.52063	18.829346
-38.479832	431.90204	18.839111
-38.478306	434.23654	18.848877
-38.47921	436.92712	18.858643
-38.477928	437.82455	18.868408
-38.475857	433.61731	18.878174
-38.474731	429.57208	18.887939
-38.474545	431.9696	18.897705
-38.473503	434.13351	18.907471
-38.473812	435.0657	18.917236
-38.472733	435.04083	18.927002
-38.471848	435.54514	18.936768
-38.470692	432.75473	18.946533
-38.470184	428.73639	18.956299
-38.470325	429.81281	18.966064
-38.468159	435.42279	18.97583
-38.467857	438.23312	18.985596
-38.46653	437.74731	18.995361
-38.46571	429.75198	19.005127
-38.464363	430.65225	19.014893
-38.463303	432.65857	19.024658
-38.463982	432.06943	19.034424
-38.462959	437.37009	19.044189
-38.46143	436.2782	19.053955
-38.460785	433.96341	19.063721
-38.460007	431.39255	19.073486
-38.458015	427.39316	19.083252
-38.458447	432.93509	19.093018
-38.457645	438.66321	19.102783
-38.456253	438.26254	19.112549
-38.455311	433.7287	19.122314
-38.454903	429.61057	19.13208
-38.453384	431.73138	19.141846
-38.452816	431.90207	19.151611
-38.452141	435.28143	19.161377
-38.451859	436.17029	19.171143
-38.451576	436.53262	19.180908
-38.45034	431.80606	19.190674
-38.448082	429.03543	19.200439
-38.449123	429.03397	19.210205
-38.446602	435.17368	19.219971
-38.446144	437.66672	19.229736
-38.445683	437.11462	19.239502
-38.445614	431.9938	19.249268
-38.444057	428.93298	19.259033
-38.443691	431.61969	19.268799
-38.443111	432.21536	19.278564
-38.442413	431.62915	19.28833
-38.441826	437.34442	19.298096
-38.440578	434.76669	19.307861
-38.440105	429.4805	19.317627
-38.437634	431.00854	19.327393
-38.438229	429.82019	19.337158
-38.436623	435.96103	19.346924
-38.43568	435.8956	19.356689
-38.436596	434.67923	19.366455
-38.434631	432.89352	19.376221
-38.434467	430.20483	19.385986
-38.432629	430.33047	19.395752
-38.431702	430.49194	19.405518
-38.43161	433.42715	19.415283
-38.429276	437.30496	19.425049
-38.428829	433.5658	19.434814
-38.429043	432.06522	19.44458
-38.427475	428.75726	19.454346
-38.428421	430.73669	19.464111
-38.425552	434.62045	19.473877
-38.42535	433.36429	19.483643
-38.423992	435.31073	19.493408
-38.423122	432.91931	19.503174
-38.422646	430.50522	19.512939
-38.421555	429.2229	19.522705
-38.420586	430.8743	19.532471
-38.42112	434.80972	19.542236
-38.420185	437.59256	19.552002
-38.418591	433.26685	19.561768
-38.418152	429.1442	19.571533
-38.417404	428.94266	19.581299
-38.41753	431.02673	19.591064
-38.416172	432.77454	19.60083
-38.416008	434.89169	19.610596
-38.413597	434.75085	19.620361
-38.41404	433.4346	19.630127
-38.412708	427.39346	19.639893
-38.412457	427.1304	19.649658
-38.412029	431.35748	19.659424
-38.409901	437.58554	19.669189
-38.40974	436.02963	19.678955
-38.408737	428.86041	19.688721
-38.40852	426.74341	19.698486
-38.407005	429.02283	19.708252
-38.405735	431.70685	19.718018
-38.406315	434.69708	19.727783
-38.404247	434.90948	19.737549
-38.40416	433.80408	19.747314
-38.403011	430.75055	19.75708
-38.401505	425.17593	19.766846
-38.400608	429.94522	19.776611
-38.400593	435.09167	19.786377
-38.399246	438.46362	19.796143
-38.398052	433.89362	19.805908
-38.396824	428.00861	19.815674
-38.397301	428.60724	19.825439
-38.395851	430.10461	19.835205
-38.396393	433.61942	19.844971
-38.395481	433.42136	19.854736
-38.393116	435.23038	19.864502
-38.392536	432.57187	19.874268
-38.392178	427.17551	19.884033
-38.391666	427.87036	19.893799
-38.390888	431.91641	19.903564
-38.390701	434.20987	19.91333
-38.389782	433.93661	19.923096
-38.386894	430.43439	19.932861
-38.38662	427.94928	19.942627
-38.385872	429.38174	19.952393
-38.385654	429.16312	19.962158
-38.386246	429.75613	19.971924
-38.38467	433.25977	19.981689
-38.382088	433.00516	19.991455
-38.38298	432.14987	20.001221
-38.382763	428.37628	20.010986
-38.38028	426.20447	20.020752


Data Header:			0.254_hd_dimension_typeiv_090_r0			Time:	23.080566	s	4/14/2019 12:31:23 AM
Data Acquisition:	Timed
Station Name:	ft40.cfg
Test File Name:	monotonic_0.2540_typeiv_hd_090_dimension.tst
Displacement	Force	Running Time
mm	N	s
-38.37999	431.64944	20.030518
-38.379414	431.72272	20.040283
-38.378731	432.69901	20.050049
-38.377808	430.52893	20.059814
-38.377312	428.50134	20.06958
-38.376381	429.00674	20.079346
-38.375198	426.74921	20.089111
-38.375191	429.71576	20.098877
-38.373463	436.14667	20.108643
-38.3727	433.3179	20.118408
-38.371616	432.74054	20.128174
-38.370567	426.46841	20.137939
-38.370064	427.37433	20.147705
-38.370411	430.84052	20.157471
-38.368641	430.17438	20.167236
-38.368305	434.47678	20.177002
-38.366879	431.95114	20.186768
-38.365776	430.29727	20.196533
-38.36433	427.95517	20.206299
-38.363964	426.47568	20.216064
-38.363071	432.10577	20.22583
-38.363747	436.49246	20.235596
-38.361874	433.39319	20.245361
-38.361465	428.60623	20.255127
-38.360573	426.51733	20.264893
-38.360672	428.00565	20.274658
-38.359547	431.55133	20.284424
-38.358315	435.62576	20.294189
-38.357315	433.49658	20.303955
-38.356236	432.54434	20.313721
-38.355782	427.9982	20.323486
-38.35482	424.60571	20.333252
-38.353191	429.31265	20.343018
-38.35199	435.0799	20.352783
-38.351711	436.36575	20.362549
-38.352165	430.26852	20.372314
-38.349411	426.71655	20.38208
-38.349453	427.4137	20.391846
-38.349438	429.36325	20.401611
-38.347321	433.36923	20.411377
-38.348358	432.25009	20.421143
-38.347286	434.5163	20.430908
-38.346413	430.2612	20.440674
-38.345226	425.62112	20.450439
-38.344101	427.47858	20.460205
-38.343071	432.1264	20.469971
-38.342365	436.20209	20.479736
-38.341221	432.87991	20.489502
-38.340233	427.41177	20.499268
-38.339706	427.01413	20.509033
-38.338474	427.50003	20.518799
-38.337906	430.4657	20.528564
-38.337383	431.82626	20.53833
-38.337513	432.32999	20.548096
-38.335323	433.14072	20.557861
-38.335869	427.38596	20.567627
-38.334854	427.78604	20.577393
-38.332973	427.70392	20.587158
-38.332878	430.96304	20.596924
-38.331875	433.86108	20.606689
-38.331402	429.81128	20.616455
-38.33017	427.38406	20.626221
-38.329594	429.03983	20.635986
-38.329556	427.2771	20.645752
-38.328106	428.18283	20.655518
-38.326469	430.6806	20.665283
-38.326603	432.97998	20.675049
-38.324783	432.48331	20.684814
-38.323822	426.79608	20.69458
-38.32399	425.56403	20.704346
-38.323177	427.00134	20.714111
-38.321976	431.08975	20.723877
-38.32093	430.67603	20.733643
-38.320671	431.112	20.743408
-38.319218	429.0849	20.753174
-38.318787	428.90796	20.762939
-38.31765	424.16888	20.772705
-38.317581	427.55988	20.782471
-38.316486	431.16855	20.792236
-38.315033	433.65918	20.802002
-38.314293	430.84052	20.811768
-38.3139	425.29916	20.821533
-38.31311	423.99438	20.831299
-38.313019	427.81848	20.841064
-38.311954	429.50015	20.85083
-38.311394	433.59653	20.860596
-38.310585	431.10526	20.870361
-38.308769	428.16412	20.880127
-38.308704	425.20264	20.889893
-38.308662	422.30023	20.899658
-38.306778	430.01572	20.909424
-38.306259	433.33005	20.919189
-38.305996	433.63419	20.928955
-38.304779	428.95679	20.938721
-38.302891	423.05347	20.948486
-38.302887	427.53012	20.958252
-38.302608	428.87823	20.968018
-38.301544	431.54883	20.977783
-38.300678	430.94168	20.987549
-38.29958	429.82233	20.997314
-38.299049	425.61282	21.00708
-38.297409	423.14197	21.016846
-38.296917	425.74121	21.026611
-38.294987	431.28412	21.036377
-38.29533	433.85385	21.046143
-38.295395	429.85141	21.055908
-38.294334	426.51056	21.065674
-38.293034	423.15964	21.075439
-38.291203	424.73483	21.085205
-38.291458	429.46005	21.094971
-38.290958	429.03763	21.104736
-38.289528	431.40741	21.114502
-38.290085	428.18881	21.124268
-38.286591	423.32846	21.134033
-38.287819	425.25211	21.143799
-38.286617	425.58835	21.153564
-38.28582	430.46109	21.16333
-38.286503	430.58511	21.173096
-38.28426	427.39279	21.182861
-38.282822	426.07654	21.192627
-38.282429	423.77963	21.202393
-38.281162	427.90192	21.212158
-38.281425	426.95245	21.221924
-38.279648	427.97345	21.231689
-38.278954	430.97379	21.241455
-38.278564	429.21188	21.251221
-38.276554	424.0441	21.260986
-38.276676	423.33716	21.270752
-38.276112	426.08752	21.280518
-38.275162	430.3165	21.290283
-38.274418	428.63025	21.300049
-38.273781	426.41766	21.309814
-38.273098	425.57227	21.31958
-38.271633	424.15094	21.329346
-38.27095	423.52103	21.339111
-38.269394	424.56906	21.348877
-38.269714	426.30869	21.358643
-38.268532	431.15009	21.368408
-38.267628	427.70718	21.378174
-38.267185	421.40656	21.387939
-38.265728	422.38669	21.397705
-38.264248	426.19348	21.407471
-38.265076	427.76895	21.417236
-38.263348	430.49854	21.427002
-38.262142	425.78937	21.436768
-38.262653	425.89188	21.446533
-38.261803	421.36072	21.456299
-38.259949	422.68954	21.466064
-38.259071	427.79498	21.47583
-38.258595	429.52252	21.485596
-38.257828	430.23364	21.495361
-38.257229	422.08389	21.505127
-38.257023	420.80203	21.514893
-38.255798	422.38101	21.524658
-38.254723	425.39529	21.534424
-38.254383	429.35211	21.544189
-38.253014	428.38373	21.553955
-38.251793	425.38138	21.563721
-38.252571	423.86023	21.573486
-38.251442	418.70743	21.583252
-38.250004	423.47772	21.593018
-38.249783	428.79187	21.602783
-38.247688	430.44983	21.612549
-38.246803	425.13574	21.622314
-38.247509	419.82419	21.63208
-38.245789	419.45749	21.641846
-38.24432	424.59903	21.651611
-38.244556	426.96411	21.661377
-38.243412	427.47311	21.671143
-38.242611	425.5647	21.680908
-38.241886	422.76089	21.690674
-38.239979	419.18573	21.700439
-38.241154	421.29675	21.710205
-38.239479	423.92523	21.719971
-38.23893	428.50238	21.729736
-38.238197	426.00269	21.739502
-38.237041	421.06839	21.749268
-38.235882	419.02798	21.759033
-38.236202	420.73196	21.768799
-38.234013	422.3551	21.778564
-38.233643	421.97055	21.78833
-38.232437	425.59631	21.798096
-38.231506	425.27853	21.807861
-38.230473	421.82013	21.817627
-38.229874	420.94199	21.827393
-38.229153	419.94342	21.837158
-38.228607	422.55591	21.846924
-38.228218	426.14066	21.856689
-38.22805	422.3602	21.866455
-38.225838	420.04742	21.876221
-38.226158	418.82404	21.885986
-38.225739	420.00327	21.895752
-38.222519	420.18088	21.905518
-38.221611	421.37485	21.915283
-38.222435	423.45963	21.925049
-38.221573	422.10666	21.934814
-38.21941	417.75092	21.94458
-38.218933	415.16772	21.954346
-38.219925	415.31995	21.964111
-38.217625	420.18311	21.973877
-38.217072	421.06006	21.983643
-38.216766	420.01831	21.993408
-38.216587	418.85641	22.003174
-38.214924	413.98785	22.012939
-38.213024	413.93411	22.022705
-38.213318	415.01205	22.032471
-38.212353	417.39697	22.042236
-38.211418	420.8096	22.052002
-38.21072	415.64563	22.061768
-38.210472	409.24673	22.071533
-38.207783	410.27679	22.081299
-38.208393	411.0639	22.091064
-38.206688	414.28915	22.10083
-38.206516	414.15616	22.110596
-38.205399	407.62289	22.120361
-38.203739	-61.23674	22.130127
-38.201019	-58.104256	22.139893
-38.200741	-61.199905	22.149658
-38.200157	-32.053726	22.159424
-38.200844	-32.151493	22.169189
-38.199532	-31.867273	22.178955
-38.199081	-47.354286	22.188721
-38.198284	-44.164112	22.198486
-38.198036	-43.932453	22.208252
-38.197018	-38.269894	22.218018
-38.196133	-36.603149	22.227783
-38.196007	-38.815002	22.237549
-38.194431	-40.715477	22.247314
-38.192776	-41.361256	22.25708
-38.19376	-44.917473	22.266846
-38.192944	-40.69775	22.276611
-38.190243	-38.980991	22.286377
-38.191662	-36.9245	22.296143
-38.189499	-36.159744	22.305908
-38.190216	-43.643024	22.315674
-38.187321	-45.018448	22.325439
-38.188015	-41.090946	22.335205
-38.185928	-41.066349	22.344971
-38.185875	-38.245792	22.354736
-38.185257	-39.390831	22.364502
-38.184792	-39.900211	22.374268
-38.183582	-42.050629	22.384033
-38.182034	-43.668594	22.393799
-38.182068	-41.536797	22.403564
-38.180763	-36.693638	22.41333
-38.180191	-38.419174	22.423096
-38.179802	-40.373268	22.432861
-38.179253	-44.443417	22.442627
-38.178394	-42.339615	22.452393
-38.17738	-41.073536	22.462158
-38.176193	-39.606949	22.471924
-38.174232	-38.117996	22.481689
-38.174053	-39.343212	22.491455
-38.174301	-40.080864	22.501221
-38.171627	-42.358971	22.510986
-38.172935	-44.866825	22.520752
-38.171215	-41.512043	22.530518
-38.17128	-36.06073	22.540283
-38.169891	-39.112461	22.550049
-38.16851	-38.495899	22.559814
-38.168282	-42.928185	22.56958
-38.166817	-42.172581	22.579346
-38.16721	-41.314922	22.589111
-38.16515	-43.340916	22.598877
-38.166389	-37.740646	22.608643
-38.164082	-36.156448	22.618408
-38.163521	-39.076885	22.628174
-38.163258	-44.842312	22.637939
-38.161331	-46.665451	22.647705
-38.161617	-39.469376	22.657471
-38.159863	-38.62685	22.667236
-38.158657	-36.436638	22.677002
-38.157978	-39.686768	22.686768
-38.15707	-42.778206	22.696533
-38.158012	-43.063122	22.706299
-38.155933	-44.620739	22.716064
-38.153744	-39.739277	22.72583
-38.15443	-35.331009	22.735596
-38.154423	-37.702629	22.745361
-38.153866	-42.796532	22.755127
-38.15147	-46.994778	22.764893
-38.151436	-45.624252	22.774658
-38.150356	-37.524597	22.784424
-38.150185	-37.206249	22.794189
-38.148647	-39.560246	22.803955
-38.148323	-41.397736	22.813721
-38.146275	-44.021885	22.823486
-38.145992	-45.353741	22.833252
-38.144753	-41.116146	22.843018
-38.144737	-38.593395	22.852783
-38.143826	-36.363861	22.862549
-38.142948	-39.871899	22.872314
-38.142227	-46.182228	22.88208
-38.142731	-46.286457	22.891846
-38.14106	-42.547924	22.901611
-38.13969	-38.456833	22.911377
-38.139183	-39.070652	22.921143
-38.137985	-38.738705	22.930908
-38.137459	-41.095161	22.940674
-38.135567	-45.029999	22.950439
-38.135605	-41.669903	22.960205
-38.135601	-40.948086	22.969971
-38.135048	-37.431713	22.979736
-38.132565	-37.031929	22.989502
-38.133289	-42.714947	22.999268
-38.131668	-44.700695	23.009033
-38.13139	-43.215824	23.018799
-38.130405	-41.325623	23.028564
-38.130333	-39.880451	23.03833
-38.127338	-40.719021	23.048096
-38.126591	-39.314781	23.057861
-38.126839	-40.339455	23.067627
-38.125923	-44.735996	23.077393

