MTS793|BTW|ENU|1|2|.|/|:|1|0|0|A

Data Header:			0.254_hd_uprint_typeiv_4545_r0			Time:	20.019043	s	4/13/2019 7:29:01 PM
Data Acquisition:	Timed
Station Name:	ft40.cfg
Test File Name:	monotonic_0.2540_typeiv_hd_4545_uprint.tst
Displacement	Force	Running Time
mm	N	s
-40.035149	-123.09806	0.022460938
-40.035576	-122.38531	0.032226563
-40.035175	-115.30997	0.041992188
-40.035568	-116.0402	0.051757813
-40.035275	-117.75581	0.061523438
-40.034775	-118.04298	0.071289063
-40.034134	-116.39777	0.081054688
-40.033516	-120.59459	0.090820313
-40.032284	-119.10745	0.10058594
-40.031521	-117.37554	0.11035156
-40.031334	-112.01255	0.12011719
-40.029514	-111.6353	0.12988281
-40.029137	-116.291	0.13964844
-40.028538	-114.06843	0.14941406
-40.027874	-115.93708	0.15917969
-40.025379	-113.56098	0.16894531
-40.026318	-112.41885	0.17871094
-40.026131	-111.54031	0.18847656
-40.024311	-106.96549	0.19824219
-40.022572	-112.71275	0.20800781
-40.02293	-111.18922	0.21777344
-40.021862	-113.1754	0.22753906
-40.020683	-110.1795	0.23730469
-40.02108	-103.71355	0.24707031
-40.019482	-107.21898	0.25683594
-40.017788	-105.2442	0.26660156
-40.017761	-106.75319	0.27636719
-40.017681	-109.44769	0.28613281
-40.015579	-106.94981	0.29589844
-40.015392	-108.5146	0.30566406
-40.013969	-102.14196	0.31542969
-40.012287	-100.92525	0.32519531
-40.01368	-106.15159	0.33496094
-40.012466	-107.56581	0.34472656
-40.010788	-107.82666	0.35449219
-40.010494	-102.9789	0.36425781
-40.009415	-100.94774	0.37402344
-40.00901	-98.88176	0.38378906
-40.007885	-100.53322	0.39355469
-40.007172	-102.01387	0.40332031
-40.005245	-103.95012	0.41308594
-40.005219	-103.11459	0.42285156
-40.004543	-98.185219	0.43261719
-40.003429	-93.911354	0.44238281
-40.003345	-95.629738	0.45214844
-40.001732	-100.99463	0.46191406
-40.001431	-102.65902	0.47167969
-40.000023	-99.306633	0.48144531
-39.999298	-96.402107	0.49121094
-39.997643	-92.717834	0.50097656
-39.997517	-93.969536	0.51074219
-39.997433	-94.949379	0.52050781
-39.996067	-95.404083	0.53027344
-39.997028	-100.35187	0.54003906
-39.994457	-93.274139	0.54980469
-39.993057	-90.463112	0.55957031
-39.993191	-86.996811	0.56933594
-39.991592	-89.742561	0.57910156
-39.992317	-97.170647	0.58886719
-39.990189	-92.599335	0.59863281
-39.989655	-91.828514	0.60839844
-39.98888	-88.090927	0.61816406
-39.988323	-87.587814	0.62792969
-39.986568	-88.494881	0.63769531
-39.986767	-88.467972	0.64746094
-39.986038	-92.671455	0.65722656
-39.983883	-89.48912	0.66699219
-39.984421	-85.794838	0.67675781
-39.983902	-85.275833	0.68652344
-39.98243	-83.363968	0.69628906
-39.981209	-87.99028	0.70605469
-39.980812	-88.005394	0.71582031
-39.980427	-87.419304	0.72558594
-39.979076	-84.37912	0.73535156
-39.979126	-81.469208	0.74511719
-39.977299	-81.781586	0.75488281
-39.977543	-80.635269	0.76464844
-39.976089	-83.741158	0.77441406
-39.974632	-84.787514	0.78417969
-39.974277	-84.382927	0.79394531
-39.974167	-80.173859	0.80371094
-39.972923	-76.524216	0.81347656
-39.970997	-78.945847	0.82324219
-39.970814	-79.439934	0.83300781
-39.970287	-80.973923	0.84277344
-39.969219	-79.957977	0.85253906
-39.969288	-79.908501	0.86230469
-39.967251	-77.990578	0.87207031
-39.967957	-73.683899	0.88183594
-39.966415	-75.352798	0.89160156
-39.965694	-76.985428	0.90136719
-39.965435	-81.095474	0.91113281
-39.963596	-78.28376	0.92089844
-39.963879	-72.514053	0.93066406
-39.962593	-74.621681	0.94042969
-39.9613	-69.62999	0.95019531
-39.960701	-73.321304	0.95996094
-39.959911	-75.969917	0.96972656
-39.959785	-73.687653	0.97949219
-39.958645	-74.86824	0.98925781
-39.958202	-68.144455	0.99902344
-39.956329	-66.613785	1.0087891
-39.955986	-68.141724	1.0185547
-39.955223	-70.729439	1.0283203
-39.95528	-76.123116	1.0380859
-39.952957	-68.465561	1.0478516
-39.952663	-66.743919	1.0576172
-39.952892	-64.550819	1.0673828
-39.950996	-65.270653	1.0771484
-39.950188	-66.401886	1.0869141
-39.949791	-69.301582	1.0966797
-39.948589	-70.475655	1.1064453
-39.947289	-64.484489	1.1162109
-39.947392	-59.156002	1.1259766
-39.946609	-61.184341	1.1357422
-39.945435	-63.097275	1.1455078
-39.943886	-69.650528	1.1552734
-39.943241	-65.846649	1.1650391
-39.943096	-62.2262	1.1748047
-39.942497	-58.755398	1.1845703
-39.941143	-58.613136	1.1943359
-39.940586	-60.496826	1.2041016
-39.938465	-60.520844	1.2138672
-39.938072	-65.058098	1.2236328
-39.937813	-60.311581	1.2333984
-39.936909	-57.499706	1.2431641
-39.935516	-53.799252	1.2529297
-39.934967	-56.038296	1.2626953
-39.935417	-60.880722	1.2724609
-39.934605	-60.89463	1.2822266
-39.93259	-58.338131	1.2919922
-39.929848	-55.422428	1.3017578
-39.931572	-55.273125	1.3115234
-39.929733	-52.489758	1.3212891
-39.930435	-54.078911	1.3310547
-39.929066	-57.082523	1.3408203
-39.927822	-55.940372	1.3505859
-39.927261	-54.805233	1.3603516
-39.926544	-51.382687	1.3701172
-39.925522	-47.015163	1.3798828
-39.924969	-53.338718	1.3896484
-39.924557	-51.679939	1.3994141
-39.923229	-51.494022	1.4091797
-39.922306	-51.664268	1.4189453
-39.922058	-48.573978	1.4287109
-39.920731	-49.604023	1.4384766
-39.920258	-45.365238	1.4482422
-39.919086	-46.77359	1.4580078
-39.917862	-50.627373	1.4677734
-39.917427	-51.017754	1.4775391
-39.916416	-45.728935	1.4873047
-39.914864	-42.677818	1.4970703
-39.914455	-42.691486	1.5068359
-39.913338	-43.099815	1.5166016
-39.91378	-45.526016	1.5263672
-39.91238	-45.000057	1.5361328
-39.911896	-46.035679	1.5458984
-39.911358	-44.345318	1.5556641
-39.910755	-39.014454	1.5654297
-39.909946	-38.49659	1.5751953
-39.907547	-40.954941	1.5849609
-39.907921	-45.79871	1.5947266
-39.906441	-46.674992	1.6044922
-39.906628	-39.267326	1.6142578
-39.905033	-38.505306	1.6240234
-39.904449	-34.919098	1.6337891
-39.904457	-37.863098	1.6435547
-39.903198	-39.809135	1.6533203
-39.902405	-39.59338	1.6630859
-39.901691	-42.347416	1.6728516
-39.900547	-34.719902	1.6826172
-39.899982	-32.714615	1.6923828
-39.899113	-32.984432	1.7021484
-39.897839	-36.733124	1.7119141
-39.897511	-41.605537	1.7216797
-39.896412	-35.751007	1.7314453
-39.8955	-32.262955	1.7412109
-39.894386	-30.625759	1.7509766
-39.894707	-30.271648	1.7607422
-39.893429	-34.445408	1.7705078
-39.893127	-34.666161	1.7802734
-39.891136	-36.598881	1.7900391
-39.891361	-33.998047	1.7998047
-39.890095	-29.075167	1.8095703
-39.888786	-25.921877	1.8193359
-39.887814	-29.027679	1.8291016
-39.887753	-34.410683	1.8388672
-39.886284	-32.985146	1.8486328
-39.886818	-28.53595	1.8583984
-39.885365	-26.136698	1.8681641
-39.884956	-24.2635	1.8779297
-39.883934	-27.623276	1.8876953
-39.883293	-28.399767	1.8974609
-39.88147	-29.933426	1.9072266
-39.880245	-28.866695	1.9169922
-39.880791	-26.076433	1.9267578
-39.879913	-21.906796	1.9365234
-39.878006	-22.559378	1.9462891
-39.878597	-26.684977	1.9560547
-39.876369	-25.250599	1.9658203
-39.875263	-25.232185	1.9755859
-39.875484	-22.777451	1.9853516
-39.874741	-21.691561	1.9951172
-39.874451	-21.412796	2.0048828
-39.873085	-17.882248	2.0146484
-39.871452	-19.940554	2.0244141
-39.871841	-21.728481	2.0341797
-39.869793	-22.058958	2.0439453
-39.869667	-20.112486	2.0537109
-39.868446	-13.444308	2.0634766
-39.867931	-19.485174	2.0732422
-39.866978	-17.56827	2.0830078
-39.866993	-19.55735	2.0927734
-39.865772	-18.844915	2.1025391
-39.863258	-15.727977	2.1123047
-39.86385	-15.610572	2.1220703
-39.862858	-11.975482	2.1318359
-39.862087	-10.073307	2.1416016
-39.861	-15.098996	2.1513672
-39.861008	-18.406107	2.1611328
-39.860271	-16.52511	2.1708984
-39.859108	-10.271993	2.1806641
-39.858829	-10.359539	2.1904297
-39.857098	-8.32376	2.2001953
-39.856655	-11.434245	2.2099609
-39.855278	-13.240682	2.2197266
-39.854286	-13.031858	2.2294922
-39.855125	-12.779732	2.2392578
-39.853027	-7.7476931	2.2490234
-39.851223	-4.032752	2.2587891
-39.852119	-7.0934005	2.2685547
-39.850914	-11.490669	2.2783203
-39.852108	-12.657147	2.2880859
-39.849934	-8.7328854	2.2978516
-39.848091	-4.9324908	2.3076172
-39.84798	-2.6744962	2.3173828
-39.845917	-4.647264	2.3271484
-39.845905	-6.0377707	2.3369141
-39.84536	-7.5974255	2.3466797
-39.843998	-9.7271919	2.3564453
-39.843246	-2.3897665	2.3662109
-39.842594	-0.036820613	2.3759766
-39.842815	1.3821884	2.3857422
-39.841461	-2.4336691	2.3955078
-39.840473	-8.9307528	2.4052734
-39.838955	-2.9600961	2.4150391
-39.838676	0.21400093	2.4248047
-39.837761	3.9410279	2.4345703
-39.837505	4.7194467	2.4443359
-39.836975	-1.0856251	2.4541016
-39.834984	-0.20263335	2.4638672
-39.835148	-3.6131663	2.4736328
-39.833851	0.95587051	2.4833984
-39.833298	4.9596529	2.4931641
-39.831772	6.6774249	2.5029297
-39.832325	6.8971763	2.5126953
-39.828899	-0.021855004	2.5224609
-39.830357	0.28561836	2.5322266
-39.829823	3.5473135	2.5419922
-39.827538	7.2395515	2.5517578
-39.827805	8.3358841	2.5615234
-39.825386	7.1191745	2.5712891
-39.825184	7.7330961	2.5810547
-39.824257	5.9547257	2.5908203
-39.823219	6.059288	2.6005859
-39.822647	5.7634664	2.6103516
-39.822533	10.211235	2.6201172
-39.823036	12.885387	2.6298828
-39.819973	9.5995092	2.6396484
-39.820591	8.5667267	2.6494141
-39.819115	7.547802	2.6591797
-39.819523	10.549053	2.6689453
-39.817432	10.733084	2.6787109
-39.81776	12.115762	2.6884766
-39.816097	16.996487	2.6982422
-39.815056	13.847692	2.7080078
-39.815277	11.401875	2.7177734
-39.813477	10.765936	2.7275391
-39.812687	13.257114	2.7373047
-39.811771	19.294815	2.7470703
-39.811188	16.728369	2.7568359
-39.810112	19.746502	2.7666016
-39.808487	16.02527	2.7763672
-39.80777	14.721072	2.7861328
-39.807896	16.663656	2.7958984
-39.805779	16.593019	2.8056641
-39.806892	23.195345	2.8154297
-39.805538	22.816704	2.8251953
-39.804237	20.338291	2.8349609
-39.804028	16.367201	2.8447266
-39.803268	14.326995	2.8544922
-39.801834	21.949322	2.8642578
-39.801926	24.015503	2.8740234
-39.799698	25.960146	2.8837891
-39.79977	22.654196	2.8935547
-39.798824	21.880707	2.9033203
-39.798798	20.660835	2.9130859
-39.79631	20.028473	2.9228516
-39.796379	25.081285	2.9326172
-39.795601	29.466614	2.9423828
-39.795979	29.282263	2.9521484
-39.794395	23.281628	2.9619141
-39.792202	21.087851	2.9716797
-39.792271	25.096289	2.9814453
-39.79245	29.242968	2.9912109
-39.790356	31.803358	3.0009766
-39.789494	30.210239	3.0107422
-39.789928	27.810377	3.0205078
-39.788403	27.724737	3.0302734
-39.787853	24.135843	3.0400391
-39.78764	30.553062	3.0498047
-39.785511	34.351723	3.0595703
-39.784649	35.379505	3.0693359
-39.785233	33.370884	3.0791016
-39.78458	26.115404	3.0888672
-39.782703	29.582212	3.0986328
-39.781776	31.959627	3.1083984
-39.780289	35.764809	3.1181641
-39.78035	36.154984	3.1279297
-39.779736	33.960999	3.1376953
-39.778351	35.18792	3.1474609
-39.778461	31.44541	3.1572266
-39.776669	34.019405	3.1669922
-39.776875	35.67432	3.1767578
-39.77602	38.385338	3.1865234
-39.773979	43.661354	3.1962891
-39.773731	35.335018	3.2060547
-39.773155	36.245308	3.2158203
-39.772045	36.761421	3.2255859
-39.771683	38.703938	3.2353516
-39.770889	42.799828	3.2451172
-39.768726	41.605167	3.2548828
-39.768879	40.716496	3.2646484
-39.768608	42.279007	3.2744141
-39.768597	37.672531	3.2841797
-39.766365	40.288902	3.2939453
-39.765602	43.095829	3.3037109
-39.765533	46.913902	3.3134766
-39.763153	45.036316	3.3232422
-39.762695	43.433228	3.3330078
-39.762772	42.500244	3.3427734
-39.761776	42.252796	3.3525391
-39.760437	44.958763	3.3623047
-39.759819	45.099583	3.3720703
-39.759541	49.775421	3.3818359
-39.758461	48.924435	3.3916016
-39.757641	46.996155	3.4013672
-39.755505	44.193062	3.4111328
-39.756454	45.515045	3.4208984
-39.754875	51.280708	3.4306641
-39.755836	51.074783	3.4404297
-39.753181	53.666035	3.4501953
-39.752022	48.596939	3.4599609
-39.751812	48.561871	3.4697266
-39.751431	51.434139	3.4794922
-39.749924	48.184772	3.4892578
-39.749485	55.26643	3.4990234
-39.748894	56.512493	3.5087891
-39.747524	54.700027	3.5185547
-39.747017	52.447102	3.5283203
-39.746296	48.871029	3.5380859
-39.745277	55.337021	3.5478516
-39.744602	59.327637	3.5576172
-39.743542	59.072102	3.5673828
-39.741756	57.944035	3.5771484
-39.742065	54.425499	3.5869141
-39.740383	56.284828	3.5966797
-39.739761	54.009624	3.6064453
-39.739822	59.092548	3.6162109
-39.738331	61.233936	3.6259766
-39.738781	63.483776	3.6357422
-39.736763	60.043892	3.6455078
-39.7365	54.702068	3.6552734
-39.735149	55.692776	3.6650391
-39.733372	62.276997	3.6748047
-39.733307	64.818764	3.6845703
-39.732956	64.035461	3.6943359
-39.733334	61.742794	3.7041016
-39.731926	61.174442	3.7138672
-39.730976	59.812561	3.7236328
-39.730587	60.904053	3.7333984
-39.72831	63.269585	3.7431641
-39.727985	68.178848	3.7529297
-39.727779	68.608063	3.7626953
-39.725945	61.42926	3.7724609
-39.726543	63.833794	3.7822266
-39.725727	64.445724	3.7919922
-39.723999	69.621117	3.8017578
-39.722561	69.419708	3.8115234
-39.723553	67.118172	3.8212891
-39.722225	70.475311	3.8310547
-39.72094	66.69783	3.8408203
-39.719193	66.918755	3.8505859
-39.71973	69.430107	3.8603516
-39.717762	70.869919	3.8701172
-39.716778	75.437378	3.8798828
-39.716469	68.633224	3.8896484
-39.716164	70.484413	3.8994141
-39.714993	70.102234	3.9091797
-39.71492	71.177322	3.9189453
-39.714043	74.033089	3.9287109
-39.711182	73.989754	3.9384766
-39.711895	76.052452	3.9482422
-39.711594	75.790031	3.9580078
-39.710823	74.315811	3.9677734
-39.708752	71.845001	3.9775391
-39.707012	74.401344	3.9873047
-39.707291	80.422585	3.9970703
-39.707382	78.792664	4.0068359
-39.70591	79.659279	4.0166016
-39.705189	77.892776	4.0263672
-39.70475	76.779625	4.0361328
-39.703892	77.93895	4.0458984
-39.702515	79.185959	4.0556641
-39.701942	83.23674	4.0654297
-39.701309	85.361496	4.0751953
-39.700245	81.960091	4.0849609
-39.699486	76.853386	4.0947266
-39.697956	77.218483	4.1044922
-39.697609	82.409004	4.1142578
-39.696987	85.279816	4.1240234
-39.696579	86.744148	4.1337891
-39.6959	82.570175	4.1435547
-39.695087	80.824127	4.1533203
-39.69376	83.201622	4.1630859
-39.692989	80.943634	4.1728516
-39.692287	87.108315	4.1826172
-39.691986	90.105278	4.1923828
-39.689491	89.551422	4.2021484
-39.689907	86.020958	4.2119141
-39.68853	80.955452	4.2216797
-39.68774	85.987671	4.2314453
-39.687584	90.73558	4.2412109
-39.687035	91.666389	4.2509766
-39.68549	91.228249	4.2607422
-39.685432	87.245964	4.2705078
-39.684753	88.758095	4.2802734
-39.684025	85.347313	4.2900391
-39.682629	90.711365	4.2998047
-39.681801	93.941711	4.3095703
-39.681568	95.884361	4.3193359
-39.680473	94.267746	4.3291016
-39.679234	88.641312	4.3388672
-39.67836	89.448219	4.3486328
-39.678104	95.540672	4.3583984
-39.677189	97.928764	4.3681641
-39.67598	97.855103	4.3779297
-39.675838	95.014671	4.3876953
-39.675037	94.050621	4.3974609
-39.674168	93.584793	4.4072266
-39.67329	95.360176	4.4169922
-39.671875	97.740646	4.4267578
-39.671021	100.57754	4.4365234
-39.669643	102.31902	4.4462891
-39.669601	96.887718	4.4560547
-39.669712	97.322227	4.4658203
-39.667362	96.480988	4.4755859
-39.666782	101.43658	4.4853516
-39.667282	101.86734	4.4951172
-39.666672	102.28806	4.5048828
-39.664673	104.24734	4.5146484
-39.664814	101.81303	4.5244141
-39.663479	101.56895	4.5341797
-39.661877	100.07478	4.5439453
-39.660637	102.60098	4.5537109
-39.662079	108.93585	4.5634766
-39.659843	106.06955	4.5732422
-39.659706	105.17255	4.5830078
-39.658485	103.42246	4.5927734
-39.657555	103.80907	4.6025391
-39.655582	106.47963	4.6123047
-39.656071	106.94405	4.6220703
-39.654999	110.80173	4.6318359
-39.655758	110.0125	4.6416016
-39.653053	107.47227	4.6513672
-39.653461	106.82678	4.6611328
-39.651081	104.49432	4.6708984
-39.652145	112.2702	4.6806641
-39.649818	114.58942	4.6904297
-39.650402	111.69917	4.7001953
-39.648228	109.63526	4.7099609
-39.647816	108.59743	4.7197266
-39.645096	110.4405	4.7294922
-39.645679	109.66187	4.7392578
-39.644867	115.97446	4.7490234
-39.643883	117.5751	4.7587891
-39.643444	115.70069	4.7685547
-39.642693	110.68816	4.7783203
-39.642487	109.32272	4.7880859
-39.6408	113.08639	4.7978516
-39.640163	119.00485	4.8076172
-39.639355	120.3567	4.8173828
-39.639183	116.04968	4.8271484
-39.638191	114.66532	4.8369141
-39.637543	114.99545	4.8466797
-39.63591	112.84242	4.8564453
-39.635429	120.00185	4.8662109
-39.634125	121.89107	4.8759766
-39.633068	123.42783	4.8857422
-39.632019	120.62289	4.8955078
-39.632431	114.37945	4.9052734
-39.631641	117.88861	4.9150391
-39.630894	121.67505	4.9248047
-39.628891	126.21062	4.9345703
-39.62859	125.0703	4.9443359
-39.628258	120.39928	4.9541016
-39.626534	122.18758	4.9638672
-39.626804	120.07031	4.9736328
-39.625717	123.20538	4.9833984
-39.625137	126.25899	4.9931641
-39.62421	126.19449	5.0029297
-39.622463	129.67404	5.0126953
-39.623348	122.42288	5.0224609
-39.621189	122.93009	5.0322266
-39.620399	125.85928	5.0419922
-39.619976	129.03525	5.0517578
-39.619289	130.71352	5.0615234
-39.618118	128.20857	5.0712891
-39.617188	127.99405	5.0810547
-39.616058	130.20244	5.0908203
-39.615742	126.85159	5.1005859
-39.614964	126.89442	5.1103516
-39.615288	131.1138	5.1201172
-39.613411	135.52208	5.1298828
-39.613419	133.16336	5.1396484
-39.611629	131.86296	5.1494141
-39.610367	129.6797	5.1591797
-39.609047	131.9854	5.1689453
-39.608566	133.16452	5.1787109
-39.608269	134.12611	5.1884766
-39.607712	137.03453	5.1982422
-39.607204	136.06474	5.2080078
-39.607155	135.08063	5.2177734
-39.604591	131.79637	5.2275391
-39.60487	133.91129	5.2373047
-39.604797	140.27597	5.2470703
-39.602188	139.35327	5.2568359
-39.601616	139.87833	5.2666016
-39.60133	135.86284	5.2763672
-39.600807	134.34479	5.2861328
-39.600761	138.35654	5.2958984
-39.600044	137.81026	5.3056641
-39.598087	143.45966	5.3154297
-39.597378	143.34479	5.3251953
-39.597195	139.94524	5.3349609
-39.595806	139.09364	5.3447266
-39.594383	136.83315	5.3544922
-39.593536	142.00955	5.3642578
-39.593708	146.24376	5.3740234
-39.593361	144.90753	5.3837891
-39.592258	144.73361	5.3935547
-39.590225	141.66806	5.4033203
-39.59	142.05067	5.4130859
-39.589806	140.91064	5.4228516
-39.587536	146.44487	5.4326172
-39.587894	150.19839	5.4423828
-39.587193	148.63164	5.4521484
-39.585464	146.10374	5.4619141
-39.585194	141.86382	5.4716797
-39.583614	144.37694	5.4814453
-39.584419	149.04243	5.4912109
-39.582451	152.4021	5.5009766
-39.581459	151.26059	5.5107422
-39.581142	148.24219	5.5205078
-39.58107	147.85301	5.5302734
-39.579037	147.54167	5.5400391
-39.577106	151.80113	5.5498047
-39.576637	153.26093	5.5595703
-39.577217	155.58824	5.5693359
-39.576187	154.34148	5.5791016
-39.574608	148.23747	5.5888672
-39.57457	150.02809	5.5986328
-39.5737	153.33745	5.6083984
-39.574081	157.50734	5.6181641
-39.571857	159.06813	5.6279297
-39.57114	152.76506	5.6376953
-39.569469	155.69609	5.6474609
-39.569359	152.12784	5.6572266
-39.569344	154.55832	5.6669922
-39.56757	156.91574	5.6767578
-39.567135	157.70764	5.6865234
-39.566494	163.31032	5.6962891
-39.56525	155.26419	5.7060547
-39.564335	156.28758	5.7158203
-39.564583	155.87521	5.7255859
-39.563953	159.03723	5.7353516
-39.561867	161.83144	5.7451172
-39.559212	160.22333	5.7548828
-39.560123	161.95424	5.7646484
-39.559753	162.75488	5.7744141
-39.559319	159.43642	5.7841797
-39.557476	160.34122	5.7939453
-39.558098	160.68839	5.8037109
-39.555752	166.98383	5.8134766
-39.55563	166.89618	5.8232422
-39.554443	164.92416	5.8330078
-39.554249	162.56456	5.8427734
-39.553295	163.91141	5.8525391
-39.552746	164.84055	5.8623047
-39.552658	165.15257	5.8720703
-39.550186	169.68901	5.8818359
-39.549854	168.94962	5.8916016
-39.548897	166.12503	5.9013672
-39.54834	163.58759	5.9111328
-39.54797	164.23145	5.9208984
-39.546268	170.74414	5.9306641
-39.545208	170.85782	5.9404297
-39.544899	172.43114	5.9501953
-39.544071	168.81377	5.9599609
-39.544182	167.35703	5.9697266
-39.542141	170.11172	5.9794922
-39.541492	168.32124	5.9892578
-39.540882	175.5079	5.9990234
-39.540958	176.4128	6.0087891
-39.539913	174.78517	6.0185547
-39.538483	172.65019	6.0283203
-39.538372	166.45503	6.0380859
-39.53672	173.28189	6.0478516
-39.536167	177.8093	6.0576172
-39.53524	179.43057	6.0673828
-39.534538	177.00392	6.0771484
-39.533703	173.07654	6.0869141
-39.534119	173.63922	6.0966797
-39.532639	174.32419	6.1064453
-39.530609	177.23886	6.1162109
-39.529713	181.83916	6.1259766
-39.529228	181.85138	6.1357422
-39.52882	179.04955	6.1455078
-39.528152	173.86908	6.1552734
-39.526783	175.09872	6.1650391
-39.52705	181.92514	6.1748047
-39.526505	185.13593	6.1845703
-39.524773	184.20653	6.1943359
-39.525669	180.87611	6.2041016
-39.522934	180.34067	6.2138672
-39.522579	180.40778	6.2236328
-39.521248	183.30031	6.2333984
-39.520451	184.38452	6.2431641
-39.520248	186.99341	6.2529297
-39.518929	188.74554	6.2626953
-39.518867	179.76794	6.2724609
-39.518188	183.04074	6.2822266
-39.517384	183.35989	6.2919922
-39.51656	188.49028	6.3017578
-39.515179	190.28383	6.3115234
-39.51487	186.00645	6.3212891
-39.514004	187.86176	6.3310547
-39.511776	187.43326	6.3408203
-39.510975	186.24588	6.3505859
-39.511757	187.22935	6.3603516
-39.510601	188.19423	6.3701172
-39.509037	193.84053	6.3798828
-39.508423	187.7877	6.3896484
-39.508614	190.09341	6.3994141
-39.506386	187.54541	6.4091797
-39.505993	189.71834	6.4189453
-39.505608	194.82645	6.4287109
-39.506256	192.97914	6.4384766
-39.503162	197.75775	6.4482422
-39.503117	195.17404	6.4580078
-39.502586	192.65625	6.4677734
-39.501411	191.56424	6.4775391
-39.500595	191.85474	6.4873047
-39.499653	200.51711	6.4970703
-39.499184	199.01154	6.5068359
-39.498043	198.26395	6.5166016
-39.497055	193.78445	6.5263672
-39.495975	194.53876	6.5361328
-39.494324	197.24611	6.5458984
-39.494152	197.93408	6.5556641
-39.494175	201.1846	6.5654297
-39.492672	203.26587	6.5751953
-39.492043	200.40436	6.5849609
-39.491508	196.36328	6.5947266
-39.49057	194.84564	6.6044922
-39.489555	199.10867	6.6142578
-39.488449	204.36336	6.6240234
-39.488235	205.88014	6.6337891
-39.48587	202.3109	6.6435547
-39.486549	197.82089	6.6533203
-39.484966	201.77226	6.6630859
-39.484127	199.0392	6.6728516
-39.484669	206.50005	6.6826172
-39.483814	208.20969	6.6923828
-39.481976	207.63866	6.7021484
-39.481976	205.65826	6.7119141
-39.482212	199.31322	6.7216797
-39.479794	204.99609	6.7314453
-39.479607	210.00122	6.7412109
-39.478645	211.51891	6.7509766
-39.478233	210.32523	6.7607422
-39.476486	204.80852	6.7705078
-39.47715	207.86401	6.7802734
-39.475815	205.76869	6.7900391
-39.474594	208.6579	6.7998047
-39.473423	212.71513	6.8095703
-39.472862	212.67015	6.8193359
-39.472656	213.40749	6.8291016
-39.472153	205.45137	6.8388672
-39.469627	207.99942	6.8486328
-39.469349	213.35056	6.8583984
-39.468903	216.06331	6.8681641
-39.467606	216.20987	6.8779297
-39.466652	212.48338	6.8876953
-39.466366	212.67305	6.8974609
-39.465481	212.45798	6.9072266
-39.46524	212.95248	6.9169922
-39.463749	214.14026	6.9267578
-39.463333	219.05939	6.9365234
-39.462196	220.43335	6.9462891
-39.461891	215.25343	6.9560547
-39.461842	215.87077	6.9658203
-39.460739	215.1636	6.9755859
-39.458649	217.69778	6.9853516
-39.457909	220.91232	6.9951172
-39.456997	219.26509	7.0048828
-39.455921	222.80058	7.0146484
-39.455215	218.30124	7.0244141
-39.455109	219.36554	7.0341797
-39.455616	217.33536	7.0439453
-39.453777	221.08183	7.0537109
-39.452091	227.29941	7.0634766
-39.45203	223.53236	7.0732422
-39.450893	223.52147	7.0830078
-39.449688	220.32787	7.0927734
-39.44894	222.04129	7.1025391
-39.44907	225.92386	7.1123047
-39.447407	223.08871	7.1220703
-39.446583	228.16838	7.1318359
-39.445915	226.61632	7.1416016
-39.444542	223.76472	7.1513672
-39.444164	222.73291	7.1611328
-39.443382	220.0537	7.1708984
-39.443165	228.45988	7.1806641
-39.442257	231.80971	7.1904297
-39.441174	230.25044	7.2001953
-39.439407	227.68005	7.2099609
-39.439022	225.37578	7.2197266
-39.439381	228.89938	7.2294922
-39.438286	227.38234	7.2392578
-39.437244	231.64381	7.2490234
-39.436211	234.48779	7.2587891
-39.435043	233.70439	7.2685547
-39.432766	229.08719	7.2783203
-39.432453	226.85497	7.2880859
-39.432919	231.65932	7.2978516
-39.432545	236.20827	7.3076172
-39.431538	238.12343	7.3173828
-39.428703	235.48769	7.3271484
-39.428299	230.64017	7.3369141
-39.428684	233.20247	7.3466797
-39.427536	232.59758	7.3564453
-39.427444	237.96028	7.3662109
-39.426735	238.28094	7.3759766
-39.426239	241.89423	7.3857422
-39.423943	238.74504	7.3955078
-39.424152	231.91473	7.4052734
-39.423248	234.41406	7.4150391
-39.422054	238.76318	7.4248047
-39.420387	242.05019	7.4345703
-39.42165	242.05464	7.4443359
-39.420692	238.85725	7.4541016
-39.4188	240.42017	7.4638672
-39.419262	238.78499	7.4736328
-39.418465	241.23177	7.4833984
-39.41708	242.61171	7.4931641
-39.415947	243.97119	7.5029297
-39.416225	246.95154	7.5126953
-39.413807	240.40759	7.5224609
-39.413654	240.16786	7.5322266
-39.413315	242.06673	7.5419922
-39.411655	246.01344	7.5517578
-39.411194	249.07809	7.5615234
-39.41066	245.17447	7.5712891
-39.409039	244.41333	7.5810547
-39.408455	246.03011	7.5908203
-39.408131	244.03226	7.6005859
-39.407459	245.87093	7.6103516
-39.407043	249.55759	7.6201172
-39.40464	251.18047	7.6298828
-39.404842	249.79356	7.6396484
-39.403179	248.80959	7.6494141
-39.402905	245.80029	7.6591797
-39.40184	248.64442	7.6689453
-39.400642	250.40108	7.6787109
-39.401299	251.56403	7.6884766
-39.400047	253.66389	7.6982422
-39.399384	252.47481	7.7080078
-39.397995	252.09883	7.7177734
-39.398365	249.22784	7.7275391
-39.39576	250.40883	7.7373047
-39.396358	256.97241	7.7470703
-39.393982	259.76804	7.7568359
-39.393555	256.77026	7.7666016
-39.392681	252.40979	7.7763672
-39.392208	252.12697	7.7861328
-39.392639	255.45511	7.7958984
-39.390697	254.19131	7.8056641
-39.389431	260.97562	7.8154297
-39.389851	260.79504	7.8251953
-39.387589	258.84433	7.8349609
-39.388096	255.90411	7.8447266
-39.387882	251.7989	7.8544922
-39.386696	259.2493	7.8642578
-39.385319	265.98059	7.8740234
-39.384686	263.46329	7.8837891
-39.382473	261.2226	7.8935547
-39.383026	257.6203	7.9033203
-39.381157	259.00696	7.9130859
-39.381119	259.40277	7.9228516
-39.380619	263.763	7.9326172
-39.379257	265.60431	7.9423828
-39.378468	264.65863	7.9521484
-39.377888	263.82144	7.9619141
-39.376839	258.43399	7.9716797
-39.375923	261.63815	7.9814453
-39.374722	268.07709	7.9912109
-39.374935	268.80072	8.0009766
-39.373161	268.03223	8.0107422
-39.372311	263.04617	8.0205078
-39.372498	263.60266	8.0302734
-39.37093	264.22745	8.0400391
-39.370743	268.99268	8.0498047
-39.369534	269.52472	8.0595703
-39.368	272.74191	8.0693359
-39.367203	269.41339	8.0791016
-39.367859	264.63559	8.0888672
-39.366394	267.37006	8.0986328
-39.365761	268.62476	8.1083984
-39.364437	274.52759	8.1181641
-39.364155	274.24243	8.1279297
-39.364037	269.61926	8.1376953
-39.363033	272.70172	8.1474609
-39.36031	270.29517	8.1572266
-39.360771	271.314	8.1669922
-39.360897	271.73798	8.1767578
-39.359406	275.95239	8.1865234
-39.358723	280.27069	8.1962891
-39.356224	273.48532	8.2060547
-39.356354	274.25958	8.2158203
-39.355026	273.16199	8.2255859
-39.355259	274.84576	8.2353516
-39.354675	279.7168	8.2451172
-39.352707	275.89154	8.2548828
-39.352203	279.18823	8.2646484
-39.351067	278.58411	8.2744141
-39.349934	275.64517	8.2841797
-39.349495	276.41309	8.2939453
-39.349079	276.67249	8.3037109
-39.347588	281.96899	8.3134766
-39.347851	283.63751	8.3232422
-39.346233	279.97382	8.3330078
-39.345966	277.03503	8.3427734
-39.345627	276.98367	8.3525391
-39.344734	280.71729	8.3623047
-39.343571	283.42685	8.3720703
-39.341545	287.32138	8.3818359
-39.342499	285.5177	8.3916016
-39.340862	282.58176	8.4013672
-39.339981	279.70789	8.4111328
-39.338852	279.80469	8.4208984
-39.339031	287.21603	8.4306641
-39.336662	290.32111	8.4404297
-39.337357	288.43658	8.4501953
-39.33699	283.60843	8.4599609
-39.335461	282.13766	8.4697266
-39.335369	286.01172	8.4794922
-39.333351	283.84073	8.4892578
-39.333675	293.09857	8.4990234
-39.332821	292.03506	8.5087891
-39.331963	289.42767	8.5185547
-39.329865	286.99319	8.5283203
-39.329231	281.85822	8.5380859
-39.328999	289.10626	8.5478516
-39.328102	294.32776	8.5576172
-39.327332	295.71146	8.5673828
-39.326168	293.72571	8.5771484
-39.32518	287.00812	8.5869141
-39.325211	289.36508	8.5966797
-39.324589	289.4324	8.6064453
-39.323601	293.95612	8.6162109
-39.321365	297.55835	8.6259766
-39.321636	295.83337	8.6357422
-39.320553	294.43765	8.6455078
-39.319248	288.70367	8.6552734
-39.319611	292.08731	8.6650391
-39.318073	295.70303	8.6748047
-39.317253	299.58167	8.6845703
-39.317322	299.74438	8.6943359
-39.315823	294.95923	8.7041016
-39.314835	295.20575	8.7138672
-39.314045	295.81589	8.7236328
-39.312817	297.28021	8.7333984
-39.312321	298.97195	8.7431641
-39.312683	300.58856	8.7529297
-39.311352	303.07581	8.7626953
-39.310295	296.66281	8.7724609
-39.309608	297.8158	8.7822266
-39.3083	297.16711	8.7919922
-39.307316	303.83777	8.8017578
-39.307144	305.58069	8.8115234
-39.306061	302.23709	8.8212891
-39.304333	303.215	8.8310547
-39.305546	300.37076	8.8408203
-39.303947	301.15298	8.8505859
-39.302677	301.81509	8.8603516
-39.301807	303.66196	8.8701172
-39.300934	309.90506	8.8798828
-39.300545	303.80237	8.8896484
-39.299332	305.37561	8.8994141
-39.298813	301.26254	8.9091797
-39.297916	303.74561	8.9189453
-39.296051	309.85321	8.9287109
-39.296864	306.34155	8.9384766
-39.29594	310.38513	8.9482422
-39.294167	308.4382	8.9580078
-39.293629	306.20377	8.9677734
-39.292866	307.3989	8.9775391
-39.292297	305.16104	8.9873047
-39.291634	313.26462	8.9970703
-39.289322	315.30264	9.0068359
-39.289154	312.06879	9.0166016
-39.289143	308.84	9.0263672
-39.287842	307.03799	9.0361328
-39.286945	310.51971	9.0458984
-39.285522	311.99527	9.0556641
-39.285015	315.88171	9.0654297
-39.284916	315.7981	9.0751953
-39.284618	313.11386	9.0849609
-39.28297	309.41614	9.0947266
-39.282448	308.82324	9.1044922
-39.28183	314.16782	9.1142578
-39.280949	319.92313	9.1240234
-39.279137	320.47238	9.1337891
-39.27887	316.66119	9.1435547
-39.277527	312.75778	9.1533203
-39.276695	314.92435	9.1630859
-39.276489	314.87024	9.1728516
-39.276009	319.49771	9.1826172
-39.275951	320.99786	9.1923828
-39.274422	320.68018	9.2021484
-39.273167	317.43689	9.2119141
-39.273067	311.08005	9.2216797
-39.270695	317.61575	9.2314453
-39.271473	321.9516	9.2412109
-39.269279	325.58115	9.2509766
-39.268394	324.4895	9.2607422
-39.269531	319.20731	9.2705078
-39.266857	319.71912	9.2802734
-39.266953	319.86496	9.2900391
-39.266689	321.13602	9.2998047
-39.265514	324.59079	9.3095703
-39.263924	325.20914	9.3193359
-39.263878	328.07196	9.3291016
-39.263329	319.94815	9.3388672
-39.262352	320.71341	9.3486328
-39.260807	324.60321	9.3583984
-39.260586	328.1539	9.3681641
-39.259933	330.96838	9.3779297
-39.259464	325.66147	9.3876953
-39.258492	325.20065	9.3974609
-39.257084	326.4136	9.4072266
-39.256378	326.11655	9.4169922
-39.255608	326.75305	9.4267578
-39.254784	329.63177	9.4365234
-39.253613	333.19623	9.4462891
-39.253521	329.81354	9.4560547
-39.252117	328.38968	9.4658203
-39.25135	326.99768	9.4755859
-39.251049	331.95609	9.4853516
-39.249229	333.56662	9.4951172
-39.248703	332.26123	9.5048828
-39.247589	333.11353	9.5146484
-39.247166	332.6741	9.5244141
-39.247692	332.59692	9.5341797
-39.245716	329.32614	9.5439453
-39.245319	332.27774	9.5537109
-39.243881	340.17065	9.5634766
-39.242878	338.21481	9.5732422
-39.242676	336.70737	9.5830078
-39.242039	331.94577	9.5927734
-39.241421	333.91486	9.6025391
-39.239483	338.09637	9.6123047
-39.239815	336.38556	9.6220703
-39.238022	342.22891	9.6318359
-39.237278	340.52554	9.6416016
-39.2374	337.73102	9.6513672
-39.2355	337.19434	9.6611328
-39.235214	334.194	9.6708984
-39.233822	341.91095	9.6806641
-39.232891	344.8877	9.6904297
-39.232319	343.37003	9.7001953
-39.232254	340.7594	9.7099609
-39.231487	336.48474	9.7197266
-39.229969	339.4592	9.7294922
-39.230637	340.82947	9.7392578
-39.228432	344.4411	9.7490234
-39.22699	346.52139	9.7587891
-39.22747	344.80957	9.7685547
-39.226563	340.55643	9.7783203
-39.226124	337.05246	9.7880859
-39.224636	342.95755	9.7978516
-39.224323	349.75931	9.8076172
-39.222813	350.47345	9.8173828
-39.221725	345.76642	9.8271484
-39.220402	342.90869	9.8369141
-39.221424	342.29916	9.8466797
-39.220551	344.96954	9.8564453
-39.21838	349.4339	9.8662109
-39.217728	351.30515	9.8759766
-39.217499	350.8645	9.8857422
-39.215637	349.12277	9.8955078
-39.216045	342.28302	9.9052734
-39.214119	347.86636	9.9150391
-39.213951	349.02206	9.9248047
-39.213211	354.7106	9.9345703
-39.212315	355.75308	9.9443359
-39.210461	348.23096	9.9541016
-39.211033	350.24042	9.9638672
-39.209602	349.3541	9.9736328
-39.209	352.08618	9.9833984
-39.208305	353.0033	9.9931641
-39.206745	355.57272	10.00293
-39.206081	357.02136	10.012695
-39.206882	351.07047	10.022461
-39.205624	351.6185	10.032227
-39.20446	352.32535	10.041992
-39.203732	354.3858	10.051758
-39.202522	359.68301	10.061523
-39.201775	355.92908	10.071289
-39.200176	355.53201	10.081055
-39.201344	356.72195	10.09082
-39.199444	354.14386	10.100586
-39.19857	356.87027	10.110352
-39.197777	357.87753	10.120117
-39.197334	362.57672	10.129883
-39.19659	361.69534	10.139648
-39.195415	358.79114	10.149414
-39.194138	356.45087	10.15918
-39.19355	358.75858	10.168945
-39.192497	360.94824	10.178711
-39.190948	362.40744	10.188477
-39.191154	364.77921	10.198242
-39.189556	363.63098	10.208008
-39.189941	361.75653	10.217773
-39.18924	358.91483	10.227539
-39.187199	360.69751	10.237305
-39.187943	366.33099	10.24707
-39.185913	368.67862	10.256836
-39.185627	367.10901	10.266602
-39.185204	362.79086	10.276367
-39.185154	361.66031	10.286133
-39.182774	364.40143	10.295898
-39.182056	365.41479	10.305664
-39.180592	369.82224	10.31543
-39.181606	369.06534	10.325195
-39.179768	366.83215	10.334961
-39.179482	365.00323	10.344727
-39.178654	361.18845	10.354492
-39.176525	369.05847	10.364258
-39.176289	373.97684	10.374023
-39.175686	373.4624	10.383789
-39.175457	369.38272	10.393555
-39.174164	364.92575	10.40332
-39.173504	369.20328	10.413086
-39.173328	369.21725	10.422852
-39.171322	373.97458	10.432617
-39.17152	377.2674	10.442383
-39.170551	374.22458	10.452148
-39.168751	371.68259	10.461914
-39.168465	366.98703	10.47168
-39.168831	371.32748	10.481445
-39.167496	375.64426	10.491211
-39.165932	379.20145	10.500977
-39.165379	377.58441	10.510742
-39.165379	372.51935	10.520508
-39.162777	372.1326	10.530273
-39.163799	373.87149	10.540039
-39.161808	375.14371	10.549805
-39.160168	377.46454	10.55957
-39.159367	380.46982	10.569336
-39.159931	378.82178	10.579102
-39.158451	373.85928	10.588867
-39.158039	375.20615	10.598633
-39.157387	377.42148	10.608398
-39.155609	381.73624	10.618164
-39.154972	383.24988	10.62793
-39.154263	378.74918	10.637695
-39.153854	379.54529	10.647461
-39.152882	379.66574	10.657227
-39.15197	380.08594	10.666992
-39.150093	382.06604	10.676758
-39.150555	381.36078	10.686523
-39.149864	387.10239	10.696289
-39.148438	381.4458	10.706055
-39.147747	382.05576	10.71582
-39.14732	379.73959	10.725586
-39.147449	382.95239	10.735352
-39.145981	388.19781	10.745117
-39.145988	386.14963	10.754883
-39.144924	389.17865	10.764648
-39.143391	386.35651	10.774414
-39.142807	384.12729	10.78418
-39.141357	384.47543	10.793945
-39.140743	385.7027	10.803711
-39.13998	391.41406	10.813477
-39.138542	391.83899	10.823242
-39.138702	386.1825	10.833008
-39.137119	385.81021	10.842773
-39.137726	386.01016	10.852539
-39.13665	389.24304	10.862305
-39.135181	390.99545	10.87207
-39.134415	394.16541	10.881836
-39.133934	393.33521	10.891602
-39.132404	390.68927	10.901367
-39.13224	387.99811	10.911133
-39.130791	387.4971	10.920898
-39.130032	393.47684	10.930664
-39.129639	396.68588	10.94043
-39.128906	396.52975	10.950195
-39.128502	389.89139	10.959961
-39.126846	389.31381	10.969727
-39.126385	391.64783	10.979492
-39.126183	393.72498	10.989258
-39.125877	399.03091	10.999023
-39.122852	397.48169	11.008789
-39.123589	397.53534	11.018555
-39.122742	395.10757	11.02832
-39.122494	390.18549	11.038086
-39.120247	395.73068	11.047852
-39.1199	400.17102	11.057617
-39.118412	402.47144	11.067383
-39.118874	400.04813	11.077148
-39.117233	394.25888	11.086914
-39.115143	395.49353	11.09668
-39.116314	397.61191	11.106445
-39.115074	401.14542	11.116211
-39.114182	403.67108	11.125977
-39.113762	400.94699	11.135742
-39.112293	401.92877	11.145508
-39.111637	395.08374	11.155273
-39.110477	396.48337	11.165039
-39.109596	402.48038	11.174805
-39.109097	405.97427	11.18457
-39.108532	406.65332	11.194336
-39.10841	401.3367	11.204102
-39.106747	400.07098	11.213867
-39.106537	402.22595	11.223633
-39.105053	402.91763	11.233398
-39.104862	406.21378	11.243164
-39.10347	406.18542	11.25293
-39.103115	409.63147	11.262695
-39.101891	404.92822	11.272461
-39.100201	403.21616	11.282227
-39.100731	403.41522	11.291992
-39.099003	407.88196	11.301758
-39.098923	411.33063	11.311523
-39.098286	409.48654	11.321289
-39.096806	408.60056	11.331055
-39.095474	406.79376	11.34082
-39.094814	407.48981	11.350586
-39.093143	406.59433	11.360352
-39.092682	409.84366	11.370117
-39.092285	415.09512	11.379883
-39.09201	412.30429	11.389648
-39.091927	412.62814	11.399414
-39.090424	408.41541	11.40918
-39.088867	408.48282	11.418945
-39.088345	415.37985	11.428711
-39.087837	412.13611	11.438477
-39.086823	417.03497	11.448242
-39.086445	414.25992	11.458008
-39.085346	411.93777	11.467773
-39.084862	412.83597	11.477539
-39.084236	409.44498	11.487305
-39.082623	416.97781	11.49707
-39.082684	420.1492	11.506836
-39.081692	418.64755	11.516602
-39.080627	413.08603	11.526367
-39.08028	411.61533	11.536133
-39.078022	416.61829	11.545898
-39.077621	417.4483	11.555664
-39.077862	420.07849	11.56543
-39.075722	421.9856	11.575195
-39.075741	417.8367	11.584961
-39.075817	414.48657	11.594727
-39.072842	413.13016	11.604492
-39.073933	417.24243	11.614258
-39.071945	424.53006	11.624023
-39.07214	423.91006	11.633789
-39.071266	419.48236	11.643555
-39.068733	417.51892	11.65332
-39.06937	418.15909	11.663086
-39.068302	419.7291	11.672852
-39.06765	425.14899	11.682617
-39.065815	425.91946	11.692383
-39.066177	423.52289	11.702148
-39.065208	423.08792	11.711914
-39.063534	416.45834	11.72168
-39.063583	422.47772	11.731445
-39.061771	424.25339	11.741211
-39.062546	429.68289	11.750977
-39.061722	427.90381	11.760742
-39.059277	421.82932	11.770508
-39.059589	423.39429	11.780273
-39.058971	422.76123	11.790039
-39.058533	426.94177	11.799805
-39.057377	429.82758	11.80957
-39.055889	429.13434	11.819336
-39.0541	429.84811	11.829102
-39.054256	422.65213	11.838867
-39.051418	425.16714	11.848633
-39.052212	428.05081	11.858398
-39.052635	430.34729	11.868164
-39.051537	434.0159	11.87793
-39.051052	429.80804	11.887695
-39.049606	428.59744	11.897461
-39.049572	429.3017	11.907227
-39.048405	428.72717	11.916992
-39.047802	430.80911	11.926758
-39.046265	432.38837	11.936523
-39.045231	435.26044	11.946289
-39.045563	433.14783	11.956055
-39.043007	429.64148	11.96582
-39.043625	429.83664	11.975586
-39.042645	432.09433	11.985352
-39.040771	436.62967	11.995117
-39.041111	435.45291	12.004883
-39.040363	437.19781	12.014648
-39.039192	433.83743	12.024414
-39.038288	433.71378	12.03418
-39.037525	433.29266	12.043945
-39.038181	434.86081	12.053711
-39.036396	440.09436	12.063477
-39.035145	440.72406	12.073242
-39.033241	439.17685	12.083008
-39.034088	432.93304	12.092773
-39.031502	434.32687	12.102539
-39.032051	439.43234	12.112305
-39.031841	437.85849	12.12207
-39.030895	442.83633	12.131836
-39.029343	439.89792	12.141602
-39.028717	438.03537	12.151367
-39.02779	438.07788	12.161133
-39.025997	435.33902	12.170898
-39.027054	442.47922	12.180664
-39.024845	446.15768	12.19043
-39.024067	444.9967	12.200195
-39.024086	439.46042	12.209961
-39.02219	435.8479	12.219727
-39.022522	441.19431	12.229492
-39.021286	443.18094	12.239258
-39.019276	446.27301	12.249023
-39.01992	448.48276	12.258789
-39.018585	443.57837	12.268555
-39.016449	443.34982	12.27832
-39.016342	437.81781	12.288086
-39.01651	442.75543	12.297852
-39.015713	449.69458	12.307617
-39.013935	450.24792	12.317383
-39.014145	446.35675	12.327148
-39.012859	442.52927	12.336914
-39.011745	442.41754	12.34668
-39.01152	446.17972	12.356445
-39.010483	448.54108	12.366211
-39.00909	450.27606	12.375977
-39.009426	450.00027	12.385742
-39.008545	449.24863	12.395508
-39.007118	443.64459	12.405273
-39.007946	446.70203	12.415039
-39.005672	449.55807	12.424805
-39.004425	454.35043	12.43457
-39.003834	453.50076	12.444336
-39.004463	449.37167	12.454102
-39.002522	448.63708	12.463867
-39.000378	448.28061	12.473633
-39.00116	452.1337	12.483398
-38.999969	452.66025	12.493164
-38.998665	454.28583	12.50293
-38.998074	455.82443	12.512695
-38.996731	451.59085	12.522461
-38.995842	451.69147	12.532227
-38.995621	450.47592	12.541992
-38.99509	454.43408	12.551758
-38.993462	458.58347	12.561523
-38.993412	453.70453	12.571289
-38.992626	456.60529	12.581055
-38.992626	453.96838	12.59082
-38.992138	453.9722	12.600586
-38.990593	455.20541	12.610352
-38.990765	457.32721	12.620117
-38.988747	460.75366	12.629883
-38.98798	458.29788	12.639648
-38.986477	455.69495	12.649414
-38.986328	453.70575	12.65918
-38.985596	455.66678	12.668945
-38.984558	459.40109	12.678711
-38.984009	461.0033	12.688477
-38.983398	462.50528	12.698242
-38.983215	459.74384	12.708008
-38.981728	457.5195	12.717773
-38.981022	456.69388	12.727539
-38.980385	457.59399	12.737305
-38.978325	462.61429	12.74707
-38.978352	465.93533	12.756836
-38.976776	463.22931	12.766602
-38.977566	458.34613	12.776367
-38.976418	457.42639	12.786133
-38.975975	460.83078	12.795898
-38.974709	462.37729	12.805664
-38.97266	468.3772	12.81543
-38.973499	465.19577	12.825195
-38.97258	464.17261	12.834961
-38.970943	460.6842	12.844727
-38.969563	456.71387	12.854492
-38.96888	464.81161	12.864258
-38.96854	469.34866	12.874023
-38.968075	471.17358	12.883789
-38.967567	467.31375	12.893555
-38.966408	460.09998	12.90332
-38.964504	463.25623	12.913086
-38.963745	466.21945	12.922852
-38.962784	469.28299	12.932617
-38.963223	470.36533	12.942383
-38.961716	468.97403	12.952148
-38.96125	466.91138	12.961914
-38.960712	461.73428	12.97168
-38.958946	466.51044	12.981445
-38.958733	470.3454	12.991211
-38.957478	473.1839	13.000977
-38.95631	472.95047	13.010742
-38.956886	466.43289	13.020508
-38.95546	466.39963	13.030273
-38.954079	468.56143	13.040039
-38.952957	471.06192	13.049805
-38.952808	473.59283	13.05957
-38.952213	473.07281	13.069336
-38.951027	473.69055	13.079102
-38.949734	469.48004	13.088867
-38.950649	470.79855	13.098633
-38.948601	469.77405	13.108398
-38.947914	475.92545	13.118164
-38.946442	477.97458	13.12793
-38.946045	475.30908	13.137695
-38.945591	473.65955	13.147461
-38.944336	473.00027	13.157227
-38.944557	473.92038	13.166992
-38.941807	474.11389	13.176758
-38.943447	476.56854	13.186523
-38.942764	480.58887	13.196289
-38.939922	476.29913	13.206055
-38.939087	475.30173	13.21582
-38.939053	473.30872	13.225586
-38.937965	475.52127	13.235352
-38.93726	480.35611	13.245117
-38.935329	477.28989	13.254883
-38.936367	480.04929	13.264648
-38.935501	479.79236	13.274414
-38.933933	475.91678	13.28418
-38.933594	477.16956	13.293945
-38.932106	477.70407	13.303711
-38.931435	482.97241	13.313477
-38.931202	483.76285	13.323242
-38.930286	478.59116	13.333008
-38.929073	477.67368	13.342773
-38.928753	475.18707	13.352539
-38.92738	480.77734	13.362305
-38.926971	481.89294	13.37207
-38.92569	485.08823	13.381836
-38.925575	483.08188	13.391602
-38.924747	480.48331	13.401367
-38.923988	479.29715	13.411133
-38.922428	478.11792	13.420898
-38.922699	483.64648	13.430664
-38.920544	488.66019	13.44043
-38.920406	487.57837	13.450195
-38.919144	482.04675	13.459961
-38.918835	479.27588	13.469727
-38.918037	482.7644	13.479492
-38.916492	484.39499	13.489258
-38.916538	488.71573	13.499023
-38.915707	487.43921	13.508789
-38.91534	487.00244	13.518555
-38.913692	484.96521	13.52832
-38.912289	481.03326	13.538086
-38.913189	486.06595	13.547852
-38.910145	490.72833	13.557617
-38.910366	493.2977	13.567383
-38.909496	489.45013	13.577148
-38.909523	482.07373	13.586914
-38.909332	484.61826	13.59668
-38.907318	486.84735	13.606445
-38.906849	490.20703	13.616211
-38.90649	492.76395	13.625977
-38.90469	489.34442	13.635742
-38.904728	491.34381	13.645508
-38.902336	483.98288	13.655273
-38.901432	487.42657	13.665039
-38.901566	490.62405	13.674805
-38.900715	493.06802	13.68457
-38.899952	494.91669	13.694336
-38.898758	489.56937	13.704102
-38.898903	488.37766	13.713867
-38.897938	490.32471	13.723633
-38.896214	490.87299	13.733398
-38.895565	493.05576	13.743164
-38.894657	494.06894	13.75293
-38.892662	494.46829	13.762695
-38.893703	492.08948	13.772461
-38.893349	490.84906	13.782227
-38.890976	492.01321	13.791992
-38.891163	495.18671	13.801758
-38.890831	496.07352	13.811523
-38.889824	494.8187	13.821289
-38.888966	494.7149	13.831055
-38.88728	492.6626	13.84082
-38.886974	492.55313	13.850586
-38.886269	492.27341	13.860352
-38.885204	495.74722	13.870117
-38.884445	498.90186	13.879883
-38.883671	498.29034	13.889648
-38.883236	496.03574	13.899414
-38.88269	491.22214	13.90918
-38.881485	493.95108	13.918945
-38.881104	500.40985	13.928711
-38.879208	497.2764	13.938477
-38.879368	501.92773	13.948242
-38.877972	498.43103	13.958008
-38.877396	497.38855	13.967773
-38.876095	495.48541	13.977539
-38.876152	494.11359	13.987305
-38.874001	500.83624	13.99707
-38.873703	504.55905	14.006836
-38.871666	501.36923	14.016602
-38.871788	497.74622	14.026367
-38.872025	493.56039	14.036133
-38.869888	500.83447	14.045898
-38.86932	500.59552	14.055664
-38.868355	504.42941	14.06543
-38.867844	502.93726	14.075195
-38.867962	500.93323	14.084961
-38.868019	500.16708	14.094727
-38.864746	495.89001	14.104492
-38.86462	503.20215	14.114258
-38.864014	506.6282	14.124023
-38.863407	507.14011	14.133789
-38.863419	503.48126	14.143555
-38.861485	499.03946	14.15332
-38.861671	499.76663	14.163086
-38.86042	503.81262	14.172852
-38.860092	507.32635	14.182617
-38.858696	507.87759	14.192383
-38.85733	505.56509	14.202148
-38.857388	502.57736	14.211914
-38.856319	498.92203	14.22168
-38.855759	503.28134	14.231445
-38.854923	507.68219	14.241211
-38.853077	512.02576	14.250977
-38.85331	508.96973	14.260742
-38.85239	503.21735	14.270508
-38.850906	502.69629	14.280273
-38.850922	504.23193	14.290039
-38.849808	507.09045	14.299805
-38.849594	509.01276	14.30957
-38.848526	507.30209	14.319336
-38.847866	510.45709	14.329102
-38.845993	503.88004	14.338867
-38.845341	504.90112	14.348633
-38.84523	505.36783	14.358398
-38.844303	509.44894	14.368164
-38.841774	514.22363	14.37793
-38.841537	508.04581	14.387695
-38.841171	509.4537	14.397461
-38.840538	507.86334	14.407227
-38.83926	506.4028	14.416992
-38.838764	509.81378	14.426758
-38.837845	510.51663	14.436523
-38.836979	513.75262	14.446289
-38.836792	512.2998	14.456055
-38.835083	507.76355	14.46582
-38.834641	508.47345	14.475586
-38.834583	509.33368	14.485352
-38.832451	514.40747	14.495117
-38.831749	513.9845	14.504883
-38.831131	513.70367	14.514648
-38.831184	511.46222	14.524414
-38.830124	510.57529	14.53418
-38.828671	510.44733	14.543945
-38.827919	511.01483	14.553711
-38.82811	515.17737	14.563477
-38.825981	518.89417	14.573242
-38.825237	513.80554	14.583008
-38.825832	511.10397	14.592773
-38.82584	508.84235	14.602539
-38.823196	512.10632	14.612305
-38.82354	515.8125	14.62207
-38.822578	519.89728	14.631836
-38.820332	515.64111	14.641602
-38.819027	513.28406	14.651367
-38.819836	514.21399	14.661133
-38.81889	508.20792	14.670898
-38.818268	517.3172	14.680664
-38.81715	520.86774	14.69043
-38.816872	520.91144	14.700195
-38.815514	514.9646	14.709961
-38.814854	510.79623	14.719727
-38.814159	513.91541	14.729492
-38.812344	516.51837	14.739258
-38.811932	520.56073	14.749023
-38.810986	519.96259	14.758789
-38.810883	518.23334	14.768555
-38.809525	517.17554	14.77832
-38.808918	510.3833	14.788086
-38.807758	515.98798	14.797852
-38.806271	520.38544	14.807617
-38.806438	522.92114	14.817383
-38.805405	519.1557	14.827148
-38.80452	513.81073	14.836914
-38.803894	515.27155	14.84668
-38.803722	518.24518	14.856445
-38.802235	521.08496	14.866211
-38.801128	521.77521	14.875977
-38.801506	520.15076	14.885742
-38.800861	520.96381	14.895508
-38.798229	515.71228	14.905273
-38.79781	516.92114	14.915039
-38.79784	520.0282	14.924805
-38.796185	523.46613	14.93457
-38.796795	522.49115	14.944336
-38.794712	519.59351	14.954102
-38.794266	518.23236	14.963867
-38.793594	518.68372	14.973633
-38.791908	519.70874	14.983398
-38.791264	521.6814	14.993164
-38.790085	522.5799	15.00293
-38.78936	524.79572	15.012695
-38.790138	519.64618	15.022461
-38.78793	519.18939	15.032227
-38.78775	518.20599	15.041992
-38.78751	521.9278	15.051758
-38.785851	526.61249	15.061523
-38.785023	523.55011	15.071289
-38.784443	524.41858	15.081055
-38.784248	521.93683	15.09082
-38.782997	520.49066	15.100586
-38.782627	522.60327	15.110352
-38.781033	522.16974	15.120117
-38.780022	527.90558	15.129883
-38.780216	525.71698	15.139648
-38.778633	522.38672	15.149414
-38.779049	520.97827	15.15918
-38.777576	520.44043	15.168945
-38.776581	527.42261	15.178711
-38.775024	525.93842	15.188477
-38.773811	526.17334	15.198242
-38.774475	525.3045	15.208008
-38.773094	521.31781	15.217773
-38.773117	522.64398	15.227539
-38.771469	521.44073	15.237305
-38.770744	527.02393	15.24707
-38.768982	531.08777	15.256836
-38.768963	527.26306	15.266602
-38.76852	522.04816	15.276367
-38.766212	519.3656	15.286133
-38.766006	524.41333	15.295898
-38.765507	527.49506	15.305664
-38.764671	530.79895	15.31543
-38.763817	528.45679	15.325195
-38.763474	526.75146	15.334961
-38.761871	523.47736	15.344727
-38.76273	519.61725	15.354492
-38.761166	527.11548	15.364258
-38.76004	529.573	15.374023
-38.759495	531.67285	15.383789
-38.758732	527.77374	15.393555
-38.757626	519.42596	15.40332
-38.756397	525.96686	15.413086
-38.756111	526.48193	15.422852
-38.754845	530.09393	15.432617
-38.753708	531.38464	15.442383
-38.753845	528.85822	15.452148
-38.752602	529.13721	15.461914
-38.751186	521.9115	15.47168
-38.751766	526.80896	15.481445
-38.75029	529.83398	15.491211
-38.748661	532.96228	15.500977
-38.748909	533.31244	15.510742
-38.748016	525.13306	15.520508
-38.74651	526.08795	15.530273
-38.746098	528.33447	15.540039
-38.74601	528.40808	15.549805
-38.743523	531.36334	15.55957
-38.743511	529.81329	15.569336
-38.742359	529.46539	15.579102
-38.741974	525.83441	15.588867
-38.740356	525.98639	15.598633
-38.73999	526.60022	15.608398
-38.739094	533.13239	15.618164
-38.73848	533.07489	15.62793
-38.737675	530.18561	15.637695
-38.736687	528.07098	15.647461
-38.736607	527.98895	15.657227
-38.735645	527.633	15.666992
-38.733791	528.14905	15.676758
-38.735237	530.41583	15.686523
-38.733032	534.00421	15.696289
-38.732899	530.3653	15.706055
-38.731663	528.60266	15.71582
-38.730247	526.28064	15.725586
-38.729065	529.11273	15.735352
-38.728848	532.82019	15.745117
-38.728775	530.51849	15.754883
-38.726048	532.88013	15.764648
-38.727394	529.19342	15.774414
-38.725159	528.48907	15.78418
-38.72575	529.92114	15.793945
-38.723785	528.51837	15.803711
-38.723328	534.50128	15.813477
-38.723499	535.71399	15.823242
-38.721416	531.68774	15.833008
-38.722092	526.62714	15.842773
-38.719723	524.65308	15.852539
-38.71994	531.32758	15.862305
-38.718517	531.69855	15.87207
-38.717834	532.57178	15.881836
-38.716644	531.58948	15.891602
-38.715874	528.30597	15.901367
-38.715775	527.66571	15.911133
-38.71431	526.33496	15.920898
-38.713432	532.30231	15.930664
-38.713158	536.39673	15.94043
-38.712894	535.59747	15.950195
-38.712364	528.7923	15.959961
-38.709152	526.63489	15.969727
-38.709381	529.30121	15.979492
-38.708836	531.21313	15.989258
-38.708096	535.04803	15.999023
-38.706928	534.08551	16.008789
-38.706062	531.29297	16.018555
-38.705181	529.97882	16.02832
-38.70491	524.21326	16.038086
-38.703106	529.51208	16.047852
-38.702118	532.21655	16.057617
-38.703472	536.38098	16.067383
-38.701393	532.70599	16.077148
-38.700317	526.23486	16.086914
-38.700607	528.29077	16.09668
-38.700066	529.42944	16.106445
-38.698143	533.40814	16.116211
-38.696907	533.53027	16.125977
-38.697918	531.67603	16.135742
-38.695736	530.91699	16.145508
-38.695759	525.68677	16.155273
-38.693794	528.55701	16.165039
-38.693645	532.15155	16.174805
-38.691601	535.36243	16.18457
-38.69294	536.90265	16.194336
-38.690922	529.28418	16.204102
-38.689632	529.59082	16.213867
-38.689228	528.31799	16.223633
-38.689182	529.66986	16.233398
-38.687946	533.16449	16.243164
-38.687382	532.23083	16.25293
-38.685867	534.35919	16.262695
-38.684334	531.26422	16.272461
-38.683136	527.06012	16.282227
-38.684349	528.64197	16.291992
-38.682911	530.35626	16.301758
-38.680607	534.96423	16.311523
-38.682281	533.47101	16.321289
-38.680767	532.58698	16.331055
-38.679176	529.6015	16.34082
-38.678337	528.34106	16.350586
-38.67844	528.82593	16.360352
-38.67712	530.65979	16.370117
-38.675331	533.81439	16.379883
-38.676342	534.33087	16.389648
-38.6754	532.14288	16.399414
-38.673279	526.10822	16.40918
-38.672264	528.78815	16.418945
-38.672108	532.86932	16.428711
-38.672291	532.85199	16.438477
-38.670712	535.3764	16.448242
-38.669846	530.68622	16.458008
-38.668674	529.33167	16.467773
-38.668686	528.07056	16.477539
-38.668011	524.83936	16.487305
-38.666485	533.42969	16.49707
-38.664509	535.69336	16.506836
-38.663811	533.78101	16.516602
-38.663826	528.52612	16.526367
-38.662762	524.41272	16.536133
-38.661812	529.38074	16.545898
-38.662167	531.52289	16.555664
-38.660938	535.47791	16.56543
-38.659996	532.9502	16.575195
-38.659637	529.27014	16.584961
-38.658947	529.60651	16.594727
-38.657536	523.86725	16.604492
-38.656799	531.68103	16.614258
-38.654881	534.60236	16.624023
-38.655273	533.95825	16.633789
-38.654659	531.51709	16.643555
-38.653885	524.37341	16.65332
-38.651371	525.92273	16.663086
-38.652042	531.29285	16.672852
-38.650696	531.9903	16.682617
-38.650795	531.80005	16.692383
-38.648727	531.02112	16.702148
-38.649323	529.18622	16.711914
-38.648659	524.8725	16.72168
-38.647552	527.70477	16.731445
-38.645256	530.71924	16.741211
-38.64558	534.56995	16.750977
-38.645184	532.43243	16.760742
-38.643726	526.59015	16.770508
-38.64325	526.78314	16.780273
-38.642242	527.16333	16.790039
-38.641018	531.02216	16.799805
-38.640541	530.69904	16.80957
-38.639622	531.54218	16.819336
-38.639732	531.95746	16.829102
-38.637894	525.64771	16.838867
-38.636765	527.46881	16.848633
-38.636108	525.80859	16.858398
-38.635441	529.88025	16.868164
-38.633236	534.76428	16.87793
-38.633144	528.63336	16.887695
-38.632729	526.56274	16.897461
-38.631748	527.44818	16.907227
-38.631912	528.05328	16.916992
-38.630756	527.87201	16.926758
-38.629807	528.0108	16.936523
-38.629562	531.72705	16.946289
-38.628571	529.93677	16.956055
-38.626621	526.74426	16.96582
-38.626629	525.26514	16.975586
-38.62569	526.00739	16.985352
-38.623878	532.50702	16.995117
-38.624016	531.00842	17.004883
-38.623676	529.31915	17.014648
-38.622829	528.21326	17.024414
-38.620594	526.08063	17.03418
-38.619995	526.95593	17.043945
-38.620361	526.98169	17.053711
-38.618721	530.76947	17.063477
-38.617939	532.54315	17.073242
-38.618389	527.9364	17.083008
-38.615829	523.76868	17.092773
-38.616016	522.96783	17.102539
-38.614044	527.50549	17.112305
-38.613567	528.30194	17.12207
-38.612915	532.2464	17.131836
-38.612766	529.3797	17.141602
-38.611588	525.495	17.151367
-38.611523	523.94928	17.161133
-38.609188	522.00281	17.170898
-38.609417	528.74536	17.180664
-38.608334	531.98175	17.19043
-38.607513	532.92578	17.200195
-38.605839	525.55103	17.209961
-38.605915	519.98932	17.219727
-38.606934	524.17139	17.229492
-38.604088	527.12933	17.239258
-38.603363	532.15582	17.249023
-38.603085	529.35156	17.258789
-38.602482	525.45868	17.268555
-38.601479	526.02637	17.27832
-38.600929	519.52112	17.288086
-38.600094	524.96588	17.297852
-38.598133	529.53754	17.307617
-38.598087	529.21063	17.317383
-38.59787	529.55707	17.327148
-38.597805	522.23676	17.336914
-38.595013	521.04498	17.34668
-38.592926	526.02356	17.356445
-38.593651	527.08069	17.366211
-38.594364	530.98419	17.375977
-38.59341	529.03265	17.385742
-38.590748	526.76978	17.395508
-38.590485	521.16064	17.405273
-38.590286	521.41339	17.415039
-38.58952	525.48486	17.424805
-38.588654	529.57709	17.43457
-38.588413	529.97827	17.444336
-38.587208	524.28473	17.454102
-38.585823	523.0719	17.463867
-38.585354	522.17993	17.473633
-38.58474	524.65625	17.483398
-38.583145	525.52704	17.493164
-38.582428	525.83929	17.50293
-38.582211	527.61316	17.512695
-38.581253	523.38373	17.522461
-38.580021	522.64423	17.532227
-38.580818	520.22412	17.541992
-38.577953	525.375	17.551758
-38.578136	528.63745	17.561523
-38.57579	524.3772	17.571289
-38.575611	527.23651	17.581055
-38.575668	521.70209	17.59082
-38.575085	521.53668	17.600586
-38.574276	523.29395	17.610352
-38.572151	523.12579	17.620117
-38.572021	529.5174	17.629883
-38.570614	527.74384	17.639648
-38.570595	522.64093	17.649414
-38.570221	520.41296	17.65918
-38.568398	519.57391	17.668945
-38.56768	527.57861	17.678711
-38.566303	525.16095	17.688477
-38.566525	526.21295	17.698242
-38.56514	524.14954	17.708008
-38.564144	521.02893	17.717773
-38.563618	521.52509	17.727539
-38.563263	520.34888	17.737305
-38.561581	523.3623	17.74707
-38.561924	528.31335	17.756836
-38.561031	526.20483	17.766602
-38.560574	520.22467	17.776367
-38.558315	516.13763	17.786133
-38.55809	520.7821	17.795898
-38.55793	525.79053	17.805664
-38.556465	527.52734	17.81543
-38.556358	524.2547	17.825195
-38.554771	523.20013	17.834961
-38.554142	520.55603	17.844727
-38.552776	516.87567	17.854492
-38.552242	523.27899	17.864258
-38.551281	526.29327	17.874023
-38.55069	528.57727	17.883789
-38.549301	522.36719	17.893555
-38.548317	517.13824	17.90332
-38.548759	518.90228	17.913086
-38.548412	521.33588	17.922852
-38.544937	525.55969	17.932617
-38.546165	525.18268	17.942383
-38.544643	523.18579	17.952148
-38.54525	522.76416	17.961914
-38.543289	516.14063	17.97168
-38.543331	520.47925	17.981445
-38.542271	522.36285	17.991211
-38.540768	525.50763	18.000977
-38.540581	526.55328	18.010742
-38.540054	518.74512	18.020508
-38.538166	518.89807	18.030273
-38.537788	519.47858	18.040039
-38.535877	522.77631	18.049805
-38.536179	523.9375	18.05957
-38.534489	524.2854	18.069336
-38.535294	523.05322	18.079102
-38.534176	519.77435	18.088867
-38.533463	518.7713	18.098633
-38.53157	520.04266	18.108398
-38.531712	522.54773	18.118164
-38.531273	525.58356	18.12793
-38.529625	522.32703	18.137695
-38.528366	521.29413	18.147461
-38.527687	519.68945	18.157227
-38.526779	519.50525	18.166992
-38.526787	521.05389	18.176758
-38.526134	522.09821	18.186523
-38.525135	523.76141	18.196289
-38.523548	522.40363	18.206055
-38.523502	520.03448	18.21582
-38.522469	516.41895	18.225586
-38.521263	520.43787	18.235352
-38.52076	524.15601	18.245117
-38.518684	522.00732	18.254883
-38.518456	523.59955	18.264648
-38.517654	519.01776	18.274414
-38.517345	516.96667	18.28418
-38.517246	518.11029	18.293945
-38.516392	517.19019	18.303711
-38.515423	524.63654	18.313477
-38.514503	524.33807	18.323242
-38.513065	521.52441	18.333008
-38.512115	516.21252	18.342773
-38.512093	514.35022	18.352539
-38.511517	520.88257	18.362305
-38.510273	522.39795	18.37207
-38.509087	523.97827	18.381836
-38.509285	520.22321	18.391602
-38.507069	518.23541	18.401367
-38.506714	518.13916	18.411133
-38.506592	514.52362	18.420898
-38.505173	520.76398	18.430664
-38.503479	524.84717	18.44043
-38.503723	523.3363	18.450195
-38.503021	519.83539	18.459961
-38.501923	514.38867	18.469727
-38.501541	516.98389	18.479492
-38.499855	520.74805	18.489258
-38.499817	523.31195	18.499023
-38.499226	522.69189	18.508789
-38.497379	519.00226	18.518555
-38.497494	517.46246	18.52832
-38.496895	512.72198	18.538086
-38.495781	518.50818	18.547852
-38.494732	521.11945	18.557617
-38.494358	524.23865	18.567383
-38.492805	519.68933	18.577148
-38.490925	516.36859	18.586914
-38.491215	515.0274	18.59668
-38.490837	517.80066	18.606445
-38.489716	521.58264	18.616211
-38.489265	521.8233	18.625977
-38.488056	519.43231	18.635742
-38.487816	519.70959	18.645508
-38.486916	513.94574	18.655273
-38.484844	517.39368	18.665039
-38.484169	516.87781	18.674805
-38.483921	522.38049	18.68457
-38.484039	524.77673	18.694336
-38.482182	514.15356	18.704102
-38.481491	515.5954	18.713867
-38.480743	516.4209	18.723633
-38.480164	517.51465	18.733398
-38.479919	519.02631	18.743164
-38.479515	519.38342	18.75293
-38.478271	520.93671	18.762695
-38.476692	517.8136	18.772461
-38.477051	513.82764	18.782227
-38.476475	515.52802	18.791992
-38.474972	516.47876	18.801758
-38.473049	523.19635	18.811523
-38.472481	518.23224	18.821289
-38.472244	518.138	18.831055
-38.470871	516.80035	18.84082
-38.469826	516.28381	18.850586
-38.470364	516.68298	18.860352
-38.468643	515.84259	18.870117
-38.469166	519.24878	18.879883
-38.467484	521.12415	18.889648
-38.466118	517.60974	18.899414
-38.465988	512.60449	18.90918
-38.464802	514.63306	18.918945
-38.464626	518.4397	18.928711
-38.462639	520.07281	18.938477
-38.462276	521.87054	18.948242
-38.461536	517.33942	18.958008
-38.460258	516.37512	18.967773
-38.4608	515.40131	18.977539
-38.45903	514.24823	18.987305
-38.458488	519.76154	18.99707
-38.457233	521.96442	19.006836
-38.456314	521.01508	19.016602
-38.454987	515.42157	19.026367
-38.454666	510.34772	19.036133
-38.453232	517.08984	19.045898
-38.453247	517.45935	19.055664
-38.452339	521.47803	19.06543
-38.451859	517.99146	19.075195
-38.450409	515.24988	19.084961
-38.450359	515.30902	19.094727
-38.449688	511.56921	19.104492
-38.447411	517.41144	19.114258
-38.447433	520.36176	19.124023
-38.446815	519.7572	19.133789
-38.446972	517.78564	19.143555
-38.444744	510.63126	19.15332
-38.444008	512.91168	19.163086
-38.444248	516.81909	19.172852
-38.443447	519.71222	19.182617
-38.441906	518.92743	19.192383
-38.440823	516.724	19.202148
-38.440983	514.93146	19.211914
-38.438408	511.65598	19.22168
-38.438454	514.22913	19.231445
-38.437267	517.97284	19.241211
-38.436634	521.04572	19.250977
-38.436512	518.69867	19.260742
-38.435467	513.7204	19.270508
-38.433174	513.4848	19.280273
-38.433132	514.56909	19.290039
-38.432564	517.16711	19.299805
-38.431934	517.17395	19.30957
-38.432335	519.18109	19.319336
-38.429382	517.62616	19.329102
-38.429157	513.63599	19.338867
-38.428726	512.58221	19.348633
-38.427376	512.67322	19.358398
-38.428211	517.49579	19.368164
-38.426693	520.55627	19.37793
-38.424171	514.51471	19.387695
-38.42461	514.64941	19.397461
-38.424091	512.6228	19.407227
-38.422611	514.06219	19.416992
-38.422035	516.32794	19.426758
-38.422035	514.5531	19.436523
-38.420807	519.45386	19.446289
-38.420143	517.10217	19.456055
-38.418793	513.60895	19.46582
-38.418377	510.90823	19.475586
-38.417744	511.90536	19.485352
-38.418026	518.76971	19.495117
-38.416069	517.79205	19.504883
-38.415775	516.08728	19.514648
-38.414383	514.25446	19.524414
-38.412781	510.88971	19.53418
-38.413269	514.15808	19.543945
-38.411091	514.09418	19.553711
-38.410934	515.98151	19.563477
-38.410648	518.81708	19.573242
-38.40852	514.1535	19.583008
-38.407898	510.97745	19.592773
-38.408279	509.50797	19.602539
-38.407898	513.24719	19.612305
-38.405796	516.74286	19.62207
-38.405815	518.89984	19.631836
-38.404453	513.28198	19.641602
-38.403316	512.36804	19.651367
-38.402386	511.43835	19.661133
-38.40213	508.72409	19.670898
-38.400459	516.34967	19.680664
-38.400269	517.00635	19.69043
-38.399479	518.97992	19.700195
-38.399265	512.98395	19.709961
-38.397697	506.89047	19.719727
-38.396877	511.97357	19.729492
-38.396366	514.60413	19.739258
-38.395283	517.52405	19.749023
-38.395321	516.66614	19.758789
-38.393555	514.18512	19.768555
-38.392967	512.44415	19.77832
-38.392456	505.82712	19.788086
-38.391197	513.09308	19.797852
-38.389496	515.86768	19.807617
-38.389767	516.94818	19.817383
-38.389271	516.34491	19.827148
-38.387772	508.43222	19.836914
-38.387161	508.362	19.84668
-38.386318	513.79047	19.856445
-38.385712	514.48956	19.866211
-38.38483	516.30182	19.875977
-38.384518	513.06873	19.885742
-38.383091	513.56836	19.895508
-38.382118	510.28775	19.905273
-38.381851	510.61212	19.915039
-38.380955	512.01996	19.924805
-38.379745	515.26184	19.93457
-38.378086	516.48376	19.944336
-38.37822	512.46594	19.954102
-38.37767	509.80347	19.963867
-38.376331	512.06134	19.973633
-38.375847	512.89148	19.983398
-38.37463	512.9281	19.993164
-38.373367	516.2019	20.00293
-38.373665	514.17352	20.012695


Data Header:			0.254_hd_uprint_typeiv_4545_r0			Time:	31.242432	s	4/13/2019 7:29:12 PM
Data Acquisition:	Timed
Station Name:	ft40.cfg
Test File Name:	monotonic_0.2540_typeiv_hd_4545_uprint.tst
Displacement	Force	Running Time
mm	N	s
-38.372719	511.54102	20.022461
-38.371468	509.89288	20.032227
-38.371811	508.07764	20.041992
-38.369663	512.44604	20.051758
-38.369213	517.32422	20.061523
-38.368385	514.27844	20.071289
-38.36808	513.25726	20.081055
-38.366554	510.06073	20.09082
-38.36636	512.58087	20.100586
-38.365181	511.03436	20.110352
-38.363773	511.54608	20.120117
-38.363937	515.09973	20.129883
-38.363171	515.57062	20.139648
-38.361111	511.79742	20.149414
-38.3615	507.96152	20.15918
-38.36031	508.58282	20.168945
-38.358807	513.51422	20.178711
-38.358551	515.74658	20.188477
-38.359119	515.34772	20.198242
-38.357639	512.18939	20.208008
-38.356445	508.30316	20.217773
-38.355492	510.26886	20.227539
-38.356113	507.43085	20.237305
-38.353668	513.91742	20.24707
-38.353214	517.2334	20.256836
-38.352074	513.48334	20.266602
-38.351048	510.1626	20.276367
-38.351009	506.50125	20.286133
-38.349106	508.00754	20.295898
-38.350273	515.13599	20.305664
-38.347668	516.08887	20.31543
-38.347282	512.95001	20.325195
-38.346432	509.7084	20.334961
-38.34639	508.41086	20.344727
-38.34565	506.42139	20.354492
-38.34404	511.53589	20.364258
-38.343731	514.86365	20.374023
-38.342186	516.10681	20.383789
-38.342388	511.64496	20.393555
-38.341503	505.54312	20.40332
-38.339622	506.21121	20.413086
-38.339108	510.45032	20.422852
-38.33823	514.63025	20.432617
-38.337135	513.9101	20.442383
-38.336864	511.10995	20.452148
-38.335102	510.24664	20.461914
-38.335545	504.84467	20.47168
-38.33519	509.30841	20.481445
-38.333668	512.05731	20.491211
-38.332985	514.54218	20.500977
-38.331921	515.39996	20.510742
-38.331383	506.5145	20.520508
-38.330006	507.51508	20.530273
-38.329628	508.39102	20.540039
-38.328461	511.25397	20.549805
-38.327419	513.59155	20.55957
-38.326691	510.82291	20.569336
-38.325886	512.646	20.579102
-38.325859	509.37302	20.588867
-38.324844	506.41519	20.598633
-38.323189	508.78525	20.608398
-38.323792	511.30783	20.618164
-38.322475	515.18134	20.62793
-38.32143	510.49478	20.637695
-38.319111	509.81015	20.647461
-38.319294	507.37357	20.657227
-38.319073	508.37845	20.666992
-38.317776	510.58566	20.676758
-38.317596	510.81287	20.686523
-38.315823	510.68442	20.696289
-38.31461	510.83331	20.706055
-38.31461	508.20111	20.71582
-38.313747	505.25735	20.725586
-38.314621	506.97534	20.735352
-38.311821	512.23511	20.745117
-38.311085	512.35278	20.754883
-38.310249	511.2251	20.764648
-38.309139	507.86691	20.774414
-38.309189	506.45898	20.78418
-38.308846	507.8541	20.793945
-38.306339	507.31473	20.803711
-38.306286	512.97742	20.813477
-38.30624	512.76453	20.823242
-38.305099	512.42999	20.833008
-38.305157	507.07782	20.842773
-38.304096	503.75748	20.852539
-38.301949	509.38565	20.862305
-38.301823	510.94394	20.87207
-38.301636	515.23285	20.881836
-38.299767	510.67822	20.891602
-38.300022	506.38693	20.901367
-38.298969	507.43671	20.911133
-38.297638	504.71759	20.920898
-38.297028	510.18005	20.930664
-38.295879	514.67926	20.94043
-38.295555	512.41559	20.950195
-38.295517	509.30136	20.959961
-38.294758	503.21924	20.969727
-38.293434	503.91812	20.979492
-38.292953	510.99991	20.989258
-38.292526	511.2406	20.999023
-38.290482	512.68048	21.008789
-38.289459	507.81693	21.018555
-38.287571	507.63495	21.02832
-38.28809	505.52487	21.038086
-38.287182	508.07489	21.047852
-38.286472	511.34729	21.057617
-38.285297	513.99841	21.067383
-38.284767	511.52032	21.077148
-38.284706	503.69919	21.086914
-38.282661	505.20914	21.09668
-38.282677	507.29382	21.106445
-38.280933	510.81342	21.116211
-38.280483	509.38403	21.125977
-38.280197	510.56485	21.135742
-38.280228	510.25446	21.145508
-38.278778	505.03314	21.155273
-38.276749	506.6113	21.165039
-38.277206	507.66904	21.174805
-38.27467	511.58856	21.18457
-38.274273	512.0174	21.194336
-38.274498	506.58505	21.204102
-38.273186	506.66177	21.213867
-38.272461	505.02252	21.223633
-38.271759	507.36087	21.233398
-38.27211	510.97794	21.243164
-38.269493	508.58157	21.25293
-38.269691	511.62433	21.262695
-38.267609	508.42072	21.272461
-38.267422	505.86258	21.282227
-38.26778	504.19986	21.291992
-38.265144	506.90735	21.301758
-38.265308	511.75784	21.311523
-38.264458	508.59888	21.321289
-38.264202	508.83578	21.331055
-38.261597	506.62393	21.34082
-38.262203	505.41229	21.350586
-38.260979	506.71005	21.360352
-38.260414	507.17377	21.370117
-38.25848	510.37009	21.379883
-38.259663	511.81781	21.389648
-38.256748	507.02661	21.399414
-38.257202	502.84277	21.40918
-38.255722	503.73154	21.418945
-38.255177	508.74896	21.428711
-38.254257	510.68903	21.438477
-38.253872	510.9682	21.448242
-38.253643	505.99872	21.458008
-38.252594	506.22128	21.467773
-38.251503	504.39972	21.477539
-38.251312	504.13574	21.487305
-38.249573	512.35498	21.49707
-38.248547	511.18933	21.506836
-38.248257	511.17374	21.516602
-38.247375	504.07791	21.526367
-38.2463	502.52719	21.536133
-38.24622	505.6196	21.545898
-38.245007	508.54642	21.555664
-38.243927	511.45874	21.56543
-38.243435	509.94473	21.575195
-38.241951	505.53708	21.584961
-38.240925	505.52432	21.594727
-38.24073	502.89987	21.604492
-38.239811	507.77997	21.614258
-38.239189	511.60645	21.624023
-38.238361	511.29794	21.633789
-38.237858	507.32684	21.643555
-38.236652	500.38559	21.65332
-38.236504	503.09915	21.663086
-38.234325	506.85751	21.672852
-38.234863	508.67261	21.682617
-38.232952	510.86127	21.692383
-38.233059	507.06857	21.702148
-38.232735	506.66589	21.711914
-38.231152	502.65948	21.72168
-38.230854	503.6785	21.731445
-38.23	508.80319	21.741211
-38.2286	510.25327	21.750977
-38.228394	509.59439	21.760742
-38.226986	505.94904	21.770508
-38.226128	502.96014	21.780273
-38.225853	505.19229	21.790039
-38.224651	507.32248	21.799805
-38.222595	509.7471	21.80957
-38.223328	507.37332	21.819336
-38.222656	508.79251	21.829102
-38.221462	505.84143	21.838867
-38.221062	503.66229	21.848633
-38.219383	502.46323	21.858398
-38.218178	509.31979	21.868164
-38.218765	511.27118	21.87793
-38.216511	507.35599	21.887695
-38.215534	506.61005	21.897461
-38.216526	504.15738	21.907227
-38.215446	504.90707	21.916992
-38.213215	507.4361	21.926758
-38.212925	505.21643	21.936523
-38.212219	509.24557	21.946289
-38.21209	508.93784	21.956055
-38.211544	506.01685	21.96582
-38.210636	500.55063	21.975586
-38.208092	502.32465	21.985352
-38.208447	509.73792	21.995117
-38.207447	509.79108	22.004883
-38.207573	509.21024	22.014648
-38.205875	506.28107	22.024414
-38.204643	503.76193	22.03418
-38.20377	504.26389	22.043945
-38.203487	505.1412	22.053711
-38.201439	507.95251	22.063477
-38.202274	510.82556	22.073242
-38.199852	506.50467	22.083008
-38.200279	502.38489	22.092773
-38.199631	501.69397	22.102539
-38.198715	505.71442	22.112305
-38.197483	510.0062	22.12207
-38.197159	511.47549	22.131836
-38.196159	507.36905	22.141602
-38.194675	505.57446	22.151367
-38.194572	503.31949	22.161133
-38.193451	501.39041	22.170898
-38.192047	508.7337	22.180664
-38.191475	508.91364	22.19043
-38.191181	511.03717	22.200195
-38.190361	504.74362	22.209961
-38.188919	501.08755	22.219727
-38.187973	504.3363	22.229492
-38.186768	506.55276	22.239258
-38.186638	511.34109	22.249023
-38.186111	509.19974	22.258789
-38.185532	505.41907	22.268555
-38.183693	505.05661	22.27832
-38.183369	501.56992	22.288086
-38.183464	505.82343	22.297852
-38.182777	508.38965	22.307617
-38.181541	510.66046	22.317383
-38.18063	508.80469	22.327148
-38.179371	500.2579	22.336914
-38.178185	503.53491	22.34668
-38.178352	506.19525	22.356445
-38.178188	507.38101	22.366211
-38.176964	510.80371	22.375977
-38.176151	505.4567	22.385742
-38.174377	507.31998	22.395508
-38.17453	502.24454	22.405273
-38.172646	504.14377	22.415039
-38.172997	506.54007	22.424805
-38.172096	508.36295	22.43457
-38.169865	512.4043	22.444336
-38.170555	503.6723	22.454102
-38.169636	503.13519	22.463867
-38.168652	503.94351	22.473633
-38.167458	504.96579	22.483398
-38.167881	507.41296	22.493164
-38.16428	507.78259	22.50293
-38.164322	506.87207	22.512695
-38.164791	505.87433	22.522461
-38.163212	503.49121	22.532227
-38.161377	501.27841	22.541992
-38.162453	504.84146	22.551758
-38.161201	508.72754	22.561523
-38.161266	507.44159	22.571289
-38.159546	508.11667	22.581055
-38.158997	501.72882	22.59082
-38.158108	501.85556	22.600586
-38.157612	504.45145	22.610352
-38.155407	502.63297	22.620117
-38.155087	509.63528	22.629883
-38.155048	508.13126	22.639648
-38.153706	506.0838	22.649414
-38.153526	501.47974	22.65918
-38.152153	500.56915	22.668945
-38.151642	508.22729	22.678711
-38.150585	508.32147	22.688477
-38.148262	509.41556	22.698242
-38.149117	505.62604	22.708008
-38.148163	501.26474	22.717773
-38.147224	502.82925	22.727539
-38.147636	501.8558	22.737305
-38.145035	507.97015	22.74707
-38.144623	511.67636	22.756836
-38.143406	507.26062	22.766602
-38.141857	503.39694	22.776367
-38.142677	498.3721	22.786133
-38.141205	500.73462	22.795898
-38.141056	508.60406	22.805664
-38.139744	509.06622	22.81543
-38.138012	505.82535	22.825195
-38.138962	503.0495	22.834961
-38.137634	501.38235	22.844727
-38.137108	501.00027	22.854492
-38.135262	505.07312	22.864258
-38.134998	509.08481	22.874023
-38.133656	510.94	22.883789
-38.133652	504.6857	22.893555
-38.133232	499.67242	22.90332
-38.13155	500.18011	22.913086
-38.130985	504.43207	22.922852
-38.13036	507.78412	22.932617
-38.128193	507.24036	22.942383
-38.127686	505.59552	22.952148
-38.127991	504.30322	22.961914
-38.126621	500.43314	22.97168
-38.126247	504.40897	22.981445
-38.125515	505.22025	22.991211
-38.124561	508.80695	23.000977
-38.122707	508.00037	23.010742
-38.12318	499.97757	23.020508
-38.121944	502.95444	23.030273
-38.121471	500.97705	23.040039
-38.120651	505.17868	23.049805
-38.119961	507.42371	23.05957
-38.119652	505.83673	23.069336
-38.118519	506.12234	23.079102
-38.117664	502.75977	23.088867
-38.116047	500.58896	23.098633
-38.115627	503.05045	23.108398
-38.113831	505.60928	23.118164
-38.113937	509.535	23.12793
-38.113194	504.99026	23.137695
-38.112373	503.61252	23.147461
-38.111343	502.39374	23.157227
-38.109638	502.45029	23.166992
-38.109833	505.02502	23.176758
-38.110703	504.14615	23.186523
-38.108631	506.45383	23.196289
-38.106125	507.20657	23.206055
-38.106781	502.61618	23.21582
-38.105587	500.31842	23.225586
-38.105095	502.53552	23.235352
-38.10358	506.0838	23.245117
-38.10342	506.87463	23.254883
-38.103767	506.42014	23.264648
-38.101486	502.36154	23.274414
-38.100189	502.03918	23.28418
-38.100483	501.84863	23.293945
-38.099239	502.1423	23.303711
-38.097485	509.1467	23.313477
-38.098591	508.18091	23.323242
-38.096451	507.53265	23.333008
-38.096409	499.76602	23.342773
-38.094604	496.83002	23.352539
-38.094654	504.74637	23.362305
-38.093109	505.4584	23.37207
-38.092667	509.70108	23.381836
-38.092281	504.35956	23.391602
-38.090298	499.2395	23.401367
-38.090481	501.94901	23.411133
-38.08894	499.28424	23.420898
-38.088753	506.19925	23.430664
-38.088154	507.28333	23.44043
-38.086605	506.1788	23.450195
-38.085972	504.17453	23.459961
-38.084812	497.4472	23.469727
-38.084854	501.04529	23.479492
-38.083427	505.32144	23.489258
-38.083019	506.78433	23.499023
-38.082417	507.33353	23.508789
-38.081451	503.2937	23.518555
-38.081448	500.76031	23.52832
-38.080132	499.75183	23.538086
-38.078423	502.21603	23.547852
-38.077667	505.40024	23.557617
-38.077633	509.14502	23.567383
-38.077038	505.67465	23.577148
-38.076675	499.65891	23.586914
-38.074883	498.96448	23.59668
-38.074108	502.14911	23.606445
-38.072903	504.92413	23.616211
-38.072269	504.97626	23.625977
-38.070263	503.80768	23.635742
-38.070824	503.8367	23.645508
-38.069153	499.27347	23.655273
-38.068703	500.54996	23.665039
-38.067402	501.40036	23.674805
-38.067127	505.10864	23.68457
-38.066639	508.19611	23.694336
-38.06675	501.0267	23.704102
-38.06535	500.49716	23.713867
-38.063171	499.32578	23.723633
-38.064247	504.41568	23.733398
-38.062412	503.27634	23.743164
-38.061699	503.86603	23.75293
-38.060135	505.38934	23.762695
-38.059986	503.81665	23.772461
-38.05891	500.59372	23.782227
-38.058853	500.97687	23.791992
-38.05806	500.44287	23.801758
-38.05793	508.2562	23.811523
-38.056255	504.15414	23.821289
-38.055626	502.99673	23.831055
-38.055256	501.31876	23.84082
-38.054203	499.97366	23.850586
-38.05212	502.13647	23.860352
-38.051949	502.14786	23.870117
-38.052055	504.76419	23.879883
-38.051151	505.49884	23.889648
-38.049965	502.96359	23.899414
-38.048653	498.35522	23.90918
-38.048054	498.45224	23.918945
-38.046665	502.93518	23.928711
-38.046249	508.72754	23.938477
-38.045326	505.78876	23.948242
-38.04504	502.58173	23.958008
-38.043785	499.95856	23.967773
-38.041901	498.92639	23.977539
-38.042492	498.45737	23.987305
-38.040176	506.30807	23.99707
-38.041374	505.43933	24.006836
-38.040482	506.49005	24.016602
-38.039436	499.27124	24.026367
-38.037617	495.85535	24.036133
-38.037251	500.33099	24.045898
-38.037067	504.57681	24.055664
-38.035049	507.05045	24.06543
-38.035355	503.90137	24.075195
-38.034149	499.30743	24.084961
-38.032921	501.58911	24.094727
-38.032024	497.32813	24.104492
-38.032616	503.80539	24.114258
-38.030075	505.27322	24.124023
-38.03054	505.92828	24.133789
-38.029663	503.07941	24.143555
-38.028111	496.99976	24.15332
-38.027302	498.69778	24.163086
-38.027191	503.41708	24.172852
-38.025616	504.08704	24.182617
-38.025059	506.7966	24.192383
-38.024513	500.69116	24.202148
-38.022621	501.13028	24.211914
-38.023632	499.91898	24.22168
-38.02256	497.97247	24.231445
-38.020374	503.46893	24.241211
-38.019581	505.27316	24.250977
-38.018642	504.75644	24.260742
-38.018284	500.78732	24.270508
-38.018425	497.87631	24.280273
-38.016819	500.50967	24.290039
-38.015495	502.59137	24.299805
-38.015064	504.09085	24.30957
-38.0159	501.85089	24.319336
-38.014221	503.57593	24.329102
-38.012959	500.82993	24.338867
-38.012005	498.87711	24.348633
-38.011021	498.13654	24.358398
-38.010933	502.24774	24.368164
-38.00967	504.8396	24.37793
-38.008251	500.9455	24.387695
-38.007637	501.41251	24.397461
-38.006844	497.84439	24.407227
-38.006348	499.53525	24.416992
-38.005623	501.58359	24.426758
-38.004169	500.86563	24.436523
-38.00322	502.56784	24.446289
-38.003204	502.65491	24.456055
-38.002911	501.05518	24.46582
-38.001881	497.04959	24.475586
-38.000847	496.86496	24.485352
-37.999603	505.76801	24.495117
-37.999901	503.81857	24.504883
-37.998306	503.06259	24.514648
-37.997192	499.40771	24.524414
-37.997265	497.26352	24.53418
-37.996971	500.7897	24.543945
-37.99556	497.61298	24.553711
-37.994339	503.8588	24.563477
-37.99271	506.19339	24.573242
-37.991936	501.05518	24.583008
-37.992481	498.78632	24.592773
-37.989655	496.27585	24.602539
-37.9907	499.39084	24.612305
-37.9893	505.98181	24.62207
-37.988018	505.00809	24.631836
-37.98753	501.41705	24.641602
-37.98708	496.57214	24.651367
-37.98547	498.23264	24.661133
-37.983753	497.65939	24.670898
-37.983917	501.84601	24.680664
-37.983101	503.57074	24.69043
-37.984371	503.82025	24.700195
-37.981594	498.84088	24.709961
-37.981106	494.95642	24.719727
-37.980175	497.87747	24.729492
-37.980038	501.14279	24.739258
-37.978722	505.14191	24.749023
-37.978565	502.73734	24.758789
-37.977772	499.74731	24.768555
-37.976032	498.94785	24.77832
-37.975391	495.70102	24.788086
-37.975819	500.21075	24.797852
-37.973885	502.69128	24.807617
-37.974056	503.84021	24.817383
-37.97226	501.29962	24.827148
-37.970734	496.14749	24.836914
-37.97028	497.74228	24.84668
-37.970493	498.56979	24.856445
-37.968903	502.81732	24.866211
-37.968014	504.54224	24.875977
-37.968037	498.19473	24.885742
-37.966869	500.17065	24.895508
-37.965237	498.5184	24.905273
-37.965759	498.16595	24.915039
-37.962997	498.80759	24.924805
-37.963413	501.75513	24.93457
-37.962158	504.99911	24.944336
-37.962025	499.17847	24.954102
-37.96133	497.1579	24.963867
-37.959759	498.01608	24.973633
-37.959099	500.28928	24.983398
-37.958988	500.96667	24.993164
-37.9589	502.65039	25.00293
-37.958042	502.47311	25.012695
-37.955647	501.87988	25.022461
-37.954922	498.91779	25.032227
-37.954884	497.39026	25.041992
-37.954247	499.26962	25.051758
-37.952675	504.66345	25.061523
-37.952061	504.31918	25.071289
-37.951801	501.11938	25.081055
-37.94965	496.948	25.09082
-37.950253	497.13614	25.100586
-37.948471	499.97699	25.110352
-37.94828	500.02563	25.120117
-37.947411	504.31506	25.129883
-37.947277	503.92288	25.139648
-37.945442	500.54025	25.149414
-37.945004	495.45798	25.15918
-37.943874	494.82919	25.168945
-37.943375	501.45615	25.178711
-37.941944	503.99716	25.188477
-37.941055	503.86667	25.198242
-37.939552	498.88544	25.208008
-37.939732	496.24545	25.217773
-37.940823	498.35315	25.227539
-37.937759	496.60202	25.237305
-37.936485	504.0098	25.24707
-37.936134	505.11877	25.256836
-37.935551	501.80453	25.266602
-37.934238	498.90839	25.276367
-37.934151	492.397	25.286133
-37.933289	496.95288	25.295898
-37.931179	503.55167	25.305664
-37.932022	504.20398	25.31543
-37.93161	502.11246	25.325195
-37.929413	497.46652	25.334961
-37.929462	497.7204	25.344727
-37.927616	497.59839	25.354492
-37.927761	500.32364	25.364258
-37.926498	503.99106	25.374023
-37.925915	503.14557	25.383789
-37.925259	500.00549	25.393555
-37.924381	495.13733	25.40332
-37.923508	495.55511	25.413086
-37.921921	499.138	25.422852
-37.922272	504.01593	25.432617
-37.921185	502.68637	25.442383
-37.920452	501.18137	25.452148
-37.920193	498.49393	25.461914
-37.918999	495.29456	25.47168
-37.917358	498.88129	25.481445
-37.916718	499.80499	25.491211
-37.915447	503.19742	25.500977
-37.915462	504.68814	25.510742
-37.915134	496.46533	25.520508
-37.91383	498.52939	25.530273
-37.911831	497.87933	25.540039
-37.911205	499.35883	25.549805
-37.91206	502.30725	25.55957
-37.910862	499.62137	25.569336
-37.910011	501.20068	25.579102
-37.909405	498.6145	25.588867
-37.908646	496.30902	25.598633
-37.906849	497.2923	25.608398
-37.907356	499.43265	25.618164
-37.904095	506.68509	25.62793
-37.905193	501.45782	25.637695
-37.903919	497.71805	25.647461
-37.902309	496.6734	25.657227
-37.902687	497.63345	25.666992
-37.90181	501.38861	25.676758
-37.901775	499.26645	25.686523
-37.900188	502.62421	25.696289
-37.899826	503.19492	25.706055
-37.897106	498.84485	25.71582
-37.896957	495.48492	25.725586
-37.896572	496.43402	25.735352
-37.896427	499.81396	25.745117
-37.89481	503.83478	25.754883
-37.894154	503.18253	25.764648
-37.893269	496.71652	25.774414
-37.892864	496.56439	25.78418
-37.890854	496.2113	25.793945
-37.891651	498.82028	25.803711
-37.890236	502.92908	25.813477
-37.88942	503.01569	25.823242
-37.888779	501.35391	25.833008
-37.888046	495.61142	25.842773
-37.886734	492.15961	25.852539
-37.885704	499.20779	25.862305
-37.885517	504.06979	25.87207
-37.884411	505.0162	25.881836
-37.883778	499.41931	25.891602
-37.883545	496.69019	25.901367
-37.881725	497.03662	25.911133
-37.880959	493.64319	25.920898
-37.880791	502.827	25.930664
-37.87851	502.99246	25.94043
-37.878166	502.20435	25.950195
-37.877735	498.96555	25.959961
-37.877632	493.06775	25.969727
-37.875511	495.14944	25.979492
-37.875706	501.12802	25.989258
-37.873505	502.64478	25.999023
-37.873791	503.45285	26.008789
-37.873173	496.35818	26.018555
-37.871609	496.25607	26.02832
-37.871876	495.55472	26.038086
-37.870216	497.92563	26.047852
-37.869244	501.07407	26.057617
-37.868729	502.41284	26.067383
-37.866798	501.24734	26.077148
-37.867195	494.37964	26.086914
-37.867012	494.83261	26.09668
-37.86478	498.08395	26.106445
-37.864399	500.69296	26.116211
-37.864185	501.80734	26.125977
-37.863506	498.09564	26.135742
-37.863491	498.62717	26.145508
-37.860512	496.13043	26.155273
-37.860538	497.28848	26.165039
-37.85989	495.88287	26.174805
-37.858387	500.27286	26.18457
-37.858559	502.65698	26.194336
-37.857929	497.57724	26.204102
-37.857635	497.745	26.213867
-37.855789	494.22299	26.223633
-37.855255	497.35367	26.233398
-37.854897	500.31549	26.243164
-37.852707	497.77994	26.25293
-37.852272	499.56543	26.262695
-37.852409	497.89786	26.272461
-37.850288	497.58267	26.282227
-37.850304	495.28308	26.291992
-37.849545	495.26373	26.301758
-37.848427	503.67755	26.311523
-37.847687	500.4747	26.321289
-37.846622	500.70142	26.331055
-37.846012	495.62347	26.34082
-37.845871	494.55899	26.350586
-37.844196	498.71875	26.360352
-37.845348	497.87018	26.370117
-37.843224	502.18671	26.379883
-37.841877	501.61755	26.389648
-37.84272	496.05811	26.399414
-37.840324	494.59286	26.40918
-37.839577	493.10678	26.418945
-37.839298	498.12317	26.428711
-37.838181	503.37399	26.438477
-37.837975	502.82101	26.448242
-37.836456	497.51572	26.458008
-37.835587	494.30649	26.467773
-37.833042	494.83411	26.477539
-37.834282	495.08649	26.487305
-37.832684	502.87735	26.49707
-37.832207	502.44116	26.506836
-37.832043	500.40274	26.516602
-37.830132	496.29227	26.526367
-37.830589	492.00409	26.536133
-37.829296	495.83411	26.545898
-37.828697	499.51694	26.555664
-37.826202	502.79028	26.56543
-37.825748	497.75153	26.575195
-37.825687	494.57031	26.584961
-37.824848	493.99915	26.594727
-37.825191	493.67609	26.604492
-37.823315	498.99222	26.614258
-37.822392	500.46152	26.624023
-37.821644	501.50873	26.633789
-37.821304	498.58224	26.643555
-37.820038	492.49423	26.65332
-37.819569	495.99921	26.663086
-37.818962	497.10458	26.672852
-37.818398	501.55688	26.682617
-37.816761	502.39487	26.692383
-37.816521	495.14706	26.702148
-37.816193	495.58859	26.711914
-37.814007	492.96695	26.72168
-37.812916	494.14182	26.731445
-37.81353	498.49203	26.741211
-37.812572	499.64545	26.750977
-37.810017	502.58173	26.760742
-37.80933	495.11237	26.770508
-37.809662	494.5495	26.780273
-37.807949	496.9671	26.790039
-37.808289	497.88507	26.799805
-37.807274	500.36441	26.80957
-37.806431	498.06885	26.819336
-37.80505	497.45038	26.829102
-37.804108	496.68149	26.838867
-37.803364	493.82816	26.848633
-37.803093	494.36108	26.858398
-37.801739	497.15744	26.868164
-37.800686	502.04773	26.87793
-37.80035	498.58466	26.887695
-37.799255	497.23724	26.897461
-37.79842	493.09708	26.907227
-37.797112	495.15805	26.916992
-37.797932	498.06201	26.926758
-37.796654	496.3678	26.936523
-37.796196	501.77789	26.946289
-37.795704	498.8269	26.956055
-37.794563	495.927	26.96582
-37.793781	492.25888	26.975586
-37.791809	491.46274	26.985352
-37.792503	500.1908	26.995117
-37.789646	500.52618	27.004883
-37.789768	500.92279	27.014648
-37.789642	495.15604	27.024414
-37.787739	492.3714	27.03418
-37.787914	495.61096	27.043945
-37.787052	493.95743	27.053711
-37.785564	501.78604	27.063477
-37.784981	499.4819	27.073242
-37.782986	496.98279	27.083008
-37.784306	494.70435	27.092773
-37.78286	490.836	27.102539
-37.78315	495.35355	27.112305
-37.781624	501.82785	27.12207
-37.780136	502.30502	27.131836
-37.779953	498.63773	27.141602
-37.77742	491.44516	27.151367
-37.776676	493.12009	27.161133
-37.777096	494.9415	27.170898
-37.77607	496.93506	27.180664
-37.775921	499.93143	27.19043
-37.773972	500.51056	27.200195
-37.773811	495.96811	27.209961
-37.772758	489.59412	27.219727
-37.772533	493.16769	27.229492
-37.771095	497.98047	27.239258
-37.769962	500.82742	27.249023
-37.769375	498.76917	27.258789
-37.768677	494.32486	27.268555
-37.767593	493.64853	27.27832
-37.768059	493.93079	27.288086
-37.766609	496.39587	27.297852
-37.765171	495.871	27.307617
-37.764416	500.97174	27.317383
-37.763393	499.78839	27.327148
-37.763195	492.55304	27.336914
-37.761742	493.15021	27.34668
-37.761856	495.09052	27.356445
-37.76046	498.30267	27.366211
-37.758907	500.68759	27.375977
-37.758636	496.6218	27.385742
-37.757637	496.86285	27.395508
-37.757587	494.80341	27.405273
-37.756413	493.17004	27.415039
-37.755909	496.04929	27.424805
-37.755104	495.69809	27.43457
-37.753368	500.77151	27.444336
-37.753738	495.59421	27.454102
-37.752735	494.5144	27.463867
-37.750984	492.26038	27.473633
-37.75034	493.77081	27.483398
-37.749874	498.82306	27.493164
-37.748848	497.30112	27.50293
-37.748795	498.08228	27.512695
-37.748234	497.4964	27.522461
-37.746277	493.45306	27.532227
-37.747417	492.3125	27.541992
-37.745079	492.70538	27.551758
-37.743816	499.4689	27.561523
-37.743965	500.48029	27.571289
-37.743114	496.46466	27.581055
-37.741356	492.00244	27.59082
-37.741127	491.76923	27.600586
-37.741478	494.49329	27.610352
-37.739929	496.26675	27.620117
-37.739334	500.73825	27.629883
-37.738602	496.59247	27.639648
-37.736938	495.46011	27.649414
-37.736458	490.5007	27.65918
-37.734573	489.83551	27.668945
-37.733921	495.73462	27.678711
-37.734989	500.83298	27.688477
-37.732628	501.10413	27.698242
-37.732159	493.86267	27.708008
-37.730854	490.82529	27.717773
-37.731544	494.11343	27.727539
-37.72953	493.38977	27.737305
-37.729595	498.42059	27.74707
-37.727886	498.22736	27.756836
-37.726864	497.51801	27.766602
-37.727345	494.90021	27.776367
-37.726192	487.60489	27.786133
-37.724617	492.23273	27.795898
-37.724808	499.48215	27.805664
-37.722824	499.58371	27.81543
-37.722248	498.11786	27.825195
-37.721432	490.93118	27.834961
-37.721489	490.78946	27.844727
-37.720013	492.31216	27.854492
-37.719692	495.89066	27.864258
-37.719341	498.08868	27.874023
-37.717308	498.37872	27.883789
-37.716335	494.77362	27.893555
-37.716991	490.16138	27.90332
-37.71505	490.53183	27.913086
-37.714363	494.92917	27.922852
-37.714066	498.0119	27.932617
-37.714005	498.04517	27.942383
-37.711689	495.10916	27.952148
-37.71154	494.16025	27.961914
-37.709969	492.38309	27.97168
-37.709496	494.19226	27.981445
-37.708416	492.34827	27.991211
-37.707432	497.36215	28.000977
-37.705723	499.16971	28.010742
-37.706863	491.1973	28.020508
-37.704575	493.80322	28.030273
-37.704826	490.71225	28.040039
-37.704449	493.64279	28.049805
-37.70253	498.17603	28.05957
-37.701481	493.90601	28.069336
-37.702057	494.57504	28.079102
-37.699963	493.98105	28.088867
-37.699066	491.83554	28.098633
-37.699379	490.99884	28.108398
-37.698078	491.5126	28.118164
-37.696827	497.68643	28.12793
-37.696548	495.00656	28.137695
-37.696369	492.65631	28.147461
-37.694664	490.62668	28.157227
-37.693993	489.31619	28.166992
-37.692734	494.83694	28.176758
-37.692089	493.49561	28.186523
-37.691235	496.44598	28.196289
-37.690556	496.18625	28.206055
-37.68922	492.91931	28.21582
-37.689125	491.04599	28.225586
-37.688709	490.33746	28.235352
-37.687412	494.28494	28.245117
-37.687237	499.40024	28.254883
-37.685848	495.75253	28.264648
-37.684452	491.50406	28.274414
-37.684345	488.61142	28.28418
-37.684032	491.61765	28.293945
-37.682384	492.23355	28.303711
-37.681904	496.42542	28.313477
-37.680515	496.39615	28.323242
-37.679058	495.34912	28.333008
-37.678417	491.0777	28.342773
-37.678234	487.15936	28.352539
-37.677441	492.26355	28.362305
-37.677063	496.63364	28.37207
-37.676441	498.96832	28.381836
-37.675346	494.04025	28.391602
-37.674255	489.00204	28.401367
-37.67321	489.90845	28.411133
-37.673149	489.26599	28.420898
-37.671478	495.26373	28.430664
-37.670822	495.11624	28.44043
-37.670128	495.11066	28.450195
-37.669289	493.96246	28.459961
-37.669468	486.66205	28.469727
-37.666771	490.42334	28.479492
-37.667057	493.14157	28.489258
-37.667397	497.09259	28.499023
-37.665615	497.2457	28.508789
-37.663792	489.18637	28.518555
-37.66431	489.05347	28.52832
-37.662842	489.86768	28.538086
-37.662258	491.09082	28.547852
-37.661888	493.13412	28.557617
-37.660488	494.75516	28.567383
-37.659683	493.75403	28.577148
-37.659397	488.41318	28.586914
-37.658455	488.69141	28.59668
-37.657852	489.11688	28.606445
-37.655743	492.32352	28.616211
-37.654526	494.23096	28.625977
-37.655106	491.3053	28.635742
-37.653965	490.0379	28.645508
-37.65398	488.37692	28.655273
-37.652485	488.96515	28.665039
-37.650887	488.52997	28.674805
-37.650646	491.13782	28.68457
-37.649731	494.49884	28.694336
-37.649048	490.09659	28.704102
-37.648052	489.36176	28.713867
-37.646709	486.89337	28.723633
-37.646618	489.55936	28.733398
-37.64584	492.91779	28.743164
-37.644379	490.93274	28.75293
-37.643856	492.71356	28.762695
-37.644009	488.51874	28.772461
-37.644062	486.69641	28.782227
-37.641453	486.79361	28.791992
-37.642063	485.74374	28.801758
-37.640953	493.18753	28.811523
-37.638569	493.82422	28.821289
-37.638813	489.76645	28.831055
-37.637493	484.49002	28.84082
-37.636883	481.95081	28.850586
-37.635361	487.68527	28.860352
-37.635658	486.12219	28.870117
-37.633923	490.37415	28.879883
-37.632965	489.11343	28.889648
-37.632977	483.47729	28.899414
-37.632156	481.44113	28.90918
-37.632454	478.10339	28.918945
-37.630066	483.74704	28.928711
-37.62944	488.94705	28.938477
-37.628918	486.24573	28.948242
-37.628056	480.82184	28.958008
-37.627026	475.42432	28.967773
-37.626755	476.02643	28.977539
-37.625519	476.91669	28.987305
-37.625237	480.99503	28.99707
-37.623901	480.85913	29.006836
-37.623074	478.15839	29.016602
-37.621685	473.48001	29.026367
-37.620647	468.49207	29.036133
-37.620792	471.05505	29.045898
-37.619751	473.62201	29.055664
-37.618793	476.93262	29.06543
-37.617786	471.74338	29.075195
-37.617756	465.09445	29.084961
-37.616806	464.94467	29.094727
-37.616089	463.15573	29.104492
-37.614933	465.45059	29.114258
-37.614666	464.25165	29.124023
-37.613361	463.65747	29.133789
-37.612087	458.25006	29.143555
-37.607609	-66.024414	29.15332
-37.609116	-61.782852	29.163086
-37.607761	-52.742992	29.172852
-37.605854	-26.647133	29.182617
-37.605923	-35.837799	29.192383
-37.606045	-47.909653	29.202148
-37.605259	-46.375511	29.211914
-37.606037	-43.679241	29.22168
-37.60524	-43.806568	29.231445
-37.603275	-43.47002	29.241211
-37.602642	-42.222202	29.250977
-37.601948	-40.321007	29.260742
-37.60183	-45.552063	29.270508
-37.600819	-45.831936	29.280273
-37.600677	-45.139214	29.290039
-37.599506	-43.635445	29.299805
-37.59745	-39.833511	29.30957
-37.598495	-43.76725	29.319336
-37.596684	-42.876389	29.329102
-37.595482	-43.245651	29.338867
-37.595383	-46.01059	29.348633
-37.593277	-45.613316	29.358398
-37.593456	-42.531456	29.368164
-37.593189	-38.96933	29.37793
-37.591148	-39.722935	29.387695
-37.591213	-43.469357	29.397461
-37.590527	-48.031746	29.407227
-37.58963	-46.000359	29.416992
-37.588341	-43.850063	29.426758
-37.586781	-42.146866	29.436523
-37.58783	-38.34705	29.446289
-37.586441	-43.375134	29.456055
-37.585697	-44.316578	29.46582
-37.583981	-46.301815	29.475586
-37.584061	-46.755352	29.485352
-37.582775	-42.330959	29.495117
-37.582184	-38.480137	29.504883
-37.581009	-40.552731	29.514648
-37.57967	-44.253414	29.524414
-37.578671	-49.096802	29.53418
-37.579914	-44.432503	29.543945
-37.578457	-44.972145	29.553711
-37.577271	-39.014473	29.563477
-37.57629	-41.007057	29.573242
-37.575314	-43.934772	29.583008
-37.575859	-45.000099	29.592773
-37.574432	-49.140568	29.602539
-37.573189	-44.263107	29.612305
-37.571518	-39.091946	29.62207
-37.571949	-40.223263	29.631836
-37.570065	-42.058903	29.641602
-37.5709	-48.589958	29.651367
-37.568611	-47.827034	29.661133
-37.568443	-44.882652	29.670898
-37.568226	-42.414516	29.680664
-37.566521	-39.965771	29.69043
-37.565563	-39.928612	29.700195
-37.563908	-44.020725	29.709961
-37.564625	-48.373718	29.719727
-37.562103	-44.599773	29.729492
-37.562965	-41.630619	29.739258
-37.561962	-39.127758	29.749023
-37.559963	-41.556736	29.758789
-37.559811	-45.259392	29.768555
-37.559551	-46.26038	29.77832
-37.558849	-45.737068	29.788086
-37.558098	-42.920052	29.797852
-37.557907	-43.140995	29.807617
-37.556091	-41.907219	29.817383
-37.553932	-39.895	29.827148
-37.55331	-47.737717	29.836914
-37.553604	-45.555172	29.84668
-37.552982	-46.89489	29.856445
-37.551132	-41.521633	29.866211
-37.550468	-39.091351	29.875977
-37.550495	-43.905556	29.885742
-37.549511	-42.364399	29.895508
-37.548698	-45.912731	29.905273
-37.547817	-46.867702	29.915039
-37.547417	-43.466331	29.924805
-37.54752	-45.576454	29.93457
-37.545734	-39.330338	29.944336
-37.54517	-41.836586	29.954102
-37.544022	-45.459858	29.963867
-37.543148	-48.081306	29.973633
-37.541832	-46.880077	29.983398
-37.542103	-42.378204	29.993164
-37.542408	-43.038483	30.00293
-37.540333	-41.957066	30.012695
-37.539841	-43.723991	30.022461
-37.538715	-46.23378	30.032227
-37.538326	-46.2393	30.041992
-37.53685	-46.455109	30.051758
-37.536175	-42.104351	30.061523
-37.536179	-37.258694	30.071289
-37.534294	-42.764877	30.081055
-37.533669	-47.030293	30.09082
-37.532543	-48.880249	30.100586
-37.531693	-45.783997	30.110352
-37.530693	-43.35355	30.120117
-37.530491	-39.748058	30.129883
-37.529358	-42.562695	30.139648
-37.529049	-44.519539	30.149414
-37.52684	-47.801918	30.15918
-37.527061	-49.733879	30.168945
-37.526165	-42.693134	30.178711
-37.525608	-38.787125	30.188477
-37.523975	-40.34045	30.198242
-37.523628	-43.731388	30.208008
-37.523567	-47.477501	30.217773
-37.522919	-45.758205	30.227539
-37.520237	-45.526402	30.237305
-37.519806	-40.321629	30.24707
-37.519817	-40.671638	30.256836
-37.51889	-42.432079	30.266602
-37.518299	-43.068935	30.276367
-37.516853	-50.539219	30.286133
-37.516701	-45.140175	30.295898
-37.516201	-41.096188	30.305664
-37.514626	-40.357838	30.31543
-37.513866	-40.92009	30.325195
-37.514038	-47.794762	30.334961
-37.511833	-47.667633	30.344727
-37.510887	-45.030464	30.354492
-37.510178	-43.292351	30.364258
-37.510307	-39.597511	30.374023
-37.508762	-43.233929	30.383789
-37.508778	-42.209007	30.393555
-37.506447	-47.12125	30.40332
-37.506222	-47.203159	30.413086
-37.505245	-44.028805	30.422852
-37.504921	-41.511318	30.432617
-37.504059	-40.379814	30.442383
-37.502132	-44.961987	30.452148
-37.502758	-47.092712	30.461914
-37.501465	-46.716919	30.47168
-37.500561	-43.999992	30.481445
-37.499771	-44.646454	30.491211
-37.499344	-41.677773	30.500977
-37.497814	-40.973698	30.510742
-37.497196	-43.634354	30.520508
-37.497025	-44.649872	30.530273
-37.495163	-48.23703	30.540039
-37.494995	-43.485352	30.549805
-37.495144	-40.827862	30.55957
-37.493919	-43.189716	30.569336
-37.493084	-41.587887	30.579102
-37.491024	-44.742348	30.588867
-37.490795	-45.603497	30.598633
-37.489429	-46.45956	30.608398
-37.488861	-46.479851	30.618164
-37.488918	-39.648487	30.62793
-37.487598	-39.017696	30.637695
-37.487022	-43.884315	30.647461
-37.486729	-47.586601	30.657227
-37.486374	-48.246567	30.666992
-37.483669	-41.241325	30.676758
-37.483246	-43.229546	30.686523
-37.483551	-41.68058	30.696289
-37.481659	-42.515972	30.706055
-37.480709	-46.07069	30.71582
-37.481194	-45.653717	30.725586
-37.479477	-49.447525	30.735352
-37.477871	-42.668861	30.745117
-37.479324	-37.32589	30.754883
-37.477814	-40.027218	30.764648
-37.477165	-45.678883	30.774414
-37.474346	-50.893326	30.78418
-37.474358	-45.998898	30.793945
-37.472649	-41.93504	30.803711
-37.474216	-40.86301	30.813477
-37.472111	-40.749252	30.823242
-37.471603	-42.368332	30.833008
-37.470398	-47.417576	30.842773
-37.469299	-49.778984	30.852539
-37.469055	-45.037788	30.862305
-37.468487	-39.405739	30.87207
-37.467327	-39.003601	30.881836
-37.466774	-41.470016	30.891602
-37.465443	-47.495026	30.901367
-37.465027	-46.804153	30.911133
-37.465004	-46.83543	30.920898
-37.463696	-40.849903	30.930664
-37.46254	-40.121609	30.94043
-37.463146	-43.16254	30.950195
-37.460991	-44.139217	30.959961
-37.459541	-48.818172	30.969727
-37.459396	-44.946907	30.979492
-37.459034	-43.024555	30.989258
-37.457935	-40.051826	30.999023
-37.457714	-37.639206	31.008789
-37.455799	-46.961929	31.018555
-37.455338	-45.985661	31.02832
-37.454681	-46.291355	31.038086
-37.454556	-44.715874	31.047852
-37.452499	-43.293892	31.057617
-37.451714	-43.001709	31.067383
-37.451584	-41.01704	31.077148
-37.450806	-44.303757	31.086914
-37.448761	-46.871868	31.09668
-37.449314	-45.362076	31.106445
-37.448383	-44.275494	31.116211
-37.447903	-39.979885	31.125977
-37.446407	-44.480907	31.135742
-37.445618	-45.201363	31.145508
-37.444843	-45.453625	31.155273
-37.444447	-47.74453	31.165039
-37.442623	-45.833054	31.174805
-37.442352	-44.612278	31.18457
-37.441944	-41.717979	31.194336
-37.441025	-40.3396	31.204102
-37.441036	-46.038563	31.213867
-37.438816	-47.043922	31.223633
-37.438522	-45.761471	31.233398

