MTS793|BTW|ENU|1|2|.|/|:|1|0|0|A

Data Header:			0.254_solid_uprint_typeiv_090_r0			Time:	20.017578	s	4/14/2019 1:09:21 AM
Data Acquisition:	Timed
Station Name:	ft40.cfg
Test File Name:	monotonic_0.2540_typeiv_solid_090_uprint.tst
Displacement	Force	Running Time
mm	N	s
-40.040573	-177.75433	0.022705078
-40.041183	-172.97952	0.032470703
-40.041004	-171.45139	0.042236328
-40.040451	-172.72362	0.052001953
-40.040657	-174.88818	0.061767578
-40.042023	-176.69997	0.071533203
-40.040771	-174.90611	0.081298828
-40.040272	-177.12128	0.091064453
-40.039768	-173.89772	0.10083008
-40.038612	-169.75401	0.1105957
-40.038441	-169.13303	0.12036133
-40.03783	-173.93642	0.13012695
-40.035381	-177.25381	0.13989258
-40.03566	-176.23303	0.1496582
-40.035225	-170.58435	0.15942383
-40.035286	-167.2205	0.16918945
-40.033302	-167.22058	0.17895508
-40.033142	-168.04405	0.1887207
-40.031673	-169.06335	0.19848633
-40.03223	-171.83437	0.20825195
-40.030243	-168.98825	0.21801758
-40.028881	-167.30115	0.2277832
-40.028717	-161.18745	0.23754883
-40.028507	-167.01871	0.24731445
-40.026703	-169.00392	0.25708008
-40.026089	-170.19557	0.2668457
-40.024902	-167.54289	0.27661133
-40.024464	-162.71814	0.28637695
-40.023075	-164.01579	0.29614258
-40.022209	-162.92953	0.3059082
-40.021812	-162.74356	0.31567383
-40.021278	-165.2318	0.32543945
-40.019958	-165.02434	0.33520508
-40.019344	-165.39966	0.3449707
-40.018635	-160.20731	0.35473633
-40.018188	-158.23381	0.36450195
-40.017097	-162.1501	0.37426758
-40.016605	-160.96205	0.3840332
-40.015766	-161.75151	0.39379883
-40.015427	-158.78134	0.40356445
-40.015102	-159.40894	0.41333008
-40.013474	-158.94968	0.4230957
-40.012394	-154.82776	0.43286133
-40.01125	-153.62225	0.44262695
-40.01009	-159.50505	0.45239258
-40.010487	-160.46971	0.4621582
-40.009262	-157.21426	0.47192383
-40.008396	-152.33974	0.48168945
-40.007298	-151.63268	0.49145508
-40.006973	-153.07776	0.5012207
-40.005661	-155.01532	0.51098633
-40.006157	-155.15805	0.52075195
-40.003082	-155.4796	0.53051758
-40.002823	-152.689	0.5402832
-40.003479	-149.8998	0.55004883
-40.000595	-147.16324	0.55981445
-40.001137	-150.10994	0.56958008
-39.999611	-153.55896	0.5793457
-39.998936	-153.27992	0.58911133
-39.998192	-149.30714	0.59887695
-39.997925	-145.53354	0.60864258
-39.995724	-144.06734	0.6184082
-39.996746	-147.50992	0.62817383
-39.995827	-148.04193	0.63793945
-39.994373	-149.57315	0.64770508
-39.993607	-149.66721	0.6574707
-39.993027	-144.52312	0.66723633
-39.991573	-143.166	0.67700195
-39.990963	-140.94514	0.68676758
-39.990341	-146.1879	0.6965332
-39.989723	-149.70039	0.70629883
-39.988674	-146.33949	0.71606445
-39.98888	-142.32565	0.72583008
-39.987247	-138.93777	0.7355957
-39.985111	-139.21222	0.74536133
-39.985481	-144.29778	0.75512695
-39.984425	-141.76994	0.76489258
-39.982403	-145.04424	0.7746582
-39.982777	-141.65488	0.78442383
-39.982521	-137.12758	0.79418945
-39.981472	-135.67694	0.80395508
-39.979977	-137.80629	0.8137207
-39.980431	-141.51593	0.82348633
-39.979614	-142.75009	0.83325195
-39.978062	-136.39838	0.84301758
-39.977009	-133.97375	0.8527832
-39.977566	-134.04541	0.86254883
-39.976025	-134.0385	0.87231445
-39.974274	-135.96567	0.88208008
-39.973835	-136.45874	0.8918457
-39.973827	-136.55583	0.90161133
-39.972614	-135.80762	0.91137695
-39.971821	-128.41296	0.92114258
-39.971745	-132.49965	0.9309082
-39.969276	-132.1351	0.94067383
-39.968853	-134.11873	0.95043945
-39.967999	-134.2567	0.96020508
-39.967377	-128.28635	0.9699707
-39.966885	-129.69005	0.97973633
-39.966713	-128.80769	0.98950195
-39.964756	-125.88892	0.99926758
-39.964207	-129.26451	1.0090332
-39.963387	-128.08401	1.0187988
-39.962677	-132.95493	1.0285645
-39.962143	-127.29092	1.0383301
-39.961922	-123.15079	1.0480957
-39.959736	-125.36676	1.0578613
-39.959831	-126.38921	1.067627
-39.959251	-127.88142	1.0773926
-39.957016	-128.23083	1.0871582
-39.957424	-125.71047	1.0969238
-39.956295	-125.4292	1.1066895
-39.955421	-120.4615	1.1164551
-39.954399	-120.10533	1.1262207
-39.953979	-123.72279	1.1359863
-39.952435	-125.31319	1.145752
-39.951332	-124.61445	1.1555176
-39.950634	-119.29601	1.1652832
-39.950554	-117.82378	1.1750488
-39.949921	-118.61296	1.1848145
-39.949123	-121.23783	1.1945801
-39.947647	-121.32999	1.2043457
-39.947754	-121.89569	1.2141113
-39.946335	-119.45739	1.223877
-39.945557	-115.3828	1.2336426
-39.944153	-112.67978	1.2434082
-39.943134	-115.15206	1.2531738
-39.943069	-120.88891	1.2629395
-39.941776	-121.4501	1.2727051
-39.940926	-118.72682	1.2824707
-39.94017	-112.40588	1.2922363
-39.939995	-109.82148	1.302002
-39.938526	-113.6366	1.3117676
-39.937714	-113.10812	1.3215332
-39.936771	-117.35106	1.3312988
-39.937424	-115.27576	1.3410645
-39.936455	-108.93467	1.3508301
-39.93491	-110.10648	1.3605957
-39.934307	-105.81612	1.3703613
-39.93327	-110.15356	1.380127
-39.932262	-116.0426	1.3898926
-39.93272	-113.47284	1.3996582
-39.930847	-108.46845	1.4094238
-39.930454	-106.36784	1.4191895
-39.929111	-106.44207	1.4289551
-39.928627	-108.01591	1.4387207
-39.928131	-108.79372	1.4484863
-39.92712	-110.37286	1.458252
-39.925312	-108.51526	1.4680176
-39.925854	-105.23788	1.4777832
-39.924252	-101.96271	1.4875488
-39.923836	-101.87993	1.4973145
-39.924175	-108.08562	1.5070801
-39.922932	-107.78654	1.5168457
-39.921585	-104.64178	1.5266113
-39.921055	-101.39587	1.536377
-39.919685	-99.484482	1.5461426
-39.918781	-101.47958	1.5559082
-39.918461	-101.08569	1.5656738
-39.917252	-102.26175	1.5754395
-39.915913	-102.77377	1.5852051
-39.914906	-102.42609	1.5949707
-39.914024	-97.014175	1.6047363
-39.913582	-96.002434	1.614502
-39.913464	-97.29493	1.6242676
-39.912487	-97.038597	1.6340332
-39.911572	-101.3322	1.6437988
-39.909519	-97.88694	1.6535645
-39.909973	-97.358063	1.6633301
-39.909103	-96.58625	1.6730957
-39.906837	-94.127579	1.6828613
-39.907444	-95.381569	1.692627
-39.907219	-93.086685	1.7023926
-39.906479	-98.820961	1.7121582
-39.905659	-95.64817	1.7219238
-39.904335	-91.012207	1.7316895
-39.904617	-91.900955	1.7414551
-39.902916	-89.854149	1.7512207
-39.9011	-95.462097	1.7609863
-39.900723	-94.060616	1.770752
-39.899704	-92.234337	1.7805176
-39.899357	-92.065414	1.7902832
-39.899139	-88.091232	1.8000488
-39.897583	-84.307167	1.8098145
-39.897343	-88.716492	1.8195801
-39.895996	-91.144905	1.8293457
-39.894966	-93.257774	1.8391113
-39.894157	-87.583588	1.848877
-39.894405	-83.305984	1.8586426
-39.892403	-82.242096	1.8684082
-39.890991	-85.105484	1.8781738
-39.891209	-86.303665	1.8879395
-39.888966	-87.901039	1.8977051
-39.888649	-84.970932	1.9074707
-39.888836	-82.773567	1.9172363
-39.887314	-80.182724	1.927002
-39.887974	-78.31678	1.9367676
-39.886013	-83.934853	1.9465332
-39.885475	-86.173271	1.9562988
-39.884628	-86.841827	1.9660645
-39.884701	-79.316307	1.9758301
-39.883213	-74.946747	1.9855957
-39.883045	-80.132446	1.9953613
-39.881371	-78.687836	2.005127
-39.880226	-81.589142	2.0148926
-39.880188	-81.607033	2.0246582
-39.879704	-79.072243	2.0344238
-39.878521	-77.195297	2.0441895
-39.877617	-73.134941	2.0539551
-39.875324	-76.113113	2.0637207
-39.87627	-80.139076	2.0734863
-39.875488	-78.497398	2.083252
-39.873955	-77.074554	2.0930176
-39.873119	-71.085991	2.1027832
-39.87207	-71.722839	2.1125488
-39.872028	-74.871063	2.1223145
-39.871082	-72.776451	2.1320801
-39.868877	-74.888603	2.1418457
-39.86832	-74.462959	2.1516113
-39.86937	-72.78994	2.161377
-39.868027	-68.594337	2.1711426
-39.866653	-67.797279	2.1809082
-39.865601	-69.171379	2.1906738
-39.864285	-71.159279	2.2004395
-39.864044	-71.232277	2.2102051
-39.864433	-69.183395	2.2199707
-39.862736	-66.101524	2.2297363
-39.861301	-66.084114	2.239502
-39.861244	-69.045647	2.2492676
-39.859718	-64.665016	2.2590332
-39.859875	-69.067734	2.2687988
-39.858604	-70.698074	2.2785645
-39.858219	-65.994415	2.2883301
-39.856262	-61.818737	2.2980957
-39.855949	-60.693729	2.3078613
-39.856064	-63.598686	2.317627
-39.854694	-68.99144	2.3273926
-39.853214	-63.448311	2.3371582
-39.852654	-65.042084	2.3469238
-39.85302	-62.841049	2.3566895
-39.851795	-58.265476	2.3664551
-39.850376	-59.752689	2.3762207
-39.850357	-60.005352	2.3859863
-39.849972	-66.402466	2.395752
-39.847839	-63.658512	2.4055176
-39.846943	-58.39122	2.4152832
-39.846638	-57.104481	2.4250488
-39.845291	-53.842453	2.4348145
-39.844189	-60.638344	2.4445801
-39.84333	-60.164516	2.4543457
-39.841919	-59.358547	2.4641113
-39.843723	-58.80677	2.473877
-39.841801	-52.52697	2.4836426
-39.841522	-51.710281	2.4934082
-39.839424	-54.537403	2.5031738
-39.838776	-57.215412	2.5129395
-39.838982	-58.843349	2.5227051
-39.838413	-57.12077	2.5324707
-39.836563	-50.988785	2.5422363
-39.836796	-49.271984	2.552002
-39.835213	-50.277905	2.5617676
-39.835236	-54.311897	2.5715332
-39.833168	-55.417011	2.5812988
-39.832981	-52.881744	2.5910645
-39.832184	-49.913963	2.6008301
-39.830013	-46.839561	2.6105957
-39.830837	-44.835236	2.6203613
-39.829945	-47.378418	2.630127
-39.828915	-52.853905	2.6398926
-39.827736	-52.386364	2.6496582
-39.827614	-45.96418	2.6594238
-39.826164	-41.054314	2.6691895
-39.825985	-45.016308	2.6789551
-39.824432	-45.500343	2.6887207
-39.824055	-47.620975	2.6984863
-39.823402	-46.577309	2.708252
-39.82132	-44.236095	2.7180176
-39.821102	-44.932133	2.7277832
-39.820011	-39.999565	2.7375488
-39.820461	-40.263321	2.7473145
-39.818707	-44.145153	2.7570801
-39.817738	-44.005409	2.7668457
-39.816788	-44.39529	2.7766113
-39.816582	-39.508694	2.786377
-39.815449	-39.895302	2.7961426
-39.813946	-40.352238	2.8059082
-39.81477	-38.74786	2.8156738
-39.813316	-39.089127	2.8254395
-39.813152	-40.573292	2.8352051
-39.812176	-39.643467	2.8449707
-39.810776	-38.71307	2.8547363
-39.80864	-32.694439	2.864502
-39.808495	-35.909302	2.8742676
-39.808372	-37.061874	2.8840332
-39.807701	-37.801819	2.8937988
-39.805943	-36.651928	2.9035645
-39.80579	-35.179157	2.9133301
-39.805595	-33.799007	2.9230957
-39.803516	-32.498169	2.9328613
-39.804398	-31.06871	2.942627
-39.803535	-34.316162	2.9523926
-39.802402	-37.120193	2.9621582
-39.80106	-34.736435	2.9719238
-39.800068	-30.943953	2.9816895
-39.800388	-25.730246	2.9914551
-39.798187	-28.469801	3.0012207
-39.797672	-32.510475	3.0109863
-39.79657	-31.982296	3.020752
-39.796539	-31.887875	3.0305176
-39.794403	-30.313574	3.0402832
-39.794716	-25.836111	3.0500488
-39.793415	-26.161203	3.0598145
-39.791557	-25.419094	3.0695801
-39.791733	-29.492371	3.0793457
-39.792099	-32.414909	3.0891113
-39.79076	-28.463564	3.098877
-39.790131	-22.380775	3.1086426
-39.7892	-19.094826	3.1184082
-39.788338	-25.912628	3.1281738
-39.78767	-26.697582	3.1379395
-39.786427	-26.539164	3.1477051
-39.785778	-26.27173	3.1574707
-39.784874	-20.608164	3.1672363
-39.784203	-20.302284	3.177002
-39.783989	-17.814112	3.1867676
-39.781693	-21.113474	3.1965332
-39.783627	-26.503929	3.2062988
-39.78091	-22.926662	3.2160645
-39.780102	-17.575003	3.2258301
-39.77874	-16.390688	3.2355957
-39.778008	-17.155437	3.2453613
-39.776615	-19.816479	3.255127
-39.777035	-21.180864	3.2648926
-39.775608	-19.638041	3.2746582
-39.774864	-17.774319	3.2844238
-39.774521	-15.012289	3.2941895
-39.773014	-12.096429	3.3039551
-39.773048	-13.534858	3.3137207
-39.771702	-16.576874	3.3234863
-39.770828	-17.474541	3.333252
-39.770374	-14.953555	3.3430176
-39.76952	-10.366302	3.3527832
-39.768074	-11.189379	3.3625488
-39.767597	-12.942365	3.3723145
-39.766346	-13.541962	3.3820801
-39.765678	-12.976377	3.3918457
-39.765156	-11.542102	3.4016113
-39.764671	-12.887609	3.411377
-39.762165	-7.3325915	3.4211426
-39.763546	-7.4688663	3.4309082
-39.761692	-9.6998405	3.4406738
-39.761021	-9.0582962	3.4504395
-39.760368	-11.980578	3.4602051
-39.76038	-6.8991065	3.4699707
-39.758484	-5.6335545	3.4797363
-39.757587	-6.8786416	3.489502
-39.757431	-5.5489807	3.4992676
-39.755951	-5.2034559	3.5090332
-39.755852	-6.805222	3.5187988
-39.754948	-7.3442841	3.5285645
-39.753323	-5.9590693	3.5383301
-39.753101	-0.77210325	3.5480957
-39.752678	0.55054587	3.5578613
-39.750332	-2.8598421	3.567627
-39.75005	-5.8678885	3.5773926
-39.74971	-4.8302484	3.5871582
-39.74913	-1.5928193	3.5969238
-39.748592	-1.7838924	3.6066895
-39.747513	2.1385784	3.6164551
-39.747078	2.8524327	3.6262207
-39.746201	-0.47674736	3.6359863
-39.745457	-4.0431399	3.645752
-39.744972	-3.0661395	3.6555176
-39.743721	2.0978346	3.6652832
-39.74287	6.5710912	3.6750488
-39.741806	7.8813534	3.6848145
-39.741131	1.730188	3.6945801
-39.739864	1.865738	3.7043457
-39.739429	3.6456618	3.7141113
-39.738132	3.0756223	3.723877
-39.737644	8.2296534	3.7336426
-39.735458	7.4361553	3.7434082
-39.737076	8.830411	3.7531738
-39.734661	3.4271328	3.7629395
-39.734669	-0.37919647	3.7727051
-39.734135	4.8709879	3.7824707
-39.732594	10.414953	3.7922363
-39.732571	14.696547	3.802002
-39.730904	10.195099	3.8117676
-39.731472	7.1489091	3.8215332
-39.729683	7.4795713	3.8312988
-39.728489	8.2820072	3.8410645
-39.727016	12.594858	3.8508301
-39.728012	13.42216	3.8605957
-39.726639	15.488311	3.8703613
-39.724838	15.186213	3.880127
-39.725071	7.8660259	3.8898926
-39.723988	10.785273	3.8996582
-39.722294	13.635428	3.9094238
-39.722164	18.007504	3.9191895
-39.72073	19.142363	3.9289551
-39.721592	13.618247	3.9387207
-39.719463	16.144735	3.9484863
-39.718899	15.911263	3.958252
-39.718197	15.791755	3.9680176
-39.716961	19.032804	3.9777832
-39.716557	20.342384	3.9875488
-39.71508	21.075838	3.9973145
-39.715786	18.609821	4.0070801
-39.71323	16.460527	4.0168457
-39.713902	18.133656	4.0266113
-39.712925	21.774918	4.036377
-39.710789	22.024521	4.0461426
-39.71069	25.122597	4.0559082
-39.709499	20.60425	4.0656738
-39.710018	23.080536	4.0754395
-39.708027	22.110069	4.0852051
-39.706806	19.729574	4.0949707
-39.706013	24.984877	4.1047363
-39.705353	25.858406	4.114502
-39.70631	28.448296	4.1242676
-39.705269	28.287439	4.1340332
-39.703808	21.51897	4.1437988
-39.701675	25.743713	4.1535645
-39.700958	26.344784	4.1633301
-39.700459	28.186796	4.1730957
-39.700829	30.423527	4.1828613
-39.699234	29.002214	4.192627
-39.698967	29.559277	4.2023926
-39.698578	26.412766	4.2121582
-39.69791	25.29587	4.2219238
-39.696613	31.419243	4.2316895
-39.695835	34.671112	4.2414551
-39.694954	32.98698	4.2512207
-39.6936	28.710939	4.2609863
-39.692757	27.080759	4.270752
-39.690269	29.885958	4.2805176
-39.69125	33.826908	4.2902832
-39.692837	36.92157	4.3000488
-39.690277	37.735504	4.3098145
-39.688076	35.690189	4.3195801
-39.687527	32.846493	4.3293457
-39.686325	31.156992	4.3391113
-39.687111	33.709732	4.348877
-39.68523	41.662338	4.3586426
-39.684677	42.106537	4.3684082
-39.683372	37.679047	4.3781738
-39.683414	34.567451	4.3879395
-39.682175	33.599888	4.3977051
-39.681908	38.229511	4.4074707
-39.681358	41.233452	4.4172363
-39.680347	41.027988	4.427002
-39.679413	44.388847	4.4367676
-39.678619	38.797077	4.4465332
-39.677814	36.954597	4.4562988
-39.676498	39.387886	4.4660645
-39.676579	42.324387	4.4758301
-39.675323	48.209026	4.4855957
-39.675297	45.604378	4.4953613
-39.67379	43.535618	4.505127
-39.671871	40.944546	4.5148926
-39.671799	43.601791	4.5246582
-39.671097	47.955349	4.5344238
-39.670338	45.415123	4.5441895
-39.669895	48.483292	4.5539551
-39.668461	49.737469	4.5637207
-39.667286	44.745968	4.5734863
-39.66584	45.563938	4.583252
-39.666332	46.232754	4.5930176
-39.664108	51.69416	4.6027832
-39.664127	52.965496	4.6125488
-39.663895	49.808727	4.6223145
-39.663357	48.681908	4.6320801
-39.661366	50.81522	4.6418457
-39.662678	49.149395	4.6516113
-39.659729	51.022015	4.661377
-39.659454	54.09269	4.6711426
-39.657955	55.673374	4.6809082
-39.657391	56.027039	4.6906738
-39.656853	52.515015	4.7004395
-39.655777	51.904736	4.7102051
-39.655891	53.913143	4.7199707
-39.654709	56.54393	4.7297363
-39.654255	58.990097	4.739502
-39.652622	58.149693	4.7492676
-39.652386	56.428413	4.7590332
-39.651703	54.905441	4.7687988
-39.650322	52.072266	4.7785645
-39.649593	57.336121	4.7883301
-39.649487	59.946049	4.7980957
-39.649494	64.101395	4.8078613
-39.646721	60.828144	4.817627
-39.646118	54.003906	4.8273926
-39.645847	58.854607	4.8371582
-39.646164	60.840904	4.8469238
-39.643105	61.384243	4.8566895
-39.644085	66.748856	4.8664551
-39.642624	62.961697	4.8762207
-39.641407	62.119995	4.8859863
-39.641525	58.402081	4.895752
-39.64053	57.988373	4.9055176
-39.638992	65.205505	4.9152832
-39.637943	67.010834	4.9250488
-39.63752	68.355103	4.9348145
-39.636837	61.687592	4.9445801
-39.635201	61.027752	4.9543457
-39.636051	63.894539	4.9641113
-39.634609	65.637543	4.973877
-39.633129	69.882004	4.9836426
-39.632374	70.788841	4.9934082
-39.632225	69.364769	5.0031738
-39.629585	66.274895	5.0129395
-39.631683	65.043945	5.0227051
-39.628895	66.975204	5.0324707
-39.62965	72.416626	5.0422363
-39.627666	75.136772	5.052002
-39.627457	71.714249	5.0617676
-39.624905	68.474777	5.0715332
-39.625862	67.116402	5.0812988
-39.624733	71.377419	5.0910645
-39.622887	72.829681	5.1008301
-39.623039	74.673492	5.1105957
-39.621834	76.208771	5.1203613
-39.621666	75.521965	5.130127
-39.62056	72.217384	5.1398926
-39.620186	73.791237	5.1496582
-39.618847	75.586365	5.1594238
-39.618614	80.855499	5.1691895
-39.6175	79.354668	5.1789551
-39.616344	77.336281	5.1887207
-39.614624	75.311745	5.1984863
-39.614731	74.737701	5.208252
-39.614613	78.398201	5.2180176
-39.613388	77.860954	5.2277832
-39.611897	80.902191	5.2375488
-39.613178	83.086319	5.2473145
-39.610279	79.13427	5.2570801
-39.610798	79.39753	5.2668457
-39.60931	77.63237	5.2766113
-39.608471	82.51635	5.286377
-39.606991	85.141312	5.2961426
-39.606083	82.233276	5.3059082
-39.604713	84.79435	5.3156738
-39.604668	84.161171	5.3254395
-39.603634	81.989433	5.3352051
-39.603153	82.457718	5.3449707
-39.603317	83.688461	5.3547363
-39.602825	88.047424	5.364502
-39.600754	90.042168	5.3742676
-39.600807	85.950951	5.3840332
-39.599167	84.059509	5.3937988
-39.598309	84.697845	5.4035645
-39.597424	87.763718	5.4133301
-39.596836	90.033539	5.4230957
-39.596157	90.609955	5.4328613
-39.595673	89.065201	5.442627
-39.593494	91.209557	5.4523926
-39.593655	85.260681	5.4621582
-39.593563	87.450531	5.4719238
-39.59185	92.176796	5.4816895
-39.591053	96.090881	5.4914551
-39.589314	96.847137	5.5012207
-39.589771	90.077774	5.5109863
-39.588497	91.764557	5.520752
-39.588791	91.329819	5.5305176
-39.588268	93.829758	5.5402832
-39.586544	99.094772	5.5500488
-39.585125	96.290924	5.5598145
-39.584568	97.449753	5.5695801
-39.584358	94.290649	5.5793457
-39.583546	91.655014	5.5891113
-39.582172	97.44072	5.598877
-39.5812	100.72288	5.6086426
-39.5812	103.66333	5.6184082
-39.579044	98.647881	5.6281738
-39.579121	94.004181	5.6379395
-39.57774	97.990646	5.6477051
-39.578465	97.953476	5.6574707
-39.576496	100.92213	5.6672363
-39.576599	102.33976	5.677002
-39.574558	104.74235	5.6867676
-39.574276	100.61523	5.6965332
-39.572887	97.714264	5.7062988
-39.572887	98.59491	5.7160645
-39.572575	104.43729	5.7258301
-39.57103	107.86553	5.7355957
-39.569637	105.36286	5.7453613
-39.56982	102.48346	5.755127
-39.568722	101.82918	5.7648926
-39.566902	104.32357	5.7746582
-39.566879	106.47137	5.7844238
-39.566662	106.70901	5.7941895
-39.564899	110.14185	5.8039551
-39.565586	110.37386	5.8137207
-39.564064	105.64435	5.8234863
-39.563267	105.92471	5.833252
-39.561256	105.00016	5.8430176
-39.561771	113.08876	5.8527832
-39.560894	112.20731	5.8625488
-39.559963	110.53408	5.8723145
-39.559258	109.94424	5.8820801
-39.557995	110.17636	5.8918457
-39.557346	112.90009	5.9016113
-39.556889	111.39472	5.911377
-39.555328	112.84151	5.9211426
-39.554161	114.94845	5.9309082
-39.553043	114.95663	5.9406738
-39.553303	112.8253	5.9504395
-39.551556	109.1391	5.9602051
-39.551876	113.4474	5.9699707
-39.550594	117.9362	5.9797363
-39.550987	117.15539	5.989502
-39.549492	119.03143	5.9992676
-39.547989	116.83088	6.0090332
-39.547131	115.58817	6.0187988
-39.54565	115.22968	6.0285645
-39.545994	113.83554	6.0383301
-39.544651	120.45123	6.0480957
-39.543999	125.18263	6.0578613
-39.543854	120.39032	6.067627
-39.54295	115.78163	6.0773926
-39.541752	117.13168	6.0871582
-39.54184	118.67679	6.0969238
-39.539276	122.41338	6.1066895
-39.540005	125.05844	6.1164551
-39.538635	124.41675	6.1262207
-39.536858	124.00169	6.1359863
-39.535957	119.04047	6.145752
-39.535759	119.63557	6.1555176
-39.534691	123.44723	6.1652832
-39.534119	130.44699	6.1750488
-39.534027	129.61942	6.1848145
-39.532185	125.02429	6.1945801
-39.532761	122.20969	6.2043457
-39.531502	121.89574	6.2141113
-39.530853	128.13091	6.223877
-39.528008	132.50085	6.2336426
-39.528549	129.78671	6.2434082
-39.52668	130.67635	6.2531738
-39.528214	126.07687	6.2629395
-39.526318	123.6693	6.2727051
-39.526123	128.06209	6.2824707
-39.524048	132.72069	6.2922363
-39.523327	135.92018	6.302002
-39.522602	133.11507	6.3117676
-39.523514	128.29988	6.3215332
-39.521397	129.41875	6.3312988
-39.521008	130.76285	6.3410645
-39.520241	132.95403	6.3508301
-39.519054	136.35271	6.3605957
-39.51799	136.33788	6.3703613
-39.516151	135.17671	6.380127
-39.516064	132.15158	6.3898926
-39.515583	133.29677	6.3996582
-39.515144	136.16403	6.4094238
-39.51421	140.24187	6.4191895
-39.513908	139.58005	6.4289551
-39.511112	137.59514	6.4387207
-39.511734	134.30247	6.4484863
-39.51128	136.8101	6.458252
-39.510803	137.01218	6.4680176
-39.509438	139.59433	6.4777832
-39.509258	141.09395	6.4875488
-39.508068	141.97678	6.4973145
-39.506729	142.07732	6.5070801
-39.505249	139.0442	6.5168457
-39.505112	138.4973	6.5266113
-39.505161	144.1698	6.536377
-39.501873	143.95193	6.5461426
-39.50304	143.94167	6.5559082
-39.501297	145.45413	6.5656738
-39.501617	142.12442	6.5754395
-39.501507	143.05502	6.5852051
-39.499317	142.58583	6.5949707
-39.498974	145.83324	6.6047363
-39.497749	147.40955	6.614502
-39.496357	150.51599	6.6242676
-39.495289	147.98657	6.6340332
-39.495434	142.73145	6.6437988
-39.494331	144.57062	6.6535645
-39.492958	149.82138	6.6633301
-39.492554	149.67039	6.6730957
-39.492046	153.17393	6.6828613
-39.491329	150.71858	6.692627
-39.490318	147.293	6.7023926
-39.488743	146.50664	6.7121582
-39.48999	146.90562	6.7219238
-39.488029	151.95708	6.7316895
-39.486774	157.0424	6.7414551
-39.48703	153.69485	6.7512207
-39.485546	150.81248	6.7609863
-39.484413	148.31329	6.770752
-39.483654	150.96344	6.7805176
-39.483212	157.11327	6.7902832
-39.48143	156.04126	6.8000488
-39.48064	157.56326	6.8098145
-39.480774	155.82852	6.8195801
-39.47905	153.32693	6.8293457
-39.480534	152.1095	6.8391113
-39.478191	154.57379	6.848877
-39.477554	160.31836	6.8586426
-39.476486	162.33846	6.8684082
-39.475746	158.94794	6.8781738
-39.474834	154.48097	6.8879395
-39.473732	154.56544	6.8977051
-39.472595	158.78207	6.9074707
-39.472599	164.61507	6.9172363
-39.47271	161.85196	6.927002
-39.471603	162.28955	6.9367676
-39.470882	161.6942	6.9465332
-39.46804	155.99802	6.9562988
-39.467884	162.17461	6.9660645
-39.467583	162.57483	6.9758301
-39.465881	168.53748	6.9855957
-39.465984	166.35118	6.9953613
-39.464626	162.44997	7.005127
-39.46397	161.20982	7.0148926
-39.464405	164.02577	7.0246582
-39.463295	165.26274	7.0344238
-39.462715	166.81554	7.0441895
-39.4603	167.97398	7.0539551
-39.460373	168.76199	7.0637207
-39.458591	165.28917	7.0734863
-39.458229	164.96422	7.083252
-39.458752	165.12946	7.0930176
-39.456463	169.10793	7.1027832
-39.455925	172.8033	7.1125488
-39.457012	170.36609	7.1223145
-39.454632	167.72971	7.1320801
-39.453735	170.16354	7.1418457
-39.452614	169.11127	7.1516113
-39.452095	171.05942	7.161377
-39.452412	171.86726	7.1711426
-39.45129	174.81866	7.1809082
-39.449703	174.70729	7.1906738
-39.449631	172.06377	7.2004395
-39.448277	168.58076	7.2102051
-39.447971	172.19312	7.2199707
-39.447128	175.31859	7.2297363
-39.445496	176.45953	7.239502
-39.444199	175.80717	7.2492676
-39.444439	174.69356	7.2590332
-39.443325	175.52759	7.2687988
-39.442604	171.49181	7.2785645
-39.440853	174.98151	7.2883301
-39.440643	178.67331	7.2980957
-39.439846	180.67984	7.3078613
-39.439545	180.17993	7.317627
-39.439049	175.33055	7.3273926
-39.436806	175.5025	7.3371582
-39.436954	180.92407	7.3469238
-39.435299	181.52649	7.3566895
-39.435921	185.24484	7.3664551
-39.435284	182.31235	7.3762207
-39.433514	180.17393	7.3859863
-39.432735	179.62466	7.395752
-39.430061	177.11682	7.4055176
-39.43145	183.96863	7.4152832
-39.429771	187.32343	7.4250488
-39.430794	187.49757	7.4348145
-39.429626	182.79994	7.4445801
-39.428432	176.83365	7.4543457
-39.42725	180.85179	7.4641113
-39.425457	186.83444	7.473877
-39.424831	189.99629	7.4836426
-39.424248	188.39725	7.4934082
-39.423527	188.45518	7.5031738
-39.421967	184.53729	7.5129395
-39.422413	183.90903	7.5227051
-39.421322	185.0193	7.5324707
-39.420197	190.37659	7.5422363
-39.419758	193.94235	7.552002
-39.419823	190.80972	7.5617676
-39.417919	187.10844	7.5715332
-39.417564	185.22159	7.5812988
-39.415775	189.04439	7.5910645
-39.41581	194.20654	7.6008301
-39.414696	192.76109	7.6105957
-39.413792	193.28185	7.6203613
-39.413273	194.60068	7.630127
-39.413155	190.6393	7.6398926
-39.411369	191.43576	7.6496582
-39.411217	192.61188	7.6594238
-39.410431	198.70073	7.6691895
-39.410007	198.01196	7.6789551
-39.408909	194.89807	7.6887207
-39.407108	193.42615	7.6984863
-39.407341	194.07391	7.708252
-39.405735	198.14601	7.7180176
-39.405163	197.41382	7.7277832
-39.404858	198.64816	7.7375488
-39.404034	201.09059	7.7473145
-39.403149	198.01932	7.7570801
-39.401772	196.67566	7.7668457
-39.400078	195.77428	7.7766113
-39.399754	198.93283	7.786377
-39.399361	203.69865	7.7961426
-39.400074	200.92659	7.8059082
-39.398376	203.03786	7.8156738
-39.39698	201.11447	7.8254395
-39.396744	199.83812	7.8352051
-39.396881	201.25233	7.8449707
-39.395164	202.14351	7.8547363
-39.393867	204.32516	7.864502
-39.392635	208.37573	7.8742676
-39.392029	205.13074	7.8840332
-39.391911	200.63173	7.8937988
-39.39043	202.75214	7.9035645
-39.390141	204.94623	7.9133301
-39.388374	211.56554	7.9230957
-39.387405	209.2702	7.9328613
-39.388359	207.80382	7.942627
-39.38689	205.95824	7.9523926
-39.385612	203.47754	7.9621582
-39.384144	205.4933	7.9719238
-39.384701	210.403	7.9816895
-39.381981	212.96092	7.9914551
-39.382729	212.53879	8.0012207
-39.38142	206.72043	8.0109863
-39.381577	204.51031	8.020752
-39.38023	209.22012	8.0305176
-39.378521	212.76309	8.0402832
-39.379101	216.78238	8.0500488
-39.377464	214.46339	8.0598145
-39.37664	213.70844	8.0695801
-39.376846	213.52336	8.0793457
-39.375164	209.34384	8.0891113
-39.373375	214.54552	8.098877
-39.372353	218.20398	8.1086426
-39.371883	221.28062	8.1184082
-39.371967	217.31992	8.1281738
-39.37212	211.87907	8.1379395
-39.369476	213.67119	8.1477051
-39.369934	217.15402	8.1574707
-39.367813	220.10274	8.1672363
-39.367748	222.99094	8.177002
-39.366776	219.18651	8.1867676
-39.367527	218.71603	8.1965332
-39.365078	215.05583	8.2062988
-39.363976	215.88174	8.2160645
-39.363678	220.63148	8.2258301
-39.363201	225.83435	8.2355957
-39.362843	223.25485	8.2453613
-39.361279	221.44789	8.255127
-39.360573	217.78879	8.2648926
-39.35965	221.46962	8.2746582
-39.358448	223.8736	8.2844238
-39.357437	224.13669	8.2941895
-39.356571	226.91164	8.3039551
-39.356331	225.28613	8.3137207
-39.355503	225.59712	8.3234863
-39.355118	221.80768	8.333252
-39.353905	220.19429	8.3430176
-39.35281	228.86775	8.3527832
-39.352001	231.25818	8.3625488
-39.351379	229.2009	8.3723145
-39.350361	228.42401	8.3820801
-39.349697	225.68858	8.3918457
-39.349449	226.81958	8.4016113
-39.347862	226.48611	8.411377
-39.347015	229.37695	8.4211426
-39.346577	233.08102	8.4309082
-39.345863	233.52831	8.4406738
-39.345543	230.26645	8.4504395
-39.344028	225.70197	8.4602051
-39.343781	229.0753	8.4699707
-39.343128	233.55502	8.4797363
-39.340534	233.7675	8.489502
-39.339722	233.48898	8.4992676
-39.3395	233.04541	8.5090332
-39.339642	231.37888	8.5187988
-39.338501	232.02747	8.5285645
-39.338863	231.36971	8.5383301
-39.337154	236.03841	8.5480957
-39.336872	239.79092	8.5578613
-39.335323	238.08253	8.567627
-39.334728	231.23517	8.5773926
-39.33374	232.14153	8.5871582
-39.331814	236.75632	8.5969238
-39.332195	240.11456	8.6066895
-39.330814	241.29065	8.6164551
-39.330292	238.85428	8.6262207
-39.329403	237.36903	8.6359863
-39.3297	236.04305	8.645752
-39.328308	235.31522	8.6555176
-39.326763	239.48404	8.6652832
-39.327133	245.08374	8.6750488
-39.325436	244.57216	8.6848145
-39.324356	238.09256	8.6945801
-39.323433	235.86223	8.7043457
-39.323009	238.26776	8.7141113
-39.32235	243.05736	8.723877
-39.321247	248.13481	8.7336426
-39.319431	246.00714	8.7434082
-39.319618	244.02496	8.7531738
-39.319679	241.84218	8.7629395
-39.317932	238.81946	8.7727051
-39.318207	244.88512	8.7824707
-39.316597	244.95967	8.7922363
-39.316547	251.09854	8.802002
-39.315117	248.75122	8.8117676
-39.314598	242.80919	8.8215332
-39.313503	242.90575	8.8312988
-39.312424	247.24655	8.8410645
-39.311527	249.9561	8.8508301
-39.310219	251.10707	8.8605957
-39.309414	249.91277	8.8703613
-39.308781	250.3632	8.880127
-39.308922	247.99339	8.8898926
-39.307442	247.97	8.8996582
-39.305576	250.64874	8.9094238
-39.306007	254.74405	8.9191895
-39.304417	255.72864	8.9289551
-39.303497	251.49814	8.9387207
-39.303242	249.83286	8.9484863
-39.302921	250.03448	8.958252
-39.301495	252.81122	8.9680176
-39.301636	253.52815	8.9777832
-39.301075	257.30655	8.9875488
-39.30069	255.73459	8.9973145
-39.29829	255.63074	9.0070801
-39.296654	254.44901	9.0168457
-39.297501	252.07198	9.0266113
-39.296883	254.6514	9.036377
-39.295185	259.48877	9.0461426
-39.294514	259.68204	9.0559082
-39.29388	259.10776	9.0656738
-39.292789	254.87334	9.0754395
-39.292503	258.29578	9.0852051
-39.291199	254.51103	9.0949707
-39.291393	257.72488	9.1047363
-39.288513	262.53375	9.114502
-39.288555	264.09128	9.1242676
-39.288162	260.53448	9.1340332
-39.287785	257.34317	9.1437988
-39.284328	257.48935	9.1535645
-39.286583	263.07843	9.1633301
-39.284542	264.07816	9.1730957
-39.284431	266.58652	9.1828613
-39.282806	263.5932	9.192627
-39.28186	262.15787	9.2023926
-39.28104	259.19885	9.2121582
-39.2798	261.32736	9.2219238
-39.279617	265.23672	9.2316895
-39.277912	269.31177	9.2414551
-39.278179	267.79553	9.2512207
-39.278618	264.06128	9.2609863
-39.276222	260.3941	9.270752
-39.275093	264.09738	9.2805176
-39.275627	269.81784	9.2902832
-39.274723	271.57794	9.3000488
-39.273396	270.59622	9.3098145
-39.272778	269.06622	9.3195801
-39.272629	266.82468	9.3293457
-39.271347	264.97263	9.3391113
-39.269905	269.52145	9.348877
-39.268814	273.63638	9.3586426
-39.268375	276.30649	9.3684082
-39.267097	271.62241	9.3781738
-39.265816	267.64124	9.3879395
-39.26619	267.79272	9.3977051
-39.264416	270.72751	9.4074707
-39.263985	276.87439	9.4172363
-39.264072	274.47128	9.427002
-39.262981	276.32181	9.4367676
-39.261456	273.75607	9.4465332
-39.260971	270.45959	9.4562988
-39.261169	275.55615	9.4660645
-39.259995	274.2446	9.4758301
-39.257732	280.78571	9.4855957
-39.259041	280.51736	9.4953613
-39.257225	274.78177	9.505127
-39.254261	275.24866	9.5148926
-39.25494	276.10791	9.5246582
-39.255421	279.72095	9.5344238
-39.253998	281.10355	9.5441895
-39.25259	280.78555	9.5539551
-39.252903	281.62747	9.5637207
-39.250782	279.10236	9.5734863
-39.250484	277.84842	9.583252
-39.249817	278.52957	9.5930176
-39.248886	282.05722	9.6027832
-39.248997	285.6275	9.6125488
-39.246674	284.63058	9.6223145
-39.247437	281.79498	9.6320801
-39.244877	281.37216	9.6418457
-39.245594	282.47772	9.6516113
-39.243591	283.40454	9.661377
-39.243626	284.5542	9.6711426
-39.241383	286.11087	9.6809082
-39.241978	287.72797	9.6906738
-39.240795	284.36279	9.7004395
-39.24065	280.00925	9.7102051
-39.239529	284.67603	9.7199707
-39.238552	287.09317	9.7297363
-39.237221	290.11032	9.739502
-39.236317	290.03403	9.7492676
-39.235847	284.86331	9.7590332
-39.23592	286.39655	9.7687988
-39.23444	284.35126	9.7785645
-39.233879	288.24765	9.7883301
-39.231831	291.32809	9.7980957
-39.231758	293.57162	9.8078613
-39.22982	293.81223	9.817627
-39.23019	286.5499	9.8273926
-39.228832	285.83414	9.8371582
-39.228786	290.87585	9.8469238
-39.227573	294.66455	9.8566895
-39.227901	298.02087	9.8664551
-39.226376	293.81247	9.8762207
-39.225391	291.97018	9.8859863
-39.224098	290.99094	9.895752
-39.223724	290.2081	9.9055176
-39.22353	296.10965	9.9152832
-39.222374	299.56546	9.9250488
-39.221344	299.82687	9.9348145
-39.220856	294.13324	9.9445801
-39.219299	288.97366	9.9543457
-39.218201	290.84952	9.9641113
-39.218399	297.98749	9.973877
-39.2169	301.38559	9.9836426
-39.216141	299.20764	9.9934082
-39.214722	298.07739	10.003174
-39.214794	297.97318	10.012939
-39.213623	295.57507	10.022705
-39.213661	297.5025	10.032471
-39.213303	300.85776	10.042236
-39.211578	305.03506	10.052002
-39.210434	302.35342	10.061768
-39.210918	298.09384	10.071533
-39.20932	297.46368	10.081299
-39.207527	301.6637	10.091064
-39.207668	304.59183	10.10083
-39.206913	304.00287	10.110596
-39.205811	304.00778	10.120361
-39.204453	303.9671	10.130127
-39.203598	301.78613	10.139893
-39.202843	302.43417	10.149658
-39.203201	301.76633	10.159424
-39.202126	307.87387	10.169189
-39.199974	308.72662	10.178955
-39.200439	303.68716	10.188721
-39.199318	305.74258	10.198486
-39.198303	304.655	10.208252
-39.197018	307.50174	10.218018
-39.1968	308.05399	10.227783
-39.195953	308.27753	10.237549
-39.195637	311.71185	10.247314
-39.195389	309.22266	10.25708
-39.19368	307.45822	10.266846
-39.193581	306.26605	10.276611
-39.191917	309.3335	10.286377
-39.191437	313.57043	10.296143
-39.190857	314.50409	10.305908
-39.189369	311.53015	10.315674
-39.188717	310.12457	10.325439
-39.188137	309.81519	10.335205
-39.186611	308.94269	10.344971
-39.185543	313.22397	10.354736
-39.184853	314.65195	10.364502
-39.183712	317.77606	10.374268
-39.182846	315.30643	10.384033
-39.182384	310.09158	10.393799
-39.181259	310.86823	10.403564
-39.181629	313.86899	10.41333
-39.181076	320.30322	10.423096
-39.179623	318.8989	10.432861
-39.177902	315.77066	10.442627
-39.177399	315.10632	10.452393
-39.177776	313.42465	10.462158
-39.176907	313.1705	10.471924
-39.175953	320.44235	10.481689
-39.174568	321.58093	10.491455
-39.173393	323.30936	10.501221
-39.173363	316.46048	10.510986
-39.172508	312.63901	10.520752
-39.171227	317.18533	10.530518
-39.169868	321.22198	10.540283
-39.170597	324.43323	10.550049
-39.170303	322.60617	10.559814
-39.169308	319.09537	10.56958
-39.168312	318.70413	10.579346
-39.166946	316.22665	10.589111
-39.166515	322.46155	10.598877
-39.164608	326.20596	10.608643
-39.164173	328.29642	10.618408
-39.163853	324.06805	10.628174
-39.162838	320.17142	10.637939
-39.16169	319.52652	10.647705
-39.160568	325.69659	10.657471
-39.158569	328.62308	10.667236
-39.159729	328.10229	10.677002
-39.159203	328.12585	10.686768
-39.157833	325.56076	10.696533
-39.15781	324.68338	10.706299
-39.156357	324.40881	10.716064
-39.155842	327.61209	10.72583
-39.154446	332.30688	10.735596
-39.153656	330.85904	10.745361
-39.151836	327.29568	10.755127
-39.151974	325.30075	10.764893
-39.151451	327.01431	10.774658
-39.149868	331.08527	10.784424
-39.151081	330.75436	10.794189
-39.148476	331.4852	10.803955
-39.147606	332.52399	10.813721
-39.146378	329.7131	10.823486
-39.145626	330.09796	10.833252
-39.145718	326.65372	10.843018
-39.145275	333.97507	10.852783
-39.143501	336.87186	10.862549
-39.142941	334.65469	10.872314
-39.14209	334.33224	10.88208
-39.140514	330.13242	10.891846
-39.140671	333.18735	10.901611
-39.139664	334.33279	10.911377
-39.137684	334.60468	10.921143
-39.138515	338.85339	10.930908
-39.13736	338.14182	10.940674
-39.135674	335.74252	10.950439
-39.136211	332.71783	10.960205
-39.135292	332.93567	10.969971
-39.134678	340.39148	10.979736
-39.133816	342.12375	10.989502
-39.131786	342.00116	10.999268
-39.132133	338.61649	11.009033
-39.131409	335.51141	11.018799
-39.129452	338.58304	11.028564
-39.129368	338.29614	11.03833
-39.128284	342.20374	11.048096
-39.127983	346.69278	11.057861
-39.127171	344.42361	11.067627
-39.126507	337.74869	11.077393
-39.125492	336.84979	11.087158
-39.123886	339.29559	11.096924
-39.123981	346.69257	11.106689
-39.123337	347.23654	11.116455
-39.121799	343.79047	11.126221
-39.121414	342.52045	11.135986
-39.120033	339.8121	11.145752
-39.119041	341.57068	11.155518
-39.11974	345.57071	11.165283
-39.117481	348.8595	11.175049
-39.11824	351.00827	11.184814
-39.116543	345.2478	11.19458
-39.11673	340.63654	11.204346
-39.115055	342.66391	11.214111
-39.11404	348.91116	11.223877
-39.113285	353.15103	11.233643
-39.112034	349.52765	11.243408
-39.111656	349.66348	11.253174
-39.110096	347.4126	11.262939
-39.109543	344.20889	11.272705
-39.107765	349.54605	11.282471
-39.108452	351.02875	11.292236
-39.107143	353.71161	11.302002
-39.107628	353.13992	11.311768
-39.107079	347.48846	11.321533
-39.104748	345.41412	11.331299
-39.104393	351.77963	11.341064
-39.103783	354.7959	11.35083
-39.102478	355.60248	11.360596
-39.100334	354.09723	11.370361
-39.100597	353.81406	11.380127
-39.099602	352.79544	11.389893
-39.099697	350.82867	11.399658
-39.098404	352.10263	11.409424
-39.099037	357.32248	11.419189
-39.096825	359.6987	11.428955
-39.095226	357.47968	11.438721
-39.093937	354.6571	11.448486
-39.094414	353.63211	11.458252
-39.092812	356.34991	11.468018
-39.093472	357.87201	11.477783
-39.091614	358.58505	11.487549
-39.090683	358.20813	11.497314
-39.091454	360.93607	11.50708
-39.090298	356.15472	11.516846
-39.089218	352.38156	11.526611
-39.087891	357.08945	11.536377
-39.086922	362.03625	11.546143
-39.085987	362.91714	11.555908
-39.085571	363.03717	11.565674
-39.084579	357.6098	11.575439
-39.083969	359.1106	11.585205
-39.081825	357.94864	11.594971
-39.080746	359.72745	11.604736
-39.081566	364.99698	11.614502
-39.079037	364.52274	11.624268
-39.081234	363.2739	11.634033
-39.078594	359.77762	11.643799
-39.077885	358.65573	11.653564
-39.077503	363.89081	11.66333
-39.076534	368.21286	11.673096
-39.075741	368.77292	11.682861
-39.075333	364.44131	11.692627
-39.074924	362.9841	11.702393
-39.073322	362.01511	11.712158
-39.071049	363.89084	11.721924
-39.071461	368.89359	11.731689
-39.069824	370.94086	11.741455
-39.070351	368.61273	11.751221
-39.06908	365.25098	11.760986
-39.067848	362.18546	11.770752
-39.067532	362.91721	11.780518
-39.066555	371.9425	11.790283
-39.065865	372.8049	11.800049
-39.065495	372.29126	11.809814
-39.062908	367.80957	11.81958
-39.062466	366.82416	11.829346
-39.063602	366.73013	11.839111
-39.06163	370.63049	11.848877
-39.060997	374.14465	11.858643
-39.059273	377.22617	11.868408
-39.059437	372.27066	11.878174
-39.058552	367.34683	11.887939
-39.057476	366.93665	11.897705
-39.056393	372.86502	11.907471
-39.056496	375.19424	11.917236
-39.055466	375.23694	11.927002
-39.053482	374.15286	11.936768
-39.05431	373.42526	11.946533
-39.052158	372.12109	11.956299
-39.0518	372.69403	11.966064
-39.051693	374.03586	11.97583
-39.050194	380.29507	11.985596
-39.049408	379.08615	11.995361
-39.047955	373.18759	12.005127
-39.047829	373.16995	12.014893
-39.046703	373.42615	12.024658
-39.046246	377.25449	12.034424
-39.045544	378.92337	12.044189
-39.046196	377.38663	12.053955
-39.04393	379.62195	12.063721
-39.043739	378.91354	12.073486
-39.042969	375.97955	12.083252
-39.042164	376.24512	12.093018
-39.040466	379.23172	12.102783
-39.040565	383.48111	12.112549
-39.038662	382.13834	12.122314
-39.03738	380.22452	12.13208
-39.037773	378.96652	12.141846
-39.035564	379.22491	12.151611
-39.035141	380.40915	12.161377
-39.034363	382.26971	12.171143
-39.034657	383.22623	12.180908
-39.034012	385.33749	12.190674
-39.031406	382.38641	12.200439
-39.032623	376.7197	12.210205
-39.031879	379.46353	12.219971
-39.029377	383.87814	12.229736
-39.028778	388.66824	12.239502
-39.028114	386.69186	12.249268
-39.027187	381.79742	12.259033
-39.027397	382.63474	12.268799
-39.025673	381.74841	12.278564
-39.024738	383.24365	12.28833
-39.023987	388.00934	12.298096
-39.023678	388.47162	12.307861
-39.022434	389.55515	12.317627
-39.022812	382.99579	12.327393
-39.021385	380.54639	12.337158
-39.019531	384.849	12.346924
-39.02	391.85004	12.356689
-39.01992	393.67697	12.366455
-39.017101	389.42224	12.376221
-39.016861	386.27789	12.385986
-39.016304	385.71945	12.395752
-39.015381	385.66339	12.405518
-39.013901	390.11801	12.415283
-39.013443	393.65152	12.425049
-39.012016	393.1676	12.434814
-39.011246	388.59445	12.44458
-39.011379	385.43271	12.454346
-39.00988	386.44507	12.464111
-39.00951	392.10126	12.473877
-39.009174	394.75232	12.483643
-39.007435	394.06247	12.493408
-39.007595	391.83841	12.503174
-39.006184	391.12027	12.512939
-39.00563	389.51584	12.522705
-39.004902	390.74805	12.532471
-39.003628	394.14389	12.542236
-39.003838	398.96875	12.552002
-39.002357	396.77667	12.561768
-39.00246	391.93347	12.571533
-39.000259	391.19403	12.581299
-38.999844	392.92554	12.591064
-38.999771	398.23633	12.60083
-38.997833	396.63049	12.610596
-38.997879	396.32739	12.620361
-38.99548	396.64536	12.630127
-38.995789	393.87961	12.639893
-38.995541	394.95117	12.649658
-38.993076	394.62894	12.659424
-38.993248	399.29938	12.669189
-38.992538	400.91113	12.678955
-38.992493	397.90097	12.688721
-38.990597	397.62894	12.698486
-38.990738	396.02478	12.708252
-38.989212	397.44162	12.718018
-38.988182	401.28177	12.727783
-38.987129	400.10556	12.737549
-38.985508	400.87875	12.747314
-38.98616	401.79242	12.75708
-38.985336	398.04498	12.766846
-38.984692	395.08737	12.776611
-38.983482	399.59683	12.786377
-38.982887	403.48703	12.796143
-38.982243	403.38116	12.805908
-38.981426	403.31815	12.815674
-38.980774	399.75034	12.825439
-38.979744	399.26166	12.835205
-38.979237	400.43573	12.844971
-38.977016	403.06503	12.854736
-38.976883	405.53928	12.864502
-38.977074	406.63354	12.874268
-38.975166	406.0639	12.884033
-38.974957	398.56952	12.893799
-38.974335	400.45361	12.903564
-38.972279	403.5578	12.91333
-38.973125	409.92743	12.923096
-38.971153	408.42258	12.932861
-38.970833	404.27011	12.942627
-38.969028	404.44431	12.952393
-38.969116	402.75244	12.962158
-38.967884	403.20154	12.971924
-38.9669	410.3555	12.981689
-38.965904	409.42813	12.991455
-38.966228	411.48395	13.001221
-38.964413	404.13535	13.010986
-38.965069	401.77267	13.020752
-38.963562	403.70667	13.030518
-38.961697	410.32089	13.040283
-38.962181	412.84262	13.050049
-38.961906	410.35907	13.059814
-38.959717	406.48029	13.06958
-38.957817	406.42416	13.079346
-38.958031	405.08823	13.089111
-38.957085	409.71069	13.098877
-38.956989	411.57867	13.108643
-38.955585	413.79874	13.118408
-38.954987	412.04437	13.128174
-38.953808	406.6199	13.137939
-38.95253	406.39783	13.147705
-38.951416	411.6673	13.157471
-38.952267	412.83118	13.167236
-38.949734	413.96265	13.177002
-38.94986	413.19333	13.186768
-38.94952	410.2402	13.196533
-38.948349	410.16779	13.206299
-38.948891	410.10992	13.216064
-38.947231	411.38687	13.22583
-38.945724	415.65262	13.235596
-38.946171	415.66211	13.245361
-38.944939	413.79669	13.255127
-38.943359	412.14267	13.264893
-38.942696	411.53207	13.274658
-38.941784	415.15518	13.284424
-38.941177	414.70062	13.294189
-38.941204	416.61047	13.303955
-38.938404	415.39484	13.313721
-38.938404	416.50159	13.323486
-38.938721	413.75803	13.333252
-38.937946	411.44495	13.343018
-38.935284	417.67184	13.352783
-38.935184	419.254	13.362549
-38.935093	417.49393	13.372314
-38.935291	416.63409	13.38208
-38.932968	413.80206	13.391846
-38.931805	415.69852	13.401611
-38.932293	416.49738	13.411377
-38.930397	415.60373	13.421143
-38.930046	420.13342	13.430908
-38.928856	419.90747	13.440674
-38.928154	418.23953	13.450439
-38.927494	413.77802	13.460205
-38.926804	415.80728	13.469971
-38.926983	419.53378	13.479736
-38.925144	423.6839	13.489502
-38.923851	421.88846	13.499268
-38.922302	418.18637	13.509033
-38.923347	417.48883	13.518799
-38.921715	417.31714	13.528564
-38.921127	418.87878	13.53833
-38.920174	421.46445	13.548096
-38.919926	423.79962	13.557861
-38.919384	421.9599	13.567627
-38.918182	416.31772	13.577393
-38.917023	415.87418	13.587158
-38.916451	417.37918	13.596924
-38.914909	426.49542	13.606689
-38.915169	425.23251	13.616455
-38.914471	422.49515	13.626221
-38.911491	420.4595	13.635986
-38.911678	418.43387	13.645752
-38.9109	418.65826	13.655518
-38.910648	424.71951	13.665283
-38.909702	424.29318	13.675049
-38.907829	428.39001	13.684814
-38.907085	422.20624	13.69458
-38.906857	418.41995	13.704346
-38.905354	417.80872	13.714111
-38.905113	424.90295	13.723877
-38.905499	426.88654	13.733643
-38.903667	426.20178	13.743408
-38.902733	422.9812	13.753174
-38.902149	423.45657	13.762939
-38.900894	418.96161	13.772705
-38.900139	424.02853	13.782471
-38.899334	425.68857	13.792236
-38.899364	428.87463	13.802002
-38.898048	427.47128	13.811768
-38.897751	422.60413	13.821533
-38.896648	422.90497	13.831299
-38.895863	423.90656	13.841064
-38.895084	426.6839	13.85083
-38.89484	428.56744	13.860596
-38.892334	426.76834	13.870361
-38.893147	425.72119	13.880127
-38.891922	425.79547	13.889893
-38.890617	424.45578	13.899658
-38.889706	424.80267	13.909424
-38.889603	428.62747	13.919189
-38.888424	430.51968	13.928955
-38.887787	428.03897	13.938721
-38.886139	423.94913	13.948486
-38.886028	425.33932	13.958252
-38.885967	426.83597	13.968018
-38.88559	426.19394	13.977783
-38.883854	428.32687	13.987549
-38.882999	430.9823	13.997314
-38.881771	429.99878	14.00708
-38.880653	426.18188	14.016846
-38.880089	423.1358	14.026611
-38.879841	427.76678	14.036377
-38.877884	431.741	14.046143
-38.878048	432.22595	14.055908
-38.876034	431.90195	14.065674
-38.874939	425.74045	14.075439
-38.875099	427.6553	14.085205
-38.874603	426.82568	14.094971
-38.874218	427.97498	14.104736
-38.871864	434.03806	14.114502
-38.872303	432.77933	14.124268
-38.870148	432.16891	14.134033
-38.870037	426.03772	14.143799
-38.870289	426.06506	14.153564
-38.86805	430.02026	14.16333
-38.86869	433.75259	14.173096
-38.867565	433.8721	14.182861
-38.865135	429.88364	14.192627
-38.864677	427.9024	14.202393
-38.86462	428.02225	14.212158
-38.865181	428.32968	14.221924
-38.863079	432.93555	14.231689
-38.862888	435.39835	14.241455
-38.86237	434.01089	14.251221
-38.860909	429.23248	14.260986
-38.860424	425.4111	14.270752
-38.858379	427.07303	14.280518
-38.858234	433.34607	14.290283
-38.856972	434.09012	14.300049
-38.855984	432.37808	14.309814
-38.855572	431.60834	14.31958
-38.854752	426.94666	14.329346
-38.853867	428.12372	14.339111
-38.853542	432.55026	14.348877
-38.85199	434.98138	14.358643
-38.851681	437.77963	14.368408
-38.850407	431.91653	14.378174
-38.849533	428.8537	14.387939
-38.849361	428.58975	14.397705
-38.848309	432.96179	14.407471
-38.847504	436.0748	14.417236
-38.84676	435.01096	14.427002
-38.846462	434.32983	14.436768
-38.844761	432.12405	14.446533
-38.844589	429.49103	14.456299
-38.843739	433.90823	14.466064
-38.841728	433.12531	14.47583
-38.843189	436.52298	14.485596
-38.8409	438.72067	14.495361
-38.840481	432.66074	14.505127
-38.839565	431.58908	14.514893
-38.839115	430.70676	14.524658
-38.838112	434.81351	14.534424
-38.836918	436.02686	14.544189
-38.836552	434.26868	14.553955
-38.835167	436.25781	14.563721
-38.833981	436.28275	14.573486
-38.834614	432.61639	14.583252
-38.833759	431.17242	14.593018
-38.832596	436.18124	14.602783
-38.83147	437.63589	14.612549
-38.831795	437.92496	14.622314
-38.829254	433.40771	14.63208
-38.828888	432.53018	14.641846
-38.82798	431.51764	14.651611
-38.826958	434.76767	14.661377
-38.827347	437.22589	14.671143
-38.825508	437.44775	14.680908
-38.824699	438.04156	14.690674
-38.82386	435.90338	14.700439
-38.823708	430.62363	14.710205
-38.822662	432.81375	14.719971
-38.821373	436.35358	14.729736
-38.821655	439.69431	14.739502
-38.818913	439.14053	14.749268
-38.818623	433.22604	14.759033
-38.817905	436.60126	14.768799
-38.817829	431.49677	14.778564
-38.816051	434.28061	14.78833
-38.814892	438.44833	14.798096
-38.814415	437.19189	14.807861
-38.814442	439.09894	14.817627
-38.813171	432.16187	14.827393
-38.81282	430.15656	14.837158
-38.812351	434.46384	14.846924
-38.810585	437.83841	14.856689
-38.810101	440.03165	14.866455
-38.809753	438.20407	14.876221
-38.808102	433.63437	14.885986
-38.807686	433.93646	14.895752
-38.807247	432.75842	14.905518
-38.805294	437.50952	14.915283
-38.804798	440.96161	14.925049
-38.804585	439.74725	14.934814
-38.803299	436.79681	14.94458
-38.8032	432.71851	14.954346
-38.802414	432.32385	14.964111
-38.800789	437.62814	14.973877
-38.799534	439.20349	14.983643
-38.800026	439.8851	14.993408
-38.799194	437.00305	15.003174
-38.799183	434.35922	15.012939
-38.79702	432.5668	15.022705
-38.796803	435.62653	15.032471
-38.795498	437.38538	15.042236
-38.794319	442.4924	15.052002
-38.794056	436.96182	15.061768
-38.792965	434.27011	15.071533
-38.791988	433.9957	15.081299
-38.791466	435.20847	15.091064
-38.790375	438.8085	15.10083
-38.791027	438.51877	15.110596
-38.789162	439.25967	15.120361
-38.789063	436.57034	15.130127
-38.787224	435.05692	15.139893
-38.787163	434.29639	15.149658
-38.78463	433.97964	15.159424
-38.78405	439.18909	15.169189
-38.784519	441.13696	15.178955
-38.783215	437.18445	15.188721
-38.781879	436.53534	15.198486
-38.783024	434.76205	15.208252
-38.781139	436.52612	15.218018
-38.779663	438.19238	15.227783
-38.779408	438.21378	15.237549
-38.778881	439.3591	15.247314
-38.778622	439.90344	15.25708
-38.776627	436.3631	15.266846
-38.777077	432.79361	15.276611
-38.774906	434.6828	15.286377
-38.77454	440.22421	15.296143
-38.773315	439.78107	15.305908
-38.77285	439.45792	15.315674
-38.77132	434.86783	15.325439
-38.770092	435.6857	15.335205
-38.7714	434.57434	15.344971
-38.769894	437.27692	15.354736
-38.76836	438.98032	15.364502
-38.767136	441.76187	15.374268
-38.767548	439.44125	15.384033
-38.765701	432.31448	15.393799
-38.766045	434.04684	15.403564
-38.764767	436.09131	15.41333
-38.764343	441.74854	15.423096
-38.762737	442.14093	15.432861
-38.76152	435.51624	15.442627
-38.761692	435.29486	15.452393
-38.760471	433.41348	15.462158
-38.759567	434.98947	15.471924
-38.759151	439.47455	15.481689
-38.757923	439.1506	15.491455
-38.758137	441.72079	15.501221
-38.756729	434.79507	15.510986
-38.755951	429.69873	15.520752
-38.755165	433.73346	15.530518
-38.755051	439.07394	15.540283
-38.752659	441.6774	15.550049
-38.752155	438.5173	15.559814
-38.75169	434.6792	15.56958
-38.751049	434.66345	15.579346
-38.750168	433.11111	15.589111
-38.749157	436.43634	15.598877
-38.74844	440.8703	15.608643
-38.748379	441.82941	15.618408
-38.748009	439.75034	15.628174
-38.746063	432.41245	15.637939
-38.745518	432.99011	15.647705
-38.74411	436.64276	15.657471
-38.743752	439.67792	15.667236
-38.742393	441.35297	15.677002
-38.741409	438.63171	15.686768
-38.740761	434.97534	15.696533
-38.739727	435.71896	15.706299
-38.740932	435.02866	15.716064
-38.739315	434.72446	15.72583
-38.738056	441.0343	15.735596
-38.737591	440.20459	15.745361
-38.736015	436.22708	15.755127
-38.735729	433.9722	15.764893
-38.734402	433.14059	15.774658
-38.733952	438.26147	15.784424
-38.732845	438.3959	15.794189
-38.732796	439.30374	15.803955
-38.732487	436.60898	15.813721
-38.72945	436.56848	15.823486
-38.729122	435.47858	15.833252
-38.728516	432.77338	15.843018
-38.728146	437.65677	15.852783
-38.72646	441.21362	15.862549
-38.726582	438.28894	15.872314
-38.724888	438.8775	15.88208
-38.725185	432.92966	15.891846
-38.723171	434.99219	15.901611
-38.724171	437.73358	15.911377
-38.722645	436.03937	15.921143
-38.721958	438.72971	15.930908
-38.720306	437.91074	15.940674
-38.719757	436.99478	15.950439
-38.719242	432.1398	15.960205
-38.71764	432.60132	15.969971
-38.716789	438.03632	15.979736
-38.716122	441.00949	15.989502
-38.715176	438.24548	15.999268
-38.716198	435.1416	16.009033
-38.71381	433.54437	16.018799
-38.713703	435.84802	16.028564
-38.712009	434.4411	16.03833
-38.712597	440.36276	16.048096
-38.710239	440.47507	16.057861
-38.710205	438.37015	16.067627
-38.709801	432.23276	16.077393
-38.706871	431.65155	16.087158
-38.708237	436.28247	16.096924
-38.706326	439.46582	16.106689
-38.706612	442.65195	16.116455
-38.705669	435.47455	16.126221
-38.705147	434.59656	16.135986
-38.703503	433.15201	16.145752
-38.70269	433.07959	16.155518
-38.702469	437.70947	16.165283
-38.699894	437.92603	16.175049
-38.700893	441.46869	16.184814
-38.700001	433.39407	16.19458
-38.699097	430.70752	16.204346
-38.698025	431.62323	16.214111
-38.697323	434.42001	16.223877
-38.696156	440.5589	16.233643
-38.696247	437.76672	16.243408
-38.694843	435.96823	16.253174
-38.694237	433.11768	16.262939
-38.693008	431.18808	16.272705
-38.692081	436.1394	16.282471
-38.692017	437.18326	16.292236
-38.690647	440.47021	16.302002
-38.689888	437.57571	16.311768
-38.688725	432.59131	16.321533
-38.688751	432.04016	16.331299
-38.687	433.07089	16.341064
-38.687336	436.06906	16.35083
-38.685444	439.15771	16.360596
-38.685375	434.90326	16.370361
-38.683815	434.35452	16.380127
-38.682487	431.9169	16.389893
-38.681637	431.41238	16.399658
-38.68177	432.63153	16.409424
-38.681057	435.42316	16.419189
-38.680153	436.32083	16.428955
-38.678677	434.77847	16.438721
-38.678337	430.41586	16.448486
-38.67823	431.56863	16.458252
-38.677601	432.21432	16.468018
-38.676502	434.04306	16.477783
-38.675888	435.53772	16.487549
-38.674789	433.78784	16.497314
-38.673565	434.97641	16.50708
-38.672295	432.89932	16.516846
-38.672924	428.82983	16.526611
-38.670952	433.95984	16.536377
-38.670567	436.84778	16.546143
-38.66835	436.86429	16.555908
-38.669411	437.05267	16.565674
-38.667355	431.20184	16.575439
-38.666546	433.28397	16.585205
-38.666492	432.07919	16.594971
-38.665329	430.94537	16.604736
-38.664726	436.36938	16.614502
-38.664143	436.14557	16.624268
-38.662529	434.89679	16.634033
-38.662037	428.84802	16.643799
-38.660702	426.74228	16.653564
-38.659595	432.7352	16.66333
-38.660595	436.48981	16.673096
-38.65868	436.46689	16.682861
-38.6577	432.74335	16.692627
-38.657604	430.19336	16.702393
-38.655834	430.16061	16.712158
-38.655575	430.29468	16.721924
-38.654808	434.65292	16.731689
-38.654579	438.73053	16.741455
-38.653362	437.0166	16.751221
-38.65276	430.53351	16.760986
-38.65221	427.18835	16.770752
-38.650711	427.29831	16.780518
-38.649105	436.50046	16.790283
-38.649837	436.99857	16.800049
-38.649464	433.87427	16.809814
-38.648392	431.72632	16.81958
-38.646305	429.21906	16.829346
-38.645672	429.944	16.839111
-38.644039	432.96118	16.848877
-38.644287	433.91559	16.858643
-38.643604	437.05154	16.868408
-38.642513	433.10544	16.878174
-38.641678	428.08676	16.887939
-38.640636	427.47748	16.897705
-38.639019	431.93616	16.907471
-38.640163	436.88647	16.917236
-38.639153	433.13055	16.927002
-38.637955	433.61597	16.936768
-38.636646	431.76822	16.946533
-38.636433	428.61844	16.956299
-38.635479	431.63974	16.966064
-38.635273	431.65799	16.97583
-38.633919	436.71719	16.985596
-38.631569	435.10406	16.995361
-38.632229	430.18301	17.005127
-38.630543	429.98599	17.014893
-38.631649	428.7457	17.024658
-38.628838	432.88986	17.034424
-38.628933	433.7775	17.044189
-38.628139	433.47305	17.053955
-38.626724	432.23212	17.063721
-38.62711	430.97052	17.073486
-38.625244	427.72025	17.083252
-38.625172	427.81647	17.093018
-38.624561	432.36353	17.102783
-38.622757	435.19583	17.112549
-38.622623	434.22754	17.122314
-38.621342	430.38464	17.13208
-38.620266	428.88107	17.141846
-38.620422	429.54922	17.151611
-38.618793	430.50299	17.161377
-38.617706	430.36987	17.171143
-38.618324	433.36676	17.180908
-38.616261	434.6868	17.190674
-38.614895	431.45468	17.200439
-38.615452	427.05624	17.210205
-38.613846	427.74112	17.219971
-38.612114	432.5607	17.229736
-38.611618	434.31204	17.239502
-38.610538	434.99216	17.249268
-38.611347	428.25757	17.259033
-38.610069	429.75616	17.268799
-38.608894	427.11969	17.278564
-38.608322	429.55078	17.28833
-38.607586	432.88419	17.298096
-38.606972	434.06418	17.307861
-38.606426	432.00009	17.317627
-38.605152	426.27737	17.327393
-38.604076	422.63342	17.337158
-38.603619	429.75012	17.346924
-38.603577	432.97766	17.356689
-38.601688	435.16299	17.366455
-38.601162	431.91306	17.376221
-38.601341	428.06616	17.385986
-38.59959	428.22501	17.395752
-38.598572	427.47891	17.405518
-38.598103	431.06711	17.415283
-38.597237	433.62051	17.425049
-38.596874	434.87125	17.434814
-38.595665	429.2623	17.44458
-38.594963	424.27286	17.454346
-38.594234	422.93546	17.464111
-38.593021	431.43701	17.473877
-38.592583	432.81335	17.483643
-38.591042	431.26376	17.493408
-38.590775	428.93008	17.503174
-38.589699	427.94012	17.512939
-38.588619	427.20245	17.522705
-38.587749	428.29904	17.532471
-38.587555	430.86029	17.542236
-38.58659	433.44556	17.552002
-38.586594	430.10944	17.561768
-38.584682	427.37503	17.571533
-38.584038	425.88333	17.581299
-38.583229	426.405	17.591064
-38.582253	432.71411	17.60083
-38.580997	429.78339	17.610596
-38.578651	430.06097	17.620361
-38.578823	427.31729	17.630127
-38.578735	428.27005	17.639893
-38.579037	426.94971	17.649658
-38.576977	424.07779	17.659424
-38.576714	430.93829	17.669189
-38.576107	432.68561	17.678955
-38.575584	428.47165	17.688721
-38.574875	428.60751	17.698486
-38.573925	426.11853	17.708252
-38.572838	427.18842	17.718018
-38.571453	428.61136	17.727783
-38.570145	428.45453	17.737549
-38.570621	430.68631	17.747314
-38.570316	429.8382	17.75708
-38.568535	426.27774	17.766846
-38.567947	424.95377	17.776611
-38.566647	424.93268	17.786377
-38.565994	429.72659	17.796143
-38.565823	431.95874	17.805908
-38.564476	430.02075	17.815674
-38.563572	426.09613	17.825439
-38.561466	424.88779	17.835205
-38.562191	425.55069	17.844971
-38.560688	426.54883	17.854736
-38.560646	431.41782	17.864502
-38.558968	432.30756	17.874268
-38.559685	428.46411	17.884033
-38.558495	422.25137	17.893799
-38.556858	423.75107	17.903564
-38.55529	426.37576	17.91333
-38.555817	431.46268	17.923096
-38.553917	432.04181	17.932861
-38.554337	425.26971	17.942627
-38.552525	425.39813	17.952393
-38.552826	423.90018	17.962158
-38.551308	424.0365	17.971924
-38.550289	429.73062	17.981689
-38.549515	431.1254	17.991455
-38.549213	431.74683	18.001221
-38.548576	424.11627	18.010986
-38.546974	420.73001	18.020752
-38.547199	424.26205	18.030518
-38.54562	428.05023	18.040283
-38.544151	431.60858	18.050049
-38.544361	428.32877	18.059814
-38.543152	424.71716	18.06958
-38.543564	424.61227	18.079346
-38.541531	422.05399	18.089111
-38.541492	426.47452	18.098877
-38.540215	429.80417	18.108643
-38.539124	430.07297	18.118408
-38.539021	428.68723	18.128174
-38.537182	420.61075	18.137939
-38.535912	422.89871	18.147705
-38.535725	426.84747	18.157471
-38.535225	428.60797	18.167236
-38.534573	427.74796	18.177002
-38.533131	426.27917	18.186768
-38.532001	425.3187	18.196533
-38.531139	424.16827	18.206299
-38.530319	423.15002	18.216064
-38.531174	425.75473	18.22583
-38.529194	430.12833	18.235596
-38.528255	430.26874	18.245361
-38.52824	425.31564	18.255127
-38.527119	423.60568	18.264893
-38.525066	423.39648	18.274658
-38.525639	427.96118	18.284424
-38.525082	426.55936	18.294189
-38.523258	427.80469	18.303955
-38.523155	426.58023	18.313721
-38.522167	425.11249	18.323486
-38.521324	423.74796	18.333252
-38.52029	423.03421	18.343018
-38.519405	426.67532	18.352783
-38.518909	430.09131	18.362549
-38.51899	425.56122	18.372314
-38.516109	427.53995	18.38208
-38.516544	421.83972	18.391846
-38.515717	424.18686	18.401611
-38.51516	422.84	18.411377
-38.513493	424.85239	18.421143
-38.512955	427.29471	18.430908
-38.512714	428.68295	18.440674
-38.511337	424.48587	18.450439
-38.510475	422.392	18.460205
-38.50959	422.4614	18.469971
-38.509521	427.88281	18.479736
-38.50861	429.15488	18.489502
-38.507195	428.18353	18.499268
-38.506573	424.27408	18.509033
-38.506012	422.26593	18.518799
-38.505478	423.36221	18.528564
-38.504036	423.78412	18.53833
-38.501862	427.16397	18.548096
-38.50333	428.41974	18.557861
-38.501617	428.15457	18.567627
-38.501282	421.33322	18.577393
-38.499718	420.07101	18.587158
-38.499104	421.54697	18.596924
-38.499626	429.19656	18.606689
-38.498741	429.13577	18.616455
-38.496655	425.92059	18.626221
-38.496223	421.90955	18.635986
-38.496132	420.983	18.645752
-38.493538	420.38684	18.655518
-38.494038	427.19955	18.665283
-38.492203	427.68512	18.675049
-38.492302	429.69604	18.684814
-38.49194	424.31918	18.69458
-38.491142	419.99704	18.704346
-38.490215	420.04077	18.714111
-38.488647	426.1658	18.723877
-38.488209	428.31287	18.733643
-38.486408	426.5032	18.743408
-38.486485	423.98987	18.753174
-38.485497	422.12906	18.762939
-38.484737	421.10263	18.772705
-38.483658	423.22809	18.782471
-38.48288	425.48297	18.792236
-38.481785	428.61832	18.802002
-38.48148	427.48383	18.811768
-38.480877	419.06894	18.821533
-38.479427	419.2876	18.831299
-38.479607	423.08502	18.841064
-38.478554	425.60568	18.85083
-38.476875	426.25961	18.860596
-38.47662	422.33319	18.870361
-38.476051	424.95486	18.880127
-38.474659	423.03848	18.889893
-38.475174	420.46576	18.899658
-38.472313	423.36795	18.909424
-38.472851	425.63574	18.919189
-38.47118	427.3317	18.928955
-38.470661	423.75674	18.938721
-38.47073	420.62653	18.948486
-38.468273	421.52545	18.958252
-38.467461	423.23166	18.968018
-38.468056	422.40668	18.977783
-38.467075	424.72552	18.987549
-38.466328	426.03751	18.997314
-38.46492	425.88495	19.00708
-38.465839	421.54825	19.016846
-38.463154	418.0199	19.026611
-38.463337	422.85574	19.036377
-38.462292	425.57391	19.046143
-38.461163	426.98804	19.055908
-38.461018	425.34933	19.065674
-38.459835	421.34998	19.075439
-38.458622	421.24652	19.085205
-38.459061	420.89203	19.094971
-38.456551	422.8421	19.104736
-38.456364	426.21313	19.114502
-38.455704	425.42651	19.124268
-38.454453	423.86731	19.134033
-38.453857	419.48999	19.143799
-38.452225	418.41776	19.153564
-38.452339	423.60992	19.16333
-38.451832	428.8429	19.173096
-38.450512	427.17426	19.182861
-38.450859	424.13568	19.192627
-38.44931	420.18652	19.202393
-38.447449	421.21313	19.212158
-38.447418	420.07965	19.221924
-38.446301	424.61145	19.231689
-38.446476	427.81168	19.241455
-38.445305	426.98892	19.251221
-38.443871	421.76212	19.260986
-38.441906	416.45624	19.270752
-38.441975	420.10248	19.280518
-38.441833	426.17407	19.290283
-38.440895	427.31769	19.300049
-38.440323	424.51044	19.309814
-38.4389	421.39539	19.31958
-38.437977	420.10654	19.329346
-38.437962	419.51529	19.339111
-38.43652	423.63205	19.348877
-38.435555	425.49768	19.358643
-38.434528	428.76169	19.368408
-38.43327	422.67889	19.378174
-38.433628	416.65918	19.387939
-38.432926	417.45218	19.397705
-38.431725	421.71118	19.407471
-38.43153	425.48035	19.417236
-38.43042	422.88989	19.427002
-38.429054	424.26141	19.436768
-38.428558	421.30835	19.446533
-38.427963	419.04932	19.456299
-38.425545	422.03174	19.466064
-38.425983	420.73495	19.47583
-38.425728	425.3624	19.485596
-38.425484	424.77835	19.495361
-38.423908	421.05365	19.505127
-38.421848	419.41245	19.514893
-38.42355	419.42657	19.524658
-38.420925	422.72086	19.534424
-38.420277	423.05005	19.544189
-38.419182	422.75562	19.553955
-38.420033	423.91925	19.563721
-38.418346	424.18634	19.573486
-38.417164	419.20895	19.583252
-38.415962	419.92685	19.593018
-38.416042	421.51602	19.602783
-38.414627	425.30682	19.612549
-38.416481	423.94913	19.622314
-38.412884	421.30597	19.63208
-38.412506	419.53397	19.641846
-38.411469	418.87454	19.651611
-38.410526	420.04593	19.661377
-38.409626	421.8797	19.671143
-38.409019	423.17081	19.680908
-38.40863	424.2796	19.690674
-38.407463	421.52725	19.700439
-38.407341	416.23651	19.710205
-38.405724	418.064	19.719971
-38.404984	421.50162	19.729736
-38.404495	425.36835	19.739502
-38.403423	423.79352	19.749268
-38.402695	419.36841	19.759033
-38.401375	419.56659	19.768799
-38.40007	419.66983	19.778564
-38.399658	419.40863	19.78833
-38.399696	424.28619	19.798096
-38.398026	425.6315	19.807861
-38.397751	425.26016	19.817627
-38.396458	417.19373	19.827393
-38.396511	414.39069	19.837158
-38.395416	420.22415	19.846924
-38.394737	424.99158	19.856689
-38.392422	425.40735	19.866455
-38.392895	422.36865	19.876221
-38.392075	419.8996	19.885986
-38.390327	418.24084	19.895752
-38.390347	417.75748	19.905518
-38.389801	422.69986	19.915283
-38.388367	425.50687	19.925049
-38.387531	425.65411	19.934814
-38.386452	420.92233	19.94458
-38.386364	415.30957	19.954346
-38.386112	415.71747	19.964111
-38.384903	422.12976	19.973877
-38.38393	424.9252	19.983643
-38.382248	423.77066	19.993408
-38.380955	419.68369	20.003174
-38.381386	417.68109	20.012939


Data Header:			0.254_solid_uprint_typeiv_090_r0			Time:	23.681396	s	4/14/2019 1:09:24 AM
Data Acquisition:	Timed
Station Name:	ft40.cfg
Test File Name:	monotonic_0.2540_typeiv_solid_090_uprint.tst
Displacement	Force	Running Time
mm	N	s
-38.380939	417.74576	20.022705
-38.379906	420.01709	20.032471
-38.378883	421.40121	20.042236
-38.378269	425.34586	20.052002
-38.377998	421.93839	20.061768
-38.376221	418.1572	20.071533
-38.375183	415.97028	20.081299
-38.374714	418.73016	20.091064
-38.373661	422.25604	20.10083
-38.372925	420.94205	20.110596
-38.372864	423.1506	20.120361
-38.372242	419.36224	20.130127
-38.370811	418.59024	20.139893
-38.369804	418.66156	20.149658
-38.369453	416.2551	20.159424
-38.369396	423.577	20.169189
-38.367485	423.34592	20.178955
-38.366047	419.53271	20.188721
-38.36565	420.86948	20.198486
-38.365185	417.34116	20.208252
-38.36446	418.617	20.218018
-38.363243	419.8476	20.227783
-38.361313	419.50415	20.237549
-38.361874	422.32126	20.247314
-38.360973	421.41785	20.25708
-38.359943	419.28406	20.266846
-38.360077	416.55423	20.276611
-38.35907	417.16345	20.286377
-38.358624	423.47943	20.296143
-38.3577	423.70557	20.305908
-38.355038	421.47699	20.315674
-38.354679	418.03677	20.325439
-38.354801	416.91553	20.335205
-38.353394	416.87704	20.344971
-38.352844	419.43423	20.354736
-38.353062	422.60678	20.364502
-38.351173	425.46484	20.374268
-38.349922	420.58038	20.384033
-38.349464	415.25809	20.393799
-38.348503	416.91077	20.403564
-38.348682	417.68906	20.41333
-38.347641	423.59906	20.423096
-38.347366	423.22763	20.432861
-38.346046	416.73093	20.442627
-38.345089	418.05371	20.452393
-38.344856	417.28442	20.462158
-38.343361	415.79745	20.471924
-38.342232	422.75171	20.481689
-38.340603	421.89316	20.491455
-38.341042	423.33347	20.501221
-38.340492	414.49902	20.510986
-38.339325	413.68799	20.520752
-38.338463	415.78088	20.530518
-38.338268	419.64871	20.540283
-38.337173	422.87878	20.550049
-38.336143	420.69092	20.559814
-38.334732	416.61728	20.56958
-38.334393	415.38776	20.579346
-38.332733	413.31332	20.589111
-38.33128	419.09958	20.598877
-38.33176	421.36349	20.608643
-38.330784	420.88086	20.618408
-38.330021	420.94937	20.628174
-38.329651	413.29562	20.637939
-38.329208	412.1601	20.647705
-38.328236	417.99985	20.657471
-38.326649	420.69064	20.667236
-38.326378	421.42499	20.677002
-38.324924	417.94284	20.686768
-38.323631	417.24243	20.696533
-38.322769	414.83231	20.706299
-38.322197	415.45349	20.716064
-38.322159	417.10446	20.72583
-38.320675	422.85919	20.735596
-38.320332	420.90149	20.745361
-38.319645	416.25781	20.755127
-38.318668	413.90848	20.764893
-38.317684	414.65753	20.774658
-38.316433	418.04358	20.784424
-38.31604	418.53519	20.794189
-38.315769	419.19495	20.803955
-38.315063	416.3074	20.813721
-38.314117	417.2753	20.823486
-38.312599	415.01178	20.833252
-38.313202	413.74005	20.843018
-38.31039	418.50418	20.852783
-38.310276	419.33908	20.862549
-38.309818	419.82349	20.872314
-38.309208	417.03754	20.88208
-38.308178	413.4577	20.891846
-38.307903	415.41104	20.901611
-38.306057	417.55371	20.911377
-38.305977	416.08008	20.921143
-38.304176	420.40765	20.930908
-38.304501	419.22186	20.940674
-38.303333	415.41299	20.950439
-38.303082	413.2468	20.960205
-38.30204	413.19684	20.969971
-38.300243	418.37457	20.979736
-38.300373	418.76929	20.989502
-38.299095	418.37921	20.999268
-38.299362	414.79138	21.009033
-38.298027	411.57901	21.018799
-38.296406	412.53534	21.028564
-38.295284	413.46152	21.03833
-38.294968	418.03802	21.048096
-38.293491	419.50586	21.057861
-38.293358	417.57104	21.067627
-38.293304	411.51675	21.077393
-38.291618	409.5314	21.087158
-38.290279	411.23309	21.096924
-38.290852	419.93686	21.106689
-38.289158	419.83282	21.116455
-38.287136	416.64139	21.126221
-38.287693	413.69733	21.135986
-38.286674	412.13065	21.145752
-38.286896	412.58459	21.155518
-38.285675	414.56418	21.165283
-38.28437	418.32785	21.175049
-38.284321	418.45389	21.184814
-38.282845	412.69342	21.19458
-38.281891	406.78674	21.204346
-38.281464	406.69952	21.214111
-38.279827	414.65903	21.223877
-38.279156	417.11823	21.233643
-38.279068	414.38876	21.243408
-38.278049	412.5546	21.253174
-38.276775	410.30304	21.262939
-38.276821	406.3316	21.272705
-38.275597	409.99469	21.282471
-38.275322	411.70679	21.292236
-38.274307	414.2095	21.302002
-38.27351	413.45355	21.311768
-38.272709	406.27151	21.321533
-38.271286	405.93188	21.331299
-38.270519	407.22748	21.341064
-38.269634	408.43741	21.35083
-38.269264	409.72714	21.360596
-38.267876	406.51041	21.370361
-38.266846	403.32443	21.380127
-38.267101	401.05618	21.389893
-38.265602	397.88272	21.399658
-38.264904	398.16455	21.409424
-38.26416	398.95239	21.419189
-38.261086	-83.803154	21.428955
-38.259792	-60.657543	21.438721
-38.258884	-32.46616	21.448486
-38.259632	-31.003338	21.458252
-38.257557	-40.345924	21.468018
-38.258999	-46.158634	21.477783
-38.258896	-39.306496	21.487549
-38.25631	-40.615269	21.497314
-38.254993	-39.013088	21.50708
-38.255577	-43.626774	21.516846
-38.254448	-46.687462	21.526611
-38.254139	-43.707184	21.536377
-38.253075	-38.812363	21.546143
-38.252037	-38.597881	21.555908
-38.250854	-40.38755	21.565674
-38.250919	-44.492561	21.575439
-38.249386	-43.282803	21.585205
-38.249363	-44.482922	21.594971
-38.248177	-41.920807	21.604736
-38.246723	-38.244484	21.614502
-38.247513	-39.610313	21.624268
-38.245903	-40.462452	21.634033
-38.244705	-46.423515	21.643799
-38.244057	-46.828377	21.653564
-38.243412	-43.070557	21.66333
-38.242081	-39.368172	21.673096
-38.24194	-36.724083	21.682861
-38.241051	-42.988117	21.692627
-38.24081	-45.513706	21.702393
-38.239086	-45.056377	21.712158
-38.238926	-45.727116	21.721924
-38.238789	-40.55061	21.731689
-38.235649	-38.012772	21.741455
-38.237057	-39.617233	21.751221
-38.235607	-43.888737	21.760986
-38.234554	-47.593258	21.770752
-38.233902	-46.902512	21.780518
-38.232738	-39.197063	21.790283
-38.23167	-38.591587	21.800049
-38.231209	-41.135563	21.809814
-38.230637	-43.002441	21.81958
-38.230816	-45.17728	21.829346
-38.228401	-46.726639	21.839111
-38.227818	-41.983841	21.848877
-38.227104	-39.107708	21.858643
-38.225941	-37.786602	21.868408
-38.22525	-41.779778	21.878174
-38.224651	-44.661896	21.887939
-38.223934	-46.635159	21.897705
-38.223949	-44.265759	21.907471
-38.222408	-38.052708	21.917236
-38.220219	-40.941105	21.927002
-38.220036	-41.333977	21.936768
-38.219002	-42.304073	21.946533
-38.218811	-44.908024	21.956299
-38.217968	-43.298512	21.966064
-38.217823	-43.791145	21.97583
-38.216171	-37.813862	21.985596
-38.215214	-39.794582	21.995361
-38.215466	-44.512966	22.005127
-38.214878	-44.218437	22.014893
-38.212734	-46.099773	22.024658
-38.212658	-41.317348	22.034424
-38.211662	-41.108593	22.044189
-38.211002	-42.432796	22.053955
-38.210842	-40.431152	22.063721
-38.208878	-42.220688	22.073486
-38.209141	-44.569046	22.083252
-38.207596	-45.435993	22.093018
-38.206665	-44.142918	22.102783
-38.205696	-39.161022	22.112549
-38.205044	-40.697884	22.122314
-38.204723	-43.331394	22.13208
-38.204002	-45.678394	22.141846
-38.202511	-45.576279	22.151611
-38.201958	-43.10746	22.161377
-38.201504	-41.851429	22.171143
-38.19989	-40.634239	22.180908
-38.199791	-40.144966	22.190674
-38.197784	-41.481068	22.200439
-38.197498	-48.481834	22.210205
-38.19677	-45.626633	22.219971
-38.197147	-42.618256	22.229736
-38.194477	-38.888309	22.239502
-38.19508	-39.116096	22.249268
-38.194069	-45.575047	22.259033
-38.193645	-43.855068	22.268799
-38.191853	-45.582409	22.278564
-38.191635	-45.045357	22.28833
-38.190289	-40.035805	22.298096
-38.191044	-39.040047	22.307861
-38.188873	-39.014465	22.317627
-38.188766	-46.38932	22.327393
-38.18692	-49.484051	22.337158
-38.187336	-44.391998	22.346924
-38.18486	-40.595081	22.356689
-38.185154	-38.182087	22.366455
-38.184181	-41.803452	22.376221
-38.183678	-44.330799	22.385986
-38.184204	-44.560638	22.395752
-38.182434	-47.728653	22.405518
-38.181229	-41.627499	22.415283
-38.179989	-39.064548	22.425049
-38.178806	-39.787724	22.434814
-38.178089	-42.443279	22.44458
-38.178932	-49.082188	22.454346
-38.176571	-47.82375	22.464111
-38.175732	-40.144157	22.473877
-38.17514	-39.234455	22.483643
-38.174088	-40.258217	22.493408
-38.173756	-42.287666	22.503174
-38.172516	-44.629883	22.512939
-38.171913	-45.465336	22.522705
-38.170868	-45.040062	22.532471
-38.170418	-42.361229	22.542236
-38.16972	-37.794987	22.552002
-38.168438	-40.91486	22.561768
-38.168221	-44.173519	22.571533
-38.168098	-47.223263	22.581299
-38.167034	-44.343555	22.591064
-38.165085	-41.387058	22.60083
-38.164722	-41.082317	22.610596
-38.16325	-40.133945	22.620361
-38.162418	-43.613277	22.630127
-38.161652	-44.228619	22.639893
-38.16106	-44.91478	22.649658
-38.160652	-45.315266	22.659424
-38.15958	-40.306828	22.669189
-38.160339	-38.365715	22.678955
-38.157372	-42.578007	22.688721
-38.156746	-44.053524	22.698486
-38.156124	-46.839043	22.708252
-38.155022	-43.416706	22.718018
-38.154526	-42.036442	22.727783
-38.154835	-42.805695	22.737549
-38.153175	-40.345825	22.747314
-38.153484	-41.065002	22.75708
-38.152367	-44.639462	22.766846
-38.151497	-46.506561	22.776611
-38.150391	-43.023537	22.786377
-38.148571	-39.638103	22.796143
-38.149975	-39.893192	22.805908
-38.147057	-40.369343	22.815674
-38.147018	-43.726974	22.825439
-38.145679	-44.807442	22.835205
-38.145088	-44.735397	22.844971
-38.144016	-43.874237	22.854736
-38.144039	-41.321041	22.864502
-38.142895	-38.972145	22.874268
-38.143391	-42.435841	22.884033
-38.141346	-47.181389	22.893799
-38.140476	-46.147011	22.903564
-38.13932	-43.264408	22.91333
-38.138691	-39.128029	22.923096
-38.137474	-40.549316	22.932861
-38.136707	-43.877739	22.942627
-38.136162	-44.770508	22.952393
-38.135479	-45.756863	22.962158
-38.134224	-44.435581	22.971924
-38.13464	-40.424484	22.981689
-38.133625	-39.563637	22.991455
-38.131767	-39.309498	23.001221
-38.131577	-46.048122	23.010986
-38.130394	-47.764736	23.020752
-38.12991	-45.812786	23.030518
-38.129372	-40.864319	23.040283
-38.12775	-37.523193	23.050049
-38.127281	-40.804661	23.059814
-38.126034	-43.387177	23.06958
-38.127766	-43.791035	23.079346
-38.125134	-48.041969	23.089111
-38.124786	-40.723816	23.098877
-38.123135	-40.951511	23.108643
-38.122547	-37.486874	23.118408
-38.122517	-39.844822	23.128174
-38.121399	-48.340576	23.137939
-38.121235	-45.730595	23.147705
-38.11911	-42.873985	23.157471
-38.117825	-39.012779	23.167236
-38.118507	-39.419956	23.177002
-38.117134	-41.556286	23.186768
-38.116402	-42.058281	23.196533
-38.113846	-45.495415	23.206299
-38.115204	-45.532387	23.216064
-38.113121	-43.967033	23.22583
-38.112061	-38.829235	23.235596
-38.112083	-38.632725	23.245361
-38.109211	-43.707432	23.255127
-38.110523	-45.863918	23.264893
-38.10899	-44.732437	23.274658
-38.108772	-42.081734	23.284424
-38.108261	-41.598251	23.294189
-38.107319	-39.670631	23.303955
-38.10688	-40.856518	23.313721
-38.104851	-42.40757	23.323486
-38.10434	-44.034397	23.333252
-38.103561	-45.34589	23.343018
-38.10146	-40.572826	23.352783
-38.101688	-40.016422	23.362549
-38.101597	-40.644859	23.372314
-38.101082	-41.382584	23.38208
-38.100189	-45.937225	23.391846
-38.099293	-43.955387	23.401611
-38.098259	-42.447037	23.411377
-38.097557	-44.324001	23.421143
-38.095928	-38.878502	23.430908
-38.095028	-40.458031	23.440674
-38.094131	-42.183529	23.450439
-38.094269	-46.880211	23.460205
-38.093327	-48.386021	23.469971
-38.091644	-40.566975	23.479736
-38.091431	-40.043571	23.489502
-38.090965	-39.598545	23.499268
-38.088306	-44.093048	23.509033
-38.089958	-46.124187	23.518799
-38.089531	-44.751896	23.528564
-38.086407	-45.711929	23.53833
-38.08712	-40.512558	23.548096
-38.08569	-39.055767	23.557861
-38.084393	-39.857178	23.567627
-38.084488	-45.898979	23.577393
-38.08308	-47.424278	23.587158
-38.082306	-45.217983	23.596924
-38.082241	-38.59584	23.606689
-38.080311	-39.73204	23.616455
-38.080223	-42.371399	23.626221
-38.079594	-43.746155	23.635986
-38.079433	-46.178101	23.645752
-38.078648	-46.060646	23.655518
-38.077671	-41.538746	23.665283
-38.076012	-38.08321	23.675049

