MTS793|BTW|ENU|1|2|.|/|:|1|0|0|A

Data Header:			0.254_solid_uprint_typeiv_090_r0			Time:	20.02124	s	4/14/2019 1:04:37 AM
Data Acquisition:	Timed
Station Name:	ft40.cfg
Test File Name:	monotonic_0.2540_typeiv_solid_090_uprint.tst
Displacement	Force	Running Time
mm	N	s
-40.040253	-203.27586	0.022949219
-40.040768	-201.27948	0.032714844
-40.040279	-199.95096	0.042480469
-40.041527	-199.92067	0.052246094
-40.041569	-197.38538	0.062011719
-40.041592	-197.9731	0.071777344
-40.040565	-200.57332	0.081542969
-40.040058	-201.98038	0.091308594
-40.039425	-203.40346	0.10107422
-40.040108	-199.51071	0.11083984
-40.037781	-194.2547	0.12060547
-40.036888	-193.3334	0.13037109
-40.036697	-197.77609	0.14013672
-40.035587	-197.31621	0.14990234
-40.035336	-199.12265	0.15966797
-40.035454	-197.54295	0.16943359
-40.033817	-195.32077	0.17919922
-40.032135	-190.9823	0.18896484
-40.032566	-190.21497	0.19873047
-40.0298	-195.10577	0.20849609
-40.029922	-195.983	0.21826172
-40.029671	-197.95975	0.22802734
-40.028866	-191.31183	0.23779297
-40.027126	-185.32779	0.24755859
-40.026554	-190.78804	0.25732422
-40.025375	-190.98581	0.26708984
-40.025478	-190.66028	0.27685547
-40.024609	-192.49097	0.28662109
-40.023243	-189.51723	0.29638672
-40.023178	-188.06055	0.30615234
-40.020897	-184.37047	0.31591797
-40.0219	-186.41252	0.32568359
-40.020927	-191.13072	0.33544922
-40.019901	-188.68428	0.34521484
-40.018597	-188.34677	0.35498047
-40.018417	-184.32428	0.36474609
-40.016605	-182.4626	0.37451172
-40.016335	-183.63574	0.38427734
-40.016136	-183.67624	0.39404297
-40.015377	-184.14705	0.40380859
-40.013729	-184.71701	0.41357422
-40.013374	-183.99194	0.42333984
-40.012115	-180.15257	0.43310547
-40.009918	-177.50931	0.44287109
-40.01149	-182.29874	0.45263672
-40.008797	-181.08374	0.46240234
-40.009056	-181.86101	0.47216797
-40.007988	-179.57355	0.48193359
-40.007702	-178.88153	0.49169922
-40.00676	-178.35216	0.50146484
-40.006126	-177.10042	0.51123047
-40.00523	-173.98781	0.52099609
-40.00404	-178.38795	0.53076172
-40.003651	-179.14545	0.54052734
-40.0019	-177.38745	0.55029297
-40.001114	-172.69566	0.56005859
-40.000137	-171.95238	0.56982422
-40.000046	-173.02528	0.57958984
-39.999519	-176.77214	0.58935547
-39.998501	-174.30687	0.59912109
-39.99725	-173.51457	0.60888672
-39.996361	-173.30925	0.61865234
-39.995121	-168.66441	0.62841797
-39.994453	-169.99594	0.63818359
-39.993679	-169.49646	0.64794922
-39.995075	-174.8428	0.65771484
-39.992611	-174.98302	0.66748047
-39.990891	-168.6969	0.67724609
-39.990376	-166.567	0.68701172
-39.990593	-164.5797	0.69677734
-39.990028	-168.68414	0.70654297
-39.988876	-169.90517	0.71630859
-39.987526	-168.87907	0.72607422
-39.986897	-169.73711	0.73583984
-39.986736	-164.19586	0.74560547
-39.984859	-162.96895	0.75537109
-39.984276	-160.77092	0.76513672
-39.983589	-166.26012	0.77490234
-39.982582	-171.74863	0.78466797
-39.982128	-167.17865	0.79443359
-39.98246	-161.43419	0.80419922
-39.981209	-158.41588	0.81396484
-39.97897	-160.40759	0.82373047
-39.97839	-162.83417	0.83349609
-39.976749	-164.396	0.84326172
-39.977867	-163.95377	0.85302734
-39.976204	-159.44809	0.86279297
-39.975552	-156.3889	0.87255859
-39.974586	-154.74831	0.88232422
-39.974216	-158.90649	0.89208984
-39.972782	-163.04848	0.90185547
-39.971573	-163.09702	0.91162109
-39.971882	-155.37572	0.92138672
-39.971458	-154.54066	0.93115234
-39.970333	-155.24492	0.94091797
-39.969151	-155.17026	0.95068359
-39.968807	-155.74954	0.96044922
-39.96666	-157.03871	0.97021484
-39.96653	-156.04144	0.97998047
-39.965584	-154.25946	0.98974609
-39.964417	-148.4967	0.99951172
-39.963177	-150.80312	1.0092773
-39.963184	-154.99828	1.019043
-39.962845	-153.5954	1.0288086
-39.961731	-154.63525	1.0385742
-39.961555	-148.20819	1.0483398
-39.960636	-150.84108	1.0581055
-39.960541	-150.50594	1.0678711
-39.95853	-148.22775	1.0776367
-39.957428	-148.98944	1.0874023
-39.957085	-150.16377	1.097168
-39.955902	-151.70183	1.1069336
-39.954502	-147.11728	1.1166992
-39.955002	-143.13182	1.1264648
-39.95409	-146.81894	1.1362305
-39.952557	-145.91917	1.1459961
-39.951916	-146.98804	1.1557617
-39.951469	-146.54572	1.1655273
-39.951263	-145.91173	1.175293
-39.95034	-145.02908	1.1850586
-39.948257	-141.11568	1.1948242
-39.947605	-140.41487	1.2045898
-39.947777	-144.85448	1.2143555
-39.946018	-146.93359	1.2241211
-39.944736	-143.71117	1.2338867
-39.944004	-138.15776	1.2436523
-39.943554	-138.45502	1.253418
-39.942822	-138.4576	1.2631836
-39.943325	-140.52698	1.2729492
-39.941525	-142.55583	1.2827148
-39.940228	-141.50932	1.2924805
-39.939968	-139.672	1.3022461
-39.939041	-137.57999	1.3120117
-39.938099	-133.78006	1.3217773
-39.937508	-135.16013	1.331543
-39.936352	-141.56844	1.3413086
-39.935829	-141.0386	1.3510742
-39.935707	-135.85226	1.3608398
-39.935116	-132.39732	1.3706055
-39.933258	-129.8204	1.3803711
-39.932323	-134.85475	1.3901367
-39.931343	-133.44852	1.3999023
-39.930145	-136.50952	1.409668
-39.930035	-136.82536	1.4194336
-39.929607	-130.6563	1.4291992
-39.927689	-128.80112	1.4389648
-39.92783	-126.95578	1.4487305
-39.926006	-131.81963	1.4584961
-39.926311	-136.6797	1.4682617
-39.924099	-133.42369	1.4780273
-39.924732	-127.01425	1.487793
-39.92347	-125.17321	1.4975586
-39.922134	-126.01337	1.5073242
-39.921188	-128.96753	1.5170898
-39.920654	-128.49571	1.5268555
-39.92017	-130.23967	1.5366211
-39.920357	-127.21095	1.5463867
-39.918388	-123.50734	1.5561523
-39.917465	-121.64001	1.565918
-39.917091	-122.41089	1.5756836
-39.916294	-126.92352	1.5854492
-39.915695	-127.90054	1.5952148
-39.914551	-124.03734	1.6049805
-39.912704	-120.57832	1.6147461
-39.912689	-121.03024	1.6245117
-39.91256	-119.82298	1.6342773
-39.912003	-123.11072	1.644043
-39.910515	-122.67036	1.6538086
-39.909645	-121.9788	1.6635742
-39.910023	-123.0659	1.6733398
-39.907833	-116.21085	1.6831055
-39.908173	-118.71872	1.6928711
-39.9062	-118.4437	1.7026367
-39.906204	-120.50031	1.7124023
-39.905365	-120.85732	1.722168
-39.904457	-114.69212	1.7319336
-39.903828	-116.7713	1.7416992
-39.902439	-114.66023	1.7514648
-39.900627	-112.66706	1.7612305
-39.900066	-114.61214	1.7709961
-39.900394	-114.17777	1.7807617
-39.899132	-117.80913	1.7905273
-39.898701	-114.20168	1.800293
-39.897564	-109.54681	1.8100586
-39.896847	-111.20304	1.8198242
-39.895573	-110.78904	1.8295898
-39.895844	-115.27069	1.8393555
-39.894196	-113.4513	1.8491211
-39.8932	-111.14825	1.8588867
-39.892929	-111.67186	1.8686523
-39.892841	-107.51933	1.878418
-39.890717	-105.42937	1.8881836
-39.889538	-109.21783	1.8979492
-39.890087	-112.39934	1.9077148
-39.889137	-112.13576	1.9174805
-39.887936	-106.98972	1.9272461
-39.886906	-102.95657	1.9370117
-39.886005	-103.59553	1.9467773
-39.885468	-105.43182	1.956543
-39.884987	-106.95873	1.9663086
-39.884113	-107.61088	1.9760742
-39.882927	-107.11721	1.9858398
-39.882359	-103.19875	1.9956055
-39.880783	-99.359871	2.0053711
-39.880272	-100.29662	2.0151367
-39.880413	-105.32513	2.0249023
-39.880737	-105.38216	2.034668
-39.878654	-104.58189	2.0444336
-39.877048	-96.7966	2.0541992
-39.877285	-94.903603	2.0639648
-39.875492	-99.598183	2.0737305
-39.875488	-98.587646	2.0834961
-39.872967	-101.26002	2.0932617
-39.872818	-103.33265	2.1030273
-39.872292	-97.379524	2.112793
-39.871979	-95.105293	2.1225586
-39.871468	-90.458038	2.1323242
-39.869305	-97.049614	2.1420898
-39.869907	-100.91727	2.1518555
-39.868488	-100.2477	2.1616211
-39.866245	-96.801628	2.1713867
-39.867451	-91.077171	2.1811523
-39.866299	-92.319534	2.190918
-39.864769	-92.150513	2.2006836
-39.865105	-92.56826	2.2104492
-39.863216	-96.349304	2.2202148
-39.862675	-92.664871	2.2299805
-39.861416	-90.953796	2.2397461
-39.860882	-87.020302	2.2495117
-39.859245	-89.292725	2.2592773
-39.860428	-92.389732	2.269043
-39.858768	-93.437927	2.2788086
-39.859123	-89.834244	2.2885742
-39.856773	-89.906662	2.2983398
-39.856819	-87.723862	2.3081055
-39.8554	-85.621773	2.3178711
-39.85466	-87.368309	2.3276367
-39.854122	-85.040337	2.3374023
-39.852875	-89.032379	2.347168
-39.85202	-89.352509	2.3569336
-39.850868	-83.989937	2.3666992
-39.851234	-82.004196	2.3764648
-39.84882	-83.609627	2.3862305
-39.848583	-84.025948	2.3959961
-39.848801	-86.447754	2.4057617
-39.847931	-82.627762	2.4155273
-39.847694	-85.70639	2.425293
-39.845028	-81.061417	2.4350586
-39.845432	-79.667885	2.4448242
-39.843586	-78.193756	2.4545898
-39.843433	-80.650375	2.4643555
-39.841385	-85.091209	2.4741211
-39.841278	-81.287506	2.4838867
-39.840744	-76.9935	2.4936523
-39.840427	-76.483986	2.503418
-39.839893	-75.074776	2.5131836
-39.837639	-78.827042	2.5229492
-39.837914	-77.707115	2.5327148
-39.83527	-79.183044	2.5424805
-39.836143	-78.952583	2.5522461
-39.834229	-73.155304	2.5620117
-39.835163	-72.067345	2.5717773
-39.833561	-72.998978	2.581543
-39.832153	-78.313789	2.5913086
-39.831699	-78.730484	2.6010742
-39.831676	-73.353806	2.6108398
-39.830677	-69.309387	2.6206055
-39.828392	-68.522568	2.6303711
-39.828384	-70.539635	2.6401367
-39.82769	-71.931549	2.6499023
-39.8269	-73.357018	2.659668
-39.826813	-74.8386	2.6694336
-39.825661	-70.226639	2.6791992
-39.824753	-64.004738	2.6889648
-39.822346	-63.942932	2.6987305
-39.823238	-69.277962	2.7084961
-39.822582	-71.310951	2.7182617
-39.822235	-71.110123	2.7280273
-39.819859	-66.331154	2.737793
-39.819458	-62.780521	2.7475586
-39.81945	-66.082367	2.7573242
-39.817127	-63.60899	2.7670898
-39.817574	-67.251266	2.7768555
-39.816162	-67.60054	2.7866211
-39.815632	-64.039711	2.7963867
-39.81451	-62.489407	2.8061523
-39.813145	-56.809269	2.815918
-39.81284	-60.860691	2.8256836
-39.812538	-64.512962	2.8354492
-39.812389	-63.922516	2.8452148
-39.80925	-62.742405	2.8549805
-39.810658	-57.215454	2.8647461
-39.808815	-58.656231	2.8745117
-39.808258	-57.148537	2.8842773
-39.807819	-58.020527	2.894043
-39.806011	-60.806992	2.9038086
-39.804901	-57.930599	2.9135742
-39.805355	-58.475018	2.9233398
-39.804337	-54.718132	2.9331055
-39.803215	-51.333317	2.9428711
-39.80312	-57.351128	2.9526367
-39.801476	-56.426147	2.9624023
-39.800983	-55.935455	2.972168
-39.800045	-54.202923	2.9819336
-39.799381	-51.827408	2.9916992
-39.798687	-53.574482	3.0014648
-39.797436	-51.067474	3.0112305
-39.796654	-50.842186	3.0209961
-39.795864	-55.292503	3.0307617
-39.794594	-56.291344	3.0405273
-39.794582	-52.798401	3.050293
-39.795052	-48.295506	3.0600586
-39.792782	-46.589859	3.0698242
-39.791695	-49.313374	3.0795898
-39.790588	-50.109596	3.0893555
-39.79031	-49.690277	3.0991211
-39.790005	-51.333698	3.1088867
-39.788982	-48.284515	3.1186523
-39.785637	-47.056385	3.128418
-39.787514	-43.027248	3.1381836
-39.786327	-45.487751	3.1479492
-39.785343	-51.267082	3.1577148
-39.784374	-47.793304	3.1674805
-39.785011	-43.630604	3.1772461
-39.783333	-42.070671	3.1870117
-39.782211	-40.586445	3.1967773
-39.781368	-43.912518	3.206543
-39.779888	-43.177826	3.2163086
-39.780136	-45.879463	3.2260742
-39.779411	-45.069302	3.2358398
-39.778934	-39.21492	3.2456055
-39.776604	-36.395267	3.2553711
-39.77597	-37.801712	3.2651367
-39.774902	-41.877991	3.2749023
-39.775761	-43.411091	3.284668
-39.774464	-39.494492	3.2944336
-39.772663	-37.22963	3.3041992
-39.772118	-34.539574	3.3139648
-39.772602	-35.215439	3.3237305
-39.771278	-37.526726	3.3334961
-39.769985	-38.40337	3.3432617
-39.769753	-40.626339	3.3530273
-39.768871	-36.205536	3.362793
-39.767677	-31.101427	3.3725586
-39.765568	-31.341053	3.3823242
-39.76619	-35.124401	3.3920898
-39.765987	-37.104946	3.4018555
-39.763802	-36.946499	3.4116211
-39.763451	-30.644079	3.4213867
-39.762547	-30.070375	3.4311523
-39.762493	-28.833668	3.440918
-39.760788	-28.546658	3.4506836
-39.76059	-31.941488	3.4604492
-39.759518	-33.55759	3.4702148
-39.758339	-31.980484	3.4799805
-39.7575	-28.308172	3.4897461
-39.756527	-23.497046	3.4995117
-39.755486	-27.248877	3.5092773
-39.756966	-28.864435	3.519043
-39.753929	-30.557756	3.5288086
-39.754379	-28.767517	3.5385742
-39.75264	-25.494305	3.5483398
-39.752834	-25.317162	3.5581055
-39.751396	-24.247696	3.5678711
-39.751068	-23.21563	3.5776367
-39.749989	-27.116091	3.5874023
-39.749496	-25.244757	3.597168
-39.747955	-25.87289	3.6069336
-39.745842	-21.682165	3.6166992
-39.746052	-18.628891	3.6264648
-39.745564	-23.196602	3.6362305
-39.745197	-21.246735	3.6459961
-39.744232	-22.602203	3.6557617
-39.743282	-21.201559	3.6655273
-39.742523	-20.68177	3.675293
-39.742077	-19.680006	3.6850586
-39.740791	-16.106861	3.6948242
-39.738277	-17.340525	3.7045898
-39.740124	-20.007902	3.7143555
-39.738541	-21.237434	3.7241211
-39.737198	-18.706236	3.7338867
-39.736259	-16.334545	3.7436523
-39.735729	-13.842486	3.753418
-39.735695	-14.577562	3.7631836
-39.734116	-15.105873	3.7729492
-39.733768	-18.259972	3.7827148
-39.733162	-18.668144	3.7924805
-39.732185	-15.439415	3.8022461
-39.731762	-13.116339	3.8120117
-39.730022	-7.404737	3.8217773
-39.729191	-11.628602	3.831543
-39.728203	-16.88904	3.8413086
-39.726997	-14.96615	3.8510742
-39.726849	-12.254236	3.8608398
-39.727001	-8.6227617	3.8706055
-39.724945	-5.7292414	3.8803711
-39.724838	-9.9543076	3.8901367
-39.722992	-8.529933	3.8999023
-39.72327	-11.235177	3.909668
-39.722271	-13.554815	3.9194336
-39.720291	-8.4191675	3.9291992
-39.721428	-3.15874	3.9389648
-39.719292	-1.8818783	3.9487305
-39.71917	-8.876441	3.9584961
-39.717018	-10.130487	3.9682617
-39.716148	-8.3061323	3.9780273
-39.718327	-4.0982175	3.987793
-39.71489	-0.33436176	3.9975586
-39.715164	-3.8877776	4.0073242
-39.714256	-2.3609643	4.0170898
-39.713123	-5.157928	4.0268555
-39.713127	-7.5342283	4.0366211
-39.712341	-3.6572034	4.0463867
-39.710449	2.1720929	4.0561523
-39.708885	3.1996763	4.065918
-39.708744	2.2452536	4.0756836
-39.708221	-4.1152134	4.0854492
-39.706974	-2.8648546	4.0952148
-39.706406	0.15881978	4.1049805
-39.705299	1.0590348	4.1147461
-39.705025	3.4721332	4.1245117
-39.703854	3.1668658	4.1342773
-39.704128	2.5691011	4.144043
-39.702328	0.54319257	4.1538086
-39.702431	0.90155929	4.1635742
-39.701412	3.8397899	4.1733398
-39.700191	8.5611858	4.1831055
-39.698391	7.787158	4.1928711
-39.697796	4.5856781	4.2026367
-39.697544	3.5818326	4.2124023
-39.696308	4.1482267	4.222168
-39.696281	8.9614153	4.2319336
-39.695637	7.2036862	4.2416992
-39.694771	9.0636673	4.2514648
-39.694164	10.426077	4.2612305
-39.692467	8.9463568	4.2709961
-39.692215	8.9327688	4.2807617
-39.690735	5.9407234	4.2905273
-39.690411	11.00955	4.300293
-39.69001	13.831991	4.3100586
-39.688908	12.777324	4.3198242
-39.686974	13.322114	4.3295898
-39.686306	12.52728	4.3393555
-39.686665	12.247055	4.3491211
-39.684715	11.917439	4.3588867
-39.684086	13.479786	4.3686523
-39.683289	17.805489	4.378418
-39.682941	19.05434	4.3881836
-39.682304	15.164495	4.3979492
-39.681389	11.437803	4.4077148
-39.681034	12.66834	4.4174805
-39.681446	18.170303	4.4272461
-39.678921	19.799328	4.4370117
-39.677792	21.787237	4.4467773
-39.676826	20.327749	4.456543
-39.675652	16.892002	4.4663086
-39.676029	16.380381	4.4760742
-39.675583	17.23735	4.4858398
-39.674927	20.072536	4.4956055
-39.672543	26.808483	4.5053711
-39.673298	22.895468	4.5151367
-39.670837	20.481501	4.5249023
-39.669731	17.050947	4.534668
-39.669983	21.265192	4.5444336
-39.66922	24.496485	4.5541992
-39.668171	26.908972	4.5639648
-39.667286	25.652683	4.5737305
-39.666447	25.949524	4.5834961
-39.665943	22.643965	4.5932617
-39.665062	20.804592	4.6030273
-39.663231	25.500458	4.612793
-39.664066	30.205912	4.6225586
-39.661903	31.890146	4.6323242
-39.662102	27.174307	4.6420898
-39.661972	25.416527	4.6518555
-39.661068	23.866463	4.6616211
-39.658646	28.517582	4.6713867
-39.659096	32.648598	4.6811523
-39.657803	32.026737	4.690918
-39.656193	34.504684	4.7006836
-39.656017	30.879698	4.7104492
-39.65501	26.723263	4.7202148
-39.654095	32.170177	4.7299805
-39.654495	34.063034	4.7397461
-39.652351	37.959618	4.7495117
-39.652607	36.674213	4.7592773
-39.650555	31.993826	4.769043
-39.651196	32.630062	4.7788086
-39.649315	33.47139	4.7885742
-39.649006	35.582874	4.7983398
-39.649601	38.596603	4.8081055
-39.648022	38.24371	4.8178711
-39.646389	39.664974	4.8276367
-39.645493	35.252342	4.8374023
-39.645252	34.848839	4.847168
-39.642559	37.225422	4.8569336
-39.642906	41.946125	4.8666992
-39.641571	42.303047	4.8764648
-39.641827	41.052448	4.8862305
-39.64072	40.545967	4.8959961
-39.639359	41.117867	4.9057617
-39.639111	40.570808	4.9155273
-39.638584	40.147285	4.925293
-39.636833	45.486664	4.9350586
-39.637653	44.533756	4.9448242
-39.635094	46.673077	4.9545898
-39.634922	42.602283	4.9643555
-39.633514	40.840679	4.9741211
-39.634262	45.75304	4.9838867
-39.631714	46.939293	4.9936523
-39.631577	47.626827	5.003418
-39.63073	48.236973	5.0131836
-39.62989	47.213703	5.0229492
-39.62896	47.631313	5.0327148
-39.62809	45.394257	5.0424805
-39.626823	48.278412	5.0522461
-39.626923	51.366848	5.0620117
-39.625244	53.893047	5.0717773
-39.624348	51.780739	5.081543
-39.625427	46.624268	5.0913086
-39.623848	46.939133	5.1010742
-39.623245	50.025967	5.1108398
-39.621342	53.245323	5.1206055
-39.620827	57.526016	5.1303711
-39.620121	54.959023	5.1401367
-39.61879	52.592308	5.1499023
-39.617611	50.939907	5.159668
-39.61718	50.303753	5.1694336
-39.617455	54.077667	5.1791992
-39.616589	61.411583	5.1889648
-39.615879	60.450829	5.1987305
-39.615734	56.40715	5.2084961
-39.614014	53.938084	5.2182617
-39.612427	55.807587	5.2280273
-39.612961	58.773327	5.237793
-39.610764	62.365387	5.2475586
-39.6101	63.441978	5.2573242
-39.609684	61.968811	5.2670898
-39.607803	58.1343	5.2768555
-39.607491	55.358013	5.2866211
-39.608414	58.915257	5.2963867
-39.606697	63.504219	5.3061523
-39.604702	66.715065	5.315918
-39.604534	63.390457	5.3256836
-39.604359	60.759686	5.3354492
-39.603745	58.546688	5.3452148
-39.602959	62.179493	5.3549805
-39.601234	64.978531	5.3647461
-39.599655	66.388313	5.3745117
-39.599735	68.57856	5.3842773
-39.598938	67.443794	5.394043
-39.598705	62.282032	5.4038086
-39.597729	65.385979	5.4135742
-39.597179	67.068977	5.4233398
-39.596199	72.3461	5.4331055
-39.595181	71.658516	5.4428711
-39.594444	67.268166	5.4526367
-39.594204	67.548279	5.4624023
-39.592514	67.627907	5.472168
-39.592331	68.905396	5.4819336
-39.591171	69.834282	5.4916992
-39.590889	73.173447	5.5014648
-39.588757	74.773033	5.5112305
-39.588673	70.988663	5.5209961
-39.587242	69.648216	5.5307617
-39.587013	69.740501	5.5405273
-39.585941	73.443245	5.550293
-39.585629	76.54789	5.5600586
-39.584881	75.87809	5.5698242
-39.583336	74.637047	5.5795898
-39.581299	74.870346	5.5893555
-39.582069	74.53643	5.5991211
-39.580997	74.225731	5.6088867
-39.580017	76.575745	5.6186523
-39.580078	78.821182	5.628418
-39.57803	81.511497	5.6381836
-39.579063	76.783096	5.6479492
-39.576633	75.066299	5.6577148
-39.576294	77.802734	5.6674805
-39.575676	79.417267	5.6772461
-39.574295	80.606316	5.6870117
-39.573784	83.446609	5.6967773
-39.57338	81.210419	5.706543
-39.572502	81.204994	5.7163086
-39.571724	78.105255	5.7260742
-39.570721	78.991196	5.7358398
-39.570133	84.806175	5.7456055
-39.569843	88.527893	5.7553711
-39.568085	87.160912	5.7651367
-39.567169	81.601616	5.7749023
-39.566174	81.233154	5.784668
-39.565289	85.369102	5.7944336
-39.564041	83.772141	5.8041992
-39.564156	90.92601	5.8139648
-39.563446	90.432922	5.8237305
-39.562786	88.264999	5.8334961
-39.562607	85.718307	5.8432617
-39.561039	80.933105	5.8530273
-39.561222	88.468575	5.862793
-39.559139	93.367493	5.8725586
-39.558407	93.487282	5.8823242
-39.558414	91.050003	5.8920898
-39.557274	86.586639	5.9018555
-39.55661	88.092598	5.9116211
-39.554924	91.105919	5.9213867
-39.554939	93.094704	5.9311523
-39.553101	97.048813	5.940918
-39.553139	94.3731	5.9506836
-39.551926	92.396713	5.9604492
-39.552044	90.108856	5.9702148
-39.550804	91.018517	5.9799805
-39.54948	97.394623	5.9897461
-39.549023	98.814514	5.9995117
-39.548611	97.234856	6.0092773
-39.546692	96.767487	6.019043
-39.546097	94.180542	6.0288086
-39.545204	95.817169	6.0385742
-39.544395	98.489334	6.0483398
-39.544529	97.743828	6.0581055
-39.542942	102.79282	6.0678711
-39.542309	99.721649	6.0776367
-39.541637	96.369087	6.0874023
-39.540878	98.11055	6.097168
-39.539356	99.138107	6.1069336
-39.537876	105.34088	6.1166992
-39.538094	103.75752	6.1264648
-39.537136	102.2393	6.1362305
-39.537209	100.52377	6.1459961
-39.536167	101.00645	6.1557617
-39.535088	103.0317	6.1655273
-39.534683	103.34278	6.175293
-39.533287	106.06677	6.1850586
-39.532871	108.67259	6.1948242
-39.532444	104.89661	6.2045898
-39.530579	103.48986	6.2143555
-39.530331	104.02855	6.2241211
-39.528843	106.51025	6.2338867
-39.528198	110.7841	6.2436523
-39.528217	108.56866	6.253418
-39.527061	110.11068	6.2631836
-39.524921	109.02876	6.2729492
-39.526215	108.13814	6.2827148
-39.524265	107.40994	6.2924805
-39.523445	108.26601	6.3022461
-39.521866	113.96007	6.3120117
-39.523277	114.95307	6.3217773
-39.522392	113.35384	6.331543
-39.520069	109.40678	6.3413086
-39.518627	109.51587	6.3510742
-39.517948	111.99506	6.3608398
-39.517467	114.48037	6.3706055
-39.517029	115.91679	6.3803711
-39.516392	118.2618	6.3901367
-39.515625	116.54488	6.3999023
-39.514946	110.95007	6.409668
-39.513607	112.45982	6.4194336
-39.511757	115.88851	6.4291992
-39.512535	121.28542	6.4389648
-39.512009	122.2466	6.4487305
-39.510181	114.70768	6.4584961
-39.509861	114.14099	6.4682617
-39.508038	117.36288	6.4780273
-39.508068	117.50397	6.487793
-39.506317	123.72092	6.4975586
-39.505993	121.8759	6.5073242
-39.506325	123.73628	6.5170898
-39.50523	119.49564	6.5268555
-39.504147	115.04785	6.5366211
-39.50251	121.96402	6.5463867
-39.502728	124.9571	6.5561523
-39.500385	129.05212	6.565918
-39.50148	124.51292	6.5756836
-39.500584	120.05946	6.5854492
-39.49968	121.60098	6.5952148
-39.498276	124.21776	6.6049805
-39.499043	126.64695	6.6147461
-39.496071	129.11545	6.6245117
-39.495365	128.58096	6.6342773
-39.493576	128.34352	6.644043
-39.494175	123.56244	6.6538086
-39.494282	123.7712	6.6635742
-39.493019	129.30185	6.6733398
-39.491875	132.4697	6.6831055
-39.491272	131.78362	6.6928711
-39.490238	128.97176	6.7026367
-39.489296	127.84051	6.7124023
-39.488419	131.10313	6.722168
-39.486397	129.79631	6.7319336
-39.486568	132.13922	6.7416992
-39.486599	134.89775	6.7514648
-39.485512	133.09172	6.7612305
-39.48431	133.37105	6.7709961
-39.484982	130.64868	6.7807617
-39.482273	131.5743	6.7905273
-39.483051	137.56479	6.800293
-39.480915	136.13733	6.8100586
-39.480473	137.33936	6.8198242
-39.478973	136.61734	6.8295898
-39.478832	135.79932	6.8393555
-39.478466	136.15367	6.8491211
-39.476398	132.87419	6.8588867
-39.476566	138.68619	6.8686523
-39.476116	141.08194	6.878418
-39.475132	139.67058	6.8881836
-39.47419	139.38719	6.8979492
-39.473103	136.35909	6.9077148
-39.472149	139.26173	6.9174805
-39.472008	139.95316	6.9272461
-39.471756	140.03912	6.9370117
-39.470295	143.35268	6.9467773
-39.469868	144.18681	6.956543
-39.468296	142.64032	6.9663086
-39.467422	138.86717	6.9760742
-39.467865	139.79942	6.9858398
-39.46735	146.49706	6.9956055
-39.465107	148.66106	7.0053711
-39.463383	146.73224	7.0151367
-39.464138	143.13528	7.0249023
-39.463505	143.51419	7.034668
-39.461426	144.69801	7.0444336
-39.461605	147.11417	7.0541992
-39.459637	149.01372	7.0639648
-39.459179	149.63622	7.0737305
-39.458038	148.24709	7.0834961
-39.457993	144.44601	7.0932617
-39.457306	144.69783	7.1030273
-39.456306	148.48073	7.112793
-39.454746	153.41322	7.1225586
-39.454185	154.48865	7.1323242
-39.453587	150.9498	7.1420898
-39.45174	149.52628	7.1518555
-39.452324	149.06529	7.1616211
-39.451492	149.47589	7.1713867
-39.451054	155.53851	7.1811523
-39.449879	156.08156	7.190918
-39.449261	158.80742	7.2006836
-39.448433	152.36102	7.2104492
-39.447361	149.13322	7.2202148
-39.446625	152.53642	7.2299805
-39.445438	156.51807	7.2397461
-39.444057	162.70822	7.2495117
-39.443676	156.91064	7.2592773
-39.443375	154.49335	7.269043
-39.442528	156.01244	7.2788086
-39.441093	154.56512	7.2885742
-39.44075	159.72572	7.2983398
-39.440685	160.32596	7.3081055
-39.438133	163.77702	7.3178711
-39.437412	161.35156	7.3276367
-39.437351	156.16595	7.3374023
-39.436195	158.88145	7.347168
-39.434875	160.43376	7.3569336
-39.43412	163.54999	7.3666992
-39.43383	165.69463	7.3764648
-39.432896	161.5701	7.3862305
-39.431808	162.31728	7.3959961
-39.431881	161.18141	7.4057617
-39.430923	160.77557	7.4155273
-39.429512	164.12668	7.425293
-39.429443	166.74686	7.4350586
-39.428131	169.53436	7.4448242
-39.427532	167.34583	7.4545898
-39.426342	163.08838	7.4643555
-39.425983	163.30415	7.4741211
-39.424881	166.55231	7.4838867
-39.424816	167.88951	7.4936523
-39.423824	169.19415	7.503418
-39.422962	168.74408	7.5131836
-39.421307	169.92999	7.5229492
-39.421749	168.63431	7.5327148
-39.420403	166.53612	7.5424805
-39.419483	169.10802	7.5522461
-39.418266	173.02664	7.5620117
-39.41732	175.04616	7.5717773
-39.416851	173.59741	7.581543
-39.414948	168.64418	7.5913086
-39.416248	171.76378	7.6010742
-39.414539	172.6701	7.6108398
-39.413532	173.26096	7.6206055
-39.412357	176.97255	7.6303711
-39.411449	175.95102	7.6401367
-39.41119	175.60753	7.6499023
-39.411217	169.98236	7.659668
-39.409939	170.60132	7.6694336
-39.408897	177.48743	7.6791992
-39.408276	181.12434	7.6889648
-39.406345	180.14636	7.6987305
-39.406437	177.16251	7.7084961
-39.405045	174.92149	7.7182617
-39.404499	176.50565	7.7280273
-39.40332	178.66226	7.737793
-39.402882	183.80577	7.7475586
-39.402721	184.3299	7.7573242
-39.401443	183.67078	7.7670898
-39.401485	178.96611	7.7768555
-39.400684	174.57465	7.7866211
-39.398235	179.84149	7.7963867
-39.398613	186.3381	7.8061523
-39.397411	186.80147	7.815918
-39.397182	185.19801	7.8256836
-39.396297	181.71365	7.8354492
-39.394611	180.5954	7.8452148
-39.393185	183.53542	7.8549805
-39.393551	186.54283	7.8647461
-39.392056	187.34087	7.8745117
-39.392216	190.15955	7.8842773
-39.391148	185.12355	7.894043
-39.390751	183.37119	7.9038086
-39.390129	183.89449	7.9135742
-39.388821	188.75272	7.9233398
-39.387524	193.68843	7.9331055
-39.386833	190.54764	7.9428711
-39.386116	189.12566	7.9526367
-39.384636	187.48047	7.9624023
-39.384293	187.38161	7.972168
-39.383751	192.04756	7.9819336
-39.383255	191.30937	7.9916992
-39.382748	194.98122	8.0014648
-39.380653	194.49487	8.0112305
-39.380577	189.24362	8.0209961
-39.379662	190.54233	8.0307617
-39.378693	191.88698	8.0405273
-39.378025	195.96756	8.050293
-39.376846	196.94313	8.0600586
-39.376637	195.32304	8.0698242
-39.375095	195.6433	8.0795898
-39.37439	193.92706	8.0893555
-39.372971	192.8868	8.0991211
-39.372917	194.67476	8.1088867
-39.372677	199.4955	8.1186523
-39.371616	201.97141	8.128418
-39.370296	199.27338	8.1381836
-39.370117	195.53697	8.1479492
-39.368755	195.01703	8.1577148
-39.368771	196.77531	8.1674805
-39.368126	200.08868	8.1772461
-39.366421	201.6459	8.1870117
-39.365967	202.97401	8.1967773
-39.364956	202.26555	8.206543
-39.362942	201.21616	8.2163086
-39.362797	198.23039	8.2260742
-39.363029	199.71977	8.2358398
-39.360554	203.93222	8.2456055
-39.361546	206.48383	8.2553711
-39.359882	206.51437	8.2651367
-39.359169	200.88919	8.2749023
-39.358604	203.25775	8.284668
-39.357811	201.9494	8.2944336
-39.356125	205.43935	8.3041992
-39.357079	208.8661	8.3139648
-39.354637	209.5363	8.3237305
-39.35371	209.45067	8.3334961
-39.354309	204.2373	8.3432617
-39.352707	202.52252	8.3530273
-39.352261	208.07301	8.362793
-39.350178	212.35286	8.3725586
-39.350235	213.58334	8.3823242
-39.350338	209.87367	8.3920898
-39.349014	208.59828	8.4018555
-39.348164	209.00578	8.4116211
-39.346821	205.36188	8.4213867
-39.345257	215.2314	8.4311523
-39.345753	215.07118	8.440918
-39.345051	217.08311	8.4506836
-39.343647	212.76375	8.4604492
-39.343662	206.69516	8.4702148
-39.342083	210.07669	8.4799805
-39.340225	216.6348	8.4897461
-39.339653	218.77968	8.4995117
-39.34034	218.33495	8.5092773
-39.338985	214.51073	8.519043
-39.337677	214.08142	8.5288086
-39.337231	212.82234	8.5385742
-39.336926	215.82085	8.5483398
-39.334877	220.78656	8.5581055
-39.335682	222.47946	8.5678711
-39.333065	218.97157	8.5776367
-39.333832	214.87999	8.5874023
-39.332993	215.32907	8.597168
-39.331909	219.63344	8.6069336
-39.331284	222.75967	8.6166992
-39.330421	221.67757	8.6264648
-39.329124	222.10881	8.6362305
-39.328625	219.88707	8.6459961
-39.32769	220.64432	8.6557617
-39.325863	220.69615	8.6655273
-39.325214	221.34845	8.675293
-39.325161	226.01413	8.6850586
-39.32457	227.40985	8.6948242
-39.323593	224.40334	8.7045898
-39.323799	223.03397	8.7143555
-39.321106	221.89568	8.7241211
-39.320827	226.75699	8.7338867
-39.319893	227.68489	8.7436523
-39.318748	226.07266	8.753418
-39.319401	227.50278	8.7631836
-39.318165	227.60565	8.7729492
-39.317654	225.99611	8.7827148
-39.316521	223.37276	8.7924805
-39.315964	229.33797	8.8022461
-39.315437	233.24541	8.8120117
-39.314182	230.74335	8.8217773
-39.312492	230.84729	8.831543
-39.311752	228.20976	8.8413086
-39.310825	228.78047	8.8510742
-39.310001	230.5728	8.8608398
-39.30817	230.5502	8.8706055
-39.308414	234.54373	8.8803711
-39.308216	237.19522	8.8901367
-39.307228	233.40749	8.8999023
-39.306908	229.26089	8.909668
-39.305229	231.05568	8.9194336
-39.304043	235.98021	8.9291992
-39.303219	238.90822	8.9389648
-39.30328	238.41293	8.9487305
-39.302925	234.75523	8.9584961
-39.300056	235.60295	8.9682617
-39.300163	233.32678	8.9780273
-39.300179	236.69109	8.987793
-39.298599	239.62082	8.9975586
-39.298603	241.36433	9.0073242
-39.296665	242.7234	9.0170898
-39.297127	234.98695	9.0268555
-39.295624	234.24738	9.0366211
-39.294609	238.63713	9.0463867
-39.293777	241.68394	9.0561523
-39.294094	245.94722	9.065918
-39.29385	242.062	9.0756836
-39.292622	242.23602	9.0854492
-39.289833	239.63542	9.0952148
-39.290974	237.84088	9.1049805
-39.289795	244.40926	9.1147461
-39.287891	245.56335	9.1245117
-39.28738	247.8239	9.1342773
-39.287006	244.36691	9.144043
-39.2869	239.54573	9.1538086
-39.285984	240.73793	9.1635742
-39.284508	246.84918	9.1733398
-39.284008	248.55405	9.1831055
-39.282715	248.3905	9.1928711
-39.281963	247.41127	9.2026367
-39.281906	246.64409	9.2124023
-39.279675	243.14922	9.222168
-39.279598	246.63379	9.2319336
-39.27808	249.93675	9.2416992
-39.278366	253.50473	9.2514648
-39.277351	251.87984	9.2612305
-39.276875	248.1344	9.2709961
-39.274418	245.51569	9.2807617
-39.2756	250.08875	9.2905273
-39.273922	254.14297	9.300293
-39.27264	253.42587	9.3100586
-39.271835	254.04555	9.3198242
-39.270813	254.34813	9.3295898
-39.270027	252.93517	9.3393555
-39.269711	252.47079	9.3491211
-39.269249	251.42329	9.3588867
-39.267715	257.13663	9.3686523
-39.266987	255.69591	9.378418
-39.266487	256.27408	9.3881836
-39.264965	254.13989	9.3979492
-39.265137	253.67448	9.4077148
-39.264099	256.2215	9.4174805
-39.264019	255.49501	9.4272461
-39.262993	258.73822	9.4370117
-39.261131	261.10904	9.4467773
-39.260994	259.83368	9.456543
-39.259933	259.97675	9.4663086
-39.258961	254.79877	9.4760742
-39.258507	258.82855	9.4858398
-39.258324	263.60806	9.4956055
-39.25703	262.02155	9.5053711
-39.256279	262.58737	9.5151367
-39.254791	260.52045	9.5249023
-39.254185	260.13507	9.534668
-39.253757	260.00406	9.5444336
-39.252251	261.91214	9.5541992
-39.251904	267.32907	9.5639648
-39.249729	269.01831	9.5737305
-39.249916	263.85983	9.5834961
-39.249603	261.17691	9.5932617
-39.248123	260.21387	9.6030273
-39.24823	265.38284	9.612793
-39.247353	269.08472	9.6225586
-39.246265	269.19974	9.6323242
-39.245548	266.87323	9.6420898
-39.243458	265.09003	9.6518555
-39.24292	264.60159	9.6616211
-39.24305	265.52359	9.6713867
-39.241241	268.52704	9.6811523
-39.239784	273.99881	9.690918
-39.239986	272.35223	9.7006836
-39.239799	267.04602	9.7104492
-39.23914	265.99234	9.7202148
-39.238461	266.34729	9.7299805
-39.237171	272.60349	9.7397461
-39.236691	275.66995	9.7495117
-39.23595	271.60208	9.7592773
-39.233822	273.0809	9.769043
-39.232895	271.5575	9.7788086
-39.233009	268.62314	9.7885742
-39.232323	274.7041	9.7983398
-39.231823	274.80649	9.8081055
-39.230442	280.23785	9.8178711
-39.228844	276.60699	9.8276367
-39.228481	271.09042	9.8374023
-39.227776	272.38986	9.847168
-39.227528	272.83469	9.8569336
-39.226246	278.88528	9.8666992
-39.225983	279.45224	9.8764648
-39.224907	277.77182	9.8862305
-39.223522	279.08215	9.8959961
-39.223087	273.20782	9.9057617
-39.22295	277.00174	9.9155273
-39.220825	279.99231	9.925293
-39.220985	283.13831	9.9350586
-39.220844	284.33939	9.9448242
-39.219173	278.54037	9.9545898
-39.21804	276.35919	9.9643555
-39.216896	279.55148	9.9741211
-39.216579	280.79126	9.9838867
-39.216442	283.16412	9.9936523
-39.214897	285.13132	10.003418
-39.21447	284.20605	10.013184
-39.213539	284.05609	10.022949
-39.212666	280.12213	10.032715
-39.211834	280.9711	10.04248
-39.211967	286.40616	10.052246
-39.210461	288.03561	10.062012
-39.209888	287.38257	10.071777
-39.207932	285.77856	10.081543
-39.207825	284.14124	10.091309
-39.207043	286.73947	10.101074
-39.205841	284.59479	10.11084
-39.205608	289.97452	10.120605
-39.204842	290.55103	10.130371
-39.203136	293.15457	10.140137
-39.203434	289.23343	10.149902
-39.2024	284.04272	10.159668
-39.201828	288.85419	10.169434
-39.200859	292.26733	10.179199
-39.198757	290.61707	10.188965
-39.200153	294.72861	10.19873
-39.198017	291.38364	10.208496
-39.196785	289.84491	10.218262
-39.196411	289.4892	10.228027
-39.196751	288.15338	10.237793
-39.195206	295.1507	10.247559
-39.193924	297.70905	10.257324
-39.192894	296.1423	10.26709
-39.19186	293.23428	10.276855
-39.19136	288.58102	10.286621
-39.190334	294.17719	10.296387
-39.190632	298.19589	10.306152
-39.190121	300.72925	10.315918
-39.188728	298.88147	10.325684
-39.187466	296.37286	10.335449
-39.186493	295.02933	10.345215
-39.185833	292.84036	10.35498
-39.184288	297.03983	10.364746
-39.184261	303.51767	10.374512
-39.183075	303.44382	10.384277
-39.182686	298.53317	10.394043
-39.182133	295.95184	10.403809
-39.181049	297.15295	10.413574
-39.180435	300.96909	10.42334
-39.179092	303.13171	10.433105
-39.178497	302.9364	10.442871
-39.176773	304.39435	10.452637
-39.177868	300.56055	10.462402
-39.175388	297.76041	10.472168
-39.175148	302.00015	10.481934
-39.174026	303.54422	10.491699
-39.173515	310.87021	10.501465
-39.173035	306.23578	10.51123
-39.171387	302.89606	10.520996
-39.171177	301.81018	10.530762
-39.170784	304.13327	10.540527
-39.168839	308.06097	10.550293
-39.169559	307.41119	10.560059
-39.167168	309.6987	10.569824
-39.167484	308.67352	10.57959
-39.165997	303.77435	10.589355
-39.165241	307.19919	10.599121
-39.164909	306.29184	10.608887
-39.163826	311.33847	10.618652
-39.161922	314.86813	10.628418
-39.162193	309.0325	10.638184
-39.161797	310.22491	10.647949
-39.160866	309.55902	10.657715
-39.159561	311.38724	10.66748
-39.159153	311.09534	10.677246
-39.159912	312.51083	10.687012
-39.156155	315.689	10.696777
-39.157734	314.20377	10.706543
-39.155972	311.27982	10.716309
-39.154736	311.63303	10.726074
-39.154385	313.93399	10.73584
-39.153431	315.92722	10.745605
-39.15229	315.58572	10.755371
-39.152161	315.83578	10.765137
-39.149609	315.89642	10.774902
-39.150501	313.86771	10.784668
-39.148457	312.68976	10.794434
-39.149467	316.26917	10.804199
-39.14798	319.58319	10.813965
-39.146133	321.37042	10.82373
-39.145691	318.05344	10.833496
-39.145573	313.94418	10.843262
-39.144154	315.37067	10.853027
-39.142929	318.96957	10.862793
-39.142307	321.43533	10.872559
-39.142639	323.77319	10.882324
-39.139618	321.72205	10.89209
-39.1404	321.68811	10.901855
-39.139622	318.45886	10.911621
-39.138931	318.36417	10.921387
-39.138103	322.9848	10.931152
-39.135956	327.05325	10.940918
-39.135719	327.33813	10.950684
-39.135574	320.74246	10.960449
-39.134174	319.0654	10.970215
-39.13446	322.69421	10.97998
-39.132774	324.32635	10.989746
-39.132668	328.18253	10.999512
-39.131485	327.07043	11.009277
-39.131687	325.05493	11.019043
-39.130203	324.26016	11.028809
-39.130177	321.24133	11.038574
-39.127796	326.45706	11.04834
-39.127651	330.33569	11.058105
-39.126793	332.5358	11.067871
-39.125496	329.47437	11.077637
-39.124489	326.09381	11.087402
-39.123772	324.33353	11.097168
-39.122116	329.74725	11.106934
-39.122032	331.16318	11.116699
-39.121613	331.25415	11.126465
-39.120132	332.86414	11.13623
-39.118923	330.52133	11.145996
-39.119228	326.10538	11.155762
-39.118073	328.53696	11.165527
-39.118404	330.7764	11.175293
-39.116779	337.87753	11.185059
-39.11578	334.6481	11.194824
-39.11512	331.87433	11.20459
-39.113998	329.83929	11.214355
-39.113403	333.2655	11.224121
-39.112873	336.67432	11.233887
-39.111603	335.49704	11.243652
-39.111755	337.44022	11.253418
-39.110195	338.24881	11.263184
-39.109108	333.03058	11.272949
-39.108086	335.58029	11.282715
-39.107929	333.608	11.29248
-39.10717	339.98267	11.302246
-39.106087	340.25806	11.312012
-39.106415	337.24658	11.321777
-39.104874	336.91138	11.331543
-39.103775	336.29037	11.341309
-39.102348	337.64017	11.351074
-39.10223	338.5791	11.36084
-39.101269	339.63724	11.370605
-39.101273	342.93338	11.380371
-39.099865	342.61359	11.390137
-39.099205	340.38162	11.399902
-39.098923	338.47778	11.409668
-39.096962	339.62665	11.419434
-39.096615	342.99634	11.429199
-39.095749	344.17154	11.438965
-39.093754	345.09747	11.44873
-39.093784	344.12836	11.458496
-39.093319	342.67365	11.468262
-39.091934	341.06317	11.478027
-39.09227	342.71417	11.487793
-39.091461	344.73492	11.497559
-39.090858	350.57245	11.507324
-39.089111	346.98935	11.51709
-39.089062	342.12299	11.526855
-39.088326	341.51605	11.536621
-39.087368	344.71204	11.546387
-39.086369	346.38574	11.556152
-39.085346	351.6077	11.565918
-39.084129	351.513	11.575684
-39.083271	348.95627	11.585449
-39.083336	343.20596	11.595215
-39.083038	345.72946	11.60498
-39.080284	347.72134	11.614746
-39.080196	354.68698	11.624512
-39.079365	354.97861	11.634277
-39.079239	348.30893	11.644043
-39.076698	346.51727	11.653809
-39.076942	348.98978	11.663574
-39.076206	350.52795	11.67334
-39.075932	355.24152	11.683105
-39.074612	355.09579	11.692871
-39.07375	354.95685	11.702637
-39.073029	351.52118	11.712402
-39.071945	346.64856	11.722168
-39.070717	352.20499	11.731934
-39.070511	355.47293	11.741699
-39.070396	359.14386	11.751465
-39.067947	357.49454	11.76123
-39.068485	352.21918	11.770996
-39.067844	352.92038	11.780762
-39.067604	353.96567	11.790527
-39.065773	356.20767	11.800293
-39.064716	356.97766	11.810059
-39.064224	360.04074	11.819824
-39.065067	359.32056	11.82959
-39.061939	354.2915	11.839355
-39.060551	355.04135	11.849121
-39.061489	358.48538	11.858887
-39.05975	362.6875	11.868652
-39.058235	363.30338	11.878418
-39.058388	361.68021	11.888184
-39.056953	359.13892	11.897949
-39.056156	360.95981	11.907715
-39.056149	360.44629	11.91748
-39.054535	361.63953	11.927246
-39.055302	366.28821	11.937012
-39.053932	363.65805	11.946777
-39.053154	360.62418	11.956543
-39.051319	361.19128	11.966309
-39.050751	359.12366	11.976074
-39.049965	364.1597	11.98584
-39.049824	366.13086	11.995605
-39.04882	365.3046	12.005371
-39.04784	367.78683	12.015137
-39.04657	365.21103	12.024902
-39.046532	364.89355	12.034668
-39.0453	362.96658	12.044434
-39.043995	367.21695	12.054199
-39.043003	371.04828	12.063965
-39.042271	371.05893	12.07373
-39.040558	369.58438	12.083496
-39.04097	362.95929	12.093262
-39.040325	364.12299	12.103027
-39.038197	369.07211	12.112793
-39.039852	369.68576	12.122559
-39.038776	372.4418	12.132324
-39.037514	372.46796	12.14209
-39.036247	368.5675	12.151855
-39.0345	366.55429	12.161621
-39.034153	366.5437	12.171387
-39.032978	371.99509	12.181152
-39.03199	377.61453	12.190918
-39.032425	374.31049	12.200684
-39.031174	370.02789	12.210449
-39.030163	368.5546	12.220215
-39.029907	371.09439	12.22998
-39.028561	373.58145	12.239746
-39.028732	377.26254	12.249512
-39.02758	378.36499	12.259277
-39.025852	378.15909	12.269043
-39.026608	372.4577	12.278809
-39.024658	368.82867	12.288574
-39.022812	373.00735	12.29834
-39.02253	380.11035	12.308105
-39.022659	381.23575	12.317871
-39.021717	377.73367	12.327637
-39.021576	375.75085	12.337402
-39.019489	373.86072	12.347168
-39.019527	376.49567	12.356934
-39.018154	381.20108	12.366699
-39.017391	379.74536	12.376465
-39.017479	380.24521	12.38623
-39.015541	379.52856	12.395996
-39.013645	374.12958	12.405762
-39.014576	377.11353	12.415527
-39.013676	381.44653	12.425293
-39.012985	384.46259	12.435059
-39.011684	383.284	12.444824
-39.010788	378.99915	12.45459
-39.008339	380.07187	12.464355
-39.008465	380.09854	12.474121
-39.009617	380.08005	12.483887
-39.007618	382.92194	12.493652
-39.006077	386.95984	12.503418
-39.005531	385.73688	12.513184
-39.006161	380.07819	12.522949
-39.004742	379.50458	12.532715
-39.003693	383.69125	12.54248
-39.003304	385.05185	12.552246
-39.00124	388.7626	12.562012
-39.00032	386.66779	12.571777
-39.001362	384.06488	12.581543
-38.999603	385.38614	12.591309
-38.998886	384.25793	12.601074
-38.998367	385.38638	12.61084
-38.997581	387.14435	12.620605
-38.995365	390.67728	12.630371
-38.99522	389.33368	12.640137
-38.995167	386.32465	12.649902
-38.994297	384.0318	12.659668
-38.993793	388.76233	12.669434
-38.993229	390.12097	12.679199
-38.991325	391.08365	12.688965
-38.990238	391.71951	12.69873
-38.989891	390.25565	12.708496
-38.988914	390.17093	12.718262
-38.988628	385.33871	12.728027
-38.988323	388.04968	12.737793
-38.986393	395.63126	12.747559
-38.985863	394.34418	12.757324
-38.984196	394.67188	12.76709
-38.984108	387.24548	12.776855
-38.983315	390.8533	12.786621
-38.981926	391.20343	12.796387
-38.982044	391.43619	12.806152
-38.980633	397.16766	12.815918
-38.979725	397.12604	12.825684
-38.979225	395.02396	12.835449
-38.978668	392.07602	12.845215
-38.97921	389.09293	12.85498
-38.977982	395.79779	12.864746
-38.975304	400.97598	12.874512
-38.975227	399.04922	12.884277
-38.9739	396.59381	12.894043
-38.973572	393.13177	12.903809
-38.974232	394.70639	12.913574
-38.971714	395.43649	12.92334
-38.972107	400.33502	12.933105
-38.970844	401.68167	12.942871
-38.968864	400.78519	12.952637
-38.968964	395.73868	12.962402
-38.968296	393.10452	12.972168
-38.965683	395.64017	12.981934
-38.96611	403.37524	12.991699
-38.964218	403.75455	13.001465
-38.964771	401.48752	13.01123
-38.964329	399.24677	13.020996
-38.964199	397.18088	13.030762
-38.96265	398.12112	13.040527
-38.960331	401.6868	13.050293
-38.959282	402.96362	13.060059
-38.959354	406.70502	13.069824
-38.958282	403.13205	13.07959
-38.957577	398.32199	13.089355
-38.957191	399.28549	13.099121
-38.95649	402.18652	13.108887
-38.956448	407.75772	13.118652
-38.955559	406.90994	13.128418
-38.955353	404.14719	13.138184
-38.953037	403.81931	13.147949
-38.952736	401.81854	13.157715
-38.95155	403.75665	13.16748
-38.951427	405.31693	13.177246
-38.950871	408.3082	13.187012
-38.949497	411.55685	13.196777
-38.948978	403.90054	13.206543
-38.94788	404.47995	13.216309
-38.946728	404.3139	13.226074
-38.945671	409.48257	13.23584
-38.945835	409.85724	13.245605
-38.943722	409.16882	13.255371
-38.9436	408.53876	13.265137
-38.942471	409.83313	13.274902
-38.941605	406.00903	13.284668
-38.939545	406.07516	13.294434
-38.94006	408.16025	13.304199
-38.939705	413.60944	13.313965
-38.937767	413.14639	13.32373
-38.937649	410.13889	13.333496
-38.937675	408.57858	13.343262
-38.936565	408.32446	13.353027
-38.935097	410.03998	13.362793
-38.934288	412.79196	13.372559
-38.93277	414.07278	13.382324
-38.932602	414.36203	13.39209
-38.930996	412.38513	13.401855
-38.930485	407.51547	13.411621
-38.931763	409.39529	13.421387
-38.92802	413.92639	13.431152
-38.928585	418.60654	13.440918
-38.92778	418.43536	13.450684
-38.926666	411.29785	13.460449
-38.925865	410.41064	13.470215
-38.925442	411.43481	13.47998
-38.924866	413.1203	13.489746
-38.923286	418.96796	13.499512
-38.92342	418.67389	13.509277
-38.921738	417.47385	13.519043
-38.921619	412.04941	13.528809
-38.919697	409.96838	13.538574
-38.919384	414.69312	13.54834
-38.91811	420.35681	13.558105
-38.918346	422.246	13.567871
-38.917171	417.52753	13.577637
-38.917786	413.3107	13.587402
-38.915749	414.79425	13.597168
-38.914677	413.29922	13.606934
-38.914749	420.48126	13.616699
-38.91404	423.40549	13.626465
-38.913414	421.59964	13.63623
-38.912766	418.19363	13.645996
-38.911472	413.633	13.655762
-38.910576	414.58337	13.665527
-38.909599	422.15683	13.675293
-38.908806	424.63675	13.685059
-38.907864	424.13486	13.694824
-38.905693	418.65155	13.70459
-38.906284	417.14215	13.714355
-38.905266	419.65356	13.724121
-38.904377	419.70657	13.733887
-38.903549	422.63641	13.743652
-38.903248	426.37436	13.753418
-38.902199	423.90738	13.763184
-38.901657	419.55673	13.772949
-38.900627	420.26035	13.782715
-38.899227	422.46973	13.79248
-38.898956	426.92126	13.802246
-38.897957	424.43661	13.812012
-38.896954	426.03967	13.821777
-38.895088	424.29678	13.831543
-38.895393	422.66376	13.841309
-38.893692	422.62949	13.851074
-38.893143	421.2131	13.86084
-38.892365	426.97171	13.870605
-38.891537	428.33466	13.880371
-38.890907	424.16367	13.890137
-38.89114	425.43625	13.899902
-38.889381	421.01749	13.909668
-38.888412	426.802	13.919434
-38.888763	426.62048	13.929199
-38.888439	428.43182	13.938965
-38.886524	429.77139	13.94873
-38.886066	429.72183	13.958496
-38.884758	425.56076	13.968262
-38.883427	425.26932	13.978027
-38.88385	426.47836	13.987793
-38.881329	431.44461	13.997559
-38.881615	431.25418	14.007324
-38.880749	429.08261	14.01709
-38.880207	426.28265	14.026855
-38.879444	426.98691	14.036621
-38.878395	428.61111	14.046387
-38.878185	429.70554	14.056152
-38.877113	431.66205	14.065918
-38.875793	434.36212	14.075684
-38.875057	430.88596	14.085449
-38.874184	426.57376	14.095215
-38.87328	425.77646	14.10498
-38.872581	430.01071	14.114746
-38.871559	436.53391	14.124512
-38.870514	435.8942	14.134277
-38.870453	431.80115	14.144043
-38.869316	431.44601	14.153809
-38.869312	429.05859	14.163574
-38.868374	428.60529	14.17334
-38.86705	435.02429	14.183105
-38.86655	435.68121	14.192871
-38.86562	436.31445	14.202637
-38.863651	430.63425	14.212402
-38.865181	426.54254	14.222168
-38.863197	430.74869	14.231934
-38.861633	434.19577	14.241699
-38.861084	438.37122	14.251465
-38.860416	434.38791	14.26123
-38.860172	431.96344	14.270996
-38.8573	432.0697	14.280762
-38.859177	428.86862	14.290527
-38.85775	435.27872	14.300293
-38.857601	437.61664	14.310059
-38.855804	438.03192	14.319824
-38.854916	436.15729	14.32959
-38.854126	429.81827	14.339355
-38.853271	431.74496	14.349121
-38.851315	436.55164	14.358887
-38.850956	437.19455	14.368652
-38.850307	437.50922	14.378418
-38.850468	436.5531	14.388184
-38.85006	435.39719	14.397949
-38.848423	433.58511	14.407715
-38.847488	434.13522	14.41748
-38.846954	437.09671	14.427246
-38.845917	441.17081	14.437012
-38.844887	439.9433	14.446777
-38.844276	435.78882	14.456543
-38.842617	433.49789	14.466309
-38.842937	435.34064	14.476074
-38.842743	439.74979	14.48584
-38.841228	438.27148	14.495605
-38.840958	441.6738	14.505371
-38.838623	437.85281	14.515137
-38.839516	437.3508	14.524902
-38.837219	435.82425	14.534668
-38.83675	435.01837	14.544434
-38.836842	440.41675	14.554199
-38.834995	441.1691	14.563965
-38.83297	440.08719	14.57373
-38.834885	438.45139	14.583496
-38.833038	435.53058	14.593262
-38.832172	437.6727	14.603027
-38.83094	440.15726	14.612793
-38.830471	438.47894	14.622559
-38.830849	442.49832	14.632324
-38.828285	442.97568	14.64209
-38.828018	439.06332	14.651855
-38.827301	436.33243	14.661621
-38.827084	436.90485	14.671387
-38.825024	442.01068	14.681152
-38.82465	444.43747	14.690918
-38.824013	444.40405	14.700684
-38.822948	440.07034	14.710449
-38.821896	437.04166	14.720215
-38.821255	439.16531	14.72998
-38.820904	439.00009	14.739746
-38.820408	443.95547	14.749512
-38.81897	446.19525	14.759277
-38.818279	444.60922	14.769043
-38.817352	439.2756	14.778809
-38.815845	435.64038	14.788574
-38.815975	440.44272	14.79834
-38.814701	445.68051	14.808105
-38.81361	446.84177	14.817871
-38.813999	441.56689	14.827637
-38.812134	440.85086	14.837402
-38.811165	438.79916	14.847168
-38.811016	439.09235	14.856934
-38.810078	443.31018	14.866699
-38.808685	446.9429	14.876465
-38.808006	447.07867	14.88623
-38.807816	442.07516	14.895996
-38.806244	436.75836	14.905762
-38.805725	438.94803	14.915527
-38.805779	444.12665	14.925293
-38.804802	448.48163	14.935059
-38.803749	445.20837	14.944824
-38.80262	444.14093	14.95459
-38.801876	441.71445	14.964355
-38.800922	438.28137	14.974121
-38.799747	443.36935	14.983887
-38.799942	445.53693	14.993652
-38.798771	449.14117	15.003418
-38.797997	447.17136	15.013184
-38.796288	439.1073	15.022949
-38.796249	441.29266	15.032715
-38.795925	442.70816	15.04248
-38.794235	444.82858	15.052246
-38.793819	447.39862	15.062012
-38.793774	444.15591	15.071777
-38.792088	445.76248	15.081543
-38.791386	441.99976	15.091309
-38.789791	441.43613	15.101074
-38.789898	444.32269	15.11084
-38.789509	449.07007	15.120605
-38.786728	450.17163	15.130371
-38.787117	443.31097	15.140137
-38.786594	443.2182	15.149902
-38.785175	442.64966	15.159668
-38.785198	444.64984	15.169434
-38.783718	446.02756	15.179199
-38.783249	447.15329	15.188965
-38.781696	447.05115	15.19873
-38.781734	446.94168	15.208496
-38.780754	443.73727	15.218262
-38.780884	440.21576	15.228027
-38.779842	447.34671	15.237793
-38.77763	448.13004	15.247559
-38.778091	447.73004	15.257324
-38.776379	447.60428	15.26709
-38.775745	441.88535	15.276855
-38.774845	445.41876	15.286621
-38.774586	443.46896	15.296387
-38.772724	445.62106	15.306152
-38.771713	450.32532	15.315918
-38.771439	448.37839	15.325684
-38.771004	447.25064	15.335449
-38.7705	441.99222	15.345215
-38.76997	440.82251	15.35498
-38.769642	447.34366	15.364746
-38.767506	449.4968	15.374512
-38.767868	451.40427	15.384277
-38.765545	447.85715	15.394043
-38.764885	444.4895	15.403809
-38.763783	444.42108	15.413574
-38.764839	443.40973	15.42334
-38.763615	448.97031	15.433105
-38.762283	453.2189	15.442871
-38.763004	450.60156	15.452637
-38.759743	444.90448	15.462402
-38.758499	441.56781	15.472168
-38.758739	444.55838	15.481934
-38.757652	449.01474	15.491699
-38.75713	451.26559	15.501465
-38.756485	449.69962	15.51123
-38.755177	446.54166	15.520996
-38.753212	444.58521	15.530762
-38.753941	443.73328	15.540527
-38.75333	446.49844	15.550293
-38.752575	452.0296	15.560059
-38.750969	451.43829	15.569824
-38.750195	447.59824	15.57959
-38.749722	444.17258	15.589355
-38.748642	443.54245	15.599121
-38.748245	448.74194	15.608887
-38.747372	450.99124	15.618652
-38.746109	448.50082	15.628418
-38.74477	450.56955	15.638184
-38.745056	447.49362	15.647949
-38.745319	443.54025	15.657715
-38.743256	445.73938	15.66748
-38.742271	447.81802	15.677246
-38.742123	452.55215	15.687012
-38.740509	450.69727	15.696777
-38.739693	445.86002	15.706543
-38.739109	445.53018	15.716309
-38.738235	444.56357	15.726074
-38.737743	450.20697	15.73584
-38.736588	448.93552	15.745605
-38.73484	450.30038	15.755371
-38.73605	450.41739	15.765137
-38.735062	446.99283	15.774902
-38.732986	444.55917	15.784668
-38.732422	445.23132	15.794434
-38.732304	448.68958	15.804199
-38.731468	451.62244	15.813965
-38.730598	448.14664	15.82373
-38.728989	446.89786	15.833496
-38.728806	448.03717	15.843262
-38.727921	446.75073	15.853027
-38.727131	447.71982	15.862793
-38.727001	449.48004	15.872559
-38.725983	449.7218	15.882324
-38.723911	451.38693	15.89209
-38.723873	446.12482	15.901855
-38.723263	442.55423	15.911621
-38.722172	446.81976	15.921387
-38.722008	449.11639	15.931152
-38.720493	451.26233	15.940918
-38.720329	451.97278	15.950684
-38.719376	446.56277	15.960449
-38.719128	447.04001	15.970215
-38.717365	442.91312	15.97998
-38.717991	444.94131	15.989746
-38.714386	450.04947	15.999512
-38.713703	453.19379	16.009277
-38.712955	449.94812	16.019043
-38.713509	443.97501	16.028809
-38.712307	442.25601	16.038574
-38.712795	448.37381	16.04834
-38.710625	450.10721	16.058105
-38.7103	452.90598	16.067871
-38.710079	449.49948	16.077637
-38.707951	446.59442	16.087402
-38.708191	444.9704	16.097168
-38.706387	442.44235	16.106934
-38.70657	450.18137	16.116699
-38.706276	453.29901	16.126465
-38.70327	453.07623	16.13623
-38.70327	447.15182	16.145996
-38.703026	443.24246	16.155762
-38.701832	446.24698	16.165527
-38.700832	449.31198	16.175293
-38.69944	454.49991	16.185059
-38.699635	450.04614	16.194824
-38.698288	449.42447	16.20459
-38.696815	447.1376	16.214355
-38.698425	442.17184	16.224121
-38.695744	445.4502	16.233887
-38.695385	450.94403	16.243652
-38.694298	452.99655	16.253418
-38.692783	451.33191	16.263184
-38.693642	444.78809	16.272949
-38.69215	443.58258	16.282715
-38.691204	448.32983	16.29248
-38.690727	449.21384	16.302246
-38.689774	451.43457	16.312012
-38.688278	451.59082	16.321777
-38.687668	446.78992	16.331543
-38.686687	445.06647	16.341309
-38.68605	444.70511	16.351074
-38.685242	447.19571	16.36084
-38.685505	450.73883	16.370605
-38.683968	451.03384	16.380371
-38.682114	446.91138	16.390137
-38.682144	444.52792	16.399902
-38.681255	445.14532	16.409668
-38.680687	448.18152	16.419434
-38.679832	447.57877	16.429199
-38.679356	449.6702	16.438965
-38.678242	451.30991	16.44873
-38.677521	448.02942	16.458496
-38.676472	445.88705	16.468262
-38.67532	443.4563	16.478027
-38.675591	448.09973	16.487793
-38.674881	451.33572	16.497559
-38.672409	449.78293	16.507324
-38.672676	448.35269	16.51709
-38.672485	446.45166	16.526855
-38.67115	446.78268	16.536621
-38.670414	445.80438	16.546387
-38.670216	445.67514	16.556152
-38.667587	451.09189	16.565918
-38.66748	452.32895	16.575684
-38.666359	447.99011	16.585449
-38.665115	444.16632	16.595215
-38.665382	444.73676	16.60498
-38.664642	448.58566	16.614746
-38.663826	449.29501	16.624512
-38.662056	450.23514	16.634277
-38.662498	447.92047	16.644043
-38.662022	444.87506	16.653809
-38.660225	444.01309	16.663574
-38.659157	445.91531	16.67334
-38.657944	447.09631	16.683105
-38.657784	453.26956	16.692871
-38.657127	449.59869	16.702637
-38.656769	444.07635	16.712402
-38.656696	442.27588	16.722168
-38.654778	443.41553	16.731934
-38.653519	446.34268	16.741699
-38.652706	450.58527	16.751465
-38.65324	448.17206	16.76123
-38.650753	449.31375	16.770996
-38.650631	443.37347	16.780762
-38.65028	442.48682	16.790527
-38.648624	446.30746	16.800293
-38.647491	450.29404	16.810059
-38.647892	452.76309	16.819824
-38.646038	447.88535	16.82959
-38.645264	441.55304	16.839355
-38.644215	442.22894	16.849121
-38.642288	446.48181	16.858887
-38.643219	449.07623	16.868652
-38.642094	448.7276	16.878418
-38.642597	447.86707	16.888184
-38.640949	447.54898	16.897949
-38.639709	440.98651	16.907715
-38.639107	442.44196	16.91748
-38.639156	448.40396	16.927246
-38.636909	450.57108	16.937012
-38.636234	449.24493	16.946777
-38.635994	444.39886	16.956543
-38.634808	441.51224	16.966309
-38.634388	445.70306	16.976074
-38.633629	444.81323	16.98584
-38.63221	446.77664	16.995605
-38.631432	448.56525	17.005371
-38.632534	446.10458	17.015137
-38.630165	444.8931	17.024902
-38.628506	441.7413	17.034668
-38.628239	442.73547	17.044434
-38.626904	448.78787	17.054199
-38.626766	447.49719	17.063965
-38.626297	444.27594	17.07373
-38.624771	444.51169	17.083496
-38.623985	444.08215	17.093262
-38.623447	444.37378	17.103027
-38.623581	442.24576	17.112793
-38.621849	445.26138	17.122559
-38.620594	447.73508	17.132324
-38.620281	445.75644	17.14209
-38.619732	442.9693	17.151855
-38.618996	439.336	17.161621
-38.618511	443.19412	17.171387
-38.617302	447.5585	17.181152
-38.617195	445.23785	17.190918
-38.614723	447.52545	17.200684
-38.615604	443.24481	17.210449
-38.614117	442.7149	17.220215
-38.613087	442.72168	17.22998
-38.612255	440.41721	17.239746
-38.611557	446.47656	17.249512
-38.610493	448.38882	17.259277
-38.610729	445.24377	17.269043
-38.609402	440.17358	17.278809
-38.606937	439.49261	17.288574
-38.608009	444.76718	17.29834
-38.60627	444.34103	17.308105
-38.606133	447.47287	17.317871
-38.605503	447.36444	17.327637
-38.60408	444.42798	17.337402
-38.603287	440.13159	17.347168
-38.603481	440.66019	17.356934
-38.601368	442.06836	17.366699
-38.600605	449.98441	17.376465
-38.599941	446.78613	17.38623
-38.599213	441.71524	17.395996
-38.598534	437.7066	17.405762
-38.597996	439.03909	17.415527
-38.597042	443.54755	17.425293
-38.595509	447.09906	17.435059
-38.594563	444.65057	17.444824
-38.593727	445.11435	17.45459
-38.59375	439.34683	17.464355
-38.593361	435.80539	17.474121
-38.591923	441.24219	17.483887
-38.591568	445.60733	17.493652
-38.590534	449.16617	17.503418
-38.589115	442.66968	17.513184
-38.587837	439.00296	17.522949
-38.587688	438.60248	17.532715
-38.587067	441.68106	17.54248
-38.586033	443.11102	17.552246
-38.584549	444.32364	17.562012
-38.583946	445.6463	17.571777
-38.584381	442.54376	17.581543
-38.58353	438.19751	17.591309
-38.582661	438.784	17.601074
-38.58057	441.6116	17.61084
-38.580929	445.99594	17.620605
-38.579636	445.73254	17.630371
-38.580177	441.35965	17.640137
-38.578499	438.612	17.649902
-38.577465	440.19659	17.659668
-38.57621	439.1936	17.669434
-38.575996	441.42987	17.679199
-38.57502	444.29031	17.688965
-38.573513	445.16898	17.69873
-38.573982	440.89203	17.708496
-38.572708	437.35742	17.718262
-38.571869	439.14752	17.728027
-38.570892	442.47382	17.737793
-38.57048	444.02368	17.747559
-38.568443	442.17783	17.757324
-38.568558	439.60031	17.76709
-38.567802	440.1236	17.776855
-38.56633	440.17062	17.786621
-38.565804	438.44708	17.796387
-38.564953	442.20065	17.806152
-38.563625	444.19516	17.815918
-38.563557	444.00238	17.825684
-38.563141	441.4408	17.835449
-38.561775	435.35928	17.845215
-38.561073	439.45563	17.85498
-38.560776	441.63745	17.864746
-38.559994	441.49106	17.874512
-38.559097	445.48172	17.884277
-38.557369	441.21503	17.894043
-38.556023	440.96341	17.903809
-38.556656	437.2724	17.913574
-38.555862	436.56744	17.92334
-38.554184	441.94586	17.933105
-38.554108	444.82153	17.942871
-38.552776	442.94733	17.952637
-38.550922	438.08597	17.962402
-38.551453	436.254	17.972168
-38.550167	438.22446	17.981934
-38.548946	439.90659	17.991699
-38.548874	444.13205	18.001465
-38.548172	442.89627	18.01123
-38.547928	440.33002	18.020996
-38.545216	436.50012	18.030762
-38.546165	436.10959	18.040527
-38.545357	437.7251	18.050293
-38.543102	443.97116	18.060059
-38.543667	443.30066	18.069824
-38.541973	440.19131	18.07959
-38.541824	435.36923	18.089355
-38.540169	435.98813	18.099121
-38.540462	438.73212	18.108887
-38.539455	440.7746	18.118652
-38.538826	441.03604	18.128418
-38.536781	445.17081	18.138184
-38.53664	438.09311	18.147949
-38.535076	434.79996	18.157715
-38.534676	434.91785	18.16748
-38.535118	440.49939	18.177246
-38.533817	444.68219	18.187012
-38.532925	441.00449	18.196777
-38.531326	437.74817	18.206543
-38.53043	434.98111	18.216309
-38.530251	438.17816	18.226074
-38.528427	440.24771	18.23584
-38.528122	439.59952	18.245605
-38.526566	442.47751	18.255371
-38.52721	442.15125	18.265137
-38.526619	434.71259	18.274902
-38.526028	436.35272	18.284668
-38.524185	436.57831	18.294434
-38.523876	439.9725	18.304199
-38.522434	442.58069	18.313965
-38.522598	436.94244	18.32373
-38.521244	437.9917	18.333496
-38.519733	436.59509	18.343262
-38.519562	437.48276	18.353027
-38.519939	436.8526	18.362793
-38.517914	439.03629	18.372559
-38.517517	442.02698	18.382324
-38.515808	439.20343	18.39209
-38.514427	437.48212	18.401855
-38.513855	435.08337	18.411621
-38.513519	437.19321	18.421387
-38.511833	439.63419	18.431152
-38.512787	439.10242	18.440918
-38.512001	438.73233	18.450684
-38.510902	437.91238	18.460449
-38.510517	436.77487	18.470215
-38.509838	432.66959	18.47998
-38.507599	436.88934	18.489746
-38.507462	440.00821	18.499512
-38.507122	441.88184	18.509277
-38.504948	440.21948	18.519043
-38.50478	432.70844	18.528809
-38.502781	435.23218	18.538574
-38.50317	435.68936	18.54834
-38.501751	437.82275	18.558105
-38.501686	441.19388	18.567871
-38.501102	437.93747	18.577637
-38.500885	438.15427	18.587402
-38.499054	432.21503	18.597168
-38.496784	433.58612	18.606934
-38.49699	437.44348	18.616699
-38.496811	441.80087	18.626465
-38.494862	441.49075	18.63623
-38.49509	433.18286	18.645996
-38.495262	432.48053	18.655762
-38.493465	433.95773	18.665527
-38.49345	435.38968	18.675293
-38.492596	440.67209	18.685059
-38.492023	440.10507	18.694824
-38.49073	438.45941	18.70459
-38.4888	434.83047	18.714355
-38.489403	430.8688	18.724121
-38.487682	434.38028	18.733887
-38.486362	441.13626	18.743652
-38.48748	442.3226	18.753418
-38.486126	438.98352	18.763184
-38.484646	432.07379	18.772949
-38.484253	433.84906	18.782715
-38.482861	435.08801	18.79248
-38.481598	436.70279	18.802246
-38.48101	438.75909	18.812012
-38.480827	440.59003	18.821777
-38.480228	437.02118	18.831543
-38.477654	432.3548	18.841309
-38.477894	430.84219	18.851074
-38.477745	435.58286	18.86084
-38.476738	438.48563	18.870605
-38.475155	437.45358	18.880371
-38.474701	435.39499	18.890137
-38.474754	432.88803	18.899902
-38.47319	434.98016	18.909668
-38.472569	435.65216	18.919434
-38.471165	433.42612	18.929199
-38.471317	439.38412	18.938965
-38.470047	437.40094	18.94873
-38.468685	434.60181	18.958496
-38.468624	433.65594	18.968262
-38.466763	431.25772	18.978027
-38.466366	438.39148	18.987793
-38.46674	438.64517	18.997559
-38.465591	436.54953	19.007324
-38.463673	435.99942	19.01709
-38.462528	435.7876	19.026855
-38.461853	434.90207	19.036621
-38.462273	433.58875	19.046387
-38.460335	434.86084	19.056152
-38.460999	439.61734	19.065918
-38.460255	437.16248	19.075684
-38.459553	434.89893	19.085449
-38.457699	431.09421	19.095215
-38.457069	433.88513	19.10498
-38.455593	437.16208	19.114746
-38.454475	434.72818	19.124512
-38.453918	437.35068	19.134277
-38.453167	437.51218	19.144043
-38.452805	434.6442	19.153809
-38.451706	431.68631	19.163574
-38.451141	433.47418	19.17334
-38.450104	435.72205	19.183105
-38.449772	442.18814	19.192871
-38.447815	438.79932	19.202637
-38.447926	430.94443	19.212402
-38.447704	432.1431	19.222168
-38.44598	432.86066	19.231934
-38.445591	434.35489	19.241699
-38.44437	437.1481	19.251465
-38.442886	439.57391	19.26123
-38.442703	436.5625	19.270996
-38.442802	430.8765	19.280762
-38.440697	430.53763	19.290527
-38.439899	434.89536	19.300293
-38.439377	439.7254	19.310059
-38.439217	439.67487	19.319824
-38.43668	434.62094	19.32959
-38.437611	430.63712	19.339355
-38.43718	430.60516	19.349121
-38.435539	431.33585	19.358887
-38.43428	436.99963	19.368652
-38.434013	437.39624	19.378418
-38.433769	438.80463	19.388184
-38.43412	433.71423	19.397949
-38.431103	427.60742	19.407715
-38.430958	430.47937	19.41748
-38.429722	436.24347	19.427246
-38.429844	440.43192	19.437012
-38.427975	437.59256	19.446777
-38.426361	433.53516	19.456543
-38.425758	432.39276	19.466309
-38.426117	432.08554	19.476074
-38.425583	434.48822	19.48584
-38.423668	436.76947	19.495605
-38.42382	438.67728	19.505371
-38.42326	436.87457	19.515137
-38.421085	430.59109	19.524902
-38.421665	431.02383	19.534668
-38.419434	433.85883	19.544434
-38.419174	437.88171	19.554199
-38.419327	436.31332	19.563965
-38.417118	433.7106	19.57373
-38.416573	432.55896	19.583496
-38.416401	433.66992	19.593262
-38.416084	431.97119	19.603027
-38.414864	432.06564	19.612793
-38.414387	436.02054	19.622559
-38.41404	435.53131	19.632324
-38.412373	433.95566	19.64209
-38.410686	432.89389	19.651855
-38.410301	428.72305	19.661621
-38.408859	435.15662	19.671387
-38.409496	434.48087	19.681152
-38.407867	434.93582	19.690918
-38.406372	434.60123	19.700684
-38.407223	433.31189	19.710449
-38.405331	432.73474	19.720215
-38.406063	429.06076	19.72998
-38.403843	431.27679	19.739746
-38.402332	437.4498	19.749512
-38.403812	436.16891	19.759277
-38.400818	436.3866	19.769043
-38.399796	429.12079	19.778809
-38.399349	430.38715	19.788574
-38.399601	431.57114	19.79834
-38.398449	433.68735	19.808105
-38.398067	436.2554	19.817871
-38.396816	436.16348	19.827637
-38.39645	432.4408	19.837402
-38.395531	429.86124	19.847168
-38.392517	428.29202	19.856934
-38.393452	434.66245	19.866699
-38.392654	437.80737	19.876465
-38.392254	437.58899	19.88623
-38.390041	432.55399	19.895996
-38.390877	429.85614	19.905762
-38.3899	431.15948	19.915527
-38.389805	431.69247	19.925293
-38.387783	435.94351	19.935059
-38.386658	437.452	19.944824
-38.384911	435.84662	19.95459
-38.385445	429.31357	19.964355
-38.384956	428.57565	19.974121
-38.384121	431.0455	19.983887
-38.382511	437.47522	19.993652
-38.382679	438.13391	20.003418
-38.381256	434.14288	20.013184


Data Header:			0.254_solid_uprint_typeiv_090_r0			Time:	27.897705	s	4/14/2019 1:04:45 AM
Data Acquisition:	Timed
Station Name:	ft40.cfg
Test File Name:	monotonic_0.2540_typeiv_solid_090_uprint.tst
Displacement	Force	Running Time
mm	N	s
-38.378788	431.26511	20.022949
-38.380531	430.18228	20.032715
-38.378166	428.82404	20.04248
-38.377071	433.66217	20.052246
-38.377377	435.40967	20.062012
-38.37574	436.49854	20.071777
-38.375324	433.05182	20.081543
-38.374897	428.71155	20.091309
-38.373425	428.51657	20.101074
-38.373501	432.80679	20.11084
-38.372463	436.81427	20.120605
-38.37141	436.17914	20.130371
-38.369217	432.97577	20.140137
-38.369774	431.39148	20.149902
-38.36953	428.1622	20.159668
-38.368797	431.00244	20.169434
-38.367134	433.3428	20.179199
-38.365543	437.1366	20.188965
-38.366325	436.91739	20.19873
-38.365059	430.35062	20.208496
-38.36388	429.91925	20.218262
-38.363567	431.28741	20.228027
-38.362385	433.34592	20.237793
-38.361801	435.83011	20.247559
-38.361336	435.94659	20.257324
-38.360153	432.01666	20.26709
-38.358105	433.18912	20.276855
-38.359074	429.46179	20.286621
-38.356506	428.47037	20.296387
-38.357548	433.31854	20.306152
-38.356697	435.09412	20.315918
-38.354919	433.61108	20.325684
-38.353905	431.55814	20.335449
-38.353321	429.06271	20.345215
-38.352253	432.5658	20.35498
-38.353165	432.82745	20.364746
-38.350906	433.42496	20.374512
-38.351467	433.80524	20.384277
-38.347824	434.48303	20.394043
-38.348118	432.47537	20.403809
-38.347698	427.78745	20.413574
-38.347126	430.62268	20.42334
-38.346893	434.8244	20.433105
-38.344891	435.3175	20.442871
-38.344002	434.73166	20.452637
-38.343864	428.5733	20.462402
-38.342033	430.33609	20.472168
-38.341335	429.83246	20.481934
-38.342075	430.59924	20.491699
-38.340008	435.13327	20.501465
-38.339577	435.51688	20.51123
-38.338528	434.19968	20.520996
-38.338467	428.35989	20.530762
-38.336769	425.71863	20.540527
-38.335907	431.99261	20.550293
-38.33519	436.22186	20.560059
-38.334904	436.31598	20.569824
-38.334328	433.02063	20.57959
-38.332779	428.89349	20.589355
-38.331863	429.74402	20.599121
-38.331917	429.55716	20.608887
-38.33136	433.48483	20.618652
-38.329853	436.43393	20.628418
-38.33009	435.35406	20.638184
-38.328606	430.91138	20.647949
-38.325726	426.89621	20.657715
-38.325832	427.95972	20.66748
-38.32592	431.31839	20.677246
-38.325012	436.42212	20.687012
-38.324265	433.91046	20.696777
-38.322201	431.4252	20.706543
-38.32333	428.1904	20.716309
-38.322426	427.04929	20.726074
-38.32069	429.1799	20.73584
-38.319748	431.92996	20.745605
-38.320229	437.5228	20.755371
-38.317768	431.80505	20.765137
-38.318958	426.89594	20.774902
-38.317204	427.27792	20.784668
-38.315723	430.22653	20.794434
-38.315704	435.7179	20.804199
-38.314713	432.57687	20.813965
-38.314426	432.17972	20.82373
-38.312397	430.42392	20.833496
-38.311653	427.54327	20.843262
-38.31115	429.92279	20.853027
-38.310978	430.32306	20.862793
-38.310162	434.0329	20.872559
-38.307701	434.78149	20.882324
-38.308086	430.05069	20.89209
-38.306793	429.06744	20.901855
-38.306408	427.96213	20.911621
-38.305424	431.07623	20.921387
-38.304668	432.39035	20.931152
-38.303249	431.69196	20.940918
-38.303722	431.89197	20.950684
-38.300743	432.14752	20.960449
-38.301949	428.3829	20.970215
-38.300476	426.9097	20.97998
-38.299324	430.44321	20.989746
-38.298779	434.53241	20.999512
-38.298031	434.4263	21.009277
-38.297363	431.85132	21.019043
-38.296585	429.47598	21.028809
-38.294907	430.0358	21.038574
-38.294189	429.16434	21.04834
-38.292763	430.54971	21.058105
-38.292549	431.78662	21.067871
-38.29229	433.87106	21.077637
-38.290798	430.64377	21.087402
-38.290016	425.46774	21.097168
-38.289505	428.11786	21.106934
-38.288673	431.02924	21.116699
-38.288525	434.32205	21.126465
-38.287415	433.84653	21.13623
-38.285969	429.22165	21.145996
-38.286144	428.94565	21.155762
-38.284477	427.46381	21.165527
-38.285427	427.82657	21.175293
-38.282391	432.85516	21.185059
-38.282887	434.55438	21.194824
-38.281803	433.64056	21.20459
-38.281143	428.15338	21.214355
-38.279636	423.97498	21.224121
-38.279343	429.74274	21.233887
-38.278229	433.26489	21.243652
-38.278057	435.4574	21.253418
-38.276855	431.46832	21.263184
-38.276951	427.54587	21.272949
-38.275806	427.09509	21.282715
-38.274158	425.49115	21.29248
-38.272907	431.46255	21.302246
-38.272617	434.34802	21.312012
-38.272099	433.4292	21.321777
-38.270466	430.17966	21.331543
-38.270058	424.64832	21.341309
-38.268818	425.92282	21.351074
-38.26878	431.84821	21.36084
-38.268867	433.40091	21.370605
-38.267185	433.35538	21.380371
-38.266121	429.00156	21.390137
-38.266369	429.42535	21.399902
-38.26429	428.01666	21.409668
-38.263821	428.20175	21.419434
-38.263283	430.97922	21.429199
-38.262402	436.13528	21.438965
-38.26133	431.40808	21.44873
-38.259991	427.80582	21.458496
-38.260384	426.60306	21.468262
-38.259621	428.02359	21.478027
-38.257607	431.64264	21.487793
-38.25737	432.06308	21.497559
-38.257099	431.46799	21.507324
-38.255772	430.5108	21.51709
-38.254627	428.20203	21.526855
-38.254131	428.69943	21.536621
-38.25248	425.14966	21.546387
-38.252579	432.48062	21.556152
-38.253334	433.01178	21.565918
-38.250698	430.10718	21.575684
-38.250854	430.16315	21.585449
-38.248856	425.43063	21.595215
-38.248516	428.7037	21.60498
-38.248074	430.26035	21.614746
-38.246674	430.19864	21.624512
-38.246353	433.63834	21.634277
-38.245338	431.43823	21.644043
-38.243885	426.83517	21.653809
-38.243313	427.12183	21.663574
-38.242455	427.72229	21.67334
-38.242432	433.72214	21.683105
-38.241055	433.20355	21.692871
-38.240993	430.4924	21.702637
-38.240414	428.42749	21.712402
-38.2393	427.13986	21.722168
-38.238712	427.06274	21.731934
-38.237057	428.61945	21.741699
-38.236546	431.54868	21.751465
-38.235832	434.50009	21.76123
-38.234344	430.7861	21.770996
-38.23241	425.17026	21.780762
-38.232578	424.66437	21.790527
-38.231873	427.33224	21.800293
-38.231022	434.16986	21.810059
-38.230366	432.97403	21.819824
-38.230579	429.30032	21.82959
-38.227608	429.28201	21.839355
-38.227623	425.83139	21.849121
-38.227379	427.44116	21.858887
-38.227215	432.37085	21.868652
-38.226349	433.48749	21.878418
-38.224983	435.10364	21.888184
-38.223629	427.42825	21.897949
-38.221962	426.1687	21.907715
-38.221287	428.95828	21.91748
-38.221592	431.33905	21.927246
-38.219795	435.60843	21.937012
-38.219112	432.70462	21.946777
-38.218903	428.49808	21.956543
-38.218807	428.2406	21.966309
-38.216431	424.76471	21.976074
-38.216759	430.4209	21.98584
-38.216347	431.69742	21.995605
-38.215199	434.4079	22.005371
-38.214272	432.14548	22.015137
-38.213299	424.28482	22.024902
-38.212719	425.63852	22.034668
-38.210911	429.46307	22.044434
-38.211353	432.67169	22.054199
-38.209393	432.84848	22.063965
-38.209717	430.97638	22.07373
-38.209305	429.87564	22.083496
-38.207371	427.271	22.093262
-38.207668	427.97366	22.103027
-38.204971	427.54361	22.112793
-38.205982	434.47766	22.122559
-38.203407	433.41891	22.132324
-38.204979	428.04843	22.14209
-38.203175	426.39859	22.151855
-38.20192	427.33231	22.161621
-38.200214	430.70605	22.171387
-38.200222	429.31827	22.181152
-38.199955	431.82181	22.190918
-38.198414	430.41721	22.200684
-38.198383	430.96344	22.210449
-38.19733	427.89319	22.220215
-38.195591	423.82898	22.22998
-38.195023	429.85236	22.239746
-38.194202	432.84686	22.249512
-38.193695	430.12747	22.259277
-38.192459	431.16412	22.269043
-38.19154	425.58606	22.278809
-38.19202	427.24005	22.288574
-38.19054	426.65979	22.29834
-38.189949	429.02158	22.308105
-38.188038	432.99854	22.317871
-38.188644	431.67786	22.327637
-38.186993	429.63821	22.337402
-38.186687	424.84393	22.347168
-38.18446	425.47116	22.356934
-38.183464	430.16953	22.366699
-38.184441	432.4129	22.376465
-38.183231	432.73904	22.38623
-38.182438	428.72083	22.395996
-38.181717	425.62845	22.405762
-38.181507	425.60327	22.415527
-38.180405	426.91156	22.425293
-38.179405	431.2634	22.435059
-38.177723	434.91348	22.444824
-38.177986	430.55518	22.45459
-38.175503	426.73779	22.464355
-38.176254	423.51157	22.474121
-38.174889	424.76547	22.483887
-38.174686	432.4736	22.493652
-38.173046	434.48929	22.503418
-38.173206	430.49313	22.513184
-38.172096	429.48477	22.522949
-38.17075	424.99802	22.532715
-38.169327	425.17673	22.54248
-38.169788	430.37891	22.552246
-38.168659	431.75323	22.562012
-38.168732	434.78055	22.571777
-38.167595	427.11969	22.581543
-38.167412	424.49463	22.591309
-38.164627	423.28079	22.601074
-38.163948	429.72778	22.61084
-38.163738	433.26129	22.620605
-38.162815	431.96573	22.630371
-38.161583	430.21405	22.640137
-38.162045	426.76007	22.649902
-38.160675	422.46457	22.659668
-38.15905	428.61389	22.669434
-38.158928	428.6973	22.679199
-38.158234	432.18756	22.688965
-38.15654	431.95526	22.69873
-38.156521	424.93152	22.708496
-38.155613	423.91473	22.718262
-38.154938	426.74295	22.728027
-38.153522	428.09418	22.737793
-38.152859	429.71765	22.747559
-38.153408	429.22446	22.757324
-38.15134	428.5853	22.76709
-38.150032	426.75717	22.776855
-38.14909	426.38394	22.786621
-38.149857	424.82413	22.796387
-38.148685	430.7012	22.806152
-38.147511	431.24582	22.815918
-38.146832	428.26215	22.825684
-38.145672	425.85397	22.835449
-38.145016	425.16431	22.845215
-38.14386	427.53113	22.85498
-38.143314	427.41623	22.864746
-38.141457	429.21808	22.874512
-38.142559	431.16925	22.884277
-38.140903	431.13138	22.894043
-38.139816	425.55057	22.903809
-38.13916	423.0842	22.913574
-38.137951	429.24655	22.92334
-38.13847	429.27191	22.933105
-38.137871	430.25064	22.942871
-38.136169	430.86761	22.952637
-38.134361	425.87149	22.962402
-38.135052	426.57043	22.972168
-38.13472	427.50336	22.981934
-38.132355	426.15875	22.991699
-38.132874	431.7912	23.001465
-38.131065	431.19254	23.01123
-38.130661	431.83429	23.020996
-38.12875	423.01495	23.030762
-38.128872	423.66537	23.040527
-38.128155	428.77582	23.050293
-38.127235	430.13501	23.060059
-38.126568	432.43185	23.069824
-38.125023	428.56546	23.07959
-38.124302	426.3609	23.089355
-38.124008	425.22028	23.099121
-38.122303	422.87271	23.108887
-38.122261	429.56857	23.118652
-38.121487	431.97357	23.128418
-38.120811	431.14508	23.138184
-38.120033	428.09079	23.147949
-38.119854	421.4574	23.157715
-38.118366	424.11948	23.16748
-38.118298	429.31821	23.177246
-38.116783	431.05716	23.187012
-38.114071	430.94672	23.196777
-38.114285	427.76352	23.206543
-38.113182	424.75262	23.216309
-38.114296	421.86322	23.226074
-38.113419	425.49338	23.23584
-38.111691	431.83398	23.245605
-38.110329	431.86548	23.255371
-38.110714	428.75427	23.265137
-38.109184	422.55859	23.274902
-38.108406	423.11874	23.284668
-38.107628	426.44473	23.294434
-38.106522	431.09521	23.304199
-38.10574	429.05133	23.313965
-38.104496	430.11996	23.32373
-38.104549	427.65671	23.333496
-38.103447	423.9064	23.343262
-38.102619	424.45624	23.353027
-38.102135	426.52808	23.362793
-38.10162	430.75104	23.372559
-38.101181	431.79843	23.382324
-38.100254	424.57974	23.39209
-38.098846	426.32755	23.401855
-38.098095	424.60193	23.411621
-38.096561	427.66418	23.421387
-38.096928	428.9371	23.431152
-38.095844	430.14932	23.440918
-38.09494	430.81775	23.450684
-38.09399	427.73358	23.460449
-38.092476	422.82813	23.470215
-38.09235	423.577	23.47998
-38.091869	427.95999	23.489746
-38.091373	431.15158	23.499512
-38.08997	430.09277	23.509277
-38.087967	427.72116	23.519043
-38.087616	426.44543	23.528809
-38.086792	423.82394	23.538574
-38.085823	425.88513	23.54834
-38.087543	427.60126	23.558105
-38.084156	429.51614	23.567871
-38.084091	429.99768	23.577637
-38.084198	425.6637	23.587402
-38.08226	421.93228	23.597168
-38.080891	425.62671	23.606934
-38.080776	427.84998	23.616699
-38.080856	430.29672	23.626465
-38.079075	430.4491	23.63623
-38.077312	426.13034	23.645996
-38.077423	426.33154	23.655762
-38.077076	422.70215	23.665527
-38.076405	424.24066	23.675293
-38.075584	429.26431	23.685059
-38.074993	431.56503	23.694824
-38.073944	430.71143	23.70459
-38.071754	423.30548	23.714355
-38.071701	421.75439	23.724121
-38.070747	427.0253	23.733887
-38.070511	429.27228	23.743652
-38.068428	434.72232	23.753418
-38.068043	429.96948	23.763184
-38.067493	425.44452	23.772949
-38.067326	424.95636	23.782715
-38.065712	421.23682	23.79248
-38.065029	427.63458	23.802246
-38.063869	430.67453	23.812012
-38.063587	429.44995	23.821777
-38.063416	426.45651	23.831543
-38.061798	420.08374	23.841309
-38.061657	420.92218	23.851074
-38.060452	426.90518	23.86084
-38.059887	428.34076	23.870605
-38.059036	428.021	23.880371
-38.057449	427.15314	23.890137
-38.056583	426.01736	23.899902
-38.056042	420.46478	23.909668
-38.05629	424.56152	23.919434
-38.054493	427.59772	23.929199
-38.053345	430.51306	23.938965
-38.054028	426.86905	23.94873
-38.052559	423.16736	23.958496
-38.051754	420.12537	23.968262
-38.050232	425.05261	23.978027
-38.049591	426.77478	23.987793
-38.048756	425.74365	23.997559
-38.047958	427.60022	24.007324
-38.046764	426.73303	24.01709
-38.046684	422.95605	24.026855
-38.046574	422.05722	24.036621
-38.045952	422.34442	24.046387
-38.043571	428.4668	24.056152
-38.043087	429.20114	24.065918
-38.0425	425.81543	24.075684
-38.041874	424.00073	24.085449
-38.041737	422.40189	24.095215
-38.039425	424.16977	24.10498
-38.039162	425.73465	24.114746
-38.0383	426.21542	24.124512
-38.03825	428.25714	24.134277
-38.036758	427.62137	24.144043
-38.036282	423.06845	24.153809
-38.03537	420.28085	24.163574
-38.035179	423.28217	24.17334
-38.033386	427.96719	24.183105
-38.03307	426.90182	24.192871
-38.032295	426.96909	24.202637
-38.030712	424.48862	24.212402
-38.03046	421.47144	24.222168
-38.029484	421.09918	24.231934
-38.027439	422.07239	24.241699
-38.026737	425.29785	24.251465
-38.027584	428.40668	24.26123
-38.024952	422.59753	24.270996
-38.025616	420.29758	24.280762
-38.024696	419.2337	24.290527
-38.024738	423.24808	24.300293
-38.021748	425.10971	24.310059
-38.023163	427.08173	24.319824
-38.021797	422.58813	24.32959
-38.019966	421.11115	24.339355
-38.019291	418.69299	24.349121
-38.019588	416.85794	24.358887
-38.018681	422.95105	24.368652
-38.016579	426.91507	24.378418
-38.017082	426.92667	24.388184
-38.01556	418.68271	24.397949
-38.014484	416.20053	24.407715
-38.013367	417.40137	24.41748
-38.012615	419.14307	24.427246
-38.012447	422.78131	24.437012
-38.010967	418.78445	24.446777
-38.010273	417.85593	24.456543
-38.010086	415.82831	24.466309
-38.009594	409.34506	24.476074
-38.007984	410.01151	24.48584
-38.004898	-58.477192	24.495605
-38.00349	-52.924797	24.505371
-38.003105	-52.886299	24.515137
-38.003555	-38.587288	24.524902
-38.002644	-41.848042	24.534668
-38.00161	-42.45993	24.544434
-38.001484	-41.525051	24.554199
-38.000443	-40.402	24.563965
-37.999813	-40.625126	24.57373
-37.999386	-41.860458	24.583496
-37.999325	-47.070965	24.593262
-37.998001	-45.976852	24.603027
-37.997421	-42.743999	24.612793
-37.994995	-39.187691	24.622559
-37.995701	-39.945728	24.632324
-37.995308	-43.733292	24.64209
-37.995049	-46.467285	24.651855
-37.993572	-46.30864	24.661621
-37.99276	-43.989365	24.671387
-37.993076	-42.616474	24.681152
-37.991333	-38.158089	24.690918
-37.989803	-39.274277	24.700684
-37.989513	-43.608128	24.710449
-37.987717	-46.342487	24.720215
-37.988544	-45.126575	24.72998
-37.985432	-41.284504	24.739746
-37.985672	-39.955235	24.749512
-37.984825	-42.376537	24.759277
-37.983772	-42.820641	24.769043
-37.983452	-44.244213	24.778809
-37.982994	-43.288166	24.788574
-37.982857	-44.740959	24.79834
-37.981754	-42.235073	24.808105
-37.979939	-38.857208	24.817871
-37.97998	-41.627033	24.827637
-37.979061	-42.191586	24.837402
-37.97784	-48.878456	24.847168
-37.977554	-45.308617	24.856934
-37.976467	-41.857651	24.866699
-37.976357	-41.691608	24.876465
-37.975452	-37.734074	24.88623
-37.973923	-43.130161	24.895996
-37.973305	-44.124229	24.905762
-37.97163	-46.440483	24.915527
-37.971172	-45.945156	24.925293
-37.970951	-40.007191	24.935059
-37.970116	-38.795708	24.944824
-37.96833	-39.481941	24.95459
-37.967701	-45.558033	24.964355
-37.967079	-46.456993	24.974121
-37.967102	-44.505581	24.983887
-37.965858	-39.97588	24.993652
-37.96542	-38.810516	25.003418
-37.964474	-40.360851	25.013184
-37.96394	-41.65765	25.022949
-37.962265	-45.672203	25.032715
-37.962395	-47.477333	25.04248
-37.959991	-44.530727	25.052246
-37.960445	-37.628109	25.062012
-37.958561	-38.341045	25.071777
-37.958553	-43.941341	25.081543
-37.958096	-46.196392	25.091309
-37.956589	-46.451069	25.101074
-37.956738	-42.141315	25.11084
-37.954624	-38.920361	25.120605
-37.954945	-40.032127	25.130371
-37.953976	-39.518055	25.140137
-37.95319	-43.577847	25.149902
-37.952881	-48.309311	25.159668
-37.950356	-44.432358	25.169434
-37.949673	-39.958935	25.179199
-37.94788	-37.2771	25.188965
-37.949715	-39.504696	25.19873
-37.948109	-45.666653	25.208496
-37.946533	-45.066971	25.218262
-37.946407	-45.13549	25.228027
-37.945602	-41.256779	25.237793
-37.944954	-41.424965	25.247559
-37.944275	-40.797268	25.257324
-37.942162	-39.208176	25.26709
-37.94228	-46.542446	25.276855
-37.940262	-45.09771	25.286621
-37.940689	-45.141167	25.296387
-37.939465	-42.072742	25.306152
-37.939873	-39.026405	25.315918
-37.937954	-42.457645	25.325684
-37.93705	-44.515606	25.335449
-37.935669	-42.203983	25.345215
-37.936428	-43.183697	25.35498
-37.935253	-42.412521	25.364746
-37.934006	-41.244995	25.374512
-37.933022	-40.964603	25.384277
-37.931992	-42.39629	25.394043
-37.931705	-45.238136	25.403809
-37.931053	-45.721966	25.413574
-37.930164	-42.496502	25.42334
-37.928955	-40.114391	25.433105
-37.929035	-40.400921	25.442871
-37.927467	-42.680893	25.452637
-37.927059	-42.246529	25.462402
-37.925987	-44.452976	25.472168
-37.925419	-45.65752	25.481934
-37.924072	-43.102428	25.491699
-37.923313	-38.480953	25.501465
-37.92347	-38.056995	25.51123
-37.922276	-40.714497	25.520996
-37.921104	-47.81559	25.530762
-37.919842	-45.028435	25.540527
-37.919884	-42.074295	25.550293
-37.918083	-41.984253	25.560059
-37.917542	-37.126663	25.569824
-37.916519	-42.163311	25.57959
-37.916664	-42.382732	25.589355
-37.915348	-46.226719	25.599121
-37.914417	-47.337231	25.608887
-37.913361	-41.462654	25.618652
-37.912701	-37.938663	25.628418
-37.912296	-39.04948	25.638184
-37.910324	-43.02235	25.647949
-37.909771	-47.133305	25.657715
-37.910545	-44.134068	25.66748
-37.908878	-43.091263	25.677246
-37.907665	-39.632675	25.687012
-37.907265	-38.544876	25.696777
-37.907043	-42.255138	25.706543
-37.905396	-45.685917	25.716309
-37.905647	-48.906185	25.726074
-37.904282	-46.071842	25.73584
-37.901955	-38.998245	25.745605
-37.902008	-38.134903	25.755371
-37.901253	-40.773319	25.765137
-37.90062	-46.290329	25.774902
-37.899181	-47.438663	25.784668
-37.899696	-42.366222	25.794434
-37.898056	-41.018242	25.804199
-37.897781	-40.988663	25.813965
-37.896328	-39.900047	25.82373
-37.89518	-43.37421	25.833496
-37.894966	-46.754513	25.843262
-37.893013	-46.050385	25.853027
-37.893696	-41.840675	25.862793
-37.892918	-36.448593	25.872559
-37.892197	-40.980427	25.882324
-37.891602	-43.921246	25.89209
-37.88892	-44.926212	25.901855
-37.888969	-45.29961	25.911621
-37.889149	-40.245308	25.921387
-37.887955	-41.774467	25.931152
-37.887589	-40.39188	25.940918
-37.886345	-37.957253	25.950684
-37.88549	-43.497517	25.960449
-37.884071	-44.244068	25.970215
-37.885239	-45.089279	25.97998
-37.882141	-39.086777	25.989746
-37.881481	-38.002106	25.999512
-37.881622	-42.5993	26.009277
-37.880474	-40.809544	26.019043
-37.879448	-43.810555	26.028809
-37.878288	-44.898891	26.038574
-37.877277	-43.512714	26.04834
-37.876354	-41.276871	26.058105
-37.876514	-38.231895	26.067871
-37.875244	-39.001385	26.077637
-37.874596	-43.451206	26.087402
-37.874374	-45.537224	26.097168
-37.872353	-44.110413	26.106934
-37.872356	-42.412041	26.116699
-37.871281	-39.11887	26.126465
-37.870804	-40.592236	26.13623
-37.869953	-39.030476	26.145996
-37.869785	-45.187794	26.155762
-37.868275	-46.439953	26.165527
-37.86742	-44.376701	26.175293
-37.866543	-41.171654	26.185059
-37.86647	-38.44252	26.194824
-37.864101	-39.257175	26.20459
-37.864128	-46.887699	26.214355
-37.863438	-43.990765	26.224121
-37.863434	-44.98801	26.233887
-37.861938	-42.787392	26.243652
-37.861111	-38.310501	26.253418
-37.860352	-40.761662	26.263184
-37.858707	-41.397663	26.272949
-37.859131	-45.593182	26.282715
-37.857403	-48.583805	26.29248
-37.857735	-43.447731	26.302246
-37.856888	-38.555649	26.312012
-37.855656	-37.005814	26.321777
-37.853714	-44.515617	26.331543
-37.853748	-47.159607	26.341309
-37.852291	-45.246094	26.351074
-37.852154	-43.134556	26.36084
-37.850155	-40.15675	26.370605
-37.84977	-38.40451	26.380371
-37.848656	-39.912834	26.390137
-37.848301	-43.22551	26.399902
-37.847717	-48.245129	26.409668
-37.846943	-45.019817	26.419434
-37.84621	-39.796764	26.429199
-37.845524	-38.213623	26.438965
-37.845062	-39.682129	26.44873
-37.843254	-45.260914	26.458496
-37.842445	-45.590343	26.468262
-37.842258	-42.53244	26.478027
-37.841457	-43.099155	26.487793
-37.840698	-41.000954	26.497559
-37.840576	-37.668335	26.507324
-37.839283	-41.22163	26.51709
-37.838364	-44.35236	26.526855
-37.837528	-45.028549	26.536621
-37.836075	-42.721844	26.546387
-37.835697	-37.603142	26.556152
-37.834904	-39.873272	26.565918
-37.834099	-40.286945	26.575684
-37.832874	-44.012531	26.585449
-37.832901	-43.512806	26.595215
-37.830776	-42.818336	26.60498
-37.831127	-43.787106	26.614746
-37.829342	-40.001141	26.624512
-37.829266	-36.844421	26.634277
-37.827171	-43.148216	26.644043
-37.82798	-42.584152	26.653809
-37.826939	-47.177662	26.663574
-37.825085	-40.291794	26.67334
-37.824112	-38.721832	26.683105
-37.824715	-41.65704	26.692871
-37.824165	-39.468819	26.702637
-37.823467	-43.280376	26.712402
-37.821873	-44.724243	26.722168
-37.820995	-43.711472	26.731934
-37.819397	-42.820412	26.741699
-37.819107	-37.911289	26.751465
-37.818451	-38.750801	26.76123
-37.817879	-42.62035	26.770996
-37.817001	-45.476254	26.780762
-37.816135	-46.136375	26.790527
-37.816082	-42.051636	26.800293
-37.813332	-42.291821	26.810059
-37.812778	-39.61602	26.819824
-37.812679	-38.800014	26.82959
-37.812313	-43.086487	26.839355
-37.810989	-46.244572	26.849121
-37.810879	-46.720375	26.858887
-37.809536	-42.996414	26.868652
-37.808819	-36.299473	26.878418
-37.80809	-39.020256	26.888184
-37.807327	-44.460598	26.897949
-37.80632	-45.986202	26.907715
-37.806572	-46.246231	26.91748
-37.803871	-42.098476	26.927246
-37.804134	-38.906776	26.937012
-37.802788	-38.847672	26.946777
-37.802921	-38.737038	26.956543
-37.802208	-45.30875	26.966309
-37.801117	-48.642082	26.976074
-37.800205	-44.165886	26.98584
-37.798824	-39.065422	26.995605
-37.798458	-36.903008	27.005371
-37.797596	-40.917324	27.015137
-37.796528	-45.183208	27.024902
-37.796955	-44.093067	27.034668
-37.794399	-47.007683	27.044434
-37.794167	-39.462627	27.054199
-37.792866	-40.260441	27.063965
-37.792744	-40.045002	27.07373
-37.791767	-42.814632	27.083496
-37.790318	-48.620956	27.093262
-37.789963	-44.684784	27.103027
-37.789822	-40.588005	27.112793
-37.788486	-40.124538	27.122559
-37.787579	-39.051945	27.132324
-37.786552	-43.395638	27.14209
-37.785881	-44.366241	27.151855
-37.785301	-43.102188	27.161621
-37.78569	-44.504173	27.171387
-37.782745	-42.353027	27.181152
-37.783005	-39.215149	27.190918
-37.782173	-40.475979	27.200684
-37.781418	-44.187263	27.210449
-37.778931	-44.37759	27.220215
-37.779408	-42.938759	27.22998
-37.777847	-40.519497	27.239746
-37.778324	-40.677834	27.249512
-37.777397	-40.292038	27.259277
-37.777409	-43.965824	27.269043
-37.775146	-42.639339	27.278809
-37.774822	-43.392834	27.288574
-37.773632	-45.393192	27.29834
-37.772804	-39.04166	27.308105
-37.773056	-38.337799	27.317871
-37.770061	-40.509949	27.327637
-37.771282	-42.708733	27.337402
-37.770992	-46.629036	27.347168
-37.768566	-42.71904	27.356934
-37.768814	-40.017494	27.366699
-37.766819	-41.404011	27.376465
-37.766975	-40.702557	27.38623
-37.764713	-42.433006	27.395996
-37.766151	-43.184971	27.405762
-37.763985	-48.209732	27.415527
-37.764053	-43.415462	27.425293
-37.762302	-38.726608	27.435059
-37.762119	-38.552593	27.444824
-37.7621	-40.354328	27.45459
-37.759716	-45.033447	27.464355
-37.759964	-46.667347	27.474121
-37.758053	-42.405167	27.483887
-37.75647	-43.516472	27.493652
-37.757473	-40.101124	27.503418
-37.756062	-37.548962	27.513184
-37.755726	-42.325768	27.522949
-37.753841	-46.006634	27.532715
-37.754307	-47.681244	27.54248
-37.751965	-43.591652	27.552246
-37.751507	-36.19738	27.562012
-37.75087	-38.655998	27.571777
-37.75034	-43.284355	27.581543
-37.747646	-44.755718	27.591309
-37.748917	-45.122765	27.601074
-37.748119	-44.625938	27.61084
-37.747925	-40.781929	27.620605
-37.745407	-38.954052	27.630371
-37.745094	-39.608501	27.640137
-37.745056	-44.962555	27.649902
-37.743286	-49.35247	27.659668
-37.742916	-45.25843	27.669434
-37.74184	-40.668613	27.679199
-37.741024	-37.267673	27.688965
-37.740704	-39.931416	27.69873
-37.739197	-43.463612	27.708496
-37.737411	-46.072826	27.718262
-37.737522	-44.865845	27.728027
-37.736988	-41.557281	27.737793
-37.736862	-41.104118	27.747559
-37.73579	-38.909313	27.757324
-37.734875	-40.085243	27.76709
-37.734844	-47.591198	27.776855
-37.733978	-45.099533	27.786621
-37.73143	-43.810596	27.796387
-37.731449	-38.888618	27.806152
-37.730263	-40.709049	27.815918
-37.730629	-44.069389	27.825684
-37.729778	-42.595802	27.835449
-37.727509	-44.315708	27.845215
-37.728531	-44.11787	27.85498
-37.726044	-43.902596	27.864746
-37.725769	-41.061089	27.874512
-37.725468	-38.568935	27.884277

