MTS793|BTW|ENU|1|2|.|/|:|1|0|0|A

Data Header:			0.254_solid_uprint_typeiv_090_r0			Time:	20.017578	s	4/14/2019 1:22:42 AM
Data Acquisition:	Timed
Station Name:	ft40.cfg
Test File Name:	monotonic_0.2540_typeiv_solid_090_uprint.tst
Displacement	Force	Running Time
mm	N	s
-40.040371	-321.11209	0.022705078
-40.041546	-318.31827	0.032470703
-40.04063	-316.33304	0.042236328
-40.041443	-315.75864	0.052001953
-40.040359	-315.71698	0.061767578
-40.039986	-319.22244	0.071533203
-40.041409	-318.2298	0.081298828
-40.041382	-317.69083	0.091064453
-40.040409	-317.87299	0.10083008
-40.040386	-319.57175	0.1105957
-40.038853	-315.85477	0.12036133
-40.039337	-309.83972	0.13012695
-40.03643	-315.10663	0.13989258
-40.036659	-314.18683	0.1496582
-40.034569	-316.23373	0.15942383
-40.034	-313.18326	0.16918945
-40.034405	-310.14932	0.17895508
-40.032845	-314.65985	0.1887207
-40.03194	-308.05591	0.19848633
-40.032551	-308.16415	0.20825195
-40.030045	-312.17426	0.21801758
-40.029186	-312.67053	0.2277832
-40.028271	-314.11026	0.23754883
-40.02816	-305.09979	0.24731445
-40.026699	-305.44583	0.25708008
-40.026749	-306.86954	0.2668457
-40.025726	-308.40341	0.27661133
-40.024765	-311.08701	0.28637695
-40.023823	-306.78781	0.29614258
-40.02372	-307.11673	0.3059082
-40.021679	-302.46393	0.31567383
-40.02158	-299.91586	0.32543945
-40.02055	-304.242	0.33520508
-40.019585	-306.6485	0.3449707
-40.019234	-308.547	0.35473633
-40.017601	-304.151	0.36450195
-40.017601	-298.71185	0.37426758
-40.017406	-297.68881	0.3840332
-40.0154	-300.81201	0.39379883
-40.01524	-302.13245	0.40356445
-40.014099	-302.67459	0.41333008
-40.013668	-303.06622	0.4230957
-40.012108	-297.74234	0.43286133
-40.010761	-295.30121	0.44262695
-40.01049	-294.48642	0.45239258
-40.009846	-298.00235	0.4621582
-40.009392	-302.58325	0.47192383
-40.008377	-298.28784	0.48168945
-40.009068	-295.2475	0.49145508
-40.008213	-291.96448	0.5012207
-40.005116	-293.73038	0.51098633
-40.004913	-297.52545	0.52075195
-40.005329	-294.92548	0.53051758
-40.003548	-298.71927	0.5402832
-40.0028	-292.58112	0.55004883
-40.001953	-291.30624	0.55981445
-40.001434	-288.80872	0.56958008
-39.999874	-288.59253	0.5793457
-40.000351	-297.3078	0.58911133
-39.998985	-294.12213	0.59887695
-39.998016	-289.78137	0.60864258
-39.997692	-288.43951	0.6184082
-39.996479	-285.89313	0.62817383
-39.995144	-290.31128	0.63793945
-39.995052	-286.96234	0.64770508
-39.993969	-290.46866	0.6574707
-39.99358	-290.33508	0.66723633
-39.992329	-286.04825	0.67700195
-39.990795	-284.58951	0.68676758
-39.989712	-281.97974	0.6965332
-39.990311	-285.65372	0.70629883
-39.987938	-287.37189	0.71606445
-39.987946	-285.08719	0.72583008
-39.988472	-282.88043	0.7355957
-39.98745	-281.23734	0.74536133
-39.98547	-281.35306	0.75512695
-39.985264	-281.29822	0.76489258
-39.984589	-281.11343	0.7746582
-39.983585	-283.64896	0.78442383
-39.982792	-285.27853	0.79418945
-39.982044	-281.14304	0.80395508
-39.980228	-275.79977	0.8137207
-39.98048	-279.48709	0.82348633
-39.980225	-276.39435	0.83325195
-39.978516	-281.24643	0.84301758
-39.978222	-277.82089	0.8527832
-39.976742	-279.03406	0.86254883
-39.976982	-279.5672	0.87231445
-39.974724	-273.50076	0.88208008
-39.974121	-273.04993	0.8918457
-39.974552	-275.01715	0.90161133
-39.972309	-278.61694	0.91137695
-39.973278	-279.22656	0.92114258
-39.970531	-271.26596	0.9309082
-39.969791	-271.75772	0.94067383
-39.969711	-269.37653	0.95043945
-39.969296	-273.05261	0.96020508
-39.967197	-274.36887	0.9699707
-39.967651	-270.75302	0.97973633
-39.966625	-273.13696	0.98950195
-39.966091	-266.97113	0.99926758
-39.965317	-264.90729	1.0090332
-39.964352	-268.38348	1.0187988
-39.962658	-270.60165	1.0285645
-39.961597	-273.8793	1.0383301
-39.961502	-269.23889	1.0480957
-39.960953	-263.89313	1.0578613
-39.959389	-263.66922	1.067627
-39.958286	-265.59158	1.0773926
-39.958549	-266.38174	1.0871582
-39.956989	-266.88223	1.0969238
-39.956619	-269.10526	1.1066895
-39.955933	-262.98969	1.1164551
-39.954304	-259.17975	1.1262207
-39.954781	-258.8519	1.1359863
-39.953587	-264.02069	1.145752
-39.954021	-266.74728	1.1555176
-39.952553	-265.19379	1.1652832
-39.950474	-260.67273	1.1750488
-39.949684	-256.29797	1.1848145
-39.948006	-259.11978	1.1945801
-39.947975	-261.46457	1.2043457
-39.949287	-259.55475	1.2141113
-39.94651	-264.53931	1.223877
-39.945602	-258.21838	1.2336426
-39.944908	-256.36099	1.2434082
-39.945713	-254.53404	1.2531738
-39.944733	-253.79347	1.2629395
-39.942093	-260.50958	1.2727051
-39.941555	-257.14368	1.2824707
-39.941555	-256.70187	1.2922363
-39.940166	-253.72643	1.302002
-39.93866	-251.57616	1.3117676
-39.939419	-252.34428	1.3215332
-39.937897	-252.07001	1.3312988
-39.937225	-253.26714	1.3410645
-39.937408	-255.34045	1.3508301
-39.935509	-251.55708	1.3605957
-39.934574	-251.19984	1.3703613
-39.93491	-245.09636	1.380127
-39.932369	-250.63655	1.3898926
-39.932899	-249.97952	1.3996582
-39.931297	-249.74475	1.4094238
-39.929947	-250.62555	1.4191895
-39.930485	-246.61824	1.4289551
-39.929657	-247.55328	1.4387207
-39.927872	-245.77005	1.4484863
-39.927155	-244.8839	1.458252
-39.9258	-247.20966	1.4680176
-39.925648	-250.17178	1.4777832
-39.924107	-246.52863	1.4875488
-39.925579	-241.17302	1.4973145
-39.924068	-242.0679	1.5070801
-39.922688	-241.22997	1.5168457
-39.922482	-244.34691	1.5266113
-39.921631	-243.76093	1.536377
-39.920258	-243.56595	1.5461426
-39.919415	-243.47746	1.5559082
-39.917934	-238.50443	1.5656738
-39.918156	-236.91974	1.5754395
-39.916359	-237.1051	1.5852051
-39.915134	-242.96768	1.5949707
-39.914879	-242.76497	1.6047363
-39.914806	-237.24748	1.614502
-39.912861	-234.83752	1.6242676
-39.912579	-232.61237	1.6340332
-39.912426	-236.05846	1.6437988
-39.912216	-236.88962	1.6535645
-39.909962	-236.56018	1.6633301
-39.908749	-239.79182	1.6730957
-39.908367	-233.15239	1.6828613
-39.907764	-229.84744	1.692627
-39.906422	-231.5106	1.7023926
-39.905373	-233.74844	1.7121582
-39.905819	-240.29514	1.7219238
-39.904667	-235.49657	1.7316895
-39.90295	-230.8954	1.7414551
-39.902756	-228.61929	1.7512207
-39.902241	-227.79189	1.7609863
-39.902279	-232.22565	1.770752
-39.900372	-230.28163	1.7805176
-39.899269	-233.68196	1.7902832
-39.899242	-227.58865	1.8000488
-39.897831	-225.48907	1.8098145
-39.897087	-224.14557	1.8195801
-39.89576	-226.94931	1.8293457
-39.895145	-231.79994	1.8391113
-39.895191	-230.81761	1.848877
-39.893879	-227.08287	1.8586426
-39.892925	-223.46878	1.8684082
-39.892895	-223.72386	1.8781738
-39.891632	-224.33313	1.8879395
-39.891376	-222.77435	1.8977051
-39.890282	-227.69286	1.9074707
-39.889225	-224.26869	1.9172363
-39.888084	-224.55167	1.927002
-39.887535	-217.90407	1.9367676
-39.886829	-217.91759	1.9465332
-39.885303	-223.42006	1.9562988
-39.884846	-220.13264	1.9660645
-39.884552	-222.13568	1.9758301
-39.882988	-219.92833	1.9855957
-39.882286	-217.25494	1.9953613
-39.882008	-217.54932	2.005127
-39.881302	-214.19688	2.0148926
-39.879669	-218.20593	2.0246582
-39.879707	-218.98393	2.0344238
-39.879593	-217.96838	2.0441895
-39.878159	-214.87152	2.0539551
-39.877037	-209.92943	2.0637207
-39.875931	-215.09239	2.0734863
-39.874069	-213.02718	2.083252
-39.874969	-213.2924	2.0930176
-39.873726	-214.64336	2.1027832
-39.871983	-212.08995	2.1125488
-39.871872	-212.31612	2.1223145
-39.872009	-209.84839	2.1320801
-39.870605	-206.92374	2.1418457
-39.868996	-211.56007	2.1516113
-39.86853	-210.44591	2.161377
-39.868439	-212.14424	2.1711426
-39.866673	-208.65994	2.1809082
-39.865715	-206.75984	2.1906738
-39.865719	-206.62524	2.2004395
-39.864964	-207.95207	2.2102051
-39.864346	-208.96213	2.2199707
-39.862511	-209.34721	2.2297363
-39.861855	-209.15446	2.239502
-39.861294	-204.45792	2.2492676
-39.861065	-201.58524	2.2590332
-39.860119	-201.32848	2.2687988
-39.858685	-206.20412	2.2785645
-39.858418	-207.61885	2.2883301
-39.857876	-203.62119	2.2980957
-39.855671	-201.4124	2.3078613
-39.85487	-197.27914	2.317627
-39.855148	-198.67018	2.3273926
-39.854111	-199.94463	2.3371582
-39.853607	-201.33305	2.3469238
-39.852032	-205.76065	2.3566895
-39.85144	-198.82011	2.3664551
-39.851273	-194.88756	2.3762207
-39.851124	-195.30789	2.3859863
-39.849339	-195.80878	2.395752
-39.848801	-203.39911	2.4055176
-39.848816	-198.95016	2.4152832
-39.846817	-196.15559	2.4250488
-39.846931	-194.65327	2.4348145
-39.845406	-192.91661	2.4445801
-39.844448	-195.13051	2.4543457
-39.84425	-194.789	2.4641113
-39.842499	-198.92314	2.473877
-39.841614	-195.38087	2.4836426
-39.840515	-189.44197	2.4934082
-39.840557	-188.00723	2.5031738
-39.837811	-188.43784	2.5129395
-39.839218	-193.93008	2.5227051
-39.837463	-195.44667	2.5324707
-39.837482	-191.15829	2.5422363
-39.836426	-189.44202	2.552002
-39.835178	-188.60376	2.5617676
-39.834705	-186.8895	2.5715332
-39.833584	-186.5287	2.5812988
-39.833275	-190.31984	2.5910645
-39.832561	-189.86302	2.6008301
-39.83115	-189.54749	2.6105957
-39.830872	-184.81503	2.6203613
-39.829384	-181.79547	2.630127
-39.829678	-185.84973	2.6398926
-39.826706	-184.99739	2.6496582
-39.827957	-185.74402	2.6594238
-39.826595	-185.78558	2.6691895
-39.825523	-183.39992	2.6789551
-39.825069	-184.21243	2.6887207
-39.824062	-178.91359	2.6984863
-39.82259	-180.34465	2.708252
-39.822628	-182.81949	2.7180176
-39.821415	-183.29871	2.7277832
-39.820724	-181.99481	2.7375488
-39.818718	-175.40906	2.7473145
-39.819386	-179.33592	2.7570801
-39.819054	-176.96617	2.7668457
-39.817558	-178.14267	2.7766113
-39.817108	-180.49348	2.786377
-39.815174	-178.32442	2.7961426
-39.813995	-180.16348	2.8059082
-39.813061	-173.50624	2.8156738
-39.813335	-171.44952	2.8254395
-39.812958	-175.36732	2.8352051
-39.812752	-177.22174	2.8449707
-39.811497	-178.19707	2.8547363
-39.809502	-173.32208	2.864502
-39.808685	-172.5724	2.8742676
-39.809322	-170.32709	2.8840332
-39.808617	-169.39905	2.8937988
-39.806114	-171.96536	2.9035645
-39.805233	-172.97499	2.9133301
-39.805614	-175.39316	2.9230957
-39.804909	-170.40472	2.9328613
-39.803005	-163.2565	2.942627
-39.802586	-165.5396	2.9523926
-39.801235	-170.10947	2.9621582
-39.801437	-171.80605	2.9719238
-39.801193	-169.54797	2.9816895
-39.800491	-167.09296	2.9914551
-39.799187	-162.87881	3.0012207
-39.797722	-164.25418	3.0109863
-39.797443	-165.80095	3.020752
-39.796932	-165.46953	3.0305176
-39.796227	-170.42694	3.0402832
-39.794773	-164.94833	3.0500488
-39.793354	-162.40807	3.0598145
-39.793011	-158.32063	3.0695801
-39.791225	-161.69943	3.0793457
-39.791866	-167.18288	3.0891113
-39.790714	-165.63528	3.098877
-39.790672	-163.10971	3.1086426
-39.789455	-157.48824	3.1184082
-39.7883	-156.78001	3.1281738
-39.787182	-160.73143	3.1379395
-39.785995	-158.13013	3.1477051
-39.785172	-162.8385	3.1574707
-39.78529	-160.15436	3.1672363
-39.783974	-157.08095	3.177002
-39.783051	-153.74423	3.1867676
-39.783077	-152.59276	3.1965332
-39.78133	-158.79593	3.2062988
-39.781433	-157.59042	3.2160645
-39.780083	-157.21959	3.2258301
-39.778625	-156.22438	3.2355957
-39.778561	-153.32996	3.2453613
-39.777431	-152.62448	3.255127
-39.777206	-150.94467	3.2648926
-39.776783	-153.77649	3.2746582
-39.774433	-156.29428	3.2844238
-39.774029	-155.12827	3.2941895
-39.774193	-151.32964	3.3039551
-39.772442	-146.808	3.3137207
-39.771393	-150.3046	3.3234863
-39.77076	-148.17947	3.333252
-39.77026	-149.92387	3.3430176
-39.768974	-150.17744	3.3527832
-39.76886	-150.54837	3.3625488
-39.767883	-148.78813	3.3723145
-39.76685	-144.36028	3.3820801
-39.76598	-144.17291	3.3918457
-39.766056	-145.72464	3.4016113
-39.76432	-150.27812	3.411377
-39.762646	-147.24699	3.4211426
-39.762661	-142.66017	3.4309082
-39.761795	-144.87894	3.4406738
-39.761059	-140.50832	3.4504395
-39.760059	-143.75684	3.4602051
-39.760475	-143.47958	3.4699707
-39.759872	-144.09048	3.4797363
-39.75816	-145.37807	3.489502
-39.758156	-139.37654	3.4992676
-39.756031	-134.83716	3.5090332
-39.754692	-138.10542	3.5187988
-39.754818	-141.01453	3.5285645
-39.754364	-144.54832	3.5383301
-39.752762	-138.0078	3.5480957
-39.752632	-138.18773	3.5578613
-39.750801	-133.90028	3.567627
-39.750408	-134.49211	3.5773926
-39.748871	-137.10666	3.5871582
-39.748756	-139.58229	3.5969238
-39.748409	-140.9583	3.6066895
-39.747272	-134.78458	3.6164551
-39.746864	-129.85323	3.6262207
-39.746567	-129.51045	3.6359863
-39.745583	-131.68063	3.645752
-39.74445	-137.79958	3.6555176
-39.743301	-135.54292	3.6652832
-39.742561	-131.48836	3.6750488
-39.742542	-128.8815	3.6848145
-39.741436	-128.23456	3.6945801
-39.739784	-128.69191	3.7043457
-39.739658	-130.60321	3.7141113
-39.739464	-134.17482	3.723877
-39.73835	-130.41727	3.7336426
-39.736534	-126.15926	3.7434082
-39.737049	-122.62254	3.7531738
-39.735649	-123.81138	3.7629395
-39.734512	-130.90347	3.7727051
-39.733799	-128.00308	3.7824707
-39.732922	-128.06596	3.7922363
-39.731476	-124.27869	3.802002
-39.730297	-121.39552	3.8117676
-39.730782	-123.25132	3.8215332
-39.729385	-119.95779	3.8312988
-39.728317	-127.88311	3.8410645
-39.728939	-126.21024	3.8508301
-39.727818	-123.38557	3.8605957
-39.726883	-118.89895	3.8703613
-39.725414	-114.90762	3.880127
-39.723423	-120.90919	3.8898926
-39.725632	-121.43293	3.8996582
-39.722805	-120.02074	3.9094238
-39.722771	-120.56493	3.9191895
-39.721642	-118.63139	3.9289551
-39.72205	-117.6859	3.9387207
-39.719555	-112.49468	3.9484863
-39.719296	-116.17612	3.958252
-39.71925	-119.17123	3.9680176
-39.717251	-118.80573	3.9777832
-39.715649	-115.63734	3.9875488
-39.715401	-113.1272	3.9973145
-39.715065	-113.41301	4.0070801
-39.713749	-112.66283	4.0168457
-39.7131	-112.73732	4.0266113
-39.712479	-115.65672	4.036377
-39.711113	-115.48566	4.0461426
-39.710663	-112.83244	4.0559082
-39.710957	-109.29124	4.0656738
-39.709324	-107.25751	4.0754395
-39.709122	-110.55974	4.0852051
-39.707897	-113.88741	4.0949707
-39.707848	-113.75428	4.1047363
-39.706978	-108.9557	4.114502
-39.704762	-109.61878	4.1242676
-39.705013	-103.19532	4.1340332
-39.703178	-105.34278	4.1437988
-39.702713	-106.23686	4.1535645
-39.702415	-109.41328	4.1633301
-39.700539	-109.56078	4.1730957
-39.700012	-102.54702	4.1828613
-39.699234	-99.739052	4.192627
-39.697834	-100.25064	4.2023926
-39.697948	-104.35074	4.2121582
-39.697166	-108.30349	4.2219238
-39.695534	-103.31539	4.2316895
-39.695099	-103.8484	4.2414551
-39.694126	-99.057289	4.2512207
-39.69479	-98.087036	4.2609863
-39.693672	-100.13947	4.270752
-39.692505	-100.64401	4.2805176
-39.690998	-105.91805	4.2902832
-39.691204	-101.17313	4.3000488
-39.68903	-93.91185	4.3098145
-39.689693	-94.588547	4.3195801
-39.68898	-95.645729	4.3293457
-39.687317	-100.35031	4.3391113
-39.687309	-99.592941	4.348877
-39.686081	-98.351616	4.3586426
-39.685123	-95.614784	4.3684082
-39.683903	-91.77861	4.3781738
-39.684258	-91.815468	4.3879395
-39.681686	-93.053101	4.3977051
-39.681519	-98.117714	4.4074707
-39.680035	-94.957642	4.4172363
-39.681076	-93.082207	4.427002
-39.679306	-88.79715	4.4367676
-39.678379	-89.269341	4.4465332
-39.677338	-92.365906	4.4562988
-39.677513	-91.46965	4.4660645
-39.675671	-92.255981	4.4758301
-39.674648	-89.790024	4.4855957
-39.675636	-88.750839	4.4953613
-39.672997	-86.657562	4.505127
-39.672577	-85.862358	4.5148926
-39.672005	-91.244034	4.5246582
-39.671967	-88.377533	4.5344238
-39.670238	-90.17952	4.5441895
-39.66975	-85.855339	4.5539551
-39.667152	-82.333694	4.5637207
-39.669025	-86.096008	4.5734863
-39.666779	-83.65377	4.583252
-39.667328	-86.326797	4.5930176
-39.66441	-86.718872	4.6027832
-39.664513	-83.455353	4.6125488
-39.664066	-83.943237	4.6223145
-39.661507	-77.498047	4.6320801
-39.662319	-82.017685	4.6418457
-39.661373	-81.776909	4.6516113
-39.659573	-83.794998	4.661377
-39.658401	-81.915588	4.6711426
-39.659756	-76.907562	4.6809082
-39.657921	-78.028709	4.6906738
-39.657417	-77.674362	4.7004395
-39.656334	-78.966125	4.7102051
-39.656185	-80.090523	4.7199707
-39.65464	-81.003708	4.7297363
-39.655056	-79.436798	4.739502
-39.653946	-74.179489	4.7492676
-39.652924	-70.508011	4.7590332
-39.650917	-74.255638	4.7687988
-39.650703	-77.037193	4.7785645
-39.649693	-78.850838	4.7883301
-39.649277	-75.20163	4.7980957
-39.648891	-74.082878	4.8078613
-39.647293	-68.328476	4.817627
-39.646156	-70.629219	4.8273926
-39.6451	-70.816612	4.8371582
-39.643673	-74.020721	4.8469238
-39.6436	-75.188766	4.8566895
-39.643833	-71.722015	4.8664551
-39.642399	-66.233955	4.8762207
-39.642426	-64.972641	4.8859863
-39.641293	-69.265358	4.895752
-39.640099	-73.928154	4.9055176
-39.639149	-69.430748	4.9152832
-39.639275	-69.723869	4.9250488
-39.637562	-63.82724	4.9348145
-39.636147	-62.2216	4.9445801
-39.636871	-63.996418	4.9543457
-39.636272	-64.261871	4.9641113
-39.634209	-73.07444	4.973877
-39.633625	-66.875008	4.9836426
-39.632977	-60.87421	4.9934082
-39.63208	-60.220524	5.0031738
-39.631145	-60.112038	5.0129395
-39.629951	-66.145111	5.0227051
-39.629238	-63.558891	5.0324707
-39.629486	-62.776932	5.0422363
-39.626129	-60.874569	5.052002
-39.626381	-58.745445	5.0617676
-39.627026	-57.086449	5.0715332
-39.626175	-57.609497	5.0812988
-39.624786	-63.850418	5.0910645
-39.624359	-61.743031	5.1008301
-39.623047	-59.459747	5.1105957
-39.622658	-55.509373	5.1203613
-39.621666	-53.287914	5.130127
-39.621288	-56.738884	5.1398926
-39.618855	-56.262737	5.1496582
-39.618534	-54.943314	5.1594238
-39.61805	-56.042488	5.1691895
-39.616589	-54.135666	5.1789551
-39.615917	-52.973942	5.1887207
-39.61639	-51.031788	5.1984863
-39.615326	-53.657833	5.208252
-39.613758	-53.616932	5.2180176
-39.613529	-55.319698	5.2277832
-39.612152	-51.748905	5.2375488
-39.611767	-47.354057	5.2473145
-39.610935	-50.024914	5.2570801
-39.611481	-48.217819	5.2668457
-39.60955	-48.966908	5.2766113
-39.609245	-50.770321	5.286377
-39.607311	-51.619362	5.2961426
-39.606701	-49.480137	5.3059082
-39.605587	-42.933868	5.3156738
-39.604641	-44.271217	5.3254395
-39.604713	-47.056572	5.3352051
-39.603409	-48.858387	5.3449707
-39.602394	-48.768044	5.3547363
-39.601597	-43.009369	5.364502
-39.601547	-46.065838	5.3742676
-39.599979	-41.542763	5.3840332
-39.599167	-41.017948	5.3937988
-39.597347	-44.281677	5.4035645
-39.597279	-44.109905	5.4133301
-39.596058	-46.451256	5.4230957
-39.596203	-39.846561	5.4328613
-39.595539	-36.320953	5.442627
-39.594913	-37.480473	5.4523926
-39.594059	-41.079998	5.4621582
-39.592804	-43.738655	5.4719238
-39.592514	-41.952061	5.4816895
-39.591911	-39.543865	5.4914551
-39.590847	-34.96019	5.5012207
-39.589405	-35.159283	5.5109863
-39.589512	-34.785099	5.520752
-39.588486	-40.551178	5.5305176
-39.586739	-42.56591	5.5402832
-39.586582	-36.45602	5.5500488
-39.585735	-31.825069	5.5598145
-39.584152	-28.625526	5.5695801
-39.584682	-33.166702	5.5793457
-39.583714	-36.373661	5.5891113
-39.582817	-33.973118	5.598877
-39.581696	-35.47821	5.6086426
-39.58017	-30.110973	5.6184082
-39.579201	-27.717606	5.6281738
-39.579113	-29.150679	5.6379395
-39.577892	-27.691505	5.6477051
-39.578133	-36.2061	5.6574707
-39.576088	-32.291664	5.6672363
-39.575623	-28.813377	5.677002
-39.574707	-24.998638	5.6867676
-39.573689	-24.894325	5.6965332
-39.57362	-29.237387	5.7062988
-39.57338	-28.798931	5.7160645
-39.571171	-29.317764	5.7258301
-39.570576	-28.023523	5.7355957
-39.569736	-23.690271	5.7453613
-39.569458	-24.019318	5.755127
-39.569115	-21.048712	5.7648926
-39.567089	-28.090212	5.7746582
-39.566952	-27.607605	5.7844238
-39.567242	-25.924778	5.7941895
-39.564861	-21.942238	5.8039551
-39.564312	-19.097973	5.8137207
-39.563465	-22.091095	5.8234863
-39.563038	-21.992136	5.833252
-39.561832	-21.837933	5.8430176
-39.560417	-21.815657	5.8527832
-39.5606	-22.423569	5.8625488
-39.55957	-19.110359	5.8723145
-39.558685	-15.790283	5.8820801
-39.557678	-18.0553	5.8918457
-39.55735	-19.186432	5.9016113
-39.556351	-21.930191	5.911377
-39.554527	-18.837967	5.9211426
-39.555477	-16.186235	5.9309082
-39.55389	-15.649244	5.9406738
-39.554062	-13.662682	5.9504395
-39.552475	-14.47882	5.9602051
-39.551388	-16.360437	5.9699707
-39.550636	-19.31068	5.9797363
-39.54937	-17.866796	5.989502
-39.547729	-9.4683962	5.9992676
-39.548313	-11.11596	6.0090332
-39.548016	-10.226277	6.0187988
-39.547073	-14.66258	6.0285645
-39.545959	-13.060867	6.0383301
-39.544632	-10.264971	6.0480957
-39.54454	-12.110723	6.0578613
-39.543411	-5.1789002	6.067627
-39.542469	-7.4247985	6.0773926
-39.542248	-8.419467	6.0871582
-39.540554	-11.193129	6.0969238
-39.540524	-14.247749	6.1066895
-39.539036	-7.8101444	6.1164551
-39.539017	-2.8015227	6.1262207
-39.53756	-4.1695967	6.1359863
-39.53603	-5.7071505	6.145752
-39.535965	-9.0061922	6.1555176
-39.534729	-6.1475534	6.1652832
-39.534397	-6.2670712	6.1750488
-39.534775	-2.5533006	6.1848145
-39.533215	-0.39992046	6.1945801
-39.532982	1.0153186	6.2043457
-39.531528	-3.6390789	6.2141113
-39.531879	-7.5244722	6.223877
-39.530579	-4.7041125	6.2336426
-39.527779	-0.059719551	6.2434082
-39.528187	4.2599559	6.2531738
-39.527092	1.4870305	6.2629395
-39.525486	-0.91620809	6.2727051
-39.524357	-0.92709309	6.2824707
-39.524471	-1.5605786	6.2922363
-39.523495	3.1644943	6.302002
-39.522884	3.7924697	6.3117676
-39.522346	7.7614317	6.3215332
-39.522411	4.4661913	6.3312988
-39.519955	-2.3630562	6.3410645
-39.520363	1.1625202	6.3508301
-39.519077	4.1410494	6.3605957
-39.517776	7.5436382	6.3703613
-39.516792	9.320673	6.380127
-39.515442	4.5078259	6.3898926
-39.516769	7.7517586	6.3996582
-39.515606	4.9824476	6.4094238
-39.513592	5.0566335	6.4191895
-39.513447	9.0037842	6.4289551
-39.51207	10.365468	6.4387207
-39.510757	15.269565	6.4484863
-39.511341	7.2607312	6.458252
-39.509769	8.8447247	6.4680176
-39.508774	9.4460735	6.4777832
-39.507572	11.804239	6.4875488
-39.508812	15.233207	6.4973145
-39.507462	13.023858	6.5070801
-39.50634	14.738305	6.5168457
-39.504738	14.615475	6.5266113
-39.503696	12.021598	6.536377
-39.50351	13.250186	6.5461426
-39.501614	14.382415	6.5559082
-39.500713	19.888065	6.5656738
-39.501545	17.597963	6.5754395
-39.500771	17.176607	6.5852051
-39.500256	14.546031	6.5949707
-39.499378	14.941497	6.6047363
-39.498089	17.198931	6.614502
-39.497093	17.591791	6.6242676
-39.49559	22.041466	6.6340332
-39.494545	21.833118	6.6437988
-39.49361	21.161602	6.6535645
-39.49361	16.255611	6.6633301
-39.492527	17.169514	6.6730957
-39.491062	26.033644	6.6828613
-39.491863	26.194983	6.692627
-39.490948	25.009752	6.7023926
-39.490105	21.312548	6.7121582
-39.489723	19.263563	6.7219238
-39.486626	22.527786	6.7316895
-39.488029	19.937696	6.7414551
-39.486866	29.852551	6.7512207
-39.486477	29.416674	6.7609863
-39.484909	27.790731	6.770752
-39.483921	24.684063	6.7805176
-39.481739	19.751448	6.7902832
-39.481949	26.804688	6.8000488
-39.481091	31.72525	6.8098145
-39.480206	33.817806	6.8195801
-39.479599	30.741074	6.8293457
-39.480103	26.125845	6.8391113
-39.478348	28.177385	6.848877
-39.476505	26.171938	6.8586426
-39.47641	33.088512	6.8684082
-39.475994	34.906769	6.8781738
-39.474739	36.937115	6.8879395
-39.475395	32.937424	6.8977051
-39.472729	28.707987	6.9074707
-39.471851	29.283459	6.9172363
-39.472763	36.066029	6.927002
-39.470959	39.045807	6.9367676
-39.469288	38.320469	6.9465332
-39.46957	36.873737	6.9562988
-39.468422	35.172859	6.9660645
-39.467754	33.691147	6.9758301
-39.467926	35.907398	6.9855957
-39.465691	37.630791	6.9953613
-39.465458	41.066078	7.005127
-39.465401	41.991741	7.0148926
-39.463211	36.10466	7.0246582
-39.462822	34.858444	7.0344238
-39.461887	37.696022	7.0441895
-39.460487	42.000011	7.0539551
-39.459988	43.625435	7.0637207
-39.459538	42.520771	7.0734863
-39.458225	43.975643	7.083252
-39.457966	40.124763	7.0930176
-39.456669	41.325821	7.1027832
-39.456631	41.155025	7.1125488
-39.456211	43.061218	7.1223145
-39.454613	49.086506	7.1320801
-39.454369	44.20224	7.1418457
-39.453899	46.196461	7.1516113
-39.45253	43.536953	7.161377
-39.45166	46.855751	7.1711426
-39.450539	49.436935	7.1809082
-39.449932	46.320717	7.1906738
-39.448338	49.877937	7.2004395
-39.447948	51.127712	7.2102051
-39.447849	46.251804	7.2199707
-39.446239	47.103321	7.2297363
-39.445412	47.334064	7.239502
-39.445057	53.633411	7.2492676
-39.443569	52.839062	7.2590332
-39.443199	53.147366	7.2687988
-39.44252	50.619137	7.2785645
-39.441055	49.181961	7.2883301
-39.440666	51.077396	7.2980957
-39.439533	51.483952	7.3078613
-39.438667	56.588604	7.317627
-39.43877	56.92783	7.3273926
-39.43779	56.678425	7.3371582
-39.437801	50.825272	7.3469238
-39.436169	50.936211	7.3566895
-39.435272	57.327351	7.3664551
-39.43494	61.038963	7.3762207
-39.433792	60.626926	7.3859863
-39.432526	58.465561	7.395752
-39.431549	56.977604	7.4055176
-39.431053	58.257256	7.4152832
-39.428703	54.881332	7.4250488
-39.428928	61.853451	7.4348145
-39.428329	62.636009	7.4445801
-39.428024	63.707909	7.4543457
-39.426777	60.449074	7.4641113
-39.425945	52.530231	7.473877
-39.425362	61.801918	7.4836426
-39.424549	64.999535	7.4934082
-39.423771	67.575127	7.5031738
-39.423271	66.692314	7.5129395
-39.422169	62.19783	7.5227051
-39.420059	64.858185	7.5324707
-39.420971	60.882557	7.5422363
-39.41967	65.614838	7.552002
-39.418419	69.591576	7.5617676
-39.417908	70.146339	7.5715332
-39.417118	70.815979	7.5812988
-39.41581	63.275574	7.5910645
-39.41547	64.480774	7.6008301
-39.414742	69.949287	7.6105957
-39.413841	72.254219	7.6203613
-39.412884	73.751808	7.630127
-39.413811	71.020248	7.6398926
-39.410328	71.344872	7.6496582
-39.41124	68.91069	7.6594238
-39.410709	68.521812	7.6691895
-39.408573	73.320274	7.6789551
-39.408588	76.433403	7.6887207
-39.407608	77.049904	7.6984863
-39.407276	72.677284	7.708252
-39.40696	71.367767	7.7180176
-39.405689	71.272209	7.7277832
-39.404907	77.085976	7.7375488
-39.403099	78.075699	7.7473145
-39.40337	78.599464	7.7570801
-39.401588	79.786575	7.7668457
-39.400898	76.106514	7.7766113
-39.400902	74.090317	7.786377
-39.398571	76.203049	7.7961426
-39.39785	78.736244	7.8059082
-39.397587	82.73037	7.8156738
-39.396271	79.909752	7.8254395
-39.396248	81.254318	7.8352051
-39.395184	78.288315	7.8449707
-39.394321	80.264305	7.8547363
-39.394127	81.698395	7.864502
-39.392509	80.561874	7.8742676
-39.391632	85.069534	7.8840332
-39.38995	85.134666	7.8937988
-39.390484	81.471268	7.9035645
-39.389057	79.840889	7.9133301
-39.389465	80.056618	7.9230957
-39.387325	88.830612	7.9328613
-39.387421	88.949348	7.942627
-39.386124	88.478317	7.9523926
-39.386257	86.712891	7.9621582
-39.385124	84.313019	7.9719238
-39.383797	87.047989	7.9816895
-39.38406	86.981575	7.9914551
-39.382355	90.087761	8.0012207
-39.381424	94.655891	8.0109863
-39.380051	91.562492	8.020752
-39.380146	87.037361	8.0305176
-39.378769	83.751343	8.0402832
-39.377441	89.133301	8.0500488
-39.377396	95.184845	8.0598145
-39.377426	95.662498	8.0695801
-39.375771	92.981857	8.0793457
-39.375816	90.826149	8.0891113
-39.375282	90.972252	8.098877
-39.37299	89.643631	8.1086426
-39.372639	96.982803	8.1184082
-39.372616	98.358276	8.1281738
-39.370663	100.4257	8.1379395
-39.370422	96.139885	8.1477051
-39.369358	88.654472	8.1574707
-39.367641	94.453949	8.1672363
-39.367779	98.361214	8.177002
-39.366478	101.79242	8.1867676
-39.365452	99.7817	8.1965332
-39.364838	96.836143	8.2062988
-39.363628	97.808998	8.2160645
-39.363567	92.738792	8.2258301
-39.363419	99.641052	8.2355957
-39.361927	101.72663	8.2453613
-39.361965	104.07738	8.255127
-39.360165	105.7601	8.2648926
-39.359879	98.362114	8.2746582
-39.357906	99.370781	8.2844238
-39.35754	102.06595	8.2941895
-39.356247	105.26947	8.3039551
-39.355362	107.46018	8.3137207
-39.356133	104.28259	8.3234863
-39.354511	106.68732	8.333252
-39.35445	103.76781	8.3430176
-39.353916	102.01871	8.3527832
-39.352047	104.94338	8.3625488
-39.351276	108.47327	8.3723145
-39.350819	112.50723	8.3820801
-39.350128	106.70638	8.3918457
-39.349422	106.65498	8.4016113
-39.34848	106.44637	8.411377
-39.348194	111.34706	8.4211426
-39.34697	109.02521	8.4309082
-39.345699	111.80873	8.4406738
-39.343361	113.57319	8.4504395
-39.343369	111.91068	8.4602051
-39.34428	111.34512	8.4699707
-39.343525	108.51329	8.4797363
-39.340649	111.66165	8.489502
-39.342331	117.06601	8.4992676
-39.339211	116.23037	8.5090332
-39.339546	117.28773	8.5187988
-39.33765	113.57178	8.5285645
-39.337406	112.50927	8.5383301
-39.336895	114.72928	8.5480957
-39.335274	111.92443	8.5578613
-39.335007	121.04104	8.567627
-39.334541	119.89273	8.5773926
-39.333801	117.84121	8.5871582
-39.333145	114.57101	8.5969238
-39.331211	113.05664	8.6066895
-39.330803	120.59706	8.6164551
-39.329685	119.98849	8.6262207
-39.32935	122.93966	8.6359863
-39.328766	121.81499	8.645752
-39.32811	116.84756	8.6555176
-39.326351	119.56997	8.6652832
-39.325073	117.37055	8.6750488
-39.3251	123.81126	8.6848145
-39.324493	128.33945	8.6945801
-39.323872	125.73704	8.7043457
-39.32349	122.69578	8.7141113
-39.32177	119.29282	8.723877
-39.321644	123.1423	8.7336426
-39.320461	127.16437	8.7434082
-39.319458	128.72606	8.7531738
-39.318344	128.05139	8.7629395
-39.317539	125.72403	8.7727051
-39.316673	124.71037	8.7824707
-39.316879	122.90758	8.7922363
-39.316116	127.00179	8.802002
-39.314777	131.94936	8.8117676
-39.314434	133.64699	8.8215332
-39.312645	129.7393	8.8312988
-39.313641	125.24638	8.8410645
-39.31192	125.03949	8.8508301
-39.310616	130.93483	8.8605957
-39.310505	132.58505	8.8703613
-39.309719	132.88512	8.880127
-39.309185	132.77797	8.8898926
-39.307903	135.39375	8.8996582
-39.306877	129.42151	8.9094238
-39.306896	132.88353	8.9191895
-39.305073	133.89168	8.9289551
-39.304287	138.45578	8.9387207
-39.302319	139.28853	8.9484863
-39.303326	130.98767	8.958252
-39.30191	132.59172	8.9680176
-39.301395	135.21463	8.9777832
-39.299824	137.13977	8.9875488
-39.299549	139.73286	8.9973145
-39.298779	139.82909	9.0070801
-39.296799	140.69148	9.0168457
-39.296638	137.86006	9.0266113
-39.295906	139.11589	9.036377
-39.295376	137.08553	9.0461426
-39.294567	140.30081	9.0559082
-39.293484	145.02025	9.0656738
-39.293915	143.06659	9.0754395
-39.292408	142.15616	9.0852051
-39.290764	142.77509	9.0949707
-39.290558	141.93349	9.1047363
-39.289574	141.74426	9.114502
-39.288849	143.63005	9.1242676
-39.287643	146.8907	9.1340332
-39.28643	147.71815	9.1437988
-39.286106	143.07817	9.1535645
-39.285034	140.92769	9.1633301
-39.28437	144.05299	9.1730957
-39.283558	148.67245	9.1828613
-39.282635	149.87354	9.192627
-39.282143	150.16133	9.2023926
-39.281284	147.53937	9.2121582
-39.280514	147.03812	9.2219238
-39.280441	145.60922	9.2316895
-39.279541	145.64992	9.2414551
-39.278069	153.3658	9.2512207
-39.276646	153.8443	9.2609863
-39.276985	153.04895	9.270752
-39.274036	148.78703	9.2805176
-39.27401	147.65947	9.2902832
-39.273205	153.03835	9.3000488
-39.273117	153.69699	9.3098145
-39.272392	157.45197	9.3195801
-39.271801	155.90195	9.3293457
-39.271309	152.5751	9.3391113
-39.270195	154.0341	9.348877
-39.26894	148.98413	9.3586426
-39.269279	156.79187	9.3684082
-39.268089	160.28868	9.3781738
-39.266991	159.82744	9.3879395
-39.266682	156.62115	9.3977051
-39.264526	152.01027	9.4074707
-39.265087	155.32372	9.4172363
-39.26305	158.80807	9.427002
-39.262466	161.7682	9.4367676
-39.261749	161.21843	9.4465332
-39.261211	159.99948	9.4562988
-39.259979	158.90343	9.4660645
-39.259605	153.3875	9.4758301
-39.259285	159.78238	9.4855957
-39.257866	165.49207	9.4953613
-39.255859	166.76747	9.505127
-39.256714	164.55138	9.5148926
-39.254337	160.17499	9.5246582
-39.254692	159.53145	9.5344238
-39.254208	162.54503	9.5441895
-39.253319	166.06195	9.5539551
-39.251732	166.7914	9.5637207
-39.251331	165.69496	9.5734863
-39.250095	166.16161	9.583252
-39.248806	161.63484	9.5930176
-39.248627	163.42912	9.6027832
-39.248604	165.60709	9.6125488
-39.247784	171.57845	9.6223145
-39.246212	172.87474	9.6320801
-39.244434	165.82341	9.6418457
-39.245861	168.645	9.6516113
-39.243275	166.11174	9.661377
-39.243252	168.42802	9.6711426
-39.241795	171.56288	9.6809082
-39.240612	169.08247	9.6906738
-39.240803	173.42961	9.7004395
-39.23996	170.4642	9.7102051
-39.240005	169.65201	9.7199707
-39.238243	167.44629	9.7297363
-39.238037	171.62456	9.739502
-39.237457	178.8694	9.7492676
-39.235886	174.05579	9.7590332
-39.234657	175.36366	9.7687988
-39.232662	173.92139	9.7785645
-39.233376	173.59549	9.7883301
-39.233551	174.79463	9.7980957
-39.232079	174.4048	9.8078613
-39.230396	180.30116	9.817627
-39.229961	180.67909	9.8273926
-39.228561	177.20178	9.8371582
-39.228607	174.98317	9.8469238
-39.227497	175.54031	9.8566895
-39.227024	180.17159	9.8664551
-39.225163	181.21736	9.8762207
-39.224815	182.30331	9.8859863
-39.223892	181.37065	9.895752
-39.223743	180.201	9.9055176
-39.222713	177.16068	9.9152832
-39.222393	177.27072	9.9250488
-39.220501	184.10431	9.9348145
-39.220444	186.01616	9.9445801
-39.219563	188.20796	9.9543457
-39.219627	180.67773	9.9641113
-39.218559	178.06097	9.973877
-39.218117	185.05121	9.9836426
-39.215202	185.05475	9.9934082
-39.215504	189.73874	10.003174
-39.21534	188.24445	10.012939
-39.213852	186.56889	10.022705
-39.212757	186.85843	10.032471
-39.21257	181.54686	10.042236
-39.211357	188.59523	10.052002
-39.210529	192.44759	10.061768
-39.210552	193.71397	10.071533
-39.208977	190.52631	10.081299
-39.209976	184.12004	10.091064
-39.206039	187.36871	10.10083
-39.20771	190.93059	10.110596
-39.20451	193.08786	10.120361
-39.206371	194.9442	10.130127
-39.203819	192.51152	10.139893
-39.203518	193.31429	10.149658
-39.203003	189.04524	10.159424
-39.201523	191.07089	10.169189
-39.200829	197.30969	10.178955
-39.200851	199.48267	10.188721
-39.198395	198.75325	10.198486
-39.198036	192.81502	10.208252
-39.196892	192.15967	10.218018
-39.197422	195.51089	10.227783
-39.195774	197.6039	10.237549
-39.195404	198.4142	10.247314
-39.195526	199.70319	10.25708
-39.193657	199.98743	10.266846
-39.193447	197.52245	10.276611
-39.192398	196.54143	10.286377
-39.19101	197.67438	10.296143
-39.189476	204.22127	10.305908
-39.189358	205.54208	10.315674
-39.188137	201.4848	10.325439
-39.187897	202.34599	10.335205
-39.186661	200.4173	10.344971
-39.185875	200.16496	10.354736
-39.185356	202.07121	10.364502
-39.185249	203.04527	10.374268
-39.184757	209.48546	10.384033
-39.18325	206.26102	10.393799
-39.182343	203.94675	10.403564
-39.181171	201.5869	10.41333
-39.179897	202.83672	10.423096
-39.180363	210.86835	10.432861
-39.178604	206.6384	10.442627
-39.176941	211.70917	10.452393
-39.17746	208.01958	10.462158
-39.176476	205.68456	10.471924
-39.176414	206.8541	10.481689
-39.17519	206.77483	10.491455
-39.175621	214.4133	10.501221
-39.17329	216.05286	10.510986
-39.172634	212.00551	10.520752
-39.171139	208.09657	10.530518
-39.170788	206.06889	10.540283
-39.1702	212.18692	10.550049
-39.168274	213.83282	10.559814
-39.168575	216.32367	10.56958
-39.168095	215.80536	10.579346
-39.167149	213.18013	10.589111
-39.165531	211.12442	10.598877
-39.164864	209.86823	10.608643
-39.165161	216.08754	10.618408
-39.164215	221.25093	10.628174
-39.161842	221.04462	10.637939
-39.161804	216.30043	10.647705
-39.162048	212.48981	10.657471
-39.16116	214.42149	10.667236
-39.159794	218.54695	10.677002
-39.158035	221.42123	10.686768
-39.157143	221.23218	10.696533
-39.15733	221.16432	10.706299
-39.155518	218.90059	10.716064
-39.155922	213.78343	10.72583
-39.154926	219.6261	10.735596
-39.154072	222.70517	10.745361
-39.151821	227.05319	10.755127
-39.152287	225.06293	10.764893
-39.151875	218.81415	10.774658
-39.15004	220.95079	10.784424
-39.1492	223.97369	10.794189
-39.14835	225.34285	10.803955
-39.148468	226.44179	10.813721
-39.14719	225.97932	10.823486
-39.145111	228.17537	10.833252
-39.145737	219.61079	10.843018
-39.145916	223.74985	10.852783
-39.143456	226.31876	10.862549
-39.143253	228.72401	10.872314
-39.142338	231.94321	10.88208
-39.141987	226.28198	10.891846
-39.141266	224.97832	10.901611
-39.140751	227.0322	10.911377
-39.139439	227.58521	10.921143
-39.138187	230.47563	10.930908
-39.137718	232.59656	10.940674
-39.136543	234.31285	10.950439
-39.135651	230.80096	10.960205
-39.13488	228.10046	10.969971
-39.135029	228.17722	10.979736
-39.132565	234.13203	10.989502
-39.133163	235.88345	10.999268
-39.130802	233.55869	11.009033
-39.131332	233.66718	11.018799
-39.130287	234.38474	11.028564
-39.128944	234.5713	11.03833
-39.128502	232.01295	11.048096
-39.12711	234.45596	11.057861
-39.127586	242.0524	11.067627
-39.126518	239.82047	11.077393
-39.124523	236.50241	11.087158
-39.12376	233.13095	11.096924
-39.122814	234.83086	11.106689
-39.124172	239.93317	11.116455
-39.121925	236.72198	11.126221
-39.121292	243.56194	11.135986
-39.120895	239.38614	11.145752
-39.120079	238.55522	11.155518
-39.119122	237.73187	11.165283
-39.115334	235.59572	11.175049
-39.117336	243.3851	11.184814
-39.11562	246.44896	11.19458
-39.115002	243.75882	11.204346
-39.114796	239.92325	11.214111
-39.113388	237.5816	11.223877
-39.11282	240.57457	11.233643
-39.111362	244.10233	11.243408
-39.111683	248.07846	11.253174
-39.11134	249.06012	11.262939
-39.11129	245.48936	11.272705
-39.109043	244.26875	11.282471
-39.108555	240.1963	11.292236
-39.105824	245.95911	11.302002
-39.106487	252.69762	11.311768
-39.105412	251.80022	11.321533
-39.105637	248.19411	11.331299
-39.103043	245.62468	11.341064
-39.102791	246.1534	11.35083
-39.102287	248.3947	11.360596
-39.102501	252.88051	11.370361
-39.100906	254.58842	11.380127
-39.100029	252.52571	11.389893
-39.099743	251.16035	11.399658
-39.098385	245.27512	11.409424
-39.097725	250.53349	11.419189
-39.096397	253.72386	11.428955
-39.09581	259.81439	11.438721
-39.09494	256.82803	11.448486
-39.094727	250.86841	11.458252
-39.09325	252.31421	11.468018
-39.091774	254.08185	11.477783
-39.092495	257.20282	11.487549
-39.090931	257.06818	11.497314
-39.090782	258.62851	11.50708
-39.089424	260.91391	11.516846
-39.088009	253.57547	11.526611
-39.088284	253.56567	11.536377
-39.087231	255.70032	11.546143
-39.084866	259.63629	11.555908
-39.084583	262.58954	11.565674
-39.084229	258.54843	11.575439
-39.082935	259.23541	11.585205
-39.081512	258.9068	11.594971
-39.083424	258.73047	11.604736
-39.082104	260.07053	11.614502
-39.081501	263.59427	11.624268
-39.078976	267.89661	11.634033
-39.079285	264.16336	11.643799
-39.077778	261.07224	11.653564
-39.077698	260.73648	11.66333
-39.076332	261.89587	11.673096
-39.075706	267.43246	11.682861
-39.07304	265.83347	11.692627
-39.073593	266.73688	11.702393
-39.071892	266.28018	11.712158
-39.071629	264.67847	11.721924
-39.072304	263.7468	11.731689
-39.070244	266.591	11.741455
-39.069866	271.08456	11.751221
-39.069229	272.53928	11.760986
-39.068378	270.99292	11.770752
-39.067398	265.24182	11.780518
-39.066761	266.6178	11.790283
-39.065601	270.36581	11.800049
-39.065407	269.16287	11.809814
-39.064098	275.60999	11.81958
-39.063854	272.39441	11.829346
-39.06216	271.03815	11.839111
-39.061668	269.56219	11.848877
-39.060722	266.22443	11.858643
-39.061028	273.90839	11.868408
-39.059937	277.83658	11.878174
-39.058975	277.0451	11.887939
-39.058216	273.89041	11.897705
-39.05735	268.34866	11.907471
-39.055492	274.40048	11.917236
-39.055912	273.59973	11.927002
-39.054573	278.68408	11.936768
-39.054066	280.32944	11.946533
-39.052094	278.4277	11.956299
-39.051823	277.01288	11.966064
-39.051098	270.55368	11.97583
-39.049953	277.36072	11.985596
-39.049847	281.05566	11.995361
-39.048969	285.95343	12.005127
-39.046997	281.4061	12.014893
-39.047493	276.40469	12.024658
-39.045784	278.40097	12.034424
-39.045624	277.89737	12.044189
-39.043976	282.5993	12.053955
-39.044197	284.50522	12.063721
-39.043091	285.3963	12.073486
-39.041878	283.89737	12.083252
-39.041691	277.85544	12.093018
-39.0401	280.35614	12.102783
-39.039318	282.98328	12.112549
-39.039417	288.03217	12.122314
-39.038239	288.67102	12.13208
-39.036343	284.83948	12.141846
-39.03632	282.73807	12.151611
-39.036129	285.01685	12.161377
-39.035351	285.33997	12.171143
-39.033699	286.20847	12.180908
-39.03418	289.39548	12.190674
-39.032143	291.21091	12.200439
-39.031757	285.03568	12.210205
-39.030659	287.88373	12.219971
-39.029919	287.31876	12.229736
-39.029942	290.02158	12.239502
-39.027905	294.47363	12.249268
-39.026691	289.96851	12.259033
-39.026737	291.53629	12.268799
-39.026768	290.58777	12.278564
-39.025509	289.10529	12.28833
-39.024864	290.18863	12.298096
-39.023689	291.57507	12.307861
-39.023113	298.89371	12.317627
-39.022148	296.32672	12.327393
-39.021832	292.92868	12.337158
-39.020737	289.90811	12.346924
-39.019348	292.41367	12.356689
-39.019394	297.85593	12.366455
-39.018776	295.89059	12.376221
-39.016651	298.55557	12.385986
-39.01495	298.70282	12.395752
-39.015511	295.2164	12.405518
-39.014946	293.9151	12.415283
-39.013802	293.32727	12.425049
-39.013329	300.05826	12.434814
-39.011471	303.77841	12.44458
-39.010826	301.55206	12.454346
-39.010128	297.19864	12.464111
-39.009686	296.20715	12.473877
-39.008854	297.99115	12.483643
-39.00787	299.15045	12.493408
-39.008381	305.47278	12.503174
-39.006653	305.24051	12.512939
-39.006062	302.34738	12.522705
-39.005016	300.05914	12.532471
-39.002411	297.03006	12.542236
-39.003292	303.7428	12.552002
-39.002335	307.0571	12.561768
-39.001808	309.22083	12.571533
-39.000248	304.95676	12.581299
-38.999992	299.05603	12.591064
-38.998543	303.99005	12.60083
-38.99852	301.22488	12.610596
-38.997593	308.89859	12.620361
-38.996956	311.56097	12.630127
-38.995148	308.53168	12.639893
-38.995289	308.16534	12.649658
-38.995152	301.36612	12.659424
-38.992702	303.95273	12.669189
-38.99192	310.05695	12.678955
-38.991398	312.29474	12.688721
-38.991096	312.73508	12.698486
-38.990307	307.06958	12.708252
-38.98835	306.21317	12.718018
-38.987976	308.57925	12.727783
-38.986996	310.31476	12.737549
-38.985733	313.71783	12.747314
-38.98576	314.98459	12.75708
-38.986053	314.39383	12.766846
-38.984547	308.59552	12.776611
-38.984486	308.48401	12.786377
-38.982349	310.84637	12.796143
-38.981209	316.09982	12.805908
-38.980782	317.60828	12.815674
-38.979713	314.95712	12.825439
-38.979195	313.08401	12.835205
-38.978539	313.22095	12.844971
-38.977459	314.4877	12.854736
-38.977711	313.9259	12.864502
-38.976112	317.60864	12.874268
-38.976688	321.94403	12.884033
-38.9758	315.52426	12.893799
-38.97348	318.32617	12.903564
-38.97271	314.06213	12.91333
-38.97353	318.12711	12.923096
-38.9725	321.68921	12.932861
-38.969707	320.05142	12.942627
-38.970486	322.88107	12.952393
-38.968781	321.74542	12.962158
-38.967854	318.83105	12.971924
-38.968121	317.45917	12.981689
-38.966503	318.47458	12.991455
-38.965618	326.37485	13.001221
-38.965057	326.03033	13.010986
-38.96468	322.52231	13.020752
-38.962868	319.55212	13.030518
-38.962551	318.82709	13.040283
-38.961338	323.72293	13.050049
-38.960682	324.05048	13.059814
-38.960079	326.3996	13.06958
-38.959225	328.18411	13.079346
-38.959625	324.60721	13.089111
-38.957226	322.72232	13.098877
-38.955917	320.64474	13.108643
-38.956669	326.6442	13.118408
-38.954708	333.11093	13.128174
-38.955227	331.46149	13.137939
-38.952976	328.1265	13.147705
-38.952106	323.36517	13.157471
-38.952766	326.48615	13.167236
-38.95126	326.75113	13.177002
-38.951164	333.43124	13.186768
-38.948509	334.18204	13.196533
-38.948963	332.43909	13.206299
-38.947723	329.72723	13.216064
-38.946823	324.42377	13.22583
-38.946293	329.02512	13.235596
-38.944973	333.2211	13.245361
-38.945522	336.84396	13.255127
-38.943958	333.3989	13.264893
-38.944126	330.32617	13.274658
-38.940903	331.40283	13.284424
-38.940495	329.13284	13.294189
-38.939407	336.11905	13.303955
-38.938686	336.17926	13.313721
-38.938969	338.86075	13.323486
-38.93792	339.03433	13.333252
-38.939079	328.34854	13.343018
-38.936413	333.18747	13.352783
-38.935947	336.65106	13.362549
-38.93528	339.99634	13.372314
-38.933544	341.74066	13.38208
-38.932926	335.39468	13.391846
-38.932693	337.43576	13.401611
-38.930992	336.07065	13.411377
-38.930054	336.66565	13.421143
-38.929565	340.15262	13.430908
-38.92918	340.73264	13.440674
-38.928928	345.14261	13.450439
-38.927731	337.5463	13.460205
-38.927315	336.20627	13.469971
-38.926403	340.38947	13.479736
-38.924709	343.26459	13.489502
-38.923588	343.87848	13.499268
-38.924942	341.82379	13.509033
-38.92215	342.51276	13.518799
-38.921913	344.16049	13.528564
-38.921963	341.34433	13.53833
-38.91983	341.76523	13.548096
-38.920635	345.04541	13.557861
-38.919262	348.5853	13.567627
-38.917854	344.86157	13.577393
-38.915966	344.83896	13.587158
-38.916004	340.30228	13.596924
-38.915371	342.90363	13.606689
-38.914261	346.21115	13.616455
-38.91309	345.8894	13.626221
-38.91378	351.03836	13.635986
-38.912266	347.31415	13.645752
-38.911213	348.2251	13.655518
-38.910824	344.14371	13.665283
-38.909771	345.15659	13.675049
-38.909248	352.44455	13.684814
-38.908215	352.27777	13.69458
-38.906418	350.8497	13.704346
-38.907894	348.64911	13.714111
-38.906319	345.7486	13.723877
-38.905243	349.922	13.733643
-38.90419	349.18396	13.743408
-38.903084	354.97079	13.753174
-38.902023	358.37909	13.762939
-38.901592	351.62173	13.772705
-38.900761	350.93826	13.782471
-38.900742	346.88562	13.792236
-38.899578	352.88605	13.802002
-38.898647	358.39578	13.811768
-38.897205	359.44186	13.821533
-38.897362	355.87677	13.831299
-38.895878	352.14972	13.841064
-38.895443	353.46887	13.85083
-38.895073	352.40579	13.860596
-38.893635	358.51071	13.870361
-38.892941	361.08881	13.880127
-38.891392	361.04077	13.889893
-38.890343	357.37433	13.899658
-38.89027	352.42911	13.909424
-38.890057	355.40912	13.919189
-38.888493	361.06747	13.928955
-38.888371	364.62967	13.938721
-38.88673	362.35754	13.948486
-38.886684	358.2554	13.958252
-38.88554	358.6308	13.968018
-38.884224	357.00348	13.977783
-38.883877	360.22739	13.987549
-38.882214	362.86224	13.997314
-38.881554	365.4614	14.00708
-38.880978	364.9072	14.016846
-38.881191	357.98477	14.026611
-38.879124	359.28906	14.036377
-38.878517	361.83228	14.046143
-38.876961	365.85391	14.055908
-38.877399	368.10938	14.065674
-38.877167	365.20529	14.075439
-38.875256	365.3465	14.085205
-38.873623	362.52945	14.094971
-38.873695	362.68069	14.104736
-38.872829	364.49207	14.114502
-38.871693	367.4306	14.124268
-38.870926	372.76627	14.134033
-38.870129	364.61243	14.143799
-38.868958	365.92261	14.153564
-38.870125	365.63785	14.16333
-38.868092	366.96436	14.173096
-38.868759	371.44241	14.182861
-38.866859	370.52069	14.192627
-38.864906	371.70911	14.202393
-38.864838	370.67621	14.212158
-38.864838	366.16278	14.221924
-38.864094	366.02109	14.231689
-38.862503	369.1012	14.241455
-38.861767	374.95569	14.251221
-38.859707	372.85999	14.260986
-38.859875	372.4223	14.270752
-38.859402	369.69409	14.280518
-38.858753	370.19489	14.290283
-38.857311	372.67239	14.300049
-38.857525	371.69669	14.309814
-38.856834	377.27502	14.31958
-38.854778	377.06223	14.329346
-38.854954	374.69711	14.339111
-38.85405	371.02023	14.348877
-38.853077	370.15707	14.358643
-38.851219	376.9454	14.368408
-38.851315	378.39468	14.378174
-38.849216	380.13763	14.387939
-38.850769	372.59064	14.397705
-38.849487	374.00967	14.407471
-38.847919	374.13086	14.417236
-38.847046	373.90637	14.427002
-38.845676	382.62558	14.436768
-38.845028	382.25317	14.446533
-38.844181	381.77423	14.456299
-38.843647	377.52707	14.466064
-38.84404	372.21057	14.47583
-38.842751	378.60007	14.485596
-38.84174	383.99194	14.495361
-38.840668	384.5986	14.505127
-38.840336	384.22714	14.514893
-38.839233	378.20529	14.524658
-38.837765	378.23108	14.534424
-38.836811	376.17422	14.544189
-38.836029	382.18054	14.553955
-38.835232	385.9057	14.563721
-38.834576	385.2963	14.573486
-38.834438	384.56668	14.583252
-38.83176	377.58667	14.593018
-38.832081	379.77502	14.602783
-38.831089	385.81027	14.612549
-38.830013	386.86331	14.622314
-38.829948	386.08163	14.63208
-38.829945	384.87253	14.641846
-38.829308	383.04953	14.651611
-38.826778	382.58585	14.661377
-38.826363	385.65393	14.671143
-38.826744	387.45789	14.680908
-38.825363	391.26105	14.690674
-38.824619	391.29117	14.700439
-38.823051	383.42816	14.710205
-38.82206	383.64032	14.719971
-38.821503	384.89224	14.729736
-38.82196	389.29068	14.739502
-38.819202	389.20074	14.749268
-38.817924	389.20337	14.759033
-38.818626	390.858	14.768799
-38.817272	387.31155	14.778564
-38.817379	385.66391	14.78833
-38.816719	387.41406	14.798096
-38.815231	391.36301	14.807861
-38.814022	396.27994	14.817627
-38.813473	390.30014	14.827393
-38.811481	391.29584	14.837158
-38.811943	389.17487	14.846924
-38.810253	391.57919	14.856689
-38.811241	393.65189	14.866455
-38.809311	393.06564	14.876221
-38.8102	395.24759	14.885986
-38.807079	398.1499	14.895752
-38.8064	391.7699	14.905518
-38.805874	389.34396	14.915283
-38.804237	390.80215	14.925049
-38.804817	397.59128	14.934814
-38.803993	397.38803	14.94458
-38.803703	397.63535	14.954346
-38.802269	394.42569	14.964111
-38.801582	393.95117	14.973877
-38.800591	393.93054	14.983643
-38.800682	393.92999	14.993408
-38.798405	400.19678	15.003174
-38.798714	400.86359	15.012939
-38.797684	398.58258	15.022705
-38.796558	393.28867	15.032471
-38.795094	393.90372	15.042236
-38.79496	398.50299	15.052002
-38.79324	401.05597	15.061768
-38.794178	403.68863	15.071533
-38.791187	399.013	15.081299
-38.792099	397.13779	15.091064
-38.791389	397.0405	15.10083
-38.789433	394.49344	15.110596
-38.788765	403.90515	15.120361
-38.789658	406.05438	15.130127
-38.788864	405.74503	15.139893
-38.78701	400.69717	15.149658
-38.786213	394.41333	15.159424
-38.784618	398.6601	15.169189
-38.784866	403.66229	15.178955
-38.783264	406.75946	15.188721
-38.781879	405.85834	15.198486
-38.782413	402.67377	15.208252
-38.781208	401.95615	15.218018
-38.780048	398.39899	15.227783
-38.780228	401.46313	15.237549
-38.779152	406.85449	15.247314
-38.778236	408.15103	15.25708
-38.776581	408.74585	15.266846
-38.776337	398.98749	15.276611
-38.773849	399.32864	15.286377
-38.774796	406.60678	15.296143
-38.774281	407.10886	15.305908
-38.772778	408.95139	15.315674
-38.771915	406.78156	15.325439
-38.772202	407.81693	15.335205
-38.769943	403.99286	15.344971
-38.77018	403.93814	15.354736
-38.769329	406.19803	15.364502
-38.768215	410.04013	15.374268
-38.766884	412.31775	15.384033
-38.766556	406.13998	15.393799
-38.765083	405.49377	15.403564
-38.763889	406.43723	15.41333
-38.763252	408.89209	15.423096
-38.76273	409.14789	15.432861
-38.760983	411.16977	15.442627
-38.761292	412.75681	15.452393
-38.761833	408.97098	15.462158
-38.759544	409.46762	15.471924
-38.759838	406.20364	15.481689
-38.758652	409.17126	15.491455
-38.757313	416.66403	15.501221
-38.756592	411.33521	15.510986
-38.755157	411.51947	15.520752
-38.755661	408.20416	15.530518
-38.753357	409.56207	15.540283
-38.753796	412.77777	15.550049
-38.752632	410.89014	15.559814
-38.752445	417.72943	15.56958
-38.749985	416.24612	15.579346
-38.750893	410.56601	15.589111
-38.74939	409.08246	15.598877
-38.748238	410.54465	15.608643
-38.747829	417.263	15.618408
-38.747948	416.84177	15.628174
-38.74559	417.94678	15.637939
-38.745777	415.09286	15.647705
-38.744099	412.66614	15.657471
-38.744324	413.53546	15.667236
-38.743259	413.37109	15.677002
-38.742641	419.24503	15.686768
-38.740952	422.28992	15.696533
-38.740761	419.96304	15.706299
-38.739071	414.05981	15.716064
-38.73806	409.94296	15.72583
-38.737595	416.45773	15.735596
-38.737041	420.80759	15.745361
-38.736462	422.73407	15.755127
-38.736786	420.42474	15.764893
-38.734962	416.98907	15.774658
-38.733994	416.82413	15.784424
-38.734516	414.02081	15.794189
-38.732624	418.96619	15.803955
-38.732105	422.85837	15.813721
-38.731178	424.6265	15.823486
-38.72971	420.35471	15.833252
-38.727257	414.51218	15.843018
-38.727943	418.8894	15.852783
-38.726902	420.57178	15.862549
-38.725876	424.08615	15.872314
-38.724964	424.47009	15.88208
-38.724663	419.8627	15.891846
-38.724457	420.33743	15.901611
-38.723186	415.4982	15.911377
-38.723125	420.81918	15.921143
-38.721962	423.57617	15.930908
-38.720989	426.5033	15.940674
-38.7202	426.04834	15.950439
-38.718575	417.79919	15.960205
-38.717545	418.40665	15.969971
-38.717445	421.63855	15.979736
-38.716949	422.95648	15.989502
-38.71661	425.98624	15.999268
-38.715321	424.28519	16.009033
-38.713825	424.94778	16.018799
-38.713871	422.03912	16.028564
-38.712246	420.64124	16.03833
-38.711773	423.00586	16.048096
-38.711372	426.1806	16.057861
-38.709969	429.83112	16.067627
-38.709389	424.80692	16.077393
-38.707546	424.31229	16.087158
-38.708344	425.39972	16.096924
-38.707024	424.0477	16.106689
-38.705883	425.40176	16.116455
-38.705791	427.86151	16.126221
-38.704678	429.61777	16.135986
-38.703835	427.36053	16.145752
-38.702808	425.12299	16.155518
-38.702354	421.70212	16.165283
-38.701611	425.5231	16.175049
-38.700191	431.01328	16.184814
-38.699314	429.12033	16.19458
-38.699291	431.32715	16.204346
-38.698383	427.15201	16.214111
-38.695332	426.25339	16.223877
-38.69664	426.55099	16.233643
-38.69511	426.07285	16.243408
-38.694267	431.65002	16.253174
-38.694763	432.27383	16.262939
-38.692314	429.47568	16.272705
-38.692917	425.55557	16.282471
-38.690914	424.62622	16.292236
-38.69133	431.22314	16.302002
-38.689796	431.51364	16.311768
-38.688255	433.05658	16.321533
-38.688942	430.85083	16.331299
-38.687622	426.45929	16.341064
-38.687065	427.70096	16.35083
-38.687183	425.70932	16.360596
-38.685074	431.7551	16.370361
-38.68404	437.1051	16.380127
-38.683502	432.35794	16.389893
-38.682194	429.54678	16.399658
-38.681499	424.42319	16.409424
-38.681641	428.09622	16.419189
-38.68074	431.78748	16.428955
-38.679352	435.12717	16.438721
-38.678589	434.61246	16.448486
-38.67815	433.12137	16.458252
-38.677261	429.56662	16.468018
-38.676517	426.52817	16.477783
-38.675732	430.70752	16.487549
-38.674545	435.09479	16.497314
-38.673641	438.49698	16.50708
-38.673027	434.92554	16.516846
-38.672283	428.35056	16.526611
-38.671547	428.54486	16.536377
-38.670494	431.73486	16.546143
-38.669605	434.58026	16.555908
-38.668583	436.37216	16.565674
-38.667622	434.06155	16.575439
-38.667263	433.80933	16.585205
-38.666103	429.28897	16.594971
-38.665524	432.85373	16.604736
-38.664509	433.19168	16.614502
-38.663826	436.94629	16.624268
-38.662643	438.55606	16.634033
-38.662148	431.42252	16.643799
-38.661102	431.06839	16.653564
-38.66153	431.30798	16.66333
-38.660179	432.88004	16.673096
-38.658512	436.504	16.682861
-38.658375	434.79022	16.692627
-38.657341	437.95203	16.702393
-38.655781	434.08029	16.712158
-38.657051	431.49872	16.721924
-38.654362	432.62131	16.731689
-38.654678	435.13065	16.741455
-38.652313	440.04962	16.751221
-38.651737	436.396	16.760986
-38.652653	436.05255	16.770752
-38.650051	435.21857	16.780518
-38.649948	435.05295	16.790283
-38.649887	436.1557	16.800049
-38.647461	434.63071	16.809814
-38.647797	438.88284	16.81958
-38.647057	441.15927	16.829346
-38.64584	435.85114	16.839111
-38.645592	432.2186	16.848877
-38.644009	432.81631	16.858643
-38.644474	438.91385	16.868408
-38.643578	438.20532	16.878174
-38.642162	440.93057	16.887939
-38.640064	436.28964	16.897705
-38.640263	435.09189	16.907471
-38.639793	434.01773	16.917236
-38.638744	433.51233	16.927002
-38.638248	440.53894	16.936768
-38.635643	439.7565	16.946533
-38.635036	440.33731	16.956299
-38.634708	435.07413	16.966064
-38.633827	431.61703	16.97583
-38.633652	437.47519	16.985596
-38.633095	436.88489	16.995361
-38.631828	440.89038	17.005127
-38.630493	441.27237	17.014893
-38.629501	436.45172	17.024658
-38.629642	436.75702	17.034424
-38.628326	431.52399	17.044189
-38.627689	438.04068	17.053955
-38.627357	441.85745	17.063721
-38.626999	442.60818	17.073486
-38.626827	439.6702	17.083252
-38.624569	431.90433	17.093018
-38.624466	435.49985	17.102783
-38.623348	437.90121	17.112549
-38.622913	440.71289	17.122314
-38.620659	441.49033	17.13208
-38.620022	438.99792	17.141846
-38.61993	438.26416	17.151611
-38.618683	433.24051	17.161377
-38.618298	437.29831	17.171143
-38.617733	440.65271	17.180908
-38.616505	444.45547	17.190674
-38.614719	441.17447	17.200439
-38.613903	434.70712	17.210205
-38.614246	435.32092	17.219971
-38.61401	438.23349	17.229736
-38.611572	440.41516	17.239502
-38.612122	439.76382	17.249268
-38.611328	440.3963	17.259033
-38.610744	440.66577	17.268799
-38.608978	434.88907	17.278564
-38.609467	436.22495	17.28833
-38.607327	436.60574	17.298096
-38.607262	440.20093	17.307861
-38.605492	443.54773	17.317627
-38.60516	436.52054	17.327393
-38.604492	439.71194	17.337158
-38.603729	437.55487	17.346924
-38.602737	438.86984	17.356689
-38.602768	438.51624	17.366455
-38.601559	438.97678	17.376221
-38.600597	444.17297	17.385986
-38.598515	438.50204	17.395752
-38.598068	437.17026	17.405518
-38.597672	437.00366	17.415283
-38.597042	437.28082	17.425049
-38.596447	443.41568	17.434814
-38.595234	439.96237	17.44458
-38.59523	440.59311	17.454346
-38.594418	439.37723	17.464111
-38.592587	436.26129	17.473877
-38.591774	437.4819	17.483643
-38.591351	437.02621	17.493408
-38.590675	441.86874	17.503174
-38.591106	443.8009	17.512939
-38.588093	439.65573	17.522705
-38.587517	436.27435	17.532471
-38.588627	434.68198	17.542236
-38.585983	439.66205	17.552002
-38.585255	441.79193	17.561768
-38.58482	442.63831	17.571533
-38.583267	440.34372	17.581299
-38.582596	439.41653	17.591064
-38.582497	435.76733	17.60083
-38.583015	436.41003	17.610596
-38.579777	440.70682	17.620361
-38.580215	444.65594	17.630127
-38.579964	442.75647	17.639893
-38.578823	439.0188	17.649658
-38.577717	434.24219	17.659424
-38.576786	440.26096	17.669189
-38.575737	437.63907	17.678955
-38.574314	444.31516	17.688721
-38.575294	441.27063	17.698486
-38.573521	441.34274	17.708252
-38.572292	438.64307	17.718018
-38.571152	433.29831	17.727783
-38.570442	440.16681	17.737549
-38.570385	441.68277	17.747314
-38.568859	443.85287	17.75708
-38.569485	442.07141	17.766846
-38.568531	433.33246	17.776611
-38.566696	436.54178	17.786377
-38.567448	438.95038	17.796143
-38.566048	441.12018	17.805908
-38.564968	441.71515	17.815674
-38.56303	442.05826	17.825439
-38.56419	440.41336	17.835205
-38.562283	435.15759	17.844971
-38.562202	436.80478	17.854736
-38.559673	439.79486	17.864502
-38.559765	442.65616	17.874268
-38.559322	441.79672	17.884033
-38.558941	438.36621	17.893799
-38.556572	437.00793	17.903564
-38.555756	437.20297	17.91333
-38.555328	437.67621	17.923096
-38.554176	438.10797	17.932861
-38.553558	442.19754	17.942627
-38.553116	442.41879	17.952393
-38.55183	435.61008	17.962158
-38.551811	436.37576	17.971924
-38.551224	434.9614	17.981689
-38.551262	439.14374	17.991455
-38.548878	443.28174	18.001221
-38.54884	438.38327	18.010986
-38.547066	437.68619	18.020752
-38.546444	436.48349	18.030518
-38.54491	437.07886	18.040283
-38.545002	437.16739	18.050049
-38.543331	439.29297	18.059814
-38.5438	442.04559	18.06958
-38.543434	439.17029	18.079346
-38.540539	437.83954	18.089111
-38.540146	435.08621	18.098877
-38.541248	437.52191	18.108643
-38.539242	440.35059	18.118408
-38.538593	438.66104	18.128174
-38.537666	441.76489	18.137939
-38.536766	439.30249	18.147705
-38.53516	436.89716	18.157471
-38.535004	435.98825	18.167236
-38.533699	435.77759	18.177002
-38.5341	440.53909	18.186768
-38.532341	444.12039	18.196533
-38.532043	440.87866	18.206299
-38.531532	434.33859	18.216064
-38.530457	433.74118	18.22583
-38.528812	436.21268	18.235596
-38.52916	437.98056	18.245361
-38.527969	440.59076	18.255127
-38.52644	439.82037	18.264893
-38.526581	437.35199	18.274658
-38.526234	433.56335	18.284424
-38.524811	432.04269	18.294189
-38.524445	436.74756	18.303955
-38.523933	441.74652	18.313721
-38.522675	443.3949	18.323486
-38.521255	438.07755	18.333252
-38.520447	432.07007	18.343018
-38.519142	434.00208	18.352783
-38.51862	435.34534	18.362549
-38.517845	440.54965	18.372314
-38.517265	440.32111	18.38208
-38.516659	439.26285	18.391846
-38.51606	436.19559	18.401611
-38.515419	428.56973	18.411377
-38.514828	435.06528	18.421143
-38.513538	439.57483	18.430908
-38.51313	443.05841	18.440674
-38.511356	439.83594	18.450439
-38.51173	432.67633	18.460205
-38.510452	435.53314	18.469971
-38.509258	435.0148	18.479736
-38.508846	437.81503	18.489502
-38.507778	438.05704	18.499268
-38.506355	439.32346	18.509033
-38.506977	440.80301	18.518799
-38.505032	431.10931	18.528564
-38.50457	433.55252	18.53833
-38.504417	436.05667	18.548096
-38.503288	437.4747	18.557861
-38.501541	439.94174	18.567627
-38.501366	434.9884	18.577393
-38.499245	433.7991	18.587158
-38.50042	434.47748	18.596924
-38.498215	432.81168	18.606689
-38.497181	437.13123	18.616455
-38.496513	437.96927	18.626221
-38.495739	438.96906	18.635986
-38.495377	435.34592	18.645752
-38.495144	434.93994	18.655518
-38.492992	430.60342	18.665283
-38.492668	436.87112	18.675049
-38.49258	437.93042	18.684814
-38.490326	436.31918	18.69458
-38.490238	436.68555	18.704346
-38.489185	434.79257	18.714111
-38.488453	432.60657	18.723877
-38.488091	430.74988	18.733643
-38.486755	433.45786	18.743408
-38.487297	439.0856	18.753174
-38.484669	437.1488	18.762939
-38.484367	434.61499	18.772705
-38.485149	430.07782	18.782471
-38.4828	430.15994	18.792236
-38.483044	435.15854	18.802002
-38.480713	434.00232	18.811768
-38.480614	438.5676	18.821533
-38.478901	436.94839	18.831299
-38.479168	432.62399	18.841064
-38.477829	432.59958	18.85083
-38.476933	428.77032	18.860596
-38.477695	436.1673	18.870361
-38.475441	439.1824	18.880127
-38.475353	438.22101	18.889893
-38.474251	433.37363	18.899658
-38.472813	428.83453	18.909424
-38.472221	433.01654	18.919189
-38.472336	432.66525	18.928955
-38.471581	437.327	18.938721
-38.469654	438.1644	18.948486
-38.469166	435.716	18.958252
-38.46941	431.90591	18.968018
-38.468506	427.59491	18.977783
-38.466068	431.14859	18.987549
-38.465923	437.67828	18.997314
-38.464874	438.24704	19.00708
-38.464993	434.85486	19.016846
-38.463814	430.84805	19.026611
-38.463329	429.84454	19.036377
-38.461765	429.47433	19.046143
-38.460617	435.68268	19.055908
-38.46051	435.31003	19.065674
-38.459541	437.52881	19.075439
-38.458244	434.51941	19.085205
-38.458244	427.26187	19.094971
-38.457947	430.14737	19.104736
-38.45644	433.34167	19.114502
-38.455006	438.87656	19.124268
-38.454762	435.72839	19.134033
-38.453789	430.68469	19.143799
-38.451714	431.87292	19.153564
-38.452034	429.42996	19.16333
-38.452316	433.01193	19.173096
-38.449661	433.02621	19.182861
-38.448849	435.27457	19.192627
-38.448441	437.21512	19.202393
-38.44788	427.7218	19.212158
-38.448311	429.55365	19.221924
-38.446785	431.64612	19.231689
-38.445644	433.25726	19.241455
-38.444145	436.12469	19.251221
-38.445057	432.13428	19.260986
-38.443443	432.25189	19.270752
-38.442535	431.66629	19.280518
-38.442093	429.33621	19.290283
-38.441463	429.21652	19.300049
-38.439487	433.17621	19.309814
-38.441196	436.90454	19.31958
-38.438652	432.96701	19.329346
-38.437847	429.63766	19.339111
-38.436722	428.8287	19.348877
-38.436783	428.81406	19.358643
-38.435562	433.16431	19.368408
-38.434467	432.43213	19.378174
-38.433609	433.54431	19.387939
-38.431316	432.64581	19.397705
-38.431412	429.93912	19.407471
-38.430382	426.31064	19.417236
-38.430386	429.29489	19.427002
-38.429581	433.76065	19.436768
-38.428513	434.43393	19.446533
-38.428532	432.68317	19.456299
-38.427402	428.44235	19.466064
-38.425758	427.56952	19.47583
-38.425571	429.22006	19.485596
-38.424896	427.35187	19.495361
-38.423565	434.21469	19.505127
-38.423096	433.44788	19.514893
-38.421864	430.59708	19.524658
-38.421947	427.04709	19.534424
-38.420811	422.46088	19.544189
-38.419758	431.82953	19.553955
-38.419304	433.47705	19.563721
-38.418171	435.88101	19.573486
-38.418293	431.07184	19.583252
-38.416859	425.43799	19.593018
-38.414845	429.14914	19.602783
-38.414597	426.91437	19.612549
-38.414707	431.6662	19.622314
-38.412643	434.3584	19.63208
-38.411781	433.29477	19.641846
-38.411297	429.15637	19.651611
-38.4109	422.94574	19.661377
-38.409054	427.74905	19.671143
-38.408207	433.72427	19.680908
-38.408623	434.76044	19.690674
-38.40807	433.20819	19.700439
-38.406532	427.87357	19.710205
-38.405617	429.15033	19.719971
-38.405869	426.21878	19.729736
-38.405087	427.79935	19.739502
-38.402878	432.84851	19.749268
-38.403065	433.09351	19.759033
-38.401428	430.37259	19.768799
-38.400009	424.76035	19.778564
-38.399277	424.90628	19.78833
-38.399136	427.96988	19.798096
-38.399902	432.17538	19.807861
-38.398155	430.31985	19.817627
-38.39716	428.61255	19.827393
-38.394997	428.36905	19.837158
-38.395256	425.37234	19.846924
-38.394413	427.59027	19.856689
-38.393845	427.40765	19.866455
-38.393703	431.10577	19.876221
-38.392494	434.61444	19.885986
-38.390984	425.78775	19.895752
-38.391697	426.48096	19.905518
-38.38969	425.03448	19.915283
-38.388401	430.66431	19.925049
-38.38866	430.23727	19.934814
-38.386791	427.89804	19.94458
-38.385899	430.58582	19.954346
-38.384628	428.88226	19.964111
-38.383621	426.24188	19.973877
-38.383865	425.73807	19.983643
-38.382759	426.12708	19.993408
-38.382774	432.85315	20.003174
-38.381828	428.8699	20.012939


Data Header:			0.254_solid_uprint_typeiv_090_r0			Time:	26.449951	s	4/14/2019 1:22:49 AM
Data Acquisition:	Timed
Station Name:	ft40.cfg
Test File Name:	monotonic_0.2540_typeiv_solid_090_uprint.tst
Displacement	Force	Running Time
mm	N	s
-38.379734	427.43857	20.022705
-38.380264	425.69293	20.032471
-38.379974	423.75595	20.042236
-38.378792	427.85672	20.052002
-38.377682	427.83386	20.061768
-38.377129	430.07919	20.071533
-38.375584	431.59787	20.081299
-38.374687	426.5658	20.091064
-38.373894	423.80289	20.10083
-38.373745	424.67401	20.110596
-38.373882	429.00784	20.120361
-38.371387	432.76566	20.130127
-38.371399	430.3642	20.139893
-38.369881	426.45898	20.149658
-38.369148	424.56406	20.159424
-38.369183	425.50269	20.169189
-38.367424	424.96695	20.178955
-38.366425	431.66711	20.188721
-38.366371	430.18484	20.198486
-38.365982	429.9841	20.208252
-38.364052	424.86642	20.218018
-38.363434	420.58939	20.227783
-38.36404	426.17386	20.237549
-38.361683	430.68094	20.247314
-38.361378	433.66357	20.25708
-38.360394	427.57123	20.266846
-38.359016	423.58734	20.276611
-38.357414	425.2384	20.286377
-38.356842	420.74103	20.296143
-38.356625	428.55096	20.305908
-38.356342	431.58212	20.315674
-38.355309	430.00571	20.325439
-38.355347	428.13724	20.335205
-38.35318	419.76642	20.344971
-38.352703	425.16394	20.354736
-38.351284	428.42883	20.364502
-38.350838	430.05048	20.374268
-38.350506	429.7189	20.384033
-38.348919	425.78372	20.393799
-38.34948	425.8858	20.403564
-38.347847	423.3587	20.41333
-38.346695	424.35114	20.423096
-38.345787	428.80286	20.432861
-38.345974	431.17542	20.442627
-38.345188	429.01404	20.452393
-38.343563	422.91681	20.462158
-38.344017	422.49603	20.471924
-38.342304	426.19867	20.481689
-38.340996	427.63605	20.491455
-38.340939	429.26978	20.501221
-38.33884	427.80789	20.510986
-38.339005	425.57846	20.520752
-38.339012	425.7699	20.530518
-38.336525	423.29724	20.540283
-38.336033	423.90311	20.550049
-38.336433	427.57581	20.559814
-38.334339	431.746	20.56958
-38.334572	425.69006	20.579346
-38.333305	425.23129	20.589111
-38.332714	422.14304	20.598877
-38.331886	426.48181	20.608643
-38.330807	426.78622	20.618408
-38.329281	425.87854	20.628174
-38.329643	428.78305	20.637939
-38.328667	427.30984	20.647705
-38.327332	423.97849	20.657471
-38.32655	422.32181	20.667236
-38.32526	423.00305	20.677002
-38.326355	428.99615	20.686768
-38.325466	426.87729	20.696533
-38.323158	429.03265	20.706299
-38.321362	424.0495	20.716064
-38.320786	422.56772	20.72583
-38.321026	425.1232	20.735596
-38.322163	423.88489	20.745361
-38.31945	428.73886	20.755127
-38.317947	429.70245	20.764893
-38.31749	424.50031	20.774658
-38.317192	422.35843	20.784424
-38.316833	419.49142	20.794189
-38.316715	426.12366	20.803955
-38.314617	429.56873	20.813721
-38.313801	429.2041	20.823486
-38.312962	424.60828	20.833252
-38.312687	422.28079	20.843018
-38.312267	421.50327	20.852783
-38.310581	421.8891	20.862549
-38.309662	426.37732	20.872314
-38.308414	429.78036	20.88208
-38.307964	428.5592	20.891846
-38.307987	422.03629	20.901611
-38.306652	418.14514	20.911377
-38.304974	422.36484	20.921143
-38.305943	425.94489	20.930908
-38.304073	429.09491	20.940674
-38.303627	426.70181	20.950439
-38.302254	423.32001	20.960205
-38.302032	424.34375	20.969971
-38.301147	418.60098	20.979736
-38.300694	425.58591	20.989502
-38.299702	427.09464	20.999268
-38.299538	428.56598	21.009033
-38.298378	427.58408	21.018799
-38.296471	418.87802	21.028564
-38.297024	420.99826	21.03833
-38.295307	424.88144	21.048096
-38.294918	427.49817	21.057861
-38.293468	428.26086	21.067627
-38.292248	423.57928	21.077393
-38.292366	424.94034	21.087158
-38.28986	420.29657	21.096924
-38.290451	422.31879	21.106689
-38.289345	424.51053	21.116455
-38.288322	426.74179	21.126221
-38.287102	429.09875	21.135986
-38.286324	421.67398	21.145752
-38.285694	421.70197	21.155518
-38.285946	423.67365	21.165283
-38.284451	424.85977	21.175049
-38.284737	424.36777	21.184814
-38.283943	424.22882	21.19458
-38.283062	426.12802	21.204346
-38.281322	425.11188	21.214111
-38.281021	420.56503	21.223877
-38.279568	420.86145	21.233643
-38.280037	425.93341	21.243408
-38.278664	428.6189	21.253174
-38.277275	424.8555	21.262939
-38.276726	423.59375	21.272705
-38.276264	422.36697	21.282471
-38.274872	423.66867	21.292236
-38.274002	424.03091	21.302002
-38.273991	422.68481	21.311768
-38.273102	426.00281	21.321533
-38.272682	425.81912	21.331299
-38.270855	423.27957	21.341064
-38.26944	419.11121	21.35083
-38.268124	419.93057	21.360596
-38.268147	427.53635	21.370361
-38.26807	424.82083	21.380127
-38.267212	428.81403	21.389893
-38.265614	422.93723	21.399658
-38.265369	420.8653	21.409424
-38.263176	421.47299	21.419189
-38.264011	420.19092	21.428955
-38.262096	426.37698	21.438721
-38.261791	428.16599	21.448486
-38.261848	425.90329	21.458252
-38.259953	422.03214	21.468018
-38.260399	416.57712	21.477783
-38.258537	421.95721	21.487549
-38.257549	426.60034	21.497314
-38.25745	426.07581	21.50708
-38.255764	424.88184	21.516846
-38.255547	422.18015	21.526611
-38.254784	423.27777	21.536377
-38.252804	419.47153	21.546143
-38.253063	424.70486	21.555908
-38.252522	428.90726	21.565674
-38.250355	427.42325	21.575439
-38.25061	421.82571	21.585205
-38.251171	418.47015	21.594971
-38.249664	418.13348	21.604736
-38.248955	425.60135	21.614502
-38.246994	427.21198	21.624268
-38.246361	426.46555	21.634033
-38.244503	423.05063	21.643799
-38.244095	423.40332	21.653564
-38.243607	417.46237	21.66333
-38.243256	422.65063	21.673096
-38.242527	424.43457	21.682861
-38.241692	429.26495	21.692627
-38.241089	426.25989	21.702393
-38.239941	417.78998	21.712158
-38.240082	420.37808	21.721924
-38.238777	421.99548	21.731689
-38.238071	424.31421	21.741455
-38.23597	425.20001	21.751221
-38.235909	424.04358	21.760986
-38.233829	424.4827	21.770752
-38.234661	420.2558	21.780518
-38.234135	419.38919	21.790283
-38.232018	421.7565	21.800049
-38.230659	426.04883	21.809814
-38.231392	427.39246	21.81958
-38.230976	423.4216	21.829346
-38.229988	421.50974	21.839111
-38.22905	421.22195	21.848877
-38.226826	420.38663	21.858643
-38.227283	423.85995	21.868408
-38.225498	421.62061	21.878174
-38.225716	424.99442	21.887939
-38.225288	425.29953	21.897705
-38.223827	419.83661	21.907471
-38.222233	420.22769	21.917236
-38.222839	422.23349	21.927002
-38.220116	425.95367	21.936768
-38.220863	424.8334	21.946533
-38.218792	423.44504	21.956299
-38.218647	422.64957	21.966064
-38.218292	420.1752	21.97583
-38.217098	420.90958	21.985596
-38.217167	421.87186	21.995361
-38.215244	425.56073	22.005127
-38.214722	426.45331	22.014893
-38.21423	424.54562	22.024658
-38.213482	418.31229	22.034424
-38.212181	418.69696	22.044189
-38.211452	423.67993	22.053955
-38.210655	424.63556	22.063721
-38.210396	426.83157	22.073486
-38.209373	422.25931	22.083252
-38.208179	419.5686	22.093018
-38.206787	419.28336	22.102783
-38.20639	416.59293	22.112549
-38.20512	425.10931	22.122314
-38.2052	425.74304	22.13208
-38.203838	423.37689	22.141846
-38.203094	420.98569	22.151611
-38.202751	415.01804	22.161377
-38.202633	420.66815	22.171143
-38.201458	422.94284	22.180908
-38.199383	425.94595	22.190674
-38.199036	425.30139	22.200439
-38.197521	421.36987	22.210205
-38.198212	420.47891	22.219971
-38.196728	415.97006	22.229736
-38.19619	420.44479	22.239502
-38.195591	426.31152	22.249268
-38.194656	426.93393	22.259033
-38.193481	421.95578	22.268799
-38.192371	416.09888	22.278564
-38.192467	416.57574	22.28833
-38.191292	420.55792	22.298096
-38.189476	424.4798	22.307861
-38.189331	424.93689	22.317627
-38.189453	422.24353	22.327393
-38.187622	420.30276	22.337158
-38.185917	414.84445	22.346924
-38.187122	419.96677	22.356689
-38.185688	419.97565	22.366455
-38.185089	426.75833	22.376221
-38.182835	423.71271	22.385986
-38.182411	418.09705	22.395752
-38.183331	418.19382	22.405518
-38.181721	418.30841	22.415283
-38.180157	421.33521	22.425049
-38.179779	421.42407	22.434814
-38.178642	423.22357	22.44458
-38.178112	423.93127	22.454346
-38.176624	417.82788	22.464111
-38.177238	418.88004	22.473877
-38.175812	418.18393	22.483643
-38.174728	421.65628	22.493408
-38.173744	425.33817	22.503174
-38.172806	418.82498	22.512939
-38.172173	420.95505	22.522705
-38.170727	418.60657	22.532471
-38.170662	420.27802	22.542236
-38.169617	421.10327	22.552002
-38.170006	418.99017	22.561768
-38.168049	424.58951	22.571533
-38.167217	424.21567	22.581299
-38.167171	419.78741	22.591064
-38.166389	418.06653	22.60083
-38.165356	417.15741	22.610596
-38.164818	424.50119	22.620361
-38.16349	422.28183	22.630127
-38.161819	423.21866	22.639893
-38.161701	420.01889	22.649658
-38.160629	419.23697	22.659424
-38.15942	416.40234	22.669189
-38.160206	418.52161	22.678955
-38.158241	422.41733	22.688721
-38.157761	424.77457	22.698486
-38.15649	422.74054	22.708252
-38.155499	417.48267	22.718018
-38.155876	415.31601	22.727783
-38.154472	419.87711	22.737549
-38.152821	420.51135	22.747314
-38.153244	424.28384	22.75708
-38.151642	420.96182	22.766846
-38.151432	419.67014	22.776611
-38.148842	416.68723	22.786377
-38.149063	415.10168	22.796143
-38.149559	421.21521	22.805908
-38.148399	423.25098	22.815674
-38.146797	424.6134	22.825439
-38.14616	418.83447	22.835205
-38.146259	414.40485	22.844971
-38.143841	418.1745	22.854736
-38.142822	419.75632	22.864502
-38.143284	423.57263	22.874268
-38.142021	423.49036	22.884033
-38.140499	420.80826	22.893799
-38.141403	419.61755	22.903564
-38.140507	412.42822	22.91333
-38.138954	418.35303	22.923096
-38.138298	422.0593	22.932861
-38.137714	423.57861	22.942627
-38.135933	422.73938	22.952393
-38.135784	414.08502	22.962158
-38.135429	416.61697	22.971924
-38.134171	416.8219	22.981689
-38.132771	418.90402	22.991455
-38.131699	424.00922	23.001221
-38.131569	420.40701	23.010986
-38.129635	420.76447	23.020752
-38.130119	414.42886	23.030518
-38.129963	415.31534	23.040283
-38.128712	419.03549	23.050049
-38.127766	424.92386	23.059814
-38.127319	422.93814	23.06958
-38.126915	417.88181	23.079346
-38.125393	416.52042	23.089111
-38.123837	416.99469	23.098877
-38.12355	416.78918	23.108643
-38.122707	418.35773	23.118408
-38.121136	421.35068	23.128174
-38.121838	421.43423	23.137939
-38.118999	416.55441	23.147705
-38.119736	415.71664	23.157471
-38.119522	413.70969	23.167236
-38.117855	417.99878	23.177002
-38.116615	422.73605	23.186768
-38.115719	419.00046	23.196533
-38.11533	419.93747	23.206299
-38.11533	415.8465	23.216064
-38.113628	415.22742	23.22583
-38.112526	417.18344	23.235596
-38.112328	415.17188	23.245361
-38.110016	421.55109	23.255127
-38.11018	421.01855	23.264893
-38.110012	417.21292	23.274658
-38.109283	415.46359	23.284424
-38.107525	412.11896	23.294189
-38.108685	420.51727	23.303955
-38.106045	417.78522	23.313721
-38.105473	420.27972	23.323486
-38.104683	419.89456	23.333252
-38.104191	415.59607	23.343018
-38.102764	413.3757	23.352783
-38.103195	412.88898	23.362549
-38.101185	418.45798	23.372314
-38.101696	422.44525	23.38208
-38.099506	419.69617	23.391846
-38.098427	415.49036	23.401611
-38.097752	411.80551	23.411377
-38.097988	415.06705	23.421143
-38.096539	416.93167	23.430908
-38.096466	420.48596	23.440674
-38.094059	420.05475	23.450439
-38.095497	416.13113	23.460205
-38.093094	413.55463	23.469971
-38.092106	410.21252	23.479736
-38.092426	415.49808	23.489502
-38.09103	419.48267	23.499268
-38.090309	419.63254	23.509033
-38.089073	416.34579	23.518799
-38.087593	410.34268	23.528564
-38.087261	413.02808	23.53833
-38.086456	413.14648	23.548096
-38.085438	417.25677	23.557861
-38.084755	417.35452	23.567627
-38.085365	416.11658	23.577393
-38.082218	416.14459	23.587158
-38.083294	407.88638	23.596924
-38.082119	411.8287	23.606689
-38.080925	414.7908	23.616455
-38.080402	416.827	23.626221
-38.079731	417.90793	23.635986
-38.078018	409.84128	23.645752
-38.077415	411.73364	23.655518
-38.076675	411.16208	23.665283
-38.075848	411.60379	23.675049
-38.074635	414.56229	23.684814
-38.074867	412.9841	23.69458
-38.0741	415.82443	23.704346
-38.073387	408.54559	23.714111
-38.071789	406.59683	23.723877
-38.071552	409.2189	23.733643
-38.069763	411.5192	23.743408
-38.069553	411.75073	23.753174
-38.068821	408.85172	23.762939
-38.067657	406.16235	23.772705
-38.06831	403.84836	23.782471
-38.063408	-92.856743	23.792236
-38.061798	-60.89547	23.802002
-38.062405	-31.503561	23.811768
-38.062336	-31.766325	23.821533
-38.061523	-41.638241	23.831299
-38.061539	-49.063763	23.841064
-38.059551	-47.445614	23.85083
-38.059055	-45.042301	23.860596
-38.058704	-40.787636	23.870361
-38.058659	-43.362858	23.880127
-38.05727	-40.86343	23.889893
-38.057423	-44.56765	23.899658
-38.055511	-44.311771	23.909424
-38.054512	-47.354202	23.919189
-38.054859	-45.620659	23.928955
-38.053642	-38.187569	23.938721
-38.051598	-41.076874	23.948486
-38.052101	-43.189548	23.958252
-38.051903	-45.972435	23.968018
-38.050686	-46.724716	23.977783
-38.050705	-42.221981	23.987549
-38.049622	-43.925243	23.997314
-38.048172	-38.997612	24.00708
-38.046734	-40.542191	24.016846
-38.045044	-44.072136	24.026611
-38.045666	-45.580502	24.036377
-38.045311	-48.481678	24.046143
-38.04493	-44.460236	24.055908
-38.041523	-38.161526	24.065674
-38.042229	-40.600964	24.075439
-38.041595	-42.137264	24.085205
-38.039997	-47.041065	24.094971
-38.040527	-44.979828	24.104736
-38.039558	-46.083214	24.114502
-38.039192	-40.722866	24.124268
-38.037163	-38.323166	24.134033
-38.037399	-41.222282	24.143799
-38.035648	-44.275982	24.153564
-38.035313	-49.788868	24.16333
-38.035126	-47.472271	24.173096
-38.033695	-39.704723	24.182861
-38.033348	-37.391739	24.192627
-38.031876	-42.373547	24.202393
-38.031078	-46.24942	24.212158
-38.030464	-45.953392	24.221924
-38.028805	-47.124321	24.231689
-38.029114	-42.535526	24.241455
-38.02861	-40.424217	24.251221
-38.027042	-39.204659	24.260986
-38.025208	-42.446228	24.270752
-38.026268	-49.002678	24.280518
-38.023991	-45.173244	24.290283
-38.023884	-42.947414	24.300049
-38.023357	-39.478615	24.309814
-38.022163	-41.138824	24.31958
-38.020481	-44.619865	24.329346
-38.021072	-45.087719	24.339111
-38.019455	-45.724659	24.348877
-38.019413	-43.837025	24.358643
-38.016258	-42.784721	24.368408
-38.018436	-41.760609	24.378174
-38.015781	-37.371872	24.387939
-38.015476	-45.489788	24.397705
-38.015446	-44.800613	24.407471
-38.014484	-46.110287	24.417236
-38.013325	-43.311718	24.427002
-38.012131	-39.580132	24.436768
-38.011021	-43.225372	24.446533
-38.0107	-43.674911	24.456299
-38.010033	-42.150902	24.466064
-38.009136	-47.771492	24.47583
-38.008659	-46.116158	24.485596
-38.007946	-43.864422	24.495361
-38.005646	-39.913788	24.505127
-38.006466	-41.996651	24.514893
-38.005714	-44.007645	24.524658
-38.004665	-45.479794	24.534424
-38.004147	-44.839626	24.544189
-38.003204	-43.266689	24.553955
-38.002247	-43.037708	24.563721
-38.000755	-39.665058	24.573486
-37.999771	-40.958637	24.583252
-37.999771	-43.712009	24.593018
-37.999882	-46.959774	24.602783
-37.997547	-45.505459	24.612549
-37.997215	-40.807583	24.622314
-37.99593	-39.058956	24.63208
-37.996151	-40.00032	24.641846
-37.994225	-44.237709	24.651611
-37.99332	-47.055687	24.661377
-37.994072	-42.758591	24.671143
-37.991585	-47.09166	24.680908
-37.991722	-37.877628	24.690674
-37.991741	-39.734158	24.700439
-37.989796	-39.966103	24.710205
-37.988808	-45.342846	24.719971
-37.98835	-49.970337	24.729736
-37.98727	-44.172287	24.739502
-37.986557	-39.255501	24.749268
-37.984726	-39.490826	24.759033
-37.984524	-41.758923	24.768799
-37.983494	-48.120247	24.778564
-37.983906	-46.463539	24.78833
-37.983982	-45.978317	24.798096
-37.982658	-42.570492	24.807861
-37.981575	-38.226902	24.817627
-37.979404	-39.659031	24.827393
-37.979717	-43.628864	24.837158
-37.978329	-49.896057	24.846924
-37.976837	-44.523003	24.856689
-37.976044	-42.420803	24.866455
-37.976074	-38.755699	24.876221
-37.975113	-40.445187	24.885986
-37.974342	-45.859074	24.895752
-37.97348	-45.676003	24.905518
-37.972687	-44.51054	24.915283
-37.971848	-44.379623	24.925049
-37.97123	-42.222633	24.934814
-37.970753	-38.539066	24.94458
-37.968842	-40.59446	24.954346
-37.967785	-47.707481	24.964111
-37.968262	-45.572975	24.973877
-37.966652	-45.860367	24.983643
-37.96537	-40.483311	24.993408
-37.964603	-40.441055	25.003174
-37.964508	-43.064384	25.012939
-37.963676	-44.244049	25.022705
-37.962791	-45.415562	25.032471
-37.961979	-43.741577	25.042236
-37.961452	-42.985344	25.052002
-37.960045	-42.443733	25.061768
-37.958679	-39.114937	25.071533
-37.957615	-43.433266	25.081299
-37.95768	-44.045547	25.091064
-37.958057	-46.419823	25.10083
-37.95694	-43.017853	25.110596
-37.955238	-41.617485	25.120361
-37.955463	-42.656773	25.130127
-37.95311	-41.372463	25.139893
-37.95311	-41.853645	25.149658
-37.952473	-45.76786	25.159424
-37.951164	-46.758987	25.169189
-37.951305	-45.342018	25.178955
-37.94878	-38.40107	25.188721
-37.948967	-39.764301	25.198486
-37.949589	-42.286083	25.208252
-37.947041	-45.124866	25.218018
-37.945969	-45.831566	25.227783
-37.946644	-41.98772	25.237549
-37.944672	-43.801128	25.247314
-37.944038	-39.069572	25.25708
-37.942509	-40.102512	25.266846
-37.942734	-40.696266	25.276611
-37.942047	-47.868076	25.286377
-37.940041	-47.682453	25.296143
-37.939674	-42.338299	25.305908
-37.940063	-39.119835	25.315674
-37.938412	-39.488266	25.325439
-37.938423	-44.91864	25.335205
-37.937027	-47.074509	25.344971
-37.935375	-46.421604	25.354736
-37.935604	-46.066467	25.364502
-37.933842	-40.005894	25.374268
-37.933273	-38.797665	25.384033
-37.932644	-40.434998	25.393799
-37.931767	-45.024353	25.403564
-37.931316	-51.362522	25.41333
-37.929794	-45.449924	25.423096
-37.929596	-40.309708	25.432861
-37.929348	-38.431721	25.442627
-37.927288	-40.860382	25.452393
-37.927845	-44.984531	25.462158
-37.926521	-45.777561	25.471924
-37.924786	-46.991985	25.481689
-37.926197	-42.08078	25.491455
-37.924538	-40.557613	25.501221
-37.92334	-40.075203	25.510986
-37.922417	-41.373482	25.520752
-37.921421	-48.686401	25.530518
-37.920303	-47.123444	25.540283
-37.919788	-42.162289	25.550049
-37.917755	-41.657734	25.559814
-37.918198	-39.165085	25.56958
-37.916344	-45.584282	25.579346
-37.916138	-44.45649	25.589111
-37.916451	-45.091621	25.598877
-37.915287	-45.096947	25.608643
-37.913628	-43.702957	25.618408
-37.913517	-38.225128	25.628174
-37.912468	-40.020588	25.637939
-37.912228	-44.982872	25.647705
-37.911758	-46.643902	25.657471
-37.910034	-44.146217	25.667236
-37.909561	-40.29348	25.677002
-37.908573	-41.172794	25.686768
-37.907089	-43.166382	25.696533
-37.90715	-40.731781	25.706299
-37.905884	-44.478943	25.716064
-37.905888	-44.590164	25.72583
-37.904873	-46.687542	25.735596
-37.904179	-42.567303	25.745361
-37.902573	-38.26548	25.755127
-37.901989	-44.848164	25.764893
-37.900917	-43.556614	25.774658
-37.900047	-47.349369	25.784424
-37.899742	-45.196701	25.794189
-37.89893	-42.16177	25.803955
-37.897522	-45.255527	25.813721
-37.896645	-38.113483	25.823486
-37.896095	-41.160999	25.833252
-37.895218	-43.703228	25.843018
-37.894138	-45.531555	25.852783
-37.893719	-46.802795	25.862549
-37.894245	-39.347561	25.872314
-37.891464	-40.022598	25.88208
-37.891754	-39.885452	25.891846
-37.890602	-41.86496	25.901611
-37.889999	-46.988514	25.911377
-37.889534	-44.361744	25.921143
-37.888237	-44.254501	25.930908
-37.886543	-38.856834	25.940674
-37.886898	-37.660557	25.950439
-37.88615	-42.835461	25.960205
-37.885155	-45.218018	25.969971
-37.884495	-48.58334	25.979736
-37.883087	-42.889053	25.989502
-37.881744	-39.313198	25.999268
-37.881371	-39.438618	26.009033
-37.880054	-42.947239	26.018799
-37.879627	-45.460419	26.028564
-37.880108	-45.769215	26.03833
-37.878273	-47.080948	26.048096
-37.878277	-40.38781	26.057861
-37.8769	-40.07283	26.067627
-37.87685	-38.639778	26.077393
-37.87553	-43.109173	26.087158
-37.87431	-48.896458	26.096924
-37.872894	-46.651482	26.106689
-37.872147	-42.949532	26.116455
-37.871395	-37.129555	26.126221
-37.869823	-40.94825	26.135986
-37.8708	-44.249084	26.145752
-37.868637	-43.140827	26.155518
-37.868504	-47.478237	26.165283
-37.868076	-42.72953	26.175049
-37.866673	-41.631466	26.184814
-37.866299	-38.95776	26.19458
-37.865215	-38.884724	26.204346
-37.864594	-48.435371	26.214111
-37.863743	-46.552628	26.223877
-37.861805	-43.508217	26.233643
-37.861607	-41.330254	26.243408
-37.860798	-40.156376	26.253174
-37.861122	-44.264648	26.262939
-37.859661	-42.539825	26.272705
-37.859207	-46.265839	26.282471
-37.858055	-46.396671	26.292236
-37.857468	-44.144978	26.302002
-37.856503	-41.553646	26.311768
-37.855019	-38.06279	26.321533
-37.854397	-44.891106	26.331299
-37.853783	-44.951317	26.341064
-37.85318	-45.213451	26.35083
-37.852097	-43.214012	26.360596
-37.852222	-44.200966	26.370361
-37.851128	-41.555473	26.380127
-37.849247	-42.259796	26.389893
-37.849682	-43.368629	26.399658
-37.848392	-46.106911	26.409424
-37.847801	-47.917076	26.419189
-37.846256	-43.362053	26.428955
-37.846039	-39.414932	26.438721

