MTS793|BTW|ENU|1|2|.|/|:|1|0|0|A

Data Header:			0.254_solid_uprint_typeiv_090_r0			Time:	20.025391	s	4/14/2019 1:11:27 AM
Data Acquisition:	Timed
Station Name:	ft40.cfg
Test File Name:	monotonic_0.2540_typeiv_solid_090_uprint.tst
Displacement	Force	Running Time
mm	N	s
-40.040855	-154.08167	0.030273438
-40.040981	-158.83127	0.040039063
-40.040455	-157.71353	0.049804688
-40.041485	-155.31149	0.059570313
-40.040459	-154.3024	0.069335938
-40.041798	-154.21942	0.079101563
-40.040871	-152.75255	0.088867188
-40.039078	-152.13896	0.098632813
-40.039013	-155.45625	0.10839844
-40.037331	-155.39345	0.11816406
-40.036114	-155.60011	0.12792969
-40.035999	-151.15002	0.13769531
-40.034786	-149.41075	0.14746094
-40.034	-150.86258	0.15722656
-40.033421	-149.6313	0.16699219
-40.032822	-152.11201	0.17675781
-40.031311	-150.90581	0.18652344
-40.031349	-150.6875	0.19628906
-40.029739	-149.04245	0.20605469
-40.030109	-143.62946	0.21582031
-40.026402	-147.64282	0.22558594
-40.027328	-147.04161	0.23535156
-40.026642	-148.91628	0.24511719
-40.025764	-149.27461	0.25488281
-40.025574	-143.13005	0.26464844
-40.022881	-145.89096	0.27441406
-40.023388	-140.98521	0.28417969
-40.021767	-141.81548	0.29394531
-40.022148	-144.1418	0.30371094
-40.021217	-146.80305	0.31347656
-40.02018	-145.66684	0.32324219
-40.018654	-139.54489	0.33300781
-40.018936	-137.38176	0.34277344
-40.017612	-139.72151	0.35253906
-40.016911	-141.79831	0.36230469
-40.015907	-143.64638	0.37207031
-40.014015	-140.44612	0.38183594
-40.015373	-139.97197	0.39160156
-40.014656	-135.47348	0.40136719
-40.012489	-134.30565	0.41113281
-40.012356	-136.98051	0.42089844
-40.01096	-140.33232	0.43066406
-40.011112	-140.91461	0.44042969
-40.010822	-135.65506	0.45019531
-40.008869	-130.68602	0.45996094
-40.007706	-130.7506	0.46972656
-40.006786	-135.31412	0.47949219
-40.006512	-137.76843	0.48925781
-40.005436	-135.20293	0.49902344
-40.005562	-134.32004	0.50878906
-40.002686	-129.66588	0.51855469
-40.00259	-129.21913	0.52832031
-40.001057	-126.76134	0.53808594
-40.000362	-131.24585	0.54785156
-40.001858	-135.53632	0.55761719
-40.000736	-134.05368	0.56738281
-39.999367	-125.78011	0.57714844
-39.998104	-124.02454	0.58691406
-39.997986	-126.8238	0.59667969
-39.996765	-131.37823	0.60644531
-39.996983	-126.85828	0.61621094
-39.993759	-129.19804	0.62597656
-39.993412	-124.83363	0.63574219
-39.994221	-123.93419	0.64550781
-39.992409	-121.6645	0.65527344
-39.992474	-122.20789	0.66503906
-39.990608	-127.77655	0.67480469
-39.989887	-127.79117	0.68457031
-39.988953	-123.27044	0.69433594
-39.988396	-119.92599	0.70410156
-39.987919	-118.47676	0.71386719
-39.9874	-122.45522	0.72363281
-39.98613	-122.02704	0.73339844
-39.984348	-121.45228	0.74316406
-39.984165	-122.28957	0.75292969
-39.983624	-119.63513	0.76269531
-39.98288	-118.65723	0.77246094
-39.981506	-115.02616	0.78222656
-39.981045	-119.21577	0.79199219
-39.980492	-119.11696	0.80175781
-39.979023	-118.66953	0.81152344
-39.97887	-114.83844	0.82128906
-39.977478	-114.71718	0.83105469
-39.977413	-114.05048	0.84082031
-39.976997	-113.69962	0.85058594
-39.975685	-114.21154	0.86035156
-39.974663	-115.32755	0.87011719
-39.97414	-115.84166	0.87988281
-39.973316	-113.28397	0.88964844
-39.972355	-108.52232	0.89941406
-39.970997	-111.05196	0.90917969
-39.970676	-109.64598	0.91894531
-39.970108	-113.15984	0.92871094
-39.969116	-112.14392	0.93847656
-39.96957	-107.96735	0.94824219
-39.966721	-110.36487	0.95800781
-39.96714	-105.08231	0.96777344
-39.966648	-105.18092	0.97753906
-39.964371	-108.34731	0.98730469
-39.964973	-109.28915	0.99707031
-39.964066	-111.8764	1.0068359
-39.962452	-104.50193	1.0166016
-39.962147	-101.68111	1.0263672
-39.961155	-102.49413	1.0361328
-39.959637	-105.57195	1.0458984
-39.95916	-108.35873	1.0556641
-39.95829	-105.04345	1.0654297
-39.957119	-105.89554	1.0751953
-39.956455	-99.880447	1.0849609
-39.956051	-97.624641	1.0947266
-39.955017	-100.56464	1.1044922
-39.954102	-101.82162	1.1142578
-39.952724	-106.56513	1.1240234
-39.952942	-102.73264	1.1337891
-39.952187	-94.637489	1.1435547
-39.951485	-95.252205	1.1533203
-39.950172	-98.1567	1.1630859
-39.949036	-100.99809	1.1728516
-39.949974	-100.16434	1.1826172
-39.947765	-101.55531	1.1923828
-39.948025	-94.951431	1.2021484
-39.945969	-93.640793	1.2119141
-39.944992	-91.242172	1.2216797
-39.944874	-95.926292	1.2314453
-39.944675	-99.367828	1.2412109
-39.942894	-97.49334	1.2509766
-39.941612	-93.683586	1.2607422
-39.941383	-89.727631	1.2705078
-39.940937	-91.44545	1.2802734
-39.938736	-93.915871	1.2900391
-39.938076	-92.363358	1.2998047
-39.938309	-95.121223	1.3095703
-39.937496	-92.741173	1.3193359
-39.93663	-90.036346	1.3291016
-39.935211	-87.537476	1.3388672
-39.936398	-84.827896	1.3486328
-39.93391	-92.12677	1.3583984
-39.932243	-91.498817	1.3681641
-39.932541	-88.9133	1.3779297
-39.930969	-84.817482	1.3876953
-39.9314	-83.940758	1.3974609
-39.930065	-87.324585	1.4072266
-39.928791	-85.243828	1.4169922
-39.928665	-86.333	1.4267578
-39.928383	-87.965233	1.4365234
-39.926609	-85.654999	1.4462891
-39.926437	-83.776192	1.4560547
-39.925488	-80.371399	1.4658203
-39.924377	-81.994644	1.4755859
-39.922657	-84.523865	1.4853516
-39.923355	-84.354492	1.4951172
-39.921219	-82.447495	1.5048828
-39.921364	-79.529968	1.5146484
-39.920219	-80.806763	1.5244141
-39.919956	-78.743599	1.5341797
-39.91938	-76.446144	1.5439453
-39.918228	-80.521179	1.5537109
-39.918343	-82.992035	1.5634766
-39.91716	-79.934387	1.5732422
-39.913967	-74.173988	1.5830078
-39.914738	-73.055717	1.5927734
-39.913189	-74.08094	1.6025391
-39.913605	-77.315041	1.6123047
-39.91267	-76.681305	1.6220703
-39.911121	-74.809891	1.6318359
-39.91143	-75.61544	1.6416016
-39.90905	-69.88752	1.6513672
-39.908085	-69.85881	1.6611328
-39.908218	-70.896477	1.6708984
-39.907154	-74.564308	1.6806641
-39.907021	-78.028564	1.6904297
-39.905632	-70.782845	1.7001953
-39.905674	-68.345016	1.7099609
-39.903984	-66.586533	1.7197266
-39.901875	-69.970993	1.7294922
-39.902851	-71.173752	1.7392578
-39.900593	-69.345657	1.7490234
-39.90062	-72.881165	1.7587891
-39.900036	-64.961273	1.7685547
-39.89846	-62.620125	1.7783203
-39.898533	-65.050186	1.7880859
-39.896526	-66.876038	1.7978516
-39.898201	-71.366287	1.8076172
-39.895363	-68.67643	1.8173828
-39.895138	-61.930408	1.8271484
-39.894608	-60.072735	1.8369141
-39.893681	-61.660168	1.8466797
-39.892246	-65.129723	1.8564453
-39.892563	-64.691566	1.8662109
-39.89003	-66.083984	1.8759766
-39.890961	-62.471073	1.8857422
-39.890221	-58.214203	1.8955078
-39.889141	-55.935493	1.9052734
-39.886829	-58.634586	1.9150391
-39.886227	-64.488602	1.9248047
-39.886696	-62.408798	1.9345703
-39.885696	-60.457653	1.9443359
-39.883842	-55.862915	1.9541016
-39.883526	-55.646061	1.9638672
-39.882256	-57.357464	1.9736328
-39.882511	-56.139305	1.9833984
-39.880901	-59.442421	1.9931641
-39.880512	-57.718754	2.0029297
-39.879425	-56.50108	2.0126953
-39.878609	-52.154621	2.0224609
-39.878708	-50.678787	2.0322266
-39.877201	-57.231777	2.0419922
-39.876404	-54.960297	2.0517578
-39.875961	-54.606224	2.0615234
-39.873608	-52.149952	2.0712891
-39.873436	-48.204529	2.0810547
-39.873745	-52.811939	2.0908203
-39.872837	-48.142429	2.1005859
-39.87183	-49.617439	2.1103516
-39.871601	-52.813469	2.1201172
-39.870293	-51.794701	2.1298828
-39.868793	-49.733707	2.1396484
-39.867664	-43.638081	2.1494141
-39.866848	-47.455761	2.1591797
-39.867142	-46.984184	2.1689453
-39.865807	-47.753563	2.1787109
-39.863647	-47.937469	2.1884766
-39.864552	-45.726807	2.1982422
-39.864437	-45.527912	2.2080078
-39.861866	-42.255604	2.2177734
-39.862003	-39.246323	2.2275391
-39.86124	-44.497574	2.2373047
-39.860249	-46.609001	2.2470703
-39.858913	-45.655914	2.2568359
-39.85915	-40.466419	2.2666016
-39.857758	-38.876762	2.2763672
-39.85656	-38.114914	2.2861328
-39.857162	-42.982788	2.2958984
-39.855415	-41.677826	2.3056641
-39.854439	-41.459988	2.3154297
-39.853142	-41.669884	2.3251953
-39.853222	-35.674297	2.3349609
-39.85191	-35.179394	2.3447266
-39.8507	-35.324657	2.3544922
-39.850147	-39.705475	2.3642578
-39.8512	-42.527622	2.3740234
-39.848663	-37.187916	2.3837891
-39.847084	-34.341198	2.3935547
-39.847157	-31.720083	2.4033203
-39.846031	-33.910034	2.4130859
-39.845806	-35.656174	2.4228516
-39.844986	-35.369247	2.4326172
-39.844143	-40.211826	2.4423828
-39.8424	-32.519329	2.4521484
-39.843636	-28.084816	2.4619141
-39.841011	-27.635786	2.4716797
-39.840679	-30.023365	2.4814453
-39.840618	-36.825851	2.4912109
-39.83778	-33.541424	2.5009766
-39.838371	-27.318018	2.5107422
-39.837448	-27.266214	2.5205078
-39.837563	-26.838476	2.5302734
-39.836632	-29.574924	2.5400391
-39.835052	-28.340931	2.5498047
-39.8335	-30.142738	2.5595703
-39.833042	-28.030359	2.5693359
-39.832928	-25.622772	2.5791016
-39.830826	-22.804544	2.5888672
-39.830986	-22.209805	2.5986328
-39.82999	-28.301201	2.6083984
-39.829098	-27.624725	2.6181641
-39.828079	-23.099394	2.6279297
-39.82671	-22.122093	2.6376953
-39.827446	-22.906706	2.6474609
-39.825401	-22.899776	2.6572266
-39.825855	-20.236841	2.6669922
-39.823696	-22.540249	2.6767578
-39.823318	-21.962826	2.6865234
-39.82304	-22.742601	2.6962891
-39.821587	-17.489943	2.7060547
-39.820259	-16.060669	2.7158203
-39.820286	-20.018757	2.7255859
-39.819546	-18.571081	2.7353516
-39.819149	-20.196178	2.7451172
-39.817924	-17.974516	2.7548828
-39.81678	-15.618599	2.7646484
-39.816616	-16.699125	2.7744141
-39.816265	-13.056072	2.7841797
-39.813213	-15.228085	2.7939453
-39.812866	-15.039983	2.8037109
-39.81348	-18.02479	2.8134766
-39.812553	-16.827168	2.8232422
-39.811256	-9.5183058	2.8330078
-39.810928	-12.579441	2.8427734
-39.809059	-9.7709389	2.8525391
-39.808872	-13.598055	2.8623047
-39.807476	-14.625058	2.8720703
-39.807739	-10.616958	2.8818359
-39.80595	-13.086397	2.8916016
-39.805187	-8.4315119	2.9013672
-39.80323	-6.8560843	2.9111328
-39.802998	-11.050681	2.9208984
-39.803631	-11.650931	2.9306641
-39.802868	-11.422232	2.9404297
-39.80093	-7.8013721	2.9501953
-39.800629	-4.6003785	2.9599609
-39.801071	-5.0772171	2.9697266
-39.799358	-6.1042409	2.9794922
-39.797596	-6.2009325	2.9892578
-39.798164	-8.705802	2.9990234
-39.795719	-8.97682	3.0087891
-39.795765	-2.1068492	3.0185547
-39.794907	0.76450753	3.0283203
-39.794533	1.9186511	3.0380859
-39.793194	-4.7387562	3.0478516
-39.794216	-6.8300161	3.0576172
-39.791748	-5.328805	3.0673828
-39.791561	0.5623734	3.0771484
-39.789455	2.1200914	3.0869141
-39.790062	2.7006018	3.0966797
-39.788761	1.384208	3.1064453
-39.787018	1.0332463	3.1162109
-39.787369	-5.1567574	3.1259766
-39.785854	2.3774376	3.1357422
-39.785305	5.491662	3.1455078
-39.784756	8.0397406	3.1552734
-39.784149	6.2114196	3.1650391
-39.783363	-1.088732	3.1748047
-39.781967	1.6036587	3.1845703
-39.781605	4.5449758	3.1943359
-39.779671	8.0047445	3.2041016
-39.779133	9.536561	3.2138672
-39.779526	6.3616347	3.2236328
-39.778461	9.5536079	3.2333984
-39.777714	4.0730257	3.2431641
-39.77491	6.0778685	3.2529297
-39.775177	9.9407148	3.2626953
-39.773975	11.308809	3.2724609
-39.774284	13.829463	3.2822266
-39.774303	8.9877729	3.2919922
-39.771614	7.4041629	3.3017578
-39.771748	9.7280893	3.3115234
-39.77166	12.268681	3.3212891
-39.769176	13.686789	3.3310547
-39.769676	13.447659	3.3408203
-39.768742	13.431223	3.3505859
-39.767143	14.128175	3.3603516
-39.76638	11.611404	3.3701172
-39.765736	11.106261	3.3798828
-39.764374	15.423808	3.3896484
-39.764427	19.659714	3.3994141
-39.762257	17.553217	3.4091797
-39.762939	17.184986	3.4189453
-39.763119	15.987955	3.4287109
-39.761234	16.20867	3.4384766
-39.760605	17.476122	3.4482422
-39.758751	18.009291	3.4580078
-39.75943	22.786976	3.4677734
-39.757801	21.314419	3.4775391
-39.756966	19.280254	3.4873047
-39.75605	15.448168	3.4970703
-39.755814	17.503376	3.5068359
-39.754585	23.489357	3.5166016
-39.753029	20.962099	3.5263672
-39.753017	26.131519	3.5361328
-39.752296	23.721819	3.5458984
-39.751038	22.560986	3.5556641
-39.751286	22.688007	3.5654297
-39.749817	21.466341	3.5751953
-39.748314	27.712324	3.5849609
-39.748001	30.505922	3.5947266
-39.746979	27.916187	3.6044922
-39.746433	25.843533	3.6142578
-39.744545	19.89197	3.6240234
-39.744499	27.05336	3.6337891
-39.743999	30.358036	3.6435547
-39.74194	31.201977	3.6533203
-39.741993	30.022259	3.6630859
-39.741245	29.098972	3.6728516
-39.740555	27.354252	3.6826172
-39.738922	25.838842	3.6923828
-39.739525	32.229752	3.7021484
-39.738007	36.238373	3.7119141
-39.736977	36.51112	3.7216797
-39.737003	32.439835	3.7314453
-39.735687	28.572302	3.7412109
-39.736248	30.699867	3.7509766
-39.734913	34.391762	3.7607422
-39.733341	38.761711	3.7705078
-39.732571	37.273445	3.7802734
-39.732666	36.23925	3.7900391
-39.73035	35.118793	3.7998047
-39.730465	31.757217	3.8095703
-39.729061	35.848068	3.8193359
-39.727921	38.64064	3.8291016
-39.727253	42.122646	3.8388672
-39.726696	41.126247	3.8486328
-39.72488	34.138493	3.8583984
-39.725468	36.984875	3.8681641
-39.724857	37.997742	3.8779297
-39.723999	42.501549	3.8876953
-39.72221	42.97121	3.8974609
-39.721722	42.971886	3.9072266
-39.721077	44.55389	3.9169922
-39.720253	40.284451	3.9267578
-39.720306	40.967598	3.9365234
-39.718891	43.802235	3.9462891
-39.717934	45.853771	3.9560547
-39.717159	49.823635	3.9658203
-39.71608	42.807827	3.9755859
-39.715454	43.110542	3.9853516
-39.71524	46.191452	3.9951172
-39.713829	44.815956	4.0048828
-39.713245	47.222954	4.0146484
-39.713158	48.853107	4.0244141
-39.710964	51.722424	4.0341797
-39.711159	49.285374	4.0439453
-39.70895	46.110313	4.0537109
-39.709278	46.113716	4.0634766
-39.708027	47.977951	4.0732422
-39.707455	53.665699	4.0830078
-39.705448	52.138084	4.0927734
-39.705078	51.502861	4.1025391
-39.704399	51.325722	4.1123047
-39.703743	51.512878	4.1220703
-39.703468	51.109013	4.1318359
-39.703331	51.575935	4.1416016
-39.701923	56.785442	4.1513672
-39.700245	58.148888	4.1611328
-39.700096	56.017998	4.1708984
-39.699482	50.951424	4.1806641
-39.698395	52.140018	4.1904297
-39.695923	56.153641	4.2001953
-39.695786	56.781723	4.2099609
-39.696468	60.085655	4.2197266
-39.69574	58.502781	4.2294922
-39.694271	57.730541	4.2392578
-39.693111	56.272026	4.2490234
-39.692226	55.088451	4.2587891
-39.690548	61.054298	4.2685547
-39.690979	64.990799	4.2783203
-39.69009	64.372948	4.2880859
-39.689018	59.992008	4.2978516
-39.689236	56.381889	4.3076172
-39.687454	62.071079	4.3173828
-39.687195	62.764057	4.3271484
-39.68631	67.66497	4.3369141
-39.685741	65.451431	4.3466797
-39.684723	65.501747	4.3564453
-39.683632	63.228168	4.3662109
-39.684467	58.594612	4.3759766
-39.68198	62.919861	4.3857422
-39.681805	70.538284	4.3955078
-39.68111	73.065315	4.4052734
-39.679237	68.208694	4.4150391
-39.680492	63.662262	4.4248047
-39.677582	63.626038	4.4345703
-39.675755	68.762115	4.4443359
-39.676186	71.625847	4.4541016
-39.674713	71.489845	4.4638672
-39.6749	71.776794	4.4736328
-39.674828	70.952896	4.4833984
-39.673809	66.417389	4.4931641
-39.672359	69.986198	4.5029297
-39.671188	73.696747	4.5126953
-39.671238	77.088776	4.5224609
-39.669525	75.785347	4.5322266
-39.669422	72.243729	4.5419922
-39.667618	72.594559	4.5517578
-39.668163	72.004433	4.5615234
-39.667221	74.676147	4.5712891
-39.665714	76.512749	4.5810547
-39.664524	77.052628	4.5908203
-39.664627	80.264549	4.6005859
-39.663532	75.747498	4.6103516
-39.66172	74.925583	4.6201172
-39.661724	74.353775	4.6298828
-39.660191	78.853928	4.6396484
-39.660248	84.582001	4.6494141
-39.658104	78.417297	4.6591797
-39.658573	79.527054	4.6689453
-39.657448	80.293739	4.6787109
-39.657055	78.681068	4.6884766
-39.656044	81.319984	4.6982422
-39.655014	82.287758	4.7080078
-39.654709	86.57251	4.7177734
-39.653603	86.136749	4.7275391
-39.652527	82.506805	4.7373047
-39.653053	78.682281	4.7470703
-39.650795	81.600998	4.7568359
-39.649784	86.249405	4.7666016
-39.649784	86.340874	4.7763672
-39.648407	87.486015	4.7861328
-39.649055	89.873146	4.7958984
-39.64724	85.429359	4.8056641
-39.64682	83.92131	4.8154297
-39.646633	85.033302	4.8251953
-39.644379	90.443024	4.8349609
-39.643532	93.435242	4.8447266
-39.643105	91.698273	4.8544922
-39.641556	85.888062	4.8642578
-39.642075	86.675957	4.8740234
-39.640739	91.019302	4.8837891
-39.640148	91.910431	4.8935547
-39.638412	96.561302	4.9033203
-39.637829	92.742813	4.9130859
-39.636646	92.923386	4.9228516
-39.637211	90.322716	4.9326172
-39.636044	87.977455	4.9423828
-39.635715	95.100693	4.9521484
-39.634518	99.58757	4.9619141
-39.633732	99.447777	4.9716797
-39.632187	97.00621	4.9814453
-39.631634	90.135284	4.9912109
-39.630512	94.469254	5.0009766
-39.629822	95.931534	5.0107422
-39.629433	101.21139	5.0205078
-39.628429	101.89982	5.0302734
-39.627758	97.525253	5.0400391
-39.626354	98.85273	5.0498047
-39.627228	92.320717	5.0595703
-39.625111	97.64415	5.0693359
-39.624714	103.65657	5.0791016
-39.62373	105.47494	5.0888672
-39.622833	105.17715	5.0986328
-39.620598	97.600357	5.1083984
-39.621407	99.051453	5.1181641
-39.620373	101.08423	5.1279297
-39.619022	103.23416	5.1376953
-39.618992	107.7822	5.1474609
-39.61882	106.17227	5.1572266
-39.617546	106.47893	5.1669922
-39.616394	102.62462	5.1767578
-39.615982	103.05077	5.1865234
-39.613861	105.35271	5.1962891
-39.612984	110.50289	5.2060547
-39.611614	110.53353	5.2158203
-39.612461	106.49834	5.2255859
-39.611946	107.64649	5.2353516
-39.611248	107.51665	5.2451172
-39.609909	108.26269	5.2548828
-39.609333	109.79655	5.2646484
-39.608315	112.13818	5.2744141
-39.606186	115.98175	5.2841797
-39.60614	111.27219	5.2939453
-39.60659	111.0363	5.3037109
-39.604465	108.35981	5.3134766
-39.603462	113.0038	5.3232422
-39.602283	118.02222	5.3330078
-39.602489	112.92949	5.3427734
-39.601746	116.33944	5.3525391
-39.601257	113.908	5.3623047
-39.599571	113.25613	5.3720703
-39.60014	114.96205	5.3818359
-39.597855	113.58811	5.3916016
-39.596294	121.9789	5.4013672
-39.59676	120.71558	5.4111328
-39.596394	119.34962	5.4208984
-39.595394	116.63517	5.4306641
-39.595062	115.24068	5.4404297
-39.592934	121.24973	5.4501953
-39.59272	120.90094	5.4599609
-39.592136	124.06019	5.4697266
-39.591267	124.20168	5.4794922
-39.58934	120.44769	5.4892578
-39.590046	119.62772	5.4990234
-39.588913	118.40743	5.5087891
-39.58643	124.08108	5.5185547
-39.586891	128.00668	5.5283203
-39.586227	127.93067	5.5380859
-39.584518	124.09317	5.5478516
-39.583435	119.53966	5.5576172
-39.583527	123.9192	5.5673828
-39.582191	126.39169	5.5771484
-39.582165	128.89931	5.5869141
-39.581429	129.77655	5.5966797
-39.581177	129.92043	5.6064453
-39.58054	124.41742	5.6162109
-39.577553	122.77804	5.6259766
-39.577129	127.91871	5.6357422
-39.576904	131.66582	5.6455078
-39.575695	135.42979	5.6552734
-39.575817	131.3062	5.6650391
-39.57597	127.00279	5.6748047
-39.574776	129.64388	5.6845703
-39.572556	129.74055	5.6943359
-39.572243	135.87697	5.7041016
-39.570858	135.30191	5.7138672
-39.571304	134.20615	5.7236328
-39.569984	136.10887	5.7333984
-39.569714	127.80212	5.7431641
-39.567287	134.37292	5.7529297
-39.567028	135.14378	5.7626953
-39.566174	140.0374	5.7724609
-39.565968	139.02756	5.7822266
-39.566383	134.31151	5.7919922
-39.564335	133.99423	5.8017578
-39.563908	137.16429	5.8115234
-39.562408	135.66341	5.8212891
-39.562508	139.99902	5.8310547
-39.560524	140.4187	5.8408203
-39.559933	140.95357	5.8505859
-39.560074	137.88319	5.8603516
-39.55899	136.42957	5.8701172
-39.557434	137.75883	5.8798828
-39.5569	144.08809	5.8896484
-39.557457	145.68774	5.8994141
-39.554844	143.7924	5.9091797
-39.554455	141.92596	5.9189453
-39.553997	142.82829	5.9287109
-39.552879	142.21346	5.9384766
-39.551083	142.42964	5.9482422
-39.551113	145.95306	5.9580078
-39.551388	148.76309	5.9677734
-39.549599	148.69116	5.9775391
-39.54842	145.16533	5.9873047
-39.547874	141.76872	5.9970703
-39.547096	144.62671	6.0068359
-39.545406	150.10632	6.0166016
-39.543537	147.29207	6.0263672
-39.54467	152.27626	6.0361328
-39.544361	150.05896	6.0458984
-39.543224	148.71342	6.0556641
-39.541115	146.90813	6.0654297
-39.542049	146.12164	6.0751953
-39.539524	155.46754	6.0849609
-39.538662	155.76015	6.0947266
-39.539024	153.1779	6.1044922
-39.538128	150.08595	6.1142578
-39.53722	148.51285	6.1240234
-39.536972	155.51401	6.1337891
-39.535816	151.95726	6.1435547
-39.534882	156.00929	6.1533203
-39.533962	159.56187	6.1630859
-39.533108	154.85971	6.1728516
-39.532852	153.17168	6.1826172
-39.531788	150.28416	6.1923828
-39.531578	155.52925	6.2021484
-39.52951	164.39182	6.2119141
-39.52977	160.57097	6.2216797
-39.52895	157.35542	6.2314453
-39.527908	154.20126	6.2412109
-39.526516	156.67056	6.2509766
-39.526657	159.42085	6.2607422
-39.525074	163.30968	6.2705078
-39.52356	163.75188	6.2802734
-39.524082	164.50331	6.2900391
-39.523773	160.56929	6.2998047
-39.522331	155.76849	6.3095703
-39.521919	159.75159	6.3193359
-39.520779	166.6825	6.3291016
-39.519588	169.13454	6.3388672
-39.519154	164.84442	6.3486328
-39.517883	160.46397	6.3583984
-39.517746	163.01308	6.3681641
-39.515762	163.45805	6.3779297
-39.514679	167.90158	6.3876953
-39.514835	168.24924	6.3974609
-39.514439	169.75139	6.4072266
-39.513184	170.18991	6.4169922
-39.511665	162.37369	6.4267578
-39.511036	166.39586	6.4365234
-39.510559	166.88419	6.4462891
-39.509075	173.2702	6.4560547
-39.508434	174.25681	6.4658203
-39.507469	168.32417	6.4755859
-39.507061	168.37029	6.4853516
-39.507324	168.72862	6.4951172
-39.506001	170.38292	6.5048828
-39.505039	171.29756	6.5146484
-39.503574	172.97575	6.5244141
-39.503918	176.03073	6.5341797
-39.502438	171.12897	6.5439453
-39.500935	170.51872	6.5537109
-39.500126	172.49983	6.5634766
-39.499981	175.22015	6.5732422
-39.498524	178.38647	6.5830078
-39.496868	176.68628	6.5927734
-39.496655	176.01154	6.6025391
-39.497437	178.05481	6.6123047
-39.496033	174.85318	6.6220703
-39.495029	175.2686	6.6318359
-39.494617	177.57091	6.6416016
-39.492886	181.46925	6.6513672
-39.493229	181.44753	6.6611328
-39.491707	178.30927	6.6708984
-39.490597	176.17088	6.6806641
-39.490005	176.86897	6.6904297
-39.490356	181.93375	6.7001953
-39.48867	182.61876	6.7099609
-39.486889	184.65129	6.7197266
-39.486778	184.66081	6.7294922
-39.485752	182.82475	6.7392578
-39.485378	179.16875	6.7490234
-39.48394	179.61719	6.7587891
-39.484272	185.9928	6.7685547
-39.482895	189.39166	6.7783203
-39.482948	188.55804	6.7880859
-39.480984	184.68704	6.7978516
-39.480316	180.19131	6.8076172
-39.479801	184.21747	6.8173828
-39.478996	184.69989	6.8271484
-39.478146	191.38716	6.8369141
-39.477104	191.12918	6.8466797
-39.47628	189.918	6.8564453
-39.476089	188.25333	6.8662109
-39.475449	182.5929	6.8759766
-39.47496	189.65523	6.8857422
-39.472645	195.66541	6.8955078
-39.471947	194.80373	6.9052734
-39.471893	192.51286	6.9150391
-39.470432	186.50531	6.9248047
-39.469639	189.27809	6.9345703
-39.469444	191.16727	6.9443359
-39.468803	193.6805	6.9541016
-39.467648	195.99489	6.9638672
-39.465874	198.26984	6.9736328
-39.465343	194.39545	6.9833984
-39.464554	191.46623	6.9931641
-39.464115	191.40413	7.0029297
-39.463585	197.12978	7.0126953
-39.463055	200.78098	7.0224609
-39.461781	199.76027	7.0322266
-39.462349	195.9803	7.0419922
-39.460121	195.98915	7.0517578
-39.458912	196.97208	7.0615234
-39.458023	199.03027	7.0712891
-39.457905	200.56813	7.0810547
-39.45602	202.50519	7.0908203
-39.45689	203.84952	7.1005859
-39.454994	197.84087	7.1103516
-39.454754	198.28058	7.1201172
-39.453739	200.40443	7.1298828
-39.453606	204.7934	7.1396484
-39.452774	206.46991	7.1494141
-39.451767	203.22243	7.1591797
-39.452297	203.80779	7.1689453
-39.450336	204.74106	7.1787109
-39.449043	202.41754	7.1884766
-39.448044	203.90222	7.1982422
-39.447205	205.43405	7.2080078
-39.446262	212.12392	7.2177734
-39.44487	207.06158	7.2275391
-39.445122	205.63223	7.2373047
-39.44297	204.18779	7.2470703
-39.44297	205.62289	7.2568359
-39.441875	209.93871	7.2666016
-39.441757	207.42361	7.2763672
-39.440025	208.94888	7.2861328
-39.440125	210.00894	7.2958984
-39.439503	208.61003	7.3056641
-39.437557	206.88541	7.3154297
-39.436913	209.4254	7.3251953
-39.436661	213.19086	7.3349609
-39.435745	217.53403	7.3447266
-39.434994	212.55238	7.3544922
-39.434177	210.61873	7.3642578
-39.432682	211.56767	7.3740234
-39.432621	211.9912	7.3837891
-39.43137	215.20856	7.3935547
-39.431683	217.05469	7.4033203
-39.429741	218.89998	7.4130859
-39.431068	214.1904	7.4228516
-39.427483	211.2719	7.4326172
-39.42802	211.47173	7.4423828
-39.426544	218.18274	7.4521484
-39.425201	221.15167	7.4619141
-39.426174	222.52187	7.4716797
-39.424797	216.83481	7.4814453
-39.423653	212.86719	7.4912109
-39.421864	217.17311	7.5009766
-39.42038	217.20805	7.5107422
-39.421963	223.45358	7.5205078
-39.419945	224.85448	7.5302734
-39.419525	222.88506	7.5400391
-39.418503	220.39619	7.5498047
-39.419029	215.47299	7.5595703
-39.416771	220.12193	7.5693359
-39.416115	226.10411	7.5791016
-39.415173	228.73712	7.5888672
-39.414635	227.47121	7.5986328
-39.414146	221.96042	7.6083984
-39.413017	222.41144	7.6181641
-39.412151	222.03778	7.6279297
-39.410591	225.1369	7.6376953
-39.411152	229.99008	7.6474609
-39.408482	230.65883	7.6572266
-39.409431	228.85316	7.6669922
-39.407547	222.72636	7.6767578
-39.407719	224.01782	7.6865234
-39.406284	228.84296	7.6962891
-39.405842	232.25397	7.7060547
-39.403839	234.13608	7.7158203
-39.404255	228.7253	7.7255859
-39.402908	230.07306	7.7353516
-39.402164	231.29802	7.7451172
-39.400963	229.6646	7.7548828
-39.401741	233.59058	7.7646484
-39.399361	235.924	7.7744141
-39.398739	237.3885	7.7841797
-39.399113	231.78488	7.7939453
-39.397167	232.04893	7.8037109
-39.397144	230.25734	7.8134766
-39.395554	235.45621	7.8232422
-39.395653	237.52612	7.8330078
-39.394966	235.29863	7.8427734
-39.393288	236.81293	7.8525391
-39.393444	234.61893	7.8623047
-39.39222	234.45847	7.8720703
-39.3913	233.70473	7.8818359
-39.39069	236.00317	7.8916016
-39.389671	243.36154	7.9013672
-39.388206	240.1741	7.9111328
-39.387596	237.90102	7.9208984
-39.386726	237.20773	7.9306641
-39.386589	237.6223	7.9404297
-39.385677	241.42543	7.9501953
-39.384224	239.66522	7.9599609
-39.383221	245.67833	7.9697266
-39.382839	244.00334	7.9794922
-39.382599	241.34351	7.9892578
-39.3811	240.14561	7.9990234
-39.379269	239.57956	8.0087891
-39.380093	243.94698	8.0185547
-39.379436	249.69522	8.0283203
-39.377796	246.78229	8.0380859
-39.377544	245.35162	8.0478516
-39.376503	242.3412	8.0576172
-39.373821	244.4682	8.0673828
-39.375538	244.52965	8.0771484
-39.373276	251.10323	8.0869141
-39.372208	252.23053	8.0966797
-39.3717	250.13933	8.1064453
-39.371078	246.09163	8.1162109
-39.369965	244.87138	8.1259766
-39.370213	248.26859	8.1357422
-39.369911	253.49733	8.1455078
-39.368282	254.20186	8.1552734
-39.367477	250.45676	8.1650391
-39.366089	249.22275	8.1748047
-39.365173	250.34669	8.1845703
-39.364445	248.06526	8.1943359
-39.363483	254.08444	8.2041016
-39.363899	256.74313	8.2138672
-39.362499	257.91016	8.2236328
-39.360546	254.93681	8.2333984
-39.360607	247.50055	8.2431641
-39.359669	251.38068	8.2529297
-39.357742	256.83203	8.2626953
-39.358791	259.19235	8.2724609
-39.358089	260.8584	8.2822266
-39.356236	254.66866	8.2919922
-39.355457	254.49699	8.3017578
-39.354359	253.41516	8.3115234
-39.354282	257.00577	8.3212891
-39.3536	261.10785	8.3310547
-39.353199	261.75531	8.3408203
-39.351795	262.68991	8.3505859
-39.350903	256.99799	8.3603516
-39.349941	257.20279	8.3701172
-39.350693	261.13739	8.3798828
-39.349342	262.14722	8.3896484
-39.347515	264.28851	8.3994141
-39.345993	263.13562	8.4091797
-39.345749	262.00076	8.4189453
-39.345718	262.72397	8.4287109
-39.34428	260.57031	8.4384766
-39.343441	262.4166	8.4482422
-39.3433	266.9151	8.4580078
-39.342667	269.1749	8.4677734
-39.340904	266.42776	8.4775391
-39.34024	265.02539	8.4873047
-39.339539	264.25061	8.4970703
-39.33889	267.17383	8.5068359
-39.338985	268.06396	8.5166016
-39.336674	268.9111	8.5263672
-39.336628	269.58502	8.5361328
-39.335072	268.86011	8.5458984
-39.334278	266.68536	8.5556641
-39.333958	265.97366	8.5654297
-39.333611	267.64377	8.5751953
-39.333241	275.09042	8.5849609
-39.330566	272.87912	8.5947266
-39.331264	272.22122	8.6044922
-39.329361	270.00583	8.6142578
-39.329422	269.62891	8.6240234
-39.328392	272.23807	8.6337891
-39.328121	271.97891	8.6435547
-39.327709	276.52475	8.6533203
-39.325214	278.18591	8.6630859
-39.325638	274.88937	8.6728516
-39.323971	272.66269	8.6826172
-39.324356	269.15582	8.6923828
-39.322407	276.8494	8.7021484
-39.321678	280.39499	8.7119141
-39.32082	279.7363	8.7216797
-39.319313	278.07547	8.7314453
-39.319435	273.48419	8.7412109
-39.318123	276.01938	8.7509766
-39.317436	275.08356	8.7607422
-39.317951	279.20865	8.7705078
-39.314884	284.18549	8.7802734
-39.315662	281.6261	8.7900391
-39.31448	278.31332	8.7998047
-39.313442	275.04443	8.8095703
-39.313068	278.75748	8.8193359
-39.312046	285.55371	8.8291016
-39.31068	285.61737	8.8388672
-39.310089	283.84451	8.8486328
-39.310539	281.12195	8.8583984
-39.308586	280.64954	8.8681641
-39.308788	279.51358	8.8779297
-39.307755	282.99771	8.8876953
-39.306889	287.22449	8.8974609
-39.305374	289.32831	8.9072266
-39.305305	285.75409	8.9169922
-39.302986	280.44699	8.9267578
-39.303146	283.54861	8.9365234
-39.302071	286.56909	8.9462891
-39.301403	291.49396	8.9560547
-39.300819	291.50119	8.9658203
-39.299644	287.53897	8.9755859
-39.298534	289.19696	8.9853516
-39.298092	286.69885	8.9951172
-39.296906	288.89389	9.0048828
-39.296059	290.66904	9.0146484
-39.295959	293.60654	9.0244141
-39.295254	295.33688	9.0341797
-39.29361	289.98624	9.0439453
-39.293007	289.36835	9.0537109
-39.293484	290.98828	9.0634766
-39.291824	293.74435	9.0732422
-39.291054	295.83017	9.0830078
-39.290417	292.80127	9.0927734
-39.289066	294.08356	9.1025391
-39.28825	295.71851	9.1123047
-39.287766	291.77527	9.1220703
-39.285793	293.0542	9.1318359
-39.285725	296.03708	9.1416016
-39.283546	300.36395	9.1513672
-39.284508	299.2135	9.1611328
-39.284409	296.89145	9.1708984
-39.282776	294.75378	9.1806641
-39.281925	298.60886	9.1904297
-39.282104	298.94446	9.2001953
-39.280056	300.58435	9.2099609
-39.279133	301.91638	9.2197266
-39.279301	302.69815	9.2294922
-39.278111	301.26379	9.2392578
-39.277866	296.16849	9.2490234
-39.275574	297.46436	9.2587891
-39.273594	303.7775	9.2685547
-39.274235	304.40448	9.2783203
-39.273186	304.29428	9.2880859
-39.27264	301.12857	9.2978516
-39.272186	300.94421	9.3076172
-39.271923	301.03366	9.3173828
-39.269035	301.42932	9.3271484
-39.269547	307.17502	9.3369141
-39.269394	308.22116	9.3466797
-39.267788	305.76663	9.3564453
-39.267769	303.15237	9.3662109
-39.267136	299.69684	9.3759766
-39.266109	306.81818	9.3857422
-39.264992	310.65005	9.3955078
-39.263588	312.00092	9.4052734
-39.262272	310.22617	9.4150391
-39.263008	305.71597	9.4248047
-39.261902	306.7973	9.4345703
-39.261623	303.20758	9.4443359
-39.259262	311.12732	9.4541016
-39.259403	314.51971	9.4638672
-39.257412	313.78552	9.4736328
-39.256672	311.73199	9.4833984
-39.256569	306.95645	9.4931641
-39.255417	305.96347	9.5029297
-39.255432	314.6315	9.5126953
-39.253536	315.46054	9.5224609
-39.252914	315.79279	9.5322266
-39.252106	313.53204	9.5419922
-39.250683	312.8338	9.5517578
-39.250977	310.32736	9.5615234
-39.250214	312.76239	9.5712891
-39.249439	317.08896	9.5810547
-39.249237	320.89597	9.5908203
-39.248375	318.83353	9.6005859
-39.247433	313.93481	9.6103516
-39.246178	313.20807	9.6201172
-39.246124	316.26007	9.6298828
-39.244888	321.20108	9.6396484
-39.244186	321.03375	9.6494141
-39.243202	319.7117	9.6591797
-39.241135	320.93347	9.6689453
-39.241032	316.70911	9.6787109
-39.239826	318.66925	9.6884766
-39.239491	319.09552	9.6982422
-39.238094	321.95053	9.7080078
-39.236576	325.77478	9.7177734
-39.235786	318.73517	9.7275391
-39.235809	322.3775	9.7373047
-39.235882	318.93155	9.7470703
-39.235355	321.50955	9.7568359
-39.234287	324.86566	9.7666016
-39.232979	322.86618	9.7763672
-39.232487	325.75754	9.7861328
-39.23106	326.72223	9.7958984
-39.229736	321.83682	9.8056641
-39.229137	322.47543	9.8154297
-39.228718	323.96445	9.8251953
-39.228024	329.72906	9.8349609
-39.227001	329.05942	9.8447266
-39.226299	327.46005	9.8544922
-39.225147	324.54025	9.8642578
-39.224915	325.48022	9.8740234
-39.223942	327.00803	9.8837891
-39.224056	329.14313	9.8935547
-39.22282	331.72357	9.9033203
-39.221233	333.97116	9.9130859
-39.221756	329.44406	9.9228516
-39.219513	326.49142	9.9326172
-39.218494	326.9628	9.9423828
-39.218975	332.46509	9.9521484
-39.216751	335.89746	9.9619141
-39.217129	335.09497	9.9716797
-39.214661	331.31717	9.9814453
-39.215519	332.27521	9.9912109
-39.214123	330.67117	10.000977
-39.213318	331.45523	10.010742
-39.212738	337.33093	10.020508
-39.211823	338.14673	10.030273
-39.211311	338.21692	10.040039
-39.211014	334.61414	10.049805
-39.208939	328.76932	10.05957
-39.208126	334.29904	10.069336
-39.206661	338.54218	10.079102
-39.207272	341.36188	10.088867
-39.206017	339.40765	10.098633
-39.206028	337.76486	10.108398
-39.204914	337.75656	10.118164
-39.203323	334.73993	10.12793
-39.202957	341.20758	10.137695
-39.202549	343.32428	10.147461
-39.201714	344.40399	10.157227
-39.200951	342.20258	10.166992
-39.200115	335.90015	10.176758
-39.199692	336.46561	10.186523
-39.198475	342.79202	10.196289
-39.197563	345.3486	10.206055
-39.196541	345.53171	10.21582
-39.196159	342.32071	10.225586
-39.194813	342.95901	10.235352
-39.19352	340.53693	10.245117
-39.193531	341.58548	10.254883
-39.192696	345.75021	10.264648
-39.191986	349.4613	10.274414
-39.19146	349.09665	10.28418
-39.189705	344.66962	10.293945
-39.18837	342.32397	10.303711
-39.187645	343.72766	10.313477
-39.18787	347.7774	10.323242
-39.18684	348.6163	10.333008
-39.186913	349.7681	10.342773
-39.185898	350.64011	10.352539
-39.184067	347.58313	10.362305
-39.182972	347.71045	10.37207
-39.182686	348.14377	10.381836
-39.181095	351.31778	10.391602
-39.181168	354.07578	10.401367
-39.180351	350.42795	10.411133
-39.180073	351.68491	10.420898
-39.178356	349.00928	10.430664
-39.177341	350.17722	10.44043
-39.17712	354.06357	10.450195
-39.177002	351.88364	10.459961
-39.175285	356.72284	10.469727
-39.175182	355.25647	10.479492
-39.174328	353.40533	10.489258
-39.172234	350.5022	10.499023
-39.171345	351.1051	10.508789
-39.171722	358.18588	10.518555
-39.171268	359.59735	10.52832
-39.170326	358.43188	10.538086
-39.168831	357.32745	10.547852
-39.168865	353.40387	10.557617
-39.166748	356.26926	10.567383
-39.165913	356.26755	10.577148
-39.165268	360.42267	10.586914
-39.163639	365.15991	10.59668
-39.163296	360.2785	10.606445
-39.163647	356.6485	10.616211
-39.162014	353.14996	10.625977
-39.161701	361.71597	10.635742
-39.160831	364.42807	10.645508
-39.159412	363.51465	10.655273
-39.158779	361.98737	10.665039
-39.157139	359.19818	10.674805
-39.158741	359.16235	10.68457
-39.156631	358.67529	10.694336
-39.155434	364.41241	10.704102
-39.155025	367.78748	10.713867
-39.153957	367.8096	10.723633
-39.153339	364.13974	10.733398
-39.152504	359.3045	10.743164
-39.152721	362.5415	10.75293
-39.151268	365.46906	10.762695
-39.149963	370.93149	10.772461
-39.149471	368.58994	10.782227
-39.149014	365.4931	10.791992
-39.147625	366.36588	10.801758
-39.146225	362.02362	10.811523
-39.146965	367.50943	10.821289
-39.145016	370.86389	10.831055
-39.144348	373.10025	10.84082
-39.143627	372.3284	10.850586
-39.143417	363.90695	10.860352
-39.141964	366.95981	10.870117
-39.141735	370.98096	10.879883
-39.140419	371.72241	10.889648
-39.139378	375.24396	10.899414
-39.138706	372.85739	10.90918
-39.138649	372.87952	10.918945
-39.136032	371.77823	10.928711
-39.136742	369.14938	10.938477
-39.135574	372.12387	10.948242
-39.134418	376.35895	10.958008
-39.133244	378.96124	10.967773
-39.134598	372.47989	10.977539
-39.132263	372.75336	10.987305
-39.132229	373.0824	10.99707
-39.129997	376.2352	11.006836
-39.130371	377.05975	11.016602
-39.129883	377.00937	11.026367
-39.128666	379.47534	11.036133
-39.127842	378.36746	11.045898
-39.125778	374.79849	11.055664
-39.126274	373.79648	11.06543
-39.124714	379.20874	11.075195
-39.123486	383.60251	11.084961
-39.123177	380.47568	11.094727
-39.121326	382.52094	11.104492
-39.121956	376.97079	11.114258
-39.1203	379.60385	11.124023
-39.120407	381.0285	11.133789
-39.118927	379.45731	11.143555
-39.118355	384.95941	11.15332
-39.117485	383.66071	11.163086
-39.116146	381.91214	11.172852
-39.116695	379.84195	11.182617
-39.114964	375.79196	11.192383
-39.113304	387.13132	11.202148
-39.113941	385.60172	11.211914
-39.112534	388.68265	11.22168
-39.111336	385.40063	11.231445
-39.111565	382.28433	11.241211
-39.110798	384.18152	11.250977
-39.10815	381.70969	11.260742
-39.107853	387.80176	11.270508
-39.107822	392.99271	11.280273
-39.106461	389.51392	11.290039
-39.106792	386.11047	11.299805
-39.105125	382.4165	11.30957
-39.105228	386.37057	11.319336
-39.103825	391.08463	11.329102
-39.102394	393.01547	11.338867
-39.102272	390.69086	11.348633
-39.101482	388.8967	11.358398
-39.101494	386.25595	11.368164
-39.09956	385.79388	11.37793
-39.099644	390.27042	11.387695
-39.098057	394.31094	11.397461
-39.096638	398.35745	11.407227
-39.095993	390.44611	11.416992
-39.095562	386.27747	11.426758
-39.094677	389.51364	11.436523
-39.094131	394.61053	11.446289
-39.093353	397.1572	11.456055
-39.092178	394.11624	11.46582
-39.090977	394.88327	11.475586
-39.090454	394.65781	11.485352
-39.090096	389.28647	11.495117
-39.088997	392.74283	11.504883
-39.087574	396.32095	11.514648
-39.087032	399.68469	11.524414
-39.086826	402.15002	11.53418
-39.085876	393.52579	11.543945
-39.084545	395.02615	11.553711
-39.084568	396.03363	11.563477
-39.084236	396.71573	11.573242
-39.082726	400.26169	11.583008
-39.080715	398.78351	11.592773
-39.080853	401.0545	11.602539
-39.079342	397.20447	11.612305
-39.080296	395.80209	11.62207
-39.078854	398.07675	11.631836
-39.078945	401.14951	11.641602
-39.077419	406.87448	11.651367
-39.07642	399.69644	11.661133
-39.074909	398.94708	11.670898
-39.074829	399.86545	11.680664
-39.073036	399.25275	11.69043
-39.073364	403.97775	11.700195
-39.0728	403.55414	11.709961
-39.070877	405.17834	11.719727
-39.070389	407.27026	11.729492
-39.068916	401.44415	11.739258
-39.070015	398.15796	11.749023
-39.068554	401.98538	11.758789
-39.067738	407.9863	11.768555
-39.065521	406.60635	11.77832
-39.06493	407.85477	11.788086
-39.065151	405.55164	11.797852
-39.064495	405.19122	11.807617
-39.06303	404.20703	11.817383
-39.063633	403.44275	11.827148
-39.060986	410.69519	11.836914
-39.061813	411.34821	11.84668
-39.06031	410.20047	11.856445
-39.05859	405.599	11.866211
-39.058796	403.42575	11.875977
-39.057098	409.82874	11.885742
-39.056202	410.77429	11.895508
-39.055279	415.67917	11.905273
-39.055832	411.57513	11.915039
-39.05518	409.11234	11.924805
-39.053986	408.46118	11.93457
-39.052254	405.95007	11.944336
-39.05265	412.78925	11.954102
-39.050919	417.20294	11.963867
-39.050739	415.50125	11.973633
-39.048775	413.77151	11.983398
-39.048054	407.96255	11.993164
-39.047173	412.82584	12.00293
-39.045967	414.67056	12.012695
-39.046219	417.97089	12.022461
-39.044689	417.84521	12.032227
-39.044155	414.13452	12.041992
-39.043102	412.65045	12.051758
-39.044056	409.26199	12.061523
-39.041176	414.85089	12.071289
-39.041012	419.08627	12.081055
-39.039562	420.91666	12.09082
-39.038761	418.18347	12.100586
-39.038715	413.24591	12.110352
-39.03701	413.88501	12.120117
-39.036098	418.12402	12.129883
-39.035629	420.33331	12.139648
-39.035629	419.93811	12.149414
-39.03447	420.12949	12.15918
-39.033566	420.9386	12.168945
-39.0327	415.46564	12.178711
-39.032177	417.47513	12.188477
-39.031487	418.01752	12.198242
-39.029942	422.62238	12.208008
-39.029423	425.40805	12.217773
-39.028469	417.62131	12.227539
-39.028351	420.75027	12.237305
-39.027306	418.62167	12.24707
-39.025879	420.83804	12.256836
-39.025455	423.91122	12.266602
-39.02459	423.72803	12.276367
-39.024067	426.68515	12.286133
-39.023731	423.54459	12.295898
-39.02195	421.84738	12.305664
-39.02203	422.45267	12.31543
-39.020721	422.59528	12.325195
-39.020786	429.54803	12.334961
-39.019394	425.54407	12.344727
-39.018753	425.17252	12.354492
-39.01759	424.94778	12.364258
-39.016541	423.15863	12.374023
-39.016388	423.72409	12.383789
-39.015129	425.33783	12.393555
-39.014294	429.30365	12.40332
-39.013683	432.55276	12.413086
-39.010929	427.21225	12.422852
-39.01202	423.12323	12.432617
-39.010139	422.70685	12.442383
-39.011127	429.62222	12.452148
-39.009304	431.94235	12.461914
-39.009029	433.10538	12.47168
-39.0075	429.44443	12.481445
-39.006744	428.62317	12.491211
-39.006199	426.89594	12.500977
-39.004837	426.95166	12.510742
-39.003563	432.23016	12.520508
-39.002903	435.48117	12.530273
-39.003178	434.7207	12.540039
-39.002613	429.68924	12.549805
-39.001369	424.94479	12.55957
-39.0009	430.79727	12.569336
-38.998703	434.16827	12.579102
-38.998817	437.36575	12.588867
-38.997284	435.56485	12.598633
-38.997013	432.08124	12.608398
-38.995636	433.96942	12.618164
-38.995979	427.93753	12.62793
-38.994572	434.85471	12.637695
-38.994457	439.4158	12.647461
-38.992924	439.82172	12.657227
-38.992741	438.37918	12.666992
-38.991856	430.48273	12.676758
-38.989796	431.67258	12.686523
-38.989719	437.2301	12.696289
-38.988548	438.59988	12.706055
-38.987881	442.40485	12.71582
-38.986626	437.93842	12.725586
-38.987804	437.11279	12.735352
-38.986656	433.22549	12.745117
-38.985161	435.90076	12.754883
-38.984859	440.14554	12.764648
-38.983013	443.42703	12.774414
-38.981991	441.67242	12.78418
-38.981701	435.60797	12.793945
-38.981026	436.24582	12.803711
-38.979954	438.96979	12.813477
-38.979736	440.24799	12.823242
-38.978004	440.60159	12.833008
-38.978737	442.68216	12.842773
-38.975719	441.87027	12.852539
-38.976868	438.13898	12.862305
-38.974934	439.89581	12.87207
-38.974026	438.28882	12.881836
-38.973644	444.3768	12.891602
-38.972061	447.44949	12.901367
-38.970886	441.77771	12.911133
-38.970371	442.58908	12.920898
-38.970364	439.99701	12.930664
-38.970093	443.33655	12.94043
-38.96925	442.53683	12.950195
-38.968227	443.57712	12.959961
-38.966496	446.82077	12.969727
-38.968155	445.08539	12.979492
-38.965424	442.24765	12.989258
-38.964657	441.22629	12.999023
-38.963341	441.93253	13.008789
-38.963203	448.85663	13.018555
-38.9627	446.38629	13.02832
-38.961685	449.6712	13.038086
-38.960831	446.68442	13.047852
-38.959148	442.15582	13.057617
-38.95882	444.87497	13.067383
-38.95816	445.2157	13.077148
-38.95718	448.56491	13.086914
-38.956707	453.39636	13.09668
-38.955246	447.89151	13.106445
-38.954704	445.82214	13.116211
-38.953472	444.33456	13.125977
-38.952366	448.47964	13.135742
-38.954113	451.09753	13.145508
-38.952122	451.72079	13.155273
-38.94976	449.9614	13.165039
-38.950718	447.53635	13.174805
-38.948784	447.35324	13.18457
-38.948399	445.50357	13.194336
-38.947548	449.54315	13.204102
-38.94772	455.37894	13.213867
-38.9464	454.82983	13.223633
-38.944881	448.73459	13.233398
-38.943714	446.06982	13.243164
-38.943626	449.53964	13.25293
-38.943138	452.50314	13.262695
-38.941986	455.03625	13.272461
-38.940937	453.46133	13.282227
-38.940701	452.67801	13.291992
-38.939014	450.03745	13.301758
-38.93969	445.19083	13.311523
-38.936974	451.05515	13.321289
-38.936203	456.68729	13.331055
-38.935452	457.72061	13.34082
-38.935665	457.57159	13.350586
-38.934311	447.44128	13.360352
-38.932636	450.45508	13.370117
-38.933094	452.94592	13.379883
-38.932457	455.39578	13.389648
-38.93153	459.2272	13.399414
-38.930462	455.02814	13.40918
-38.929501	457.24915	13.418945
-38.929092	451.86993	13.428711
-38.927422	451.13031	13.438477
-38.926823	456.25259	13.448242
-38.926125	457.04877	13.458008
-38.925423	460.85138	13.467773
-38.924961	454.97086	13.477539
-38.924171	453.51279	13.487305
-38.922848	455.49939	13.49707
-38.921539	455.8093	13.506836
-38.921116	458.09473	13.516602
-38.921188	457.84015	13.526367
-38.920158	459.55231	13.536133
-38.918411	458.94431	13.545898
-38.9193	454.47174	13.555664
-38.918018	452.61789	13.56543
-38.917408	458.29568	13.575195
-38.915394	462.74332	13.584961
-38.916	459.41507	13.594727
-38.914371	460.3707	13.604492
-38.913876	455.31219	13.614258
-38.912998	456.58685	13.624023
-38.910557	456.71503	13.633789
-38.911194	458.24533	13.643555
-38.910694	462.39679	13.65332
-38.909119	462.25031	13.663086
-38.90873	460.52261	13.672852
-38.907375	456.58078	13.682617
-38.906536	455.65259	13.692383
-38.905647	461.6275	13.702148
-38.904778	461.07962	13.711914
-38.904976	464.01254	13.72168
-38.904335	460.84091	13.731445
-38.903145	458.117	13.741211
-38.901085	458.37393	13.750977
-38.901646	457.37933	13.760742
-38.899635	462.76709	13.770508
-38.898819	465.92957	13.780273
-38.899139	464.18677	13.790039
-38.897007	460.69434	13.799805
-38.896324	454.70755	13.80957
-38.895298	460.20834	13.819336
-38.895691	463.84839	13.829102
-38.894821	465.02765	13.838867
-38.892941	466.47739	13.848633
-38.892498	462.05328	13.858398
-38.891838	458.45203	13.868164
-38.89019	457.79654	13.87793
-38.889812	460.78	13.887695
-38.890198	468.0593	13.897461
-38.889	467.42923	13.907227
-38.888077	462.25146	13.916992
-38.887447	457.97797	13.926758
-38.8862	458.56769	13.936523
-38.887039	463.72617	13.946289
-38.884773	467.35718	13.956055
-38.884655	467.14047	13.96582
-38.88237	465.99109	13.975586
-38.882519	464.47723	13.985352
-38.879784	457.80148	13.995117
-38.87928	463.03674	14.004883
-38.880199	465.31906	14.014648
-38.880352	468.12869	14.024414
-38.878223	468.70724	14.03418
-38.87825	460.74384	14.043945
-38.877342	461.71503	14.053711
-38.876099	463.09061	14.063477
-38.875629	464.5806	14.073242
-38.874081	466.51602	14.083008
-38.873169	465.30402	14.092773
-38.873623	468.37625	14.102539
-38.871712	462.75742	14.112305
-38.870991	463.78909	14.12207
-38.870724	464.66794	14.131836
-38.868626	465.99069	14.141602
-38.867847	469.70831	14.151367
-38.866745	465.3616	14.161133
-38.866299	464.54669	14.170898
-38.866039	464.63031	14.180664
-38.865757	462.44357	14.19043
-38.864288	466.45584	14.200195
-38.864159	466.30685	14.209961
-38.863468	468.83362	14.219727
-38.862152	469.47183	14.229492
-38.860226	464.88565	14.239258
-38.86076	461.64377	14.249023
-38.859489	464.07913	14.258789
-38.85939	468.35913	14.268555
-38.857868	467.1109	14.27832
-38.856541	468.83365	14.288086
-38.855579	466.61844	14.297852
-38.856155	465.88113	14.307617
-38.854328	462.74011	14.317383
-38.852943	464.45493	14.327148
-38.85257	470.36829	14.336914
-38.852547	470.58441	14.34668
-38.851307	468.263	14.356445
-38.849895	462.69092	14.366211
-38.849316	461.37418	14.375977
-38.849495	467.17068	14.385742
-38.848473	467.69162	14.395508
-38.846821	473.25366	14.405273
-38.84779	466.68625	14.415039
-38.845566	466.13434	14.424805
-38.844643	465.45355	14.43457
-38.845375	463.22794	14.444336
-38.843071	469.52582	14.454102
-38.842453	472.38684	14.463867
-38.841301	470.6221	14.473633
-38.840614	468.63937	14.483398
-38.840725	461.14899	14.493164
-38.838318	465.86115	14.50293
-38.838474	469.19763	14.512695
-38.838154	470.92358	14.522461
-38.836647	471.8092	14.532227
-38.83625	468.03882	14.541992
-38.835415	466.3714	14.551758
-38.834167	462.81488	14.561523
-38.833134	465.37857	14.571289
-38.83271	472.08261	14.581055
-38.831982	472.70615	14.59082
-38.830353	472.06516	14.600586
-38.831779	465.3642	14.610352
-38.830162	464.54883	14.620117
-38.828392	467.17599	14.629883
-38.827297	470.17224	14.639648
-38.827061	470.21024	14.649414
-38.825588	470.47681	14.65918
-38.825985	468.90576	14.668945
-38.823471	463.03748	14.678711
-38.824287	466.84171	14.688477
-38.82328	467.49899	14.698242
-38.822315	471.48962	14.708008
-38.821484	472.70337	14.717773
-38.820885	467.84543	14.727539
-38.819969	466.70395	14.737305
-38.816929	465.84985	14.74707
-38.817822	467.86932	14.756836
-38.817696	470.39117	14.766602
-38.8162	469.50653	14.776367
-38.815777	471.43234	14.786133
-38.815067	468.50662	14.795898
-38.81345	466.24197	14.805664
-38.812931	465.4205	14.81543
-38.812164	467.93146	14.825195
-38.811066	473.65851	14.834961
-38.812553	468.78061	14.844727
-38.809071	470.92291	14.854492
-38.809444	466.44626	14.864258
-38.809185	465.24487	14.874023
-38.807766	469.24838	14.883789
-38.80706	468.09668	14.893555
-38.80621	470.08887	14.90332
-38.804691	473.4964	14.913086
-38.803371	467.07031	14.922852
-38.803001	465.72601	14.932617
-38.802818	465.48856	14.942383
-38.802036	469.3808	14.952148
-38.800304	470.89706	14.961914
-38.799461	472.84146	14.97168
-38.799538	468.55746	14.981445
-38.797958	467.44766	14.991211
-38.79792	466.31625	15.000977
-38.796276	464.81451	15.010742
-38.796486	468.36749	15.020508
-38.794968	473.09518	15.030273
-38.795086	471.30084	15.040039
-38.793373	465.56262	15.049805
-38.793747	463.60455	15.05957
-38.792957	466.55453	15.069336
-38.792263	467.89401	15.079102
-38.79031	474.05402	15.088867
-38.789818	470.02655	15.098633
-38.789112	469.32614	15.108398
-38.789181	466.81082	15.118164
-38.788345	461.3121	15.12793
-38.785736	469.19431	15.137695
-38.785381	473.85153	15.147461
-38.784733	472.82727	15.157227
-38.783794	468.29871	15.166992
-38.782619	461.82721	15.176758
-38.782055	464.20862	15.186523
-38.781445	467.08551	15.196289
-38.780426	470.25699	15.206055
-38.779282	471.43207	15.21582
-38.778961	469.16785	15.225586
-38.778671	468.79993	15.235352
-38.777966	463.41412	15.245117
-38.777328	466.13019	15.254883
-38.77565	469.99039	15.264648
-38.775303	473.22003	15.274414
-38.773293	472.20178	15.28418
-38.774082	466.24072	15.293945
-38.771675	464.26974	15.303711
-38.77153	466.62589	15.313477
-38.770313	468.0177	15.323242
-38.769848	470.06381	15.333008
-38.768921	470.75598	15.342773
-38.768787	468.70563	15.352539
-38.766956	465.43097	15.362305
-38.766369	466.03461	15.37207
-38.765285	465.17514	15.381836
-38.764912	471.26904	15.391602
-38.764126	470.96268	15.401367
-38.76474	467.25586	15.411133
-38.763306	468.08273	15.420898
-38.762196	464.62567	15.430664
-38.761063	465.83395	15.44043
-38.760265	468.25531	15.450195
-38.759712	466.93597	15.459961
-38.758839	472.0867	15.469727
-38.756119	468.2695	15.479492
-38.757915	467.76389	15.489258
-38.757153	462.93842	15.499023
-38.754898	464.56119	15.508789
-38.753967	471.62051	15.518555
-38.754539	467.5806	15.52832
-38.752586	469.16293	15.538086
-38.752228	466.01404	15.547852
-38.751892	464.40829	15.557617
-38.750816	465.16235	15.567383
-38.749744	463.15686	15.577148
-38.749363	468.36472	15.586914
-38.747856	472.66943	15.59668
-38.747517	467.2084	15.606445
-38.74651	464.67493	15.616211
-38.745663	462.92902	15.625977
-38.744637	466.44559	15.635742
-38.744633	468.74982	15.645508
-38.742844	469.24146	15.655273
-38.742313	468.24014	15.665039
-38.741581	465.56982	15.674805
-38.741577	462.19736	15.68457
-38.739235	461.68002	15.694336
-38.738941	467.03677	15.704102
-38.737755	471.00436	15.713867
-38.738102	470.64822	15.723633
-38.737904	464.64264	15.733398
-38.73555	461.63043	15.743164
-38.735508	464.35156	15.75293
-38.735729	464.922	15.762695
-38.732666	469.37878	15.772461
-38.732071	467.2081	15.782227
-38.731548	466.39227	15.791992
-38.731522	464.2746	15.801758
-38.730419	457.4812	15.811523
-38.728489	463.62952	15.821289
-38.728432	468.27853	15.831055
-38.72744	468.44952	15.84082
-38.726707	468.668	15.850586
-38.72485	459.82501	15.860352
-38.72575	460.79837	15.870117
-38.72496	463.58478	15.879883
-38.723324	466.24008	15.889648
-38.722813	468.04224	15.899414
-38.722191	465.22766	15.90918
-38.720676	465.12076	15.918945
-38.720406	460.62415	15.928711
-38.719254	460.90942	15.938477
-38.719425	464.97559	15.948242
-38.717701	467.73538	15.958008
-38.718132	469.17776	15.967773
-38.717014	462.69455	15.977539
-38.715359	460.64542	15.987305
-38.714874	463.31244	15.99707
-38.713371	463.02042	16.006836
-38.713238	463.49457	16.016602
-38.711895	465.39307	16.026367
-38.713341	466.21756	16.036133
-38.710407	464.70209	16.045898
-38.710491	461.34348	16.055664
-38.708244	459.50031	16.06543
-38.708088	464.43048	16.075195
-38.707726	466.03455	16.084961
-38.707085	465.37509	16.094727
-38.705666	463.22034	16.104492
-38.703518	461.65948	16.114258
-38.705162	462.79492	16.124023
-38.702244	460.59589	16.133789
-38.703033	462.29645	16.143555
-38.70293	467.40778	16.15332
-38.700176	464.6637	16.163086
-38.700966	463.48251	16.172852
-38.699078	458.06763	16.182617
-38.697624	458.91776	16.192383
-38.696022	465.12384	16.202148
-38.697166	462.69867	16.211914
-38.695145	467.95514	16.22168
-38.69524	463.52069	16.231445
-38.694595	459.29776	16.241211
-38.693462	459.96066	16.250977
-38.69257	458.13025	16.260742
-38.691624	463.42664	16.270508
-38.690807	467.38605	16.280273
-38.69075	463.50266	16.290039
-38.690186	460.52219	16.299805
-38.688572	455.543	16.30957
-38.688179	461.25174	16.319336
-38.687893	463.35046	16.329102
-38.686962	464.67966	16.338867
-38.685314	465.55469	16.348633
-38.684311	461.13885	16.358398
-38.68425	459.15268	16.368164
-38.682415	456.02686	16.37793
-38.681515	460.72974	16.387695
-38.681274	465.93723	16.397461
-38.68206	465.89767	16.407227
-38.680378	462.82416	16.416992
-38.679474	457.72318	16.426758
-38.678745	458.08853	16.436523
-38.677483	460.6394	16.446289
-38.67725	463.34631	16.456055
-38.675831	464.08145	16.46582
-38.674332	462.23468	16.475586
-38.673008	460.1366	16.485352
-38.672054	453.30008	16.495117
-38.672085	458.54282	16.504883
-38.671776	460.52701	16.514648
-38.670532	464.97803	16.524414
-38.670502	464.07254	16.53418
-38.668476	457.62915	16.543945
-38.668053	457.67053	16.553711
-38.6675	458.29803	16.563477
-38.667095	460.96893	16.573242
-38.665474	463.23303	16.583008
-38.665386	461.08148	16.592773
-38.663738	463.68787	16.602539
-38.664009	456.65244	16.612305
-38.662544	457.44574	16.62207
-38.662457	458.3075	16.631836
-38.660706	460.61508	16.641602
-38.660294	463.52997	16.651367
-38.657963	460.22089	16.661133
-38.658878	457.51517	16.670898
-38.658821	458.65063	16.680664
-38.656361	457.70944	16.69043
-38.656532	459.87192	16.700195
-38.657127	458.63895	16.709961
-38.654087	463.16473	16.719727
-38.654099	459.60889	16.729492
-38.653313	456.06787	16.739258
-38.651611	455.099	16.749023
-38.651516	457.83978	16.758789
-38.650124	461.00381	16.768555
-38.64893	459.50797	16.77832
-38.649082	462.12451	16.788086
-38.647491	458.02545	16.797852
-38.646469	457.37637	16.807617
-38.646809	455.75128	16.817383
-38.646275	456.54745	16.827148
-38.64447	461.30139	16.836914
-38.643528	462.18393	16.84668
-38.643044	459.56226	16.856445
-38.642185	455.00928	16.866211
-38.642414	452.08228	16.875977
-38.641476	458.39337	16.885742
-38.639706	457.83472	16.895508
-38.638504	463.49603	16.905273
-38.638645	460.19656	16.915039
-38.637936	457.05191	16.924805
-38.637154	456.7963	16.93457
-38.634922	450.91187	16.944336
-38.635532	457.43182	16.954102
-38.633587	463.16965	16.963867
-38.631763	459.9567	16.973633
-38.632687	458.41052	16.983398
-38.631378	451.04684	16.993164
-38.630775	455.7507	17.00293
-38.630039	458.22229	17.012695
-38.629978	460.08813	17.022461
-38.628105	461.11102	17.032227
-38.627636	456.22028	17.041992
-38.627655	455.58475	17.051758
-38.6264	451.42691	17.061523
-38.625809	454.17133	17.071289
-38.624615	460.68774	17.081055
-38.62389	461.68503	17.09082
-38.623035	459.17563	17.100586
-38.62175	452.60809	17.110352
-38.621746	452.46262	17.120117
-38.620602	455.54483	17.129883
-38.619984	458.16666	17.139648
-38.618793	457.46072	17.149414
-38.617947	458.89441	17.15918
-38.617188	457.29947	17.168945
-38.616001	452.2648	17.178711
-38.616085	455.04083	17.188477
-38.614925	455.20267	17.198242
-38.613216	458.94659	17.208008
-38.612629	460.40573	17.217773
-38.612099	453.76385	17.227539
-38.612019	453.45996	17.237305
-38.611065	451.98792	17.24707
-38.609459	455.06509	17.256836
-38.608768	457.62619	17.266602
-38.608383	455.93478	17.276367
-38.606506	460.05521	17.286133
-38.606544	455.10397	17.295898
-38.605747	452.25836	17.305664
-38.605061	453.28845	17.31543
-38.604839	454.01147	17.325195
-38.602406	460.60242	17.334961
-38.602509	456.53851	17.344727
-38.600971	456.49588	17.354492
-38.600727	454.7764	17.364258
-38.600456	452.4321	17.374023
-38.598331	452.21469	17.383789
-38.598507	454.98276	17.393555
-38.598103	457.01678	17.40332
-38.597565	459.70682	17.413086
-38.595341	454.21747	17.422852
-38.594582	450.3681	17.432617
-38.593708	450.42719	17.442383
-38.592575	454.99677	17.452148
-38.593018	456.24567	17.461914
-38.591846	457.55219	17.47168
-38.591705	454.76135	17.481445
-38.590233	453.94055	17.491211
-38.589981	451.56317	17.500977
-38.58881	451.80884	17.510742
-38.587589	457.29117	17.520508
-38.586246	457.38919	17.530273
-38.585644	456.98489	17.540039
-38.586365	452.91422	17.549805
-38.585026	448.65002	17.55957
-38.582508	454.0249	17.569336
-38.58279	454.59885	17.579102
-38.582611	458.26495	17.588867
-38.580887	455.19562	17.598633
-38.580479	453.81195	17.608398
-38.579838	452.25491	17.618164
-38.579792	447.64227	17.62793
-38.577171	454.32654	17.637695
-38.576885	459.04257	17.647461
-38.576469	458.98294	17.657227
-38.57526	455.37396	17.666992
-38.574562	448.35809	17.676758
-38.573498	449.8497	17.686523
-38.57259	453.58752	17.696289
-38.572735	455.40628	17.706055
-38.572517	456.92249	17.71582
-38.570755	453.49823	17.725586
-38.569508	454.16769	17.735352
-38.568157	448.34253	17.745117
-38.567715	450.17731	17.754883
-38.567665	455.13586	17.764648
-38.56699	456.24014	17.774414
-38.565258	456.68515	17.78418
-38.565662	448.18796	17.793945
-38.563511	449.43579	17.803711
-38.562878	451.88074	17.813477
-38.56184	452.94705	17.823242
-38.561462	454.14923	17.833008
-38.560989	454.96902	17.842773
-38.560696	453.54459	17.852539
-38.56015	450.04337	17.862305
-38.559124	448.86108	17.87207
-38.55756	449.51822	17.881836
-38.556988	454.73166	17.891602
-38.555458	456.93103	17.901367
-38.556015	451.24805	17.911133
-38.555378	451.91895	17.920898
-38.553913	449.53351	17.930664
-38.552589	450.76459	17.94043
-38.551785	450.60052	17.950195
-38.550888	451.90494	17.959961
-38.551254	456.90555	17.969727
-38.549519	453.91565	17.979492
-38.547478	450.47852	17.989258
-38.548679	447.39194	17.999023
-38.547894	448.50415	18.008789
-38.546894	455.60834	18.018555
-38.544701	452.31741	18.02832
-38.545246	453.77466	18.038086
-38.543289	452.15131	18.047852
-38.543026	449.16058	18.057617
-38.544155	447.61307	18.067383
-38.54108	449.57578	18.077148
-38.540508	454.64322	18.086914
-38.539528	457.64264	18.09668
-38.539185	453.65381	18.106445
-38.537403	448.10452	18.116211
-38.53717	445.63327	18.125977
-38.536983	452.28949	18.135742
-38.535366	453.31146	18.145508
-38.534943	454.24612	18.155273
-38.533543	454.15973	18.165039
-38.533413	450.92969	18.174805
-38.531776	447.21762	18.18457
-38.530834	447.65024	18.194336
-38.531349	452.19604	18.204102
-38.528961	456.77286	18.213867
-38.528599	455.8096	18.223633
-38.528641	449.98022	18.233398
-38.527821	446.32309	18.243164
-38.527699	448.87595	18.25293
-38.5266	451.74731	18.262695
-38.524784	456.01529	18.272461
-38.524292	453.64417	18.282227
-38.523232	451.6315	18.291992
-38.521999	449.68799	18.301758
-38.521561	445.48129	18.311523
-38.521172	450.5563	18.321289
-38.521309	452.75018	18.331055
-38.519028	455.47263	18.34082
-38.518444	452.74927	18.350586
-38.517616	446.4588	18.360352
-38.516434	447.99759	18.370117
-38.517315	449.3446	18.379883
-38.515236	451.27243	18.389648
-38.514156	453.73465	18.399414
-38.51376	449.47318	18.40918
-38.51403	450.81326	18.418945
-38.512135	446.77872	18.428711
-38.510658	446.66187	18.438477
-38.509483	451.24771	18.448242
-38.509563	454.35275	18.458008
-38.508377	455.94727	18.467773
-38.50909	448.60083	18.477539
-38.506973	447.29852	18.487305
-38.507149	449.03516	18.49707
-38.505768	449.79605	18.506836
-38.50547	450.97461	18.516602
-38.503891	452.32672	18.526367
-38.503613	452.92874	18.536133
-38.501328	449.35751	18.545898
-38.501003	449.75821	18.555664
-38.500473	446.16763	18.56543
-38.500301	451.42416	18.575195
-38.499683	454.4516	18.584961
-38.498337	451.73636	18.594727
-38.49736	450.89438	18.604492
-38.496811	449.05701	18.614258
-38.495388	448.64899	18.624023
-38.495743	449.92889	18.633789
-38.496128	450.24979	18.643555
-38.493141	453.97546	18.65332
-38.491501	451.89716	18.663086
-38.492054	449.46021	18.672852
-38.490688	445.02121	18.682617
-38.489346	445.85849	18.692383
-38.488583	452.31226	18.702148
-38.488724	450.77274	18.711914
-38.487568	451.71796	18.72168
-38.486683	449.45068	18.731445
-38.485901	447.2572	18.741211
-38.485741	447.84982	18.750977
-38.484531	445.36798	18.760742
-38.483475	452.23834	18.770508
-38.482658	455.02948	18.780273
-38.482277	451.91092	18.790039
-38.480564	448.1745	18.799805
-38.480476	444.75931	18.80957
-38.479267	448.28522	18.819336
-38.479973	452.02048	18.829102
-38.477928	452.94772	18.838867
-38.477882	452.47995	18.848633
-38.47636	449.66589	18.858398
-38.474964	445.81479	18.868164
-38.473671	443.87335	18.87793
-38.474041	448.55624	18.887695
-38.473003	453.40619	18.897461
-38.472141	454.17654	18.907227
-38.471909	448.78104	18.916992
-38.471039	445.48914	18.926758
-38.469967	445.24805	18.936523
-38.467785	448.95294	18.946289
-38.466694	452.20938	18.956055
-38.466507	451.43698	18.96582
-38.466587	450.76587	18.975586
-38.46579	449.2291	18.985352
-38.46505	443.24377	18.995117
-38.464287	448.75845	19.004883
-38.462711	450.02872	19.014648
-38.46299	453.17389	19.024414
-38.46109	454.20465	19.03418
-38.46059	445.36987	19.043945
-38.460476	445.93262	19.053711
-38.458305	447.33615	19.063477
-38.45895	448.92053	19.073242
-38.45813	450.84067	19.083008
-38.456974	450.63208	19.092773
-38.455288	452.1929	19.102539
-38.455742	447.72025	19.112305
-38.453949	445.32385	19.12207
-38.453854	446.91446	19.131836
-38.452206	451.02789	19.141602
-38.451653	453.58188	19.151367
-38.45158	449.82367	19.161133
-38.44994	450.12106	19.170898
-38.448814	448.93811	19.180664
-38.448772	447.24786	19.19043
-38.447857	447.92178	19.200195
-38.4473	448.27887	19.209961
-38.446552	451.74591	19.219727
-38.444706	452.23215	19.229492
-38.444416	447.95001	19.239258
-38.443027	444.96252	19.249023
-38.442539	446.8335	19.258789
-38.44157	452.37311	19.268555
-38.441048	449.80734	19.27832
-38.440357	453.09076	19.288086
-38.439384	447.52905	19.297852
-38.438766	446.49725	19.307617
-38.438194	445.69534	19.317383
-38.437752	445.92474	19.327148
-38.436409	451.47202	19.336914
-38.435825	452.60764	19.34668
-38.434322	449.70267	19.356445
-38.434208	444.78018	19.366211
-38.433628	443.35214	19.375977
-38.432022	448.6329	19.385742
-38.431847	449.1911	19.395508
-38.430981	453.25821	19.405273
-38.429928	449.66144	19.415039
-38.4296	447.2121	19.424805
-38.42733	444.02689	19.43457
-38.427212	444.27948	19.444336
-38.425724	450.11371	19.454102
-38.425907	453.69263	19.463867
-38.425045	450.71948	19.473633
-38.42395	447.03909	19.483398
-38.423187	441.42172	19.493164
-38.422298	445.7446	19.50293
-38.422619	450.67416	19.512695
-38.421658	451.54327	19.522461
-38.419968	450.59158	19.532227
-38.419933	447.91663	19.541992
-38.419384	445.99509	19.551758
-38.418278	441.40912	19.561523
-38.418087	445.01877	19.571289
-38.415997	452.99255	19.581055
-38.415222	452.42932	19.59082
-38.414913	449.10263	19.600586
-38.41296	443.68298	19.610352
-38.413624	442.3851	19.620117
-38.413517	447.24994	19.629883
-38.410881	449.14429	19.639648
-38.409767	449.59326	19.649414
-38.40979	450.70297	19.65918
-38.408211	448.50427	19.668945
-38.407429	442.48074	19.678711
-38.406914	445.25082	19.688477
-38.406082	444.57541	19.698242
-38.40551	450.91537	19.708008
-38.404839	452.57251	19.717773
-38.404179	445.19675	19.727539
-38.40316	445.7225	19.737305
-38.402348	446.00308	19.74707
-38.401283	447.24774	19.756836
-38.399567	447.65045	19.766602
-38.399921	447.6622	19.776367
-38.399132	450.936	19.786133
-38.397442	447.23587	19.795898
-38.397686	444.95554	19.805664
-38.396862	444.08951	19.81543
-38.395283	445.96671	19.825195
-38.396103	452.34909	19.834961
-38.394859	447.78311	19.844727
-38.392857	447.91187	19.854492
-38.392551	446.67206	19.864258
-38.392155	445.75259	19.874023
-38.390911	444.14075	19.883789
-38.390579	446.73511	19.893555
-38.388844	449.09436	19.90332
-38.387989	451.03668	19.913086
-38.386017	447.4697	19.922852
-38.386868	443.52771	19.932617
-38.385056	442.65369	19.942383
-38.38493	447.87427	19.952148
-38.384129	449.04446	19.961914
-38.382648	449.50143	19.97168
-38.383091	448.02811	19.981445
-38.382072	445.85648	19.991211
-38.381153	443.1261	20.000977
-38.378979	444.96249	20.010742
-38.379879	448.19031	20.020508


Data Header:			0.254_solid_uprint_typeiv_090_r0			Time:	26.881592	s	4/14/2019 1:11:34 AM
Data Acquisition:	Timed
Station Name:	ft40.cfg
Test File Name:	monotonic_0.2540_typeiv_solid_090_uprint.tst
Displacement	Force	Running Time
mm	N	s
-38.379948	449.65833	20.030273
-38.377834	451.39185	20.040039
-38.376842	442.8157	20.049805
-38.376225	441.11154	20.05957
-38.376022	444.31271	20.069336
-38.374809	448.02863	20.079102
-38.373356	453.9191	20.088867
-38.372486	448.56906	20.098633
-38.372116	447.04373	20.108398
-38.37072	444.82898	20.118164
-38.369255	440.57013	20.12793
-38.369789	445.98126	20.137695
-38.368893	451.19098	20.147461
-38.368233	450.39569	20.157227
-38.366867	447.85312	20.166992
-38.367527	440.59634	20.176758
-38.365932	441.76105	20.186523
-38.366135	446.51974	20.196289
-38.363781	449.14545	20.206055
-38.363369	450.58456	20.21582
-38.361622	446.90311	20.225586
-38.361511	445.03458	20.235352
-38.35936	441.51086	20.245117
-38.3592	443.64114	20.254883
-38.359085	446.13223	20.264648
-38.358669	451.59955	20.274414
-38.357513	449.09818	20.28418
-38.356808	443.40417	20.293945
-38.356049	442.78699	20.303711
-38.355968	444.93182	20.313477
-38.35453	447.06183	20.323242
-38.352951	448.34311	20.333008
-38.352337	448.31885	20.342773
-38.352516	449.13211	20.352539
-38.350834	444.30679	20.362305
-38.350105	442.64084	20.37207
-38.34898	443.01984	20.381836
-38.349403	447.82013	20.391602
-38.347565	451.24759	20.401367
-38.347034	445.61905	20.411133
-38.345348	445.52356	20.420898
-38.345329	442.6265	20.430664
-38.345135	444.44943	20.44043
-38.343586	444.33902	20.450195
-38.344303	446.10632	20.459961
-38.34267	451.58231	20.469727
-38.341595	446.81476	20.479492
-38.340347	444.58859	20.489258
-38.340088	441.73404	20.499023
-38.338387	442.98486	20.508789
-38.338223	448.5939	20.518555
-38.337421	447.5231	20.52832
-38.336666	449.6669	20.538086
-38.336102	446.50787	20.547852
-38.334511	443.18201	20.557617
-38.334351	443.71231	20.567383
-38.333218	442.78217	20.577148
-38.331394	448.95822	20.586914
-38.331772	449.95117	20.59668
-38.330345	446.48056	20.606445
-38.329338	443.48346	20.616211
-38.329567	440.29288	20.625977
-38.326096	445.29279	20.635742
-38.327499	447.42374	20.645508
-38.327358	449.54602	20.655273
-38.326611	448.3407	20.665039
-38.32523	443.85904	20.674805
-38.323059	443.00278	20.68457
-38.323166	443.26208	20.694336
-38.321384	446.14844	20.704102
-38.321175	451.53726	20.713867
-38.320629	451.07834	20.723633
-38.320419	443.80615	20.733398
-38.320644	441.31876	20.743164
-38.317883	443.93045	20.75293
-38.317986	446.94528	20.762695
-38.315643	450.16223	20.772461
-38.314949	448.12341	20.782227
-38.314724	445.69601	20.791992
-38.313805	445.54391	20.801758
-38.313507	438.47876	20.811523
-38.313629	444.50253	20.821289
-38.311977	448.25677	20.831055
-38.311901	449.23007	20.84082
-38.310474	450.06519	20.850586
-38.3097	439.71466	20.860352
-38.309155	443.20557	20.870117
-38.30809	444.03665	20.879883
-38.307728	447.25043	20.889648
-38.306145	448.39316	20.899414
-38.305115	447.22302	20.90918
-38.302505	446.84659	20.918945
-38.304131	441.74411	20.928711
-38.303234	440.66968	20.938477
-38.301464	445.24146	20.948242
-38.301994	448.03625	20.958008
-38.300285	451.53403	20.967773
-38.299923	444.86804	20.977539
-38.299118	443.08432	20.987305
-38.29784	443.36844	20.99707
-38.297874	444.17068	21.006836
-38.29631	446.52527	21.016602
-38.295815	446.67212	21.026367
-38.295567	446.20435	21.036133
-38.293686	444.63428	21.045898
-38.293594	442.52206	21.055664
-38.292786	441.70316	21.06543
-38.292469	445.27167	21.075195
-38.289543	449.27814	21.084961
-38.29002	445.5217	21.094727
-38.288483	447.38721	21.104492
-38.288708	442.56348	21.114258
-38.287857	444.30542	21.124023
-38.286961	444.77911	21.133789
-38.285431	443.90833	21.143555
-38.285183	449.21106	21.15332
-38.284733	449.03229	21.163086
-38.283489	446.12143	21.172852
-38.28149	442.20139	21.182617
-38.282112	441.31934	21.192383
-38.279858	447.08786	21.202148
-38.280567	447.01712	21.211914
-38.279362	450.07144	21.22168
-38.27832	445.98962	21.231445
-38.277199	443.42889	21.241211
-38.276821	442.43311	21.250977
-38.276756	442.02621	21.260742
-38.27459	448.9068	21.270508
-38.27298	452.02005	21.280273
-38.27346	446.61853	21.290039
-38.27309	443.9469	21.299805
-38.271877	438.71164	21.30957
-38.271046	443.17401	21.319336
-38.269615	446.57535	21.329102
-38.270256	448.8761	21.338867
-38.269104	447.32236	21.348633
-38.268383	444.66489	21.358398
-38.26685	442.38403	21.368164
-38.266342	441.4404	21.37793
-38.265339	444.31497	21.387695
-38.263687	449.44681	21.397461
-38.263397	449.84183	21.407227
-38.262852	446.43173	21.416992
-38.262978	440.15366	21.426758
-38.260391	440.22855	21.436523
-38.259739	445.5069	21.446289
-38.260921	449.03717	21.456055
-38.259274	446.8421	21.46582
-38.260101	446.48288	21.475586
-38.257484	446.34058	21.485352
-38.256672	438.52426	21.495117
-38.254951	444.56064	21.504883
-38.254589	444.7149	21.514648
-38.253693	449.74017	21.524414
-38.253674	450.26318	21.53418
-38.252235	442.42142	21.543945
-38.251343	442.36496	21.553711
-38.251331	443.90701	21.563477
-38.250084	446.19107	21.573242
-38.249653	448.84296	21.583008
-38.248405	445.87039	21.592773
-38.247051	448.41306	21.602539
-38.247643	443.74542	21.612305
-38.246723	440.78198	21.62207
-38.245117	443.50586	21.631836
-38.244301	445.56009	21.641602
-38.242733	449.35797	21.651367
-38.241905	444.5899	21.661133
-38.24213	443.64728	21.670898
-38.241383	443.23047	21.680664
-38.239529	443.3183	21.69043
-38.23938	443.8385	21.700195
-38.240173	446.01138	21.709961
-38.237926	447.75223	21.719727
-38.237942	447.51599	21.729492
-38.236977	444.58319	21.739258
-38.235237	440.08035	21.749023
-38.234383	443.44238	21.758789
-38.23418	446.47562	21.768555
-38.232098	447.20889	21.77832
-38.231853	449.1546	21.788086
-38.231613	445.06549	21.797852
-38.230148	443.62354	21.807617
-38.229916	442.28439	21.817383
-38.228386	441.37936	21.827148
-38.228634	447.67551	21.836914
-38.226997	449.13959	21.84668
-38.226078	446.70224	21.856445
-38.225521	441.68488	21.866211
-38.22493	438.29105	21.875977
-38.223186	446.14221	21.885742
-38.223042	446.2178	21.895508
-38.221306	450.35382	21.905273
-38.22192	445.88971	21.915039
-38.22123	442.95346	21.924805
-38.219521	441.52954	21.93457
-38.219189	439.13947	21.944336
-38.218346	446.17526	21.954102
-38.217121	449.51382	21.963867
-38.217117	446.95255	21.973633
-38.216171	444.49948	21.983398
-38.214909	438.55469	21.993164
-38.213696	441.90131	22.00293
-38.212925	445.80472	22.012695
-38.211975	447.37607	22.022461
-38.210934	448.67261	22.032227
-38.211494	445.66766	22.041992
-38.210968	442.60843	22.051758
-38.208271	439.00974	22.061523
-38.208336	442.09671	22.071289
-38.206425	446.14166	22.081055
-38.207291	448.55176	22.09082
-38.206123	446.57175	22.100586
-38.204853	442.47125	22.110352
-38.205257	438.91443	22.120117
-38.203773	442.70673	22.129883
-38.202095	445.47717	22.139648
-38.202782	446.7991	22.149414
-38.200363	444.54211	22.15918
-38.199665	445.10669	22.168945
-38.199089	439.66736	22.178711
-38.197941	442.16507	22.188477
-38.198658	443.10083	22.198242
-38.196949	447.62759	22.208008
-38.195351	449.91809	22.217773
-38.196869	441.73843	22.227539
-38.193886	442.32526	22.237305
-38.193066	442.38058	22.24707
-38.193233	444.11066	22.256836
-38.191998	444.1123	22.266602
-38.191513	443.20859	22.276367
-38.191078	447.8602	22.286133
-38.189251	443.4924	22.295898
-38.189671	441.21625	22.305664
-38.188164	439.35693	22.31543
-38.188141	443.85049	22.325195
-38.186512	449.33438	22.334961
-38.185711	444.57251	22.344727
-38.184849	444.51523	22.354492
-38.184116	443.68713	22.364258
-38.183823	440.93765	22.374023
-38.182308	443.99185	22.383789
-38.182243	444.31631	22.393555
-38.180958	447.54767	22.40332
-38.179768	448.2038	22.413086
-38.179035	443.07318	22.422852
-38.178215	439.19019	22.432617
-38.177639	439.73724	22.442383
-38.177666	446.30832	22.452148
-38.175152	446.93478	22.461914
-38.174686	447.14801	22.47168
-38.174435	443.74396	22.481445
-38.173244	442.17123	22.491211
-38.173092	440.36655	22.500977
-38.171558	439.50223	22.510742
-38.170319	446.04562	22.520508
-38.170017	449.63644	22.530273
-38.169567	448.11472	22.540039
-38.168804	441.64301	22.549805
-38.168213	437.61523	22.55957
-38.167885	443.87741	22.569336
-38.165001	444.38876	22.579102
-38.164505	448.24942	22.588867
-38.164452	446.16953	22.598633
-38.163269	442.26913	22.608398
-38.162632	441.4093	22.618164
-38.163143	437.80997	22.62793
-38.161388	443.34787	22.637695
-38.16013	448.35132	22.647461
-38.159695	447.03683	22.657227
-38.158092	445.54266	22.666992
-38.157391	437.80139	22.676758
-38.158764	440.78864	22.686523
-38.155869	442.50925	22.696289
-38.155712	447.16269	22.706055
-38.155571	447.74185	22.71582
-38.154575	443.32507	22.725586
-38.154606	445.11087	22.735352
-38.152679	439.78595	22.745117
-38.150394	440.77869	22.754883
-38.151005	445.66977	22.764648
-38.148987	447.97034	22.774414
-38.149765	447.77365	22.78418
-38.147682	441.6131	22.793945
-38.146629	438.41391	22.803711
-38.148243	441.80026	22.813477
-38.145664	442.52438	22.823242
-38.145523	444.47943	22.833008
-38.143604	444.54434	22.842773
-38.145081	444.91711	22.852539
-38.142784	439.98477	22.862305
-38.142666	440.91135	22.87207
-38.141399	440.46359	22.881836
-38.13884	445.10391	22.891602
-38.141335	448.6478	22.901367
-38.138859	444.69177	22.911133
-38.137806	443.5275	22.920898
-38.136868	440.62552	22.930664
-38.135868	442.68317	22.94043
-38.134621	443.68774	22.950195
-38.134415	442.61472	22.959961
-38.133286	446.28799	22.969727
-38.133259	445.85464	22.979492
-38.131901	441.64542	22.989258
-38.130943	440.21463	22.999023
-38.129803	439.64182	23.008789
-38.130371	447.48767	23.018555
-38.129059	444.48175	23.02832
-38.127956	446.30402	23.038086
-38.127865	442.70767	23.047852
-38.125568	439.5596	23.057617
-38.124966	441.81781	23.067383
-38.124542	441.12579	23.077148
-38.124241	446.40543	23.086914
-38.122147	449.16147	23.09668
-38.122509	442.42007	23.106445
-38.12228	440.97842	23.116211
-38.121189	438.91034	23.125977
-38.120308	442.21039	23.135742
-38.119823	446.66473	23.145508
-38.118687	447.46503	23.155273
-38.117302	444.34048	23.165039
-38.116409	442.16119	23.174805
-38.115028	439.09711	23.18457
-38.115349	438.20871	23.194336
-38.113586	444.53674	23.204102
-38.113922	448.23123	23.213867
-38.11274	448.09311	23.223633
-38.111687	442.14423	23.233398
-38.110867	436.94409	23.243164
-38.109753	439.79443	23.25293
-38.109699	443.57965	23.262695
-38.107689	448.21707	23.272461
-38.106609	446.59891	23.282227
-38.106934	441.91754	23.291992
-38.105499	442.44299	23.301758
-38.105453	436.86475	23.311523
-38.104237	440.99127	23.321289
-38.103222	445.40869	23.331055
-38.103191	446.08435	23.34082
-38.101742	446.6084	23.350586
-38.101147	438.71204	23.360352
-38.100903	439.71735	23.370117
-38.099716	441.72266	23.379883
-38.099556	443.54752	23.389648
-38.098293	444.15427	23.399414
-38.096584	443.20975	23.40918
-38.097443	442.75558	23.418945
-38.095039	439.68063	23.428711
-38.094639	439.82733	23.438477
-38.093472	441.22147	23.448242
-38.093033	446.09073	23.458008
-38.091843	447.76511	23.467773
-38.09153	441.88739	23.477539
-38.09082	440.5148	23.487305
-38.090679	442.23557	23.49707
-38.089279	441.14188	23.506836
-38.088329	442.98279	23.516602
-38.086655	443.36343	23.526367
-38.087959	443.58246	23.536133
-38.084797	443.57617	23.545898
-38.084702	440.20377	23.555664
-38.084015	437.44565	23.56543
-38.082981	442.30215	23.575195
-38.08223	445.40979	23.584961
-38.081417	443.30026	23.594727
-38.081085	444.55545	23.604492
-38.079643	439.52844	23.614258
-38.079945	440.31705	23.624023
-38.078289	440.64706	23.633789
-38.07748	441.05368	23.643555
-38.076618	446.60873	23.65332
-38.076241	446.1915	23.663086
-38.074993	441.36182	23.672852
-38.074066	437.63965	23.682617
-38.073723	437.91028	23.692383
-38.072735	444.56012	23.702148
-38.071457	445.28967	23.711914
-38.071568	445.98126	23.72168
-38.070473	442.62866	23.731445
-38.068718	439.62646	23.741211
-38.06834	439.8338	23.750977
-38.068401	438.84058	23.760742
-38.067307	444.30865	23.770508
-38.066002	448.6788	23.780273
-38.065395	444.77679	23.790039
-38.064587	439.88754	23.799805
-38.064594	436.15662	23.80957
-38.061852	441.16037	23.819336
-38.062336	444.4169	23.829102
-38.06086	445.065	23.838867
-38.059883	444.7724	23.848633
-38.059563	441.49506	23.858398
-38.058521	437.98102	23.868164
-38.058212	437.77109	23.87793
-38.05698	442.3147	23.887695
-38.056282	446.10278	23.897461
-38.056507	447.60245	23.907227
-38.055386	443.62354	23.916992
-38.05365	436.28931	23.926758
-38.053375	437.81662	23.936523
-38.052952	441.01382	23.946289
-38.050995	444.93048	23.956055
-38.050842	443.79807	23.96582
-38.050396	442.13293	23.975586
-38.050217	441.52023	23.985352
-38.04792	435.94247	23.995117
-38.047039	439.50464	24.004883
-38.047318	441.00812	24.014648
-38.04554	444.95053	24.024414
-38.044182	444.62195	24.03418
-38.045006	437.69342	24.043945
-38.042912	438.17593	24.053711
-38.042347	439.97443	24.063477
-38.041782	440.25214	24.073242
-38.04081	443.38055	24.083008
-38.040825	440.94284	24.092773
-38.038044	442.78928	24.102539
-38.038475	440.00433	24.112305
-38.037895	435.74216	24.12207
-38.03743	438.45679	24.131836
-38.036224	441.16833	24.141602
-38.035927	446.9631	24.151367
-38.03334	441.06598	24.161133
-38.034103	440.16577	24.170898
-38.033295	441.41953	24.180664
-38.032173	437.41348	24.19043
-38.029823	440.22592	24.200195
-38.031086	441.40204	24.209961
-38.029339	443.62891	24.219727
-38.029301	443.25412	24.229492
-38.026844	437.90677	24.239258
-38.027382	435.08093	24.249023
-38.025433	437.90912	24.258789
-38.02409	442.59265	24.268555
-38.024666	441.83145	24.27832
-38.024082	444.06711	24.288086
-38.023609	437.84671	24.297852
-38.022949	438.24112	24.307617
-38.021641	436.55081	24.317383
-38.020039	435.98038	24.327148
-38.019779	443.66205	24.336914
-38.019741	443.02142	24.34668
-38.019146	442.35733	24.356445
-38.0173	436.46048	24.366211
-38.016644	432.28848	24.375977
-38.015602	439.17841	24.385742
-38.014957	442.63757	24.395508
-38.014481	443.29761	24.405273
-38.013836	440.62729	24.415039
-38.012138	437.39542	24.424805
-38.010494	437.81195	24.43457
-38.010246	435.82391	24.444336
-38.009674	439.67233	24.454102
-38.009403	444.01776	24.463867
-38.007557	442.44501	24.473633
-38.007557	438.32391	24.483398
-38.006973	431.65619	24.493164
-38.006252	432.26758	24.50293
-38.005093	439.73865	24.512695
-38.004711	439.60199	24.522461
-38.003475	440.77731	24.532227
-38.002193	437.25601	24.541992
-38.001545	435.38486	24.551758
-38.000584	432.11829	24.561523
-38.000637	436.08261	24.571289
-37.999851	439.77185	24.581055
-37.998081	442.71216	24.59082
-37.99749	438.14954	24.600586
-37.997223	432.87164	24.610352
-37.996178	433.08563	24.620117
-37.99585	436.38281	24.629883
-37.994019	438.45569	24.639648
-37.994537	438.73901	24.649414
-37.992771	436.08398	24.65918
-37.991749	435.5632	24.668945
-37.991642	430.13535	24.678711
-37.989285	430.67258	24.688477
-37.990013	432.36975	24.698242
-37.987389	436.52094	24.708008
-37.988068	438.90872	24.717773
-37.987091	430.15115	24.727539
-37.986237	427.80585	24.737305
-37.985493	72.273399	24.74707
-37.980194	-48.934559	24.756836
-37.981236	-53.763401	24.766602
-37.982113	-50.154137	24.776367
-37.9809	-33.851032	24.786133
-37.981125	-36.891647	24.795898
-37.979824	-47.811352	24.805664
-37.978577	-43.577423	24.81543
-37.976704	-44.379349	24.825195
-37.977512	-38.149227	24.834961
-37.976955	-40.119827	24.844727
-37.975971	-41.798141	24.854492
-37.974747	-44.534962	24.864258
-37.974899	-45.182419	24.874023
-37.973476	-42.70314	24.883789
-37.971821	-43.498257	24.893555
-37.971325	-38.968761	24.90332
-37.969414	-37.950943	24.913086
-37.971001	-43.575058	24.922852
-37.96954	-47.122459	24.932617
-37.969032	-48.642345	24.942383
-37.967762	-41.889488	24.952148
-37.96714	-38.434734	24.961914
-37.967091	-38.45499	24.97168
-37.965569	-41.887501	24.981445
-37.964573	-41.964005	24.991211
-37.963596	-45.183239	25.000977
-37.96191	-44.761974	25.010742
-37.962185	-39.431908	25.020508
-37.961082	-37.984985	25.030273
-37.960583	-38.950687	25.040039
-37.959961	-45.867359	25.049805
-37.958614	-50.091503	25.05957
-37.957699	-44.413116	25.069336
-37.958015	-39.563107	25.079102
-37.956779	-37.695076	25.088867
-37.956509	-40.242329	25.098633
-37.953983	-45.180462	25.108398
-37.952847	-43.289635	25.118164
-37.953751	-47.390285	25.12793
-37.952751	-42.620502	25.137695
-37.951809	-40.572361	25.147461
-37.950981	-39.497704	25.157227
-37.949986	-40.414303	25.166992
-37.950588	-48.247055	25.176758
-37.948658	-48.201534	25.186523
-37.94743	-40.724346	25.196289
-37.947277	-40.481693	25.206055
-37.945793	-38.024414	25.21582
-37.944355	-41.824738	25.225586
-37.945339	-43.228046	25.235352
-37.943901	-47.051907	25.245117
-37.94294	-44.568008	25.254883
-37.94265	-41.964222	25.264648
-37.941082	-38.375397	25.274414
-37.940044	-40.081528	25.28418
-37.939423	-44.916447	25.293945
-37.938705	-47.019241	25.303711
-37.938389	-45.619133	25.313477
-37.938526	-41.448475	25.323242
-37.936214	-41.665676	25.333008
-37.934853	-41.238068	25.342773
-37.936295	-41.257587	25.352539
-37.933945	-42.286125	25.362305
-37.933369	-45.485065	25.37207
-37.931862	-46.795765	25.381836
-37.932163	-41.905945	25.391602
-37.930363	-38.230972	25.401367
-37.929523	-43.791569	25.411133
-37.92897	-42.459091	25.420898
-37.929241	-45.613232	25.430664
-37.928078	-45.44738	25.44043
-37.926411	-43.153683	25.450195
-37.925663	-43.647598	25.459961
-37.924454	-39.383881	25.469727
-37.924328	-39.95853	25.479492
-37.923599	-43.809383	25.489258
-37.921715	-45.138702	25.499023
-37.921879	-46.12368	25.508789
-37.920559	-39.814613	25.518555
-37.920078	-42.448837	25.52832
-37.920013	-41.02319	25.538086
-37.917198	-42.742558	25.547852
-37.918228	-45.894814	25.557617
-37.917061	-46.193058	25.567383
-37.917213	-44.988468	25.577148
-37.914768	-40.155205	25.586914
-37.914608	-37.23624	25.59668
-37.913193	-41.192947	25.606445
-37.912663	-45.784409	25.616211
-37.912304	-48.060478	25.625977
-37.910374	-43.81744	25.635742
-37.911247	-39.147602	25.645508
-37.909508	-38.703339	25.655273
-37.908241	-40.368774	25.665039
-37.907166	-43.635658	25.674805
-37.90807	-45.013538	25.68457
-37.906219	-47.756092	25.694336
-37.905277	-41.80106	25.704102
-37.904835	-39.215107	25.713867
-37.903915	-37.780075	25.723633
-37.902195	-44.261761	25.733398
-37.902821	-48.511818	25.743164
-37.90205	-44.894096	25.75293
-37.90049	-41.466835	25.762695
-37.898933	-39.391773	25.772461
-37.899288	-39.951591	25.782227
-37.896687	-42.597614	25.791992
-37.897343	-44.785431	25.801758
-37.896553	-48.33984	25.811523
-37.895374	-43.97739	25.821289
-37.895714	-40.634922	25.831055
-37.893684	-39.953403	25.84082
-37.893341	-39.197739	25.850586
-37.892818	-47.855434	25.860352
-37.891483	-46.572811	25.870117
-37.89119	-44.389675	25.879883
-37.889202	-42.413948	25.889648
-37.889465	-38.879959	25.899414
-37.888878	-43.010998	25.90918
-37.88866	-42.776104	25.918945
-37.887562	-45.36095	25.928711
-37.88583	-45.550831	25.938477
-37.885445	-42.735237	25.948242
-37.884304	-40.136543	25.958008
-37.884468	-38.037399	25.967773
-37.88348	-42.882999	25.977539
-37.882614	-44.939022	25.987305
-37.880646	-46.126816	25.99707
-37.880405	-42.525249	26.006836
-37.880379	-42.414299	26.016602
-37.878132	-42.130501	26.026367
-37.877678	-41.278156	26.036133
-37.876541	-42.877964	26.045898
-37.876572	-44.512993	26.055664
-37.87508	-47.38839	26.06543
-37.874004	-43.952484	26.075195
-37.873192	-38.82095	26.084961
-37.872391	-40.269318	26.094727
-37.872257	-39.082924	26.104492
-37.870903	-45.964691	26.114258
-37.870903	-43.667786	26.124023
-37.869923	-43.547024	26.133789
-37.869152	-44.660645	26.143555
-37.868774	-38.81786	26.15332
-37.868023	-39.776199	26.163086
-37.866566	-43.809933	26.172852
-37.865574	-46.354801	26.182617
-37.864883	-48.30381	26.192383
-37.863617	-40.02565	26.202148
-37.862286	-40.007725	26.211914
-37.862663	-38.880466	26.22168
-37.862278	-42.021526	26.231445
-37.861542	-46.150543	26.241211
-37.859192	-45.050152	26.250977
-37.859531	-46.636932	26.260742
-37.857628	-40.707512	26.270508
-37.857559	-36.975613	26.280273
-37.857128	-41.387089	26.290039
-37.855431	-45.067387	26.299805
-37.853951	-49.246521	26.30957
-37.855118	-44.669975	26.319336
-37.854233	-40.093491	26.329102
-37.853191	-37.952827	26.338867
-37.851974	-39.099194	26.348633
-37.850677	-44.529984	26.358398
-37.851021	-45.695011	26.368164
-37.848919	-48.051704	26.37793
-37.849575	-42.491188	26.387695
-37.847435	-40.490147	26.397461
-37.846184	-37.361374	26.407227
-37.845772	-42.652485	26.416992
-37.846069	-47.757778	26.426758
-37.844322	-46.570049	26.436523
-37.845078	-42.046692	26.446289
-37.843121	-39.08839	26.456055
-37.841225	-39.861816	26.46582
-37.841885	-42.335537	26.475586
-37.839584	-40.663044	26.485352
-37.839283	-47.907318	26.495117
-37.837757	-43.671806	26.504883
-37.838253	-42.085987	26.514648
-37.837505	-40.878246	26.524414
-37.836445	-37.503395	26.53418
-37.835449	-46.026833	26.543945
-37.834854	-44.861076	26.553711
-37.833351	-44.517769	26.563477
-37.832001	-42.589485	26.573242
-37.831303	-40.42519	26.583008
-37.832108	-42.619362	26.592773
-37.830326	-41.211788	26.602539
-37.828888	-43.045891	26.612305
-37.82933	-45.621952	26.62207
-37.827763	-46.362038	26.631836
-37.8274	-42.632103	26.641602
-37.826923	-39.603519	26.651367
-37.825333	-40.593704	26.661133
-37.824997	-42.978268	26.670898
-37.824093	-43.960758	26.680664
-37.821896	-43.721642	26.69043
-37.822311	-43.177029	26.700195
-37.822273	-42.354156	26.709961
-37.821434	-40.57206	26.719727
-37.820175	-40.532776	26.729492
-37.819744	-45.300507	26.739258
-37.818497	-47.698185	26.749023
-37.816883	-44.173321	26.758789
-37.816975	-40.113491	26.768555
-37.815788	-41.042309	26.77832
-37.81538	-39.707626	26.788086
-37.813866	-44.827438	26.797852
-37.813038	-45.928761	26.807617
-37.813869	-43.628502	26.817383
-37.810955	-45.597374	26.827148
-37.811729	-38.362782	26.836914
-37.810619	-39.345726	26.84668
-37.809639	-41.382614	26.856445
-37.808655	-45.670803	26.866211
-37.807274	-49.629936	26.875977

