MTS793|BTW|ENU|1|2|.|/|:|1|0|0|A

Data Header:			0.254_solid_dimension_typeiv_090_r0			Time:	20.017578	s	4/14/2019 2:01:57 AM
Data Acquisition:	Timed
Station Name:	ft40.cfg
Test File Name:	monotonic_0.2540_typeiv_solid_090_dimension.tst
Displacement	Force	Running Time
mm	N	s
-37.125751	-108.73627	0.022705078
-37.1264	-108.83611	0.032470703
-37.125183	-110.50953	0.042236328
-37.125595	-113.18074	0.052001953
-37.124943	-109.04344	0.061767578
-37.126091	-110.45613	0.071533203
-37.125183	-107.90302	0.081298828
-37.125416	-108.40382	0.091064453
-37.124336	-108.61796	0.10083008
-37.124454	-110.78687	0.1105957
-37.122814	-115.38513	0.12036133
-37.122379	-109.19455	0.13012695
-37.12117	-102.73443	0.13989258
-37.12085	-104.18441	0.1496582
-37.119751	-104.84161	0.15942383
-37.119061	-107.72168	0.16918945
-37.118286	-107.12469	0.17895508
-37.116184	-108.90296	0.1887207
-37.116783	-104.78487	0.19848633
-37.115284	-101.86165	0.20825195
-37.114754	-100.26463	0.21801758
-37.114166	-103.16416	0.2277832
-37.114223	-107.95766	0.23754883
-37.111919	-104.67207	0.24731445
-37.11031	-101.13927	0.25708008
-37.110703	-96.61158	0.2668457
-37.109749	-97.650078	0.27661133
-37.109127	-101.36986	0.28637695
-37.108486	-99.015923	0.29614258
-37.107742	-101.45993	0.3059082
-37.107521	-99.676605	0.31567383
-37.105885	-96.94928	0.32543945
-37.104259	-94.484268	0.33520508
-37.104683	-91.770271	0.3449707
-37.104023	-99.230698	0.35473633
-37.101212	-97.543343	0.36450195
-37.102211	-95.644859	0.37426758
-37.099812	-93.899048	0.3840332
-37.100628	-91.462196	0.39379883
-37.097839	-93.664734	0.40356445
-37.09927	-92.436745	0.41333008
-37.098114	-91.736374	0.4230957
-37.096294	-95.702919	0.43286133
-37.096195	-93.900642	0.44262695
-37.095455	-91.221107	0.45239258
-37.09457	-86.001495	0.4621582
-37.092819	-88.321342	0.47192383
-37.092911	-91.111137	0.48168945
-37.091961	-91.228012	0.49145508
-37.091473	-90.639244	0.5012207
-37.090611	-87.910233	0.51098633
-37.089691	-86.461937	0.52075195
-37.089104	-83.991051	0.53051758
-37.087559	-85.115494	0.5402832
-37.086548	-85.756081	0.55004883
-37.085907	-90.776909	0.55981445
-37.084873	-88.643684	0.56958008
-37.084232	-81.54599	0.5793457
-37.084114	-81.728828	0.58911133
-37.082989	-81.42923	0.59887695
-37.083488	-86.204819	0.60864258
-37.081863	-86.001617	0.6184082
-37.079239	-81.469955	0.62817383
-37.079891	-83.764153	0.63793945
-37.078617	-76.193375	0.64770508
-37.078632	-77.034843	0.6574707
-37.077637	-77.599747	0.66723633
-37.075073	-81.311638	0.67700195
-37.076557	-83.979446	0.68676758
-37.074123	-77.665581	0.6965332
-37.074078	-73.59684	0.70629883
-37.073067	-73.006462	0.71606445
-37.072422	-75.781837	0.72583008
-37.071918	-81.115417	0.7355957
-37.070042	-76.847206	0.74536133
-37.070042	-77.442429	0.75512695
-37.068626	-72.312988	0.76489258
-37.068398	-71.02327	0.7746582
-37.067234	-70.916512	0.78442383
-37.067036	-73.216927	0.79418945
-37.066486	-80.267815	0.80395508
-37.064751	-75.14373	0.8137207
-37.064327	-70.378319	0.82348633
-37.063705	-67.164314	0.83325195
-37.062645	-68.164421	0.84301758
-37.062317	-70.926857	0.8527832
-37.061729	-71.613213	0.86254883
-37.060135	-70.492409	0.87231445
-37.061134	-67.861061	0.88208008
-37.05864	-67.946541	0.8918457
-37.057148	-63.082523	0.90161133
-37.056217	-64.761871	0.91137695
-37.056057	-70.668755	0.92114258
-37.054943	-68.490761	0.9309082
-37.054142	-67.992516	0.94067383
-37.05418	-61.871849	0.95043945
-37.052921	-60.652138	0.96020508
-37.052322	-64.258835	0.9699707
-37.051579	-62.385941	0.97973633
-37.051769	-64.740105	0.98950195
-37.049145	-63.325397	0.99926758
-37.048264	-62.800369	1.0090332
-37.047794	-61.281551	1.0187988
-37.048038	-55.977356	1.0285645
-37.046181	-62.258396	1.0383301
-37.04504	-61.393982	1.0480957
-37.045212	-61.822083	1.0578613
-37.043484	-58.69799	1.067627
-37.043236	-56.872963	1.0773926
-37.041718	-56.945148	1.0871582
-37.040756	-56.207741	1.0969238
-37.03986	-55.288616	1.1066895
-37.040249	-59.358692	1.1164551
-37.038769	-58.072479	1.1262207
-37.038616	-58.363331	1.1359863
-37.03751	-52.717007	1.145752
-37.036888	-50.892738	1.1555176
-37.036716	-52.758282	1.1652832
-37.034801	-56.322723	1.1750488
-37.034039	-55.491913	1.1848145
-37.032875	-52.326412	1.1945801
-37.032173	-50.968208	1.2043457
-37.031204	-47.825912	1.2141113
-37.030552	-49.217663	1.223877
-37.029652	-50.125687	1.2336426
-37.030666	-52.815804	1.2434082
-37.028496	-53.970413	1.2531738
-37.026463	-48.191158	1.2629395
-37.027184	-42.907181	1.2727051
-37.026772	-43.469486	1.2824707
-37.025391	-48.186199	1.2922363
-37.025047	-51.408661	1.302002
-37.022724	-46.71616	1.3117676
-37.02285	-48.369987	1.3215332
-37.020798	-40.523193	1.3312988
-37.021145	-41.76915	1.3410645
-37.020157	-41.582222	1.3508301
-37.020004	-43.803761	1.3605957
-37.018265	-50.717861	1.3703613
-37.017452	-43.529449	1.380127
-37.016994	-39.124962	1.3898926
-37.016418	-36.907402	1.3996582
-37.01656	-38.871075	1.4094238
-37.015259	-44.829479	1.4191895
-37.012547	-41.719936	1.4289551
-37.013168	-41.996887	1.4387207
-37.01263	-38.905346	1.4484863
-37.01165	-35.137825	1.458252
-37.009865	-36.175171	1.4680176
-37.010075	-36.150028	1.4777832
-37.009064	-41.843475	1.4875488
-37.008965	-40.250004	1.4973145
-37.007122	-35.529343	1.5070801
-37.007107	-33.169361	1.5168457
-37.006763	-32.918282	1.5266113
-37.005043	-35.165619	1.536377
-37.004021	-35.955765	1.5461426
-37.002895	-33.846359	1.5559082
-37.00182	-34.156525	1.5656738
-37.000572	-31.80505	1.5754395
-37.001984	-29.755632	1.5852051
-37.000549	-28.423204	1.5949707
-36.999821	-32.106941	1.6047363
-36.998608	-31.387865	1.614502
-36.998684	-33.484688	1.6242676
-36.997433	-28.121603	1.6340332
-36.995575	-26.59269	1.6437988
-36.995384	-27.95459	1.6535645
-36.994522	-26.640329	1.6633301
-36.993435	-27.891973	1.6730957
-36.991619	-28.658636	1.6828613
-36.992325	-28.18882	1.692627
-36.990612	-26.118759	1.7023926
-36.990429	-20.84347	1.7121582
-36.989479	-23.477055	1.7219238
-36.988621	-23.687227	1.7316895
-36.987797	-25.941938	1.7414551
-36.986923	-26.718513	1.7512207
-36.986595	-21.728916	1.7609863
-36.985035	-21.889242	1.770752
-36.986156	-19.081163	1.7805176
-36.983181	-18.933249	1.7902832
-36.983837	-22.917673	1.8000488
-36.982635	-22.599262	1.8098145
-36.981392	-25.198896	1.8195801
-36.981026	-17.882868	1.8293457
-36.979485	-14.136071	1.8391113
-36.978451	-15.381644	1.848877
-36.977776	-20.006132	1.8586426
-36.977928	-21.63843	1.8684082
-36.975658	-20.432377	1.8781738
-36.97551	-17.396284	1.8879395
-36.9744	-13.150506	1.8977051
-36.974445	-13.798128	1.9074707
-36.973598	-13.326696	1.9172363
-36.97348	-17.473236	1.927002
-36.972218	-20.255007	1.9367676
-36.971184	-13.815589	1.9465332
-36.970997	-9.9442816	1.9562988
-36.969181	-7.2112093	1.9660645
-36.967636	-12.983699	1.9758301
-36.967476	-15.954843	1.9855957
-36.968296	-13.331729	1.9953613
-36.967117	-13.280432	2.005127
-36.965939	-6.0324578	2.0148926
-36.964607	-7.4550505	2.0246582
-36.963818	-5.9095325	2.0344238
-36.963051	-8.2865067	2.0441895
-36.962288	-14.300517	2.0539551
-36.960846	-9.7233391	2.0637207
-36.96003	-5.8164973	2.0734863
-36.959393	-3.0419149	2.083252
-36.958233	-2.730361	2.0930176
-36.957664	-9.0575819	2.1027832
-36.95726	-7.4689288	2.1125488
-36.956604	-6.9229064	2.1223145
-36.954956	-5.0601802	2.1320801
-36.955151	-2.1587887	2.1418457
-36.95377	-2.0303538	2.1516113
-36.952423	0.48939919	2.161377
-36.952961	-6.9243565	2.1711426
-36.951427	-5.9935989	2.1809082
-36.95052	-2.4842517	2.1906738
-36.949841	0.22455454	2.2004395
-36.948296	2.1948676	2.2102051
-36.948505	-1.3513811	2.2199707
-36.947525	0.21991467	2.2297363
-36.947365	-0.32540312	2.239502
-36.946022	0.28837326	2.2492676
-36.945229	1.5998578	2.2590332
-36.944061	4.2216358	2.2687988
-36.94363	6.7433872	2.2785645
-36.942459	4.2147484	2.2883301
-36.942207	3.0462606	2.2980957
-36.941006	0.9196009	2.3078613
-36.94067	4.8574309	2.317627
-36.939594	8.945673	2.3273926
-36.93832	6.1458507	2.3371582
-36.936726	9.7669792	2.3469238
-36.936157	7.2075076	2.3566895
-36.935883	8.4033375	2.3664551
-36.934834	5.3022666	2.3762207
-36.933907	5.4719944	2.3859863
-36.933002	13.261962	2.395752
-36.933315	12.628973	2.4055176
-36.932831	11.801101	2.4152832
-36.930569	7.8145003	2.4250488
-36.930973	8.5040569	2.4348145
-36.929966	13.272473	2.4445801
-36.928032	12.913744	2.4543457
-36.92852	17.522345	2.4641113
-36.927628	15.568742	2.473877
-36.926056	11.386103	2.4836426
-36.925842	13.04685	2.4934082
-36.923656	9.8098974	2.5031738
-36.923553	15.50104	2.5129395
-36.924	21.485403	2.5227051
-36.92255	20.578886	2.5324707
-36.922272	15.634457	2.5422363
-36.920513	12.912885	2.552002
-36.920155	15.092111	2.5617676
-36.919533	18.657183	2.5715332
-36.91946	23.063515	2.5812988
-36.917068	22.834488	2.5910645
-36.916161	21.061665	2.6008301
-36.916054	19.329128	2.6105957
-36.914818	14.830161	2.6203613
-36.91354	19.666155	2.630127
-36.913017	23.957355	2.6398926
-36.912315	27.528233	2.6496582
-36.91143	25.186853	2.6594238
-36.910095	20.394478	2.6691895
-36.909809	20.876085	2.6789551
-36.908852	22.292885	2.6887207
-36.908253	25.930744	2.6984863
-36.906693	27.118143	2.708252
-36.907555	28.091545	2.7180176
-36.906307	29.29496	2.7277832
-36.905762	21.002832	2.7375488
-36.904427	24.761547	2.7473145
-36.903202	26.773649	2.7570801
-36.902523	30.633249	2.7668457
-36.900974	32.548977	2.7766113
-36.901844	26.139013	2.786377
-36.90007	28.545183	2.7961426
-36.899139	28.077469	2.8059082
-36.898304	30.209841	2.8156738
-36.897816	31.156868	2.8254395
-36.897484	31.273767	2.8352051
-36.895775	34.550922	2.8449707
-36.896236	33.126289	2.8547363
-36.894054	31.215254	2.864502
-36.894028	32.043594	2.8742676
-36.893013	34.098251	2.8840332
-36.892036	38.99786	2.8937988
-36.890717	35.202282	2.9035645
-36.889992	36.542824	2.9133301
-36.889694	35.434505	2.9230957
-36.889011	34.576881	2.9328613
-36.887383	34.413719	2.942627
-36.88649	37.126545	2.9523926
-36.886433	40.875313	2.9621582
-36.884705	43.498295	2.9719238
-36.884499	39.355026	2.9816895
-36.883598	36.328094	2.9914551
-36.882458	37.101276	3.0012207
-36.882088	41.483334	3.0109863
-36.882393	41.362736	3.020752
-36.880547	46.201626	3.0305176
-36.879875	42.829281	3.0402832
-36.878677	42.770565	3.0500488
-36.878498	41.385731	3.0598145
-36.877403	38.823708	3.0695801
-36.876446	46.323811	3.0793457
-36.876671	48.739922	3.0891113
-36.874569	47.826679	3.098877
-36.87376	44.38308	3.1086426
-36.873024	41.050007	3.1184082
-36.873108	46.072681	3.1281738
-36.871399	45.990299	3.1379395
-36.870846	50.150654	3.1477051
-36.869884	52.270573	3.1574707
-36.86985	48.691616	3.1672363
-36.87001	48.233948	3.177002
-36.868397	44.363102	3.1867676
-36.866684	49.450615	3.1965332
-36.865589	55.343849	3.2062988
-36.865543	55.633289	3.2160645
-36.864674	54.318878	3.2258301
-36.864655	47.511196	3.2355957
-36.862858	49.46072	3.2453613
-36.861702	52.470596	3.255127
-36.861092	55.416767	3.2648926
-36.860275	58.076244	3.2746582
-36.859371	55.916035	3.2844238
-36.860229	55.103252	3.2941895
-36.858601	51.398308	3.3039551
-36.856846	54.352974	3.3137207
-36.856312	57.93679	3.3234863
-36.856762	62.67725	3.333252
-36.855534	59.405006	3.3430176
-36.853981	56.873653	3.3527832
-36.852829	55.943436	3.3625488
-36.852489	58.889915	3.3723145
-36.851376	60.39838	3.3820801
-36.850098	61.972939	3.3918457
-36.849873	63.434959	3.4016113
-36.850029	66.446243	3.411377
-36.848763	60.051598	3.4211426
-36.847759	60.136257	3.4309082
-36.84594	60.157753	3.4406738
-36.844074	64.156578	3.4504395
-36.844639	68.572044	3.4602051
-36.842915	63.616917	3.4699707
-36.843197	64.415787	3.4797363
-36.84314	63.076473	3.489502
-36.841953	63.421391	3.4992676
-36.840866	66.64875	3.5090332
-36.839756	66.505333	3.5187988
-36.840034	71.569984	3.5285645
-36.838249	69.512039	3.5383301
-36.838043	67.898376	3.5480957
-36.83659	64.838867	3.5578613
-36.835377	66.046486	3.567627
-36.834705	72.045387	3.5773926
-36.834095	71.556511	3.5871582
-36.833462	73.659546	3.5969238
-36.832729	72.444458	3.6066895
-36.831551	70.315292	3.6164551
-36.830326	68.552567	3.6262207
-36.830193	70.214897	3.6359863
-36.830364	74.491348	3.645752
-36.829239	77.434196	3.6555176
-36.828007	75.815292	3.6652832
-36.827332	71.024284	3.6750488
-36.825924	71.254379	3.6848145
-36.826363	75.384453	3.6945801
-36.8255	77.710335	3.7043457
-36.823986	81.326988	3.7141113
-36.822582	79.150986	3.723877
-36.820686	77.302124	3.7336426
-36.821159	76.344276	3.7434082
-36.82172	74.329269	3.7531738
-36.820053	79.057457	3.7629395
-36.818459	84.032494	3.7727051
-36.816429	85.297882	3.7824707
-36.817215	79.502518	3.7922363
-36.817005	76.077301	3.802002
-36.815033	79.266541	3.8117676
-36.814648	83.231499	3.8215332
-36.814659	84.543098	3.8312988
-36.813328	86.960732	3.8410645
-36.812214	84.77829	3.8508301
-36.812019	85.309151	3.8605957
-36.811005	78.74424	3.8703613
-36.810493	82.243256	3.880127
-36.808929	88.021042	3.8898926
-36.807758	89.917374	3.8996582
-36.806675	89.47522	3.9094238
-36.806274	83.495209	3.9191895
-36.806015	84.964874	3.9289551
-36.805172	88.031693	3.9387207
-36.803646	89.480492	3.9484863
-36.80381	90.206985	3.958252
-36.803879	91.548645	3.9680176
-36.802307	91.073631	3.9777832
-36.799736	86.042648	3.9875488
-36.800407	88.648277	3.9973145
-36.798908	89.709717	4.0070801
-36.798462	95.517502	4.0168457
-36.797539	95.086975	4.0266113
-36.796593	91.804489	4.036377
-36.795628	91.379166	4.0461426
-36.794632	90.67955	4.0559082
-36.794926	94.998833	4.0656738
-36.793762	95.560631	4.0754395
-36.793171	96.641273	4.0852051
-36.792248	98.653404	4.0949707
-36.790653	96.471565	4.1047363
-36.78986	94.677116	4.114502
-36.789001	93.521584	4.1242676
-36.789017	95.672409	4.1340332
-36.787655	103.34217	4.1437988
-36.786816	99.564095	4.1535645
-36.787159	100.5275	4.1633301
-36.786118	97.65593	4.1730957
-36.784828	97.909653	4.1828613
-36.784729	100.4735	4.192627
-36.783657	98.831177	4.2023926
-36.782768	104.4038	4.2121582
-36.781597	105.97472	4.2219238
-36.780087	102.23188	4.2316895
-36.778568	100.69933	4.2414551
-36.778259	99.853035	4.2512207
-36.777172	105.7914	4.2609863
-36.776474	105.29474	4.270752
-36.776119	106.8138	4.2805176
-36.776535	107.12698	4.2902832
-36.775246	104.25639	4.3000488
-36.773933	102.55373	4.3098145
-36.773888	104.36783	4.3195801
-36.772823	107.39995	4.3293457
-36.771809	113.57168	4.3391113
-36.771252	113.3098	4.348877
-36.769459	106.48234	4.3586426
-36.768566	105.69781	4.3684082
-36.768414	107.90904	4.3781738
-36.766582	112.67778	4.3879395
-36.76672	116.12487	4.3977051
-36.765625	113.58418	4.4074707
-36.764824	112.75254	4.4172363
-36.763752	109.95278	4.427002
-36.765099	106.89982	4.4367676
-36.762653	112.07599	4.4465332
-36.762093	117.09855	4.4562988
-36.760921	118.62109	4.4660645
-36.759693	116.72812	4.4758301
-36.760223	109.80087	4.4855957
-36.758232	111.29144	4.4953613
-36.757122	116.53397	4.505127
-36.758083	118.34842	4.5148926
-36.757362	121.01107	4.5246582
-36.755081	116.52982	4.5344238
-36.75528	119.23354	4.5441895
-36.75301	113.99931	4.5539551
-36.753139	117.31168	4.5637207
-36.751854	120.80685	4.5734863
-36.751423	123.67743	4.583252
-36.751556	125.40134	4.5930176
-36.750549	120.43406	4.6027832
-36.749161	118.50516	4.6125488
-36.748493	120.77092	4.6223145
-36.746895	122.36305	4.6320801
-36.745396	124.75751	4.6418457
-36.7453	125.32203	4.6516113
-36.744221	124.93922	4.661377
-36.743656	125.40614	4.6711426
-36.742737	122.53228	4.6809082
-36.742275	121.69331	4.6906738
-36.742481	127.18993	4.7004395
-36.741108	130.45966	4.7102051
-36.739536	126.81048	4.7199707
-36.738289	127.59042	4.7297363
-36.738998	125.12864	4.739502
-36.737679	127.53187	4.7492676
-36.736065	128.20622	4.7590332
-36.737099	130.42426	4.7687988
-36.734791	132.36256	4.7785645
-36.73407	132.1073	4.7883301
-36.733681	129.87517	4.7980957
-36.733662	127.7459	4.8078613
-36.733234	128.79106	4.817627
-36.730145	134.5916	4.8273926
-36.730152	133.27025	4.8371582
-36.729496	135.19125	4.8469238
-36.728188	133.68338	4.8566895
-36.727272	131.55733	4.8664551
-36.727303	134.77646	4.8762207
-36.727009	131.6338	4.8859863
-36.725018	137.14839	4.895752
-36.724083	141.2522	4.9055176
-36.723717	138.75751	4.9152832
-36.722797	134.35191	4.9250488
-36.720951	130.80426	4.9348145
-36.720936	138.02454	4.9445801
-36.719837	141.4874	4.9543457
-36.719662	141.70374	4.9641113
-36.719006	140.10089	4.973877
-36.71785	138.75891	4.9836426
-36.717361	138.23839	4.9934082
-36.716583	136.19272	5.0031738
-36.716164	142.4409	5.0129395
-36.714378	145.44475	5.0227051
-36.713314	147.27359	5.0324707
-36.713779	140.58427	5.0422363
-36.712399	137.99809	5.052002
-36.711948	139.63681	5.0617676
-36.711296	145.81929	5.0715332
-36.70932	150.01987	5.0812988
-36.708637	146.10486	5.0910645
-36.708965	144.93552	5.1008301
-36.70779	144.60883	5.1105957
-36.707516	141.00656	5.1203613
-36.706375	146.08473	5.130127
-36.705719	147.55478	5.1398926
-36.704285	153.50121	5.1496582
-36.703857	152.6805	5.1594238
-36.7024	145.11285	5.1691895
-36.702145	146.25714	5.1789551
-36.701546	149.67865	5.1887207
-36.700932	152.25403	5.1984863
-36.699402	154.09602	5.208252
-36.69804	153.11053	5.2180176
-36.697945	152.29039	5.2277832
-36.697048	150.51334	5.2375488
-36.696167	150.12274	5.2473145
-36.69474	151.12137	5.2570801
-36.693481	155.1739	5.2668457
-36.693909	160.18819	5.2766113
-36.692177	153.18188	5.286377
-36.69215	153.32043	5.2961426
-36.690346	154.36349	5.3059082
-36.689831	156.18591	5.3156738
-36.689182	157.86182	5.3254395
-36.688538	157.61368	5.3352051
-36.687805	158.83661	5.3449707
-36.687191	159.48822	5.3547363
-36.685833	156.69495	5.364502
-36.685875	155.35619	5.3742676
-36.685215	156.58191	5.3840332
-36.683826	163.07391	5.3937988
-36.681618	161.75594	5.4035645
-36.68219	162.2804	5.4133301
-36.680496	159.78946	5.4230957
-36.680519	160.06905	5.4328613
-36.680367	161.5347	5.442627
-36.678661	161.39674	5.4523926
-36.67878	167.03127	5.4621582
-36.677204	168.24553	5.4719238
-36.675991	166.66377	5.4816895
-36.676632	160.13196	5.4914551
-36.674828	160.0551	5.5012207
-36.675167	166.98511	5.5109863
-36.672794	168.45294	5.520752
-36.670959	171.37973	5.5305176
-36.671185	167.15227	5.5402832
-36.67107	165.18414	5.5500488
-36.670456	166.53897	5.5598145
-36.66935	164.52145	5.5695801
-36.66938	173.86781	5.5793457
-36.666874	173.63992	5.5891113
-36.666546	172.24211	5.598877
-36.665958	169.20918	5.6086426
-36.664963	164.99646	5.6184082
-36.664856	169.90747	5.6281738
-36.662781	175.00162	5.6379395
-36.662731	175.96114	5.6477051
-36.662468	175.10092	5.6574707
-36.661018	172.94955	5.6672363
-36.660328	172.8427	5.677002
-36.660072	171.59419	5.6867676
-36.658516	175.78223	5.6965332
-36.657455	179.47964	5.7062988
-36.657551	180.66458	5.7160645
-36.656414	178.87189	5.7258301
-36.655624	172.6507	5.7355957
-36.654633	174.20609	5.7453613
-36.654549	176.98608	5.755127
-36.653553	182.81306	5.7648926
-36.651516	179.9559	5.7746582
-36.650959	178.89171	5.7844238
-36.649891	179.33	5.7941895
-36.650089	175.53664	5.8039551
-36.648464	179.61861	5.8137207
-36.648247	180.52187	5.8234863
-36.646286	186.14941	5.833252
-36.646393	187.72498	5.8430176
-36.645584	180.14072	5.8527832
-36.645332	180.44595	5.8625488
-36.644798	180.25493	5.8723145
-36.643467	183.09846	5.8820801
-36.643013	186.11342	5.8918457
-36.641487	185.83298	5.9016113
-36.640705	187.40565	5.911377
-36.640347	185.13664	5.9211426
-36.639252	183.89209	5.9309082
-36.638123	183.33203	5.9406738
-36.637878	186.58931	5.9504395
-36.636345	192.83716	5.9602051
-36.634903	188.58344	5.9699707
-36.635487	188.82007	5.9797363
-36.634441	186.34489	5.989502
-36.634228	187.72176	5.9992676
-36.63221	189.02493	6.0090332
-36.630585	189.03673	6.0187988
-36.63031	192.3277	6.0285645
-36.630245	194.8053	6.0383301
-36.628956	190.98376	6.0480957
-36.628719	188.9424	6.0578613
-36.627739	189.16422	6.067627
-36.626789	195.74216	6.0773926
-36.626049	198.64464	6.0871582
-36.625515	198.35117	6.0969238
-36.624287	193.9015	6.1066895
-36.623493	191.92957	6.1164551
-36.622143	194.31308	6.1262207
-36.62138	193.98389	6.1359863
-36.621082	201.31038	6.145752
-36.620338	200.78728	6.1555176
-36.618958	199.57745	6.1652832
-36.618328	196.23227	6.1750488
-36.618134	192.22211	6.1848145
-36.617001	199.55614	6.1945801
-36.616673	202.23575	6.2043457
-36.61544	205.95096	6.2141113
-36.614113	201.28979	6.223877
-36.613873	199.57993	6.2336426
-36.612522	200.82582	6.2434082
-36.612698	198.5945	6.2531738
-36.612206	203.55566	6.2629395
-36.610027	208.38611	6.2727051
-36.610271	208.0293	6.2824707
-36.609352	206.64468	6.2922363
-36.607502	199.22139	6.302002
-36.607391	202.53069	6.3117676
-36.607216	206.40317	6.3215332
-36.605392	209.71344	6.3312988
-36.60498	210.12891	6.3410645
-36.604156	205.1427	6.3508301
-36.602444	205.90762	6.3605957
-36.60252	205.37202	6.3703613
-36.601574	206.93741	6.380127
-36.60009	209.69469	6.3898926
-36.599693	212.93179	6.3996582
-36.598671	213.25569	6.4094238
-36.598869	207.43883	6.4191895
-36.598076	208.2935	6.4289551
-36.597141	209.68723	6.4387207
-36.596188	213.97188	6.4484863
-36.594219	215.54506	6.458252
-36.59375	212.94614	6.4680176
-36.593437	214.20552	6.4777832
-36.59267	212.01393	6.4875488
-36.592041	211.23013	6.4973145
-36.590248	212.29976	6.5070801
-36.590366	216.97968	6.5168457
-36.589748	220.36285	6.5266113
-36.588417	215.41702	6.536377
-36.587547	216.50334	6.5461426
-36.587246	213.12462	6.5559082
-36.585854	215.75717	6.5656738
-36.586437	221.75777	6.5754395
-36.583977	218.81641	6.5852051
-36.583351	221.3761	6.5949707
-36.582508	222.12242	6.6047363
-36.582287	217.43616	6.614502
-36.582188	217.94643	6.6242676
-36.580639	217.46671	6.6340332
-36.578747	225.83853	6.6437988
-36.578602	224.91518	6.6535645
-36.577946	224.20119	6.6633301
-36.576683	221.72452	6.6730957
-36.576389	218.86879	6.6828613
-36.57478	223.32629	6.692627
-36.574055	224.43904	6.7023926
-36.574745	227.07629	6.7121582
-36.573048	229.9158	6.7219238
-36.572506	226.91812	6.7316895
-36.571224	222.31329	6.7414551
-36.569553	220.83304	6.7512207
-36.570515	226.96449	6.7609863
-36.569508	231.75546	6.770752
-36.56863	233.39453	6.7805176
-36.567513	229.21617	6.7902832
-36.566925	228.06493	6.8000488
-36.565445	227.06509	6.8098145
-36.565029	227.50121	6.8195801
-36.563667	233.64444	6.8293457
-36.563515	234.08629	6.8391113
-36.563526	234.97127	6.848877
-36.561993	229.46767	6.8586426
-36.561546	225.0069	6.8684082
-36.559669	231.07957	6.8781738
-36.558258	232.89413	6.8879395
-36.559811	237.98894	6.8977051
-36.558224	236.87589	6.9074707
-36.557133	230.86148	6.9172363
-36.555729	232.30576	6.927002
-36.554642	230.82843	6.9367676
-36.555244	236.10851	6.9465332
-36.554073	238.33064	6.9562988
-36.552799	239.66534	6.9660645
-36.551594	240.64043	6.9758301
-36.550404	231.77487	6.9855957
-36.550449	233.24854	6.9953613
-36.549305	237.42868	7.005127
-36.54932	241.26164	7.0148926
-36.548328	243.25372	7.0246582
-36.547554	237.36838	7.0344238
-36.54673	238.7489	7.0441895
-36.545761	240.03133	7.0539551
-36.544323	237.59302	7.0637207
-36.544163	240.89304	7.0734863
-36.542965	244.56136	7.083252
-36.542271	246.50117	7.0930176
-36.541309	239.22559	7.1027832
-36.540279	241.41478	7.1125488
-36.539803	239.51505	7.1223145
-36.538822	244.07794	7.1320801
-36.538395	246.94806	7.1418457
-36.536884	245.48558	7.1516113
-36.537121	246.15331	7.161377
-36.535885	244.48666	7.1711426
-36.534962	245.2525	7.1809082
-36.534966	244.53627	7.1906738
-36.533344	245.60936	7.2004395
-36.532944	252.04524	7.2102051
-36.532646	248.94785	7.2199707
-36.530952	249.0464	7.2297363
-36.52998	245.47911	7.239502
-36.529369	247.08295	7.2492676
-36.528294	250.90771	7.2590332
-36.526756	250.32559	7.2687988
-36.527641	254.04448	7.2785645
-36.525578	254.20648	7.2883301
-36.525532	251.75764	7.2980957
-36.524055	250.41283	7.3078613
-36.524174	246.46732	7.317627
-36.522079	254.83859	7.3273926
-36.521374	258.04871	7.3371582
-36.521572	255.96153	7.3469238
-36.520397	253.97223	7.3566895
-36.520283	250.42284	7.3664551
-36.519932	253.3196	7.3762207
-36.518684	253.35133	7.3859863
-36.516373	260.39023	7.395752
-36.516762	261.16675	7.4055176
-36.514999	259.68463	7.4152832
-36.513805	255.48466	7.4250488
-36.512814	252.60466	7.4348145
-36.513584	257.55127	7.4445801
-36.511742	263.66519	7.4543457
-36.511478	262.92276	7.4641113
-36.510185	261.3468	7.473877
-36.509605	256.18692	7.4836426
-36.509071	257.7117	7.4934082
-36.508381	256.18588	7.5031738
-36.50769	263.72302	7.5129395
-36.506901	265.24341	7.5227051
-36.50631	265.05005	7.5324707
-36.504005	262.54645	7.5422363
-36.503792	257.26077	7.552002
-36.502949	261.28552	7.5617676
-36.503826	263.82175	7.5715332
-36.502991	269.06436	7.5812988
-36.499939	268.6033	7.5910645
-36.500061	263.30826	7.6008301
-36.498627	265.01715	7.6105957
-36.497498	265.63474	7.6203613
-36.49725	267.38226	7.630127
-36.496384	269.23694	7.6398926
-36.495747	269.29593	7.6496582
-36.494831	273.04776	7.6594238
-36.494694	265.34573	7.6691895
-36.494225	266.81015	7.6789551
-36.492954	268.93573	7.6887207
-36.492451	270.56583	7.6984863
-36.491615	274.35138	7.708252
-36.489964	271.15225	7.7180176
-36.489712	270.81921	7.7277832
-36.48914	273.35315	7.7375488
-36.488026	269.92944	7.7473145
-36.486107	270.245	7.7570801
-36.486118	274.38385	7.7668457
-36.485886	277.03903	7.7766113
-36.483902	276.44321	7.786377
-36.483406	273.64514	7.7961426
-36.483574	273.41028	7.8059082
-36.482601	275.50323	7.8156738
-36.481327	276.14825	7.8254395
-36.481064	275.58966	7.8352051
-36.479553	278.81497	7.8449707
-36.478939	277.25589	7.8547363
-36.478661	277.45111	7.864502
-36.477859	274.32745	7.8742676
-36.476841	273.90857	7.8840332
-36.475727	281.97766	7.8937988
-36.474686	283.53415	7.9035645
-36.474152	281.45358	7.9133301
-36.473419	278.09396	7.9230957
-36.472626	276.02841	7.9328613
-36.472145	280.18973	7.942627
-36.470451	280.09552	7.9523926
-36.468971	287.3689	7.9621582
-36.468727	285.3732	7.9719238
-36.468502	281.19785	7.9816895
-36.467251	281.36453	7.9914551
-36.466549	277.31839	8.0012207
-36.465572	285.827	8.0109863
-36.465191	289.10019	8.020752
-36.464794	288.9848	8.0305176
-36.463665	287.7475	8.0402832
-36.463131	281.9892	8.0500488
-36.462151	284.10901	8.0598145
-36.461582	285.46259	8.0695801
-36.460968	290.30502	8.0793457
-36.459618	292.80051	8.0891113
-36.458515	291.25476	8.098877
-36.458885	288.14645	8.1086426
-36.4571	285.01154	8.1184082
-36.455338	287.02463	8.1281738
-36.454849	294.17834	8.1379395
-36.454285	295.88132	8.1477051
-36.453178	293.50525	8.1574707
-36.452351	289.00742	8.1672363
-36.450703	290.28265	8.177002
-36.450787	291.38492	8.1867676
-36.451508	293.68655	8.1965332
-36.449528	294.46039	8.2062988
-36.448223	297.46872	8.2160645
-36.447548	297.49768	8.2258301
-36.447323	290.00485	8.2355957
-36.445942	292.60147	8.2453613
-36.446049	294.29193	8.255127
-36.445797	299.67117	8.2648926
-36.443115	299.48798	8.2746582
-36.442902	295.87564	8.2844238
-36.442299	296.33902	8.2941895
-36.440102	294.88898	8.3039551
-36.441113	295.98981	8.3137207
-36.439564	298.05511	8.3234863
-36.438747	299.45755	8.333252
-36.437263	303.42245	8.3430176
-36.436954	299.23154	8.3527832
-36.436806	298.56311	8.3625488
-36.435349	297.52209	8.3723145
-36.434391	302.19345	8.3820801
-36.433868	304.52094	8.3918457
-36.43383	301.92438	8.4016113
-36.433468	304.68521	8.411377
-36.431297	305.93893	8.4211426
-36.431038	300.66849	8.4309082
-36.430401	302.5834	8.4406738
-36.429886	302.69177	8.4504395
-36.428471	306.85358	8.4602051
-36.426941	309.65164	8.4699707
-36.427757	305.00143	8.4797363
-36.425804	303.69049	8.489502
-36.424881	304.90274	8.4992676
-36.42466	308.83228	8.5090332
-36.423664	308.59235	8.5187988
-36.421906	313.03909	8.5285645
-36.420765	310.21927	8.5383301
-36.421318	308.99808	8.5480957
-36.42136	305.40811	8.5578613
-36.419926	304.21799	8.567627
-36.418705	313.03976	8.5773926
-36.418152	313.14874	8.5871582
-36.417019	314.89056	8.5969238
-36.415966	310.22559	8.6066895
-36.415096	306.69162	8.6164551
-36.415161	311.47214	8.6262207
-36.413765	311.99738	8.6359863
-36.414593	318.10587	8.645752
-36.414417	317.1452	8.6555176
-36.410496	316.65402	8.6652832
-36.409626	313.49789	8.6750488
-36.409374	308.04755	8.6848145
-36.408886	314.50269	8.6945801
-36.408028	320.11862	8.7043457
-36.407066	321.40533	8.7141113
-36.406605	319.1174	8.723877
-36.404778	312.96533	8.7336426
-36.404953	314.44772	8.7434082
-36.404266	317.27502	8.7531738
-36.402748	319.22263	8.7629395
-36.402168	322.81418	8.7727051
-36.402332	321.45032	8.7824707
-36.400379	321.18036	8.7922363
-36.399452	314.62564	8.802002
-36.399361	316.72037	8.8117676
-36.397968	321.53976	8.8215332
-36.397255	324.91452	8.8312988
-36.396511	323.89282	8.8410645
-36.395565	321.28735	8.8508301
-36.395477	319.86047	8.8605957
-36.39439	319.90793	8.8703613
-36.393322	323.71426	8.880127
-36.391975	323.66336	8.8898926
-36.391953	326.76917	8.8996582
-36.392033	326.54352	8.9094238
-36.390495	322.51044	8.9191895
-36.388527	324.29608	8.9289551
-36.38892	322.92789	8.9387207
-36.387806	325.9415	8.9484863
-36.386566	331.1575	8.958252
-36.38644	327.9606	8.9680176
-36.386089	328.84811	8.9777832
-36.384235	327.15759	8.9875488
-36.38324	326.90356	8.9973145
-36.382671	327.79614	9.0070801
-36.381424	327.47028	9.0168457
-36.381851	334.31418	9.0266113
-36.380787	333.32538	9.036377
-36.379116	329.5029	9.0461426
-36.378468	327.13507	9.0559082
-36.378643	328.1853	9.0656738
-36.378159	334.01752	9.0754395
-36.376392	332.32471	9.0852051
-36.375561	335.505	9.0949707
-36.375648	334.67328	9.1047363
-36.372597	331.82941	9.114502
-36.373837	330.17261	9.1242676
-36.37204	332.44846	9.1340332
-36.370594	337.38843	9.1437988
-36.370983	340.29248	9.1535645
-36.369576	337.32547	9.1633301
-36.368332	332.79489	9.1730957
-36.368156	332.30017	9.1828613
-36.368095	335.08212	9.192627
-36.367672	335.93723	9.2023926
-36.365673	341.84308	9.2121582
-36.36459	339.9277	9.2219238
-36.364243	338.06516	9.2316895
-36.362839	337.17554	9.2414551
-36.362556	333.02524	9.2512207
-36.362564	340.46097	9.2609863
-36.361485	344.57431	9.270752
-36.360718	345.44601	9.2805176
-36.359188	340.72183	9.2902832
-36.357605	335.75485	9.3000488
-36.357731	339.47876	9.3098145
-36.356762	340.59259	9.3195801
-36.355534	344.39203	9.3293457
-36.356052	345.61737	9.3391113
-36.354263	344.33047	9.348877
-36.353462	343.21286	9.3586426
-36.352905	339.98898	9.3684082
-36.352551	342.46878	9.3781738
-36.350636	346.00937	9.3879395
-36.350018	349.5528	9.3977051
-36.348751	349.84598	9.4074707
-36.348507	342.71542	9.4172363
-36.349155	343.89948	9.427002
-36.346581	345.87421	9.4367676
-36.345409	346.82541	9.4465332
-36.345791	350.66476	9.4562988
-36.345585	349.05252	9.4660645
-36.343342	351.23926	9.4758301
-36.34206	345.74783	9.4855957
-36.343033	345.76801	9.4953613
-36.341179	349.07095	9.505127
-36.340664	351.40213	9.5148926
-36.339592	352.88354	9.5246582
-36.339314	350.53052	9.5344238
-36.3391	350.84491	9.5441895
-36.33744	350.52881	9.5539551
-36.335754	351.40094	9.5637207
-36.336182	352.76208	9.5734863
-36.33469	354.00073	9.583252
-36.334454	356.28207	9.5930176
-36.333076	353.97714	9.6027832
-36.332214	351.81436	9.6125488
-36.331474	349.13199	9.6223145
-36.330181	353.52826	9.6320801
-36.329281	357.79358	9.6418457
-36.329971	355.0701	9.6516113
-36.327469	360.16608	9.661377
-36.328087	356.16522	9.6711426
-36.326187	353.99899	9.6809082
-36.325657	356.51404	9.6906738
-36.325848	353.52277	9.7004395
-36.323757	361.64624	9.7102051
-36.322449	363.7153	9.7199707
-36.322346	359.57727	9.7297363
-36.322598	355.3645	9.739502
-36.321255	353.05859	9.7492676
-36.319973	361.38824	9.7590332
-36.319286	361.29156	9.7687988
-36.317883	365.52692	9.7785645
-36.318005	363.37424	9.7883301
-36.316792	358.9169	9.7980957
-36.317425	357.66107	9.8078613
-36.315639	356.46661	9.817627
-36.314629	362.98331	9.8273926
-36.31345	370.20993	9.8371582
-36.313522	368.07861	9.8469238
-36.31242	361.80313	9.8566895
-36.312401	359.00323	9.8664551
-36.30965	362.22537	9.8762207
-36.309116	366.00745	9.8859863
-36.309036	367.93399	9.895752
-36.308041	368.41302	9.9055176
-36.306995	367.70084	9.9152832
-36.30706	365.0419	9.9250488
-36.305763	360.24734	9.9348145
-36.305088	366.74265	9.9445801
-36.30365	369.66531	9.9543457
-36.302879	373.86017	9.9641113
-36.30228	370.4064	9.973877
-36.301476	364.28656	9.9836426
-36.301128	365.37442	9.9934082
-36.300274	367.17288	10.003174
-36.298603	372.87573	10.012939
-36.29781	373.86386	10.022705
-36.297581	370.33405	10.032471
-36.296646	372.1748	10.042236
-36.296368	366.42798	10.052002
-36.295135	368.56601	10.061768
-36.294479	371.79645	10.071533
-36.293491	376.10077	10.081299
-36.292027	378.84613	10.091064
-36.292229	370.1947	10.10083
-36.291035	370.71164	10.110596
-36.291729	372.60049	10.120361
-36.28997	372.20541	10.130127
-36.287891	376.36188	10.139893
-36.286915	376.03094	10.149658
-36.286575	379.71875	10.159424
-36.286098	375.42401	10.169189
-36.285748	373.45728	10.178955
-36.284977	373.29959	10.188721
-36.283012	378.01767	10.198486
-36.283272	381.82986	10.208252
-36.282757	377.86707	10.218018
-36.281582	378.11255	10.227783
-36.282234	375.37155	10.237549
-36.279984	377.57721	10.247314
-36.278217	375.40433	10.25708
-36.277256	379.32272	10.266846
-36.277367	381.00845	10.276611
-36.276501	382.33368	10.286377
-36.276611	380.51053	10.296143
-36.275204	375.99283	10.305908
-36.27356	377.99863	10.315674
-36.272049	382.78204	10.325439
-36.272171	382.61987	10.335205
-36.271194	387.22281	10.344971
-36.270569	381.51746	10.354736
-36.269577	380.8963	10.364502
-36.268188	381.77695	10.374268
-36.268665	379.97922	10.384033
-36.267307	387.68906	10.393799
-36.267208	390.15231	10.403564
-36.264809	386.41333	10.41333
-36.265961	383.49908	10.423096
-36.263748	380.01804	10.432861
-36.26239	385.87503	10.442627
-36.26297	387.47684	10.452393
-36.260395	392.03574	10.462158
-36.261688	389.58914	10.471924
-36.260551	387.32547	10.481689
-36.259846	386.02618	10.491455
-36.258347	382.70877	10.501221
-36.257122	388.62091	10.510986
-36.256344	393.42963	10.520752
-36.256714	392.05438	10.530518
-36.255733	390.70795	10.540283
-36.252918	384.13861	10.550049
-36.253624	386.18011	10.559814
-36.253635	391.08936	10.56958
-36.251469	393.41312	10.579346
-36.250969	393.83243	10.589111
-36.251221	394.9928	10.598877
-36.249218	391.15555	10.608643
-36.248104	389.2114	10.618408
-36.247345	392.18567	10.628174
-36.246922	394.80063	10.637939
-36.245991	399.49637	10.647705
-36.244896	395.66132	10.657471
-36.244438	391.03442	10.667236
-36.243122	392.02457	10.677002
-36.241989	394.75473	10.686768
-36.242382	398.06467	10.696533
-36.240925	398.9122	10.706299
-36.240479	396.25061	10.716064
-36.240166	398.1312	10.72583
-36.238403	393.79376	10.735596
-36.238163	395.81396	10.745361
-36.236252	395.4043	10.755127
-36.236275	400.10074	10.764893
-36.235798	404.6731	10.774658
-36.234989	396.89569	10.784424
-36.234772	397.38547	10.794189
-36.232243	397.84518	10.803955
-36.231609	398.21826	10.813721
-36.23167	399.85748	10.823486
-36.230473	399.16348	10.833252
-36.22961	404.75406	10.843018
-36.229603	403.34152	10.852783
-36.22942	396.97574	10.862549
-36.227436	397.39612	10.872314
-36.227486	399.45587	10.88208
-36.225616	405.26169	10.891846
-36.224861	405.45261	10.901611
-36.224281	404.23318	10.911377
-36.223946	403.3389	10.921143
-36.222492	400.89578	10.930908
-36.221603	401.27341	10.940674
-36.221893	402.85678	10.950439
-36.220406	406.63586	10.960205
-36.219341	408.54071	10.969971
-36.218891	406.36356	10.979736
-36.218132	402.15619	10.989502
-36.217144	401.41232	10.999268
-36.215141	405.34201	11.009033
-36.215019	409.3374	11.018799
-36.213791	411.45074	11.028564
-36.21347	408.40509	11.03833
-36.213207	405.54642	11.048096
-36.211475	406.93359	11.057861
-36.211349	401.99164	11.067627
-36.210564	411.6644	11.077393
-36.209568	412.51395	11.087158
-36.209457	413.1503	11.096924
-36.207355	408.2608	11.106689
-36.206257	402.08118	11.116455
-36.206165	407.46597	11.126221
-36.204712	409.6713	11.135986
-36.205154	415.0014	11.145752
-36.203728	413.62854	11.155518
-36.202938	409.22275	11.165283
-36.202129	409.8811	11.175049
-36.200291	406.7847	11.184814
-36.201248	410.65915	11.19458
-36.199848	415.26031	11.204346
-36.199291	417.08154	11.214111
-36.19828	414.98871	11.223877
-36.197392	410.14847	11.233643
-36.196476	409.37021	11.243408
-36.1964	412.94397	11.253174
-36.195366	416.56662	11.262939
-36.194916	416.64371	11.272705
-36.19276	416.21902	11.282471
-36.192726	416.56436	11.292236
-36.191059	412.64963	11.302002
-36.191174	412.2363	11.311768
-36.189945	415.83994	11.321533
-36.189777	420.13104	11.331299
-36.188454	420.8978	11.341064
-36.188133	414.90878	11.35083
-36.187046	415.88895	11.360596
-36.186256	415.17792	11.370361
-36.184425	417.61646	11.380127
-36.183605	418.70541	11.389893
-36.184158	419.30209	11.399658
-36.182751	423.27625	11.409424
-36.181637	417.63986	11.419189
-36.181648	418.21906	11.428955
-36.180264	414.94836	11.438721
-36.179787	418.67792	11.448486
-36.178623	424.84293	11.458252
-36.178009	422.12604	11.468018
-36.176552	422.06964	11.477783
-36.176731	419.1431	11.487549
-36.17514	417.9024	11.497314
-36.175358	422.72278	11.50708
-36.174431	419.746	11.516846
-36.17297	426.457	11.526611
-36.171654	426.14114	11.536377
-36.171371	421.71039	11.546143
-36.170067	418.58499	11.555908
-36.169758	421.65744	11.565674
-36.168999	424.2627	11.575439
-36.168591	427.47699	11.585205
-36.167511	426.50842	11.594971
-36.166203	424.76599	11.604736
-36.166035	422.97296	11.614502
-36.164719	421.95908	11.624268
-36.16415	423.30081	11.634033
-36.163734	428.12714	11.643799
-36.162109	430.04965	11.653564
-36.161755	429.44983	11.66333
-36.160675	422.78986	11.673096
-36.160713	421.77795	11.682861
-36.159168	423.96222	11.692627
-36.15881	429.89041	11.702393
-36.157459	431.66962	11.712158
-36.157425	427.08783	11.721924
-36.156422	427.41089	11.731689
-36.155476	424.76608	11.741455
-36.154076	423.02667	11.751221
-36.154011	430.19977	11.760986
-36.153225	432.5448	11.770752
-36.150803	433.17343	11.780518
-36.150055	429.98724	11.790283
-36.14925	421.96356	11.800049
-36.150028	427.04803	11.809814
-36.147831	429.64532	11.81958
-36.148678	432.97842	11.829346
-36.146282	433.42352	11.839111
-36.146393	430.4993	11.848877
-36.145664	430.10706	11.858643
-36.143723	427.08353	11.868408
-36.143803	429.42468	11.878174
-36.142479	431.91232	11.887939
-36.141937	435.18393	11.897705
-36.141304	436.72006	11.907471
-36.141125	430.28281	11.917236
-36.13961	429.96454	11.927002
-36.138248	432.15073	11.936768
-36.137447	434.45981	11.946533
-36.136414	436.42102	11.956299
-36.135967	435.13742	11.966064
-36.135262	434.76212	11.97583
-36.134212	433.5741	11.985596
-36.134205	432.91678	11.995361
-36.132965	431.98212	12.005127
-36.131992	437.50681	12.014893
-36.131657	440.3558	12.024658
-36.130344	436.38937	12.034424
-36.129757	435.80905	12.044189
-36.128548	431.96609	12.053955
-36.128029	435.056	12.063721
-36.127705	437.69754	12.073486
-36.125725	436.58405	12.083252
-36.125771	440.52686	12.093018
-36.125629	438.58939	12.102783
-36.124096	437.48792	12.112549
-36.123863	434.30429	12.122314
-36.123539	433.01895	12.13208
-36.120636	441.69852	12.141846
-36.120815	441.63116	12.151611
-36.120533	442.2717	12.161377
-36.11937	439.11212	12.171143
-36.118202	436.70703	12.180908
-36.118702	438.79214	12.190674
-36.117428	437.41003	12.200439
-36.114906	443.64313	12.210205
-36.114464	443.86377	12.219971
-36.114056	441.11987	12.229736
-36.113213	438.47052	12.239502
-36.113159	434.86444	12.249268
-36.111839	440.21213	12.259033
-36.111187	445.15259	12.268799
-36.109512	445.46512	12.278564
-36.108517	442.60614	12.28833
-36.108959	438.89871	12.298096
-36.109879	438.75192	12.307861
-36.106247	440.21661	12.317627
-36.10638	443.84543	12.327393
-36.104794	448.03552	12.337158
-36.104919	448.26538	12.346924
-36.103165	440.79816	12.356689
-36.102032	437.35577	12.366455
-36.102142	440.91202	12.376221
-36.101444	444.41623	12.385986
-36.10146	448.52142	12.395752
-36.09988	446.76187	12.405518
-36.098789	444.36279	12.415283
-36.099007	442.5072	12.425049
-36.098209	439.41492	12.434814
-36.096722	445.80048	12.44458
-36.095867	447.92142	12.454346
-36.093956	450.03622	12.464111
-36.093906	448.78476	12.473877
-36.0933	441.16409	12.483643
-36.092224	443.37427	12.493408
-36.090458	445.38702	12.503174
-36.091686	448.33188	12.512939
-36.089367	450.99323	12.522705
-36.09008	445.56348	12.532471
-36.088745	447.73837	12.542236
-36.086994	446.10312	12.552002
-36.085529	444.02051	12.561768
-36.086037	448.24496	12.571533
-36.084419	449.59198	12.581299
-36.084297	453.11914	12.591064
-36.083763	448.29718	12.60083
-36.08279	445.73547	12.610596
-36.081875	445.16196	12.620361
-36.081284	448.62021	12.630127
-36.080418	449.41489	12.639893
-36.07814	449.85025	12.649658
-36.078556	450.92188	12.659424
-36.077209	450.40927	12.669189
-36.077171	446.53018	12.678955
-36.076111	446.46167	12.688721
-36.075829	449.7424	12.698486
-36.075043	454.32596	12.708252
-36.073345	452.24249	12.718018
-36.07328	451.53818	12.727783
-36.072487	447.05646	12.737549
-36.071571	447.00961	12.747314
-36.070251	452.39285	12.75708
-36.069321	450.26111	12.766846
-36.069401	455.05841	12.776611
-36.067577	453.8291	12.786377
-36.066864	452.07388	12.796143
-36.066639	448.5271	12.805908
-36.064701	445.87933	12.815674
-36.064678	452.59457	12.825439
-36.065121	455.21274	12.835205
-36.063644	455.55157	12.844971
-36.063332	452.84174	12.854736
-36.060783	448.64761	12.864502
-36.060608	451.63397	12.874268
-36.059296	450.12982	12.884033
-36.058914	456.14346	12.893799
-36.057945	458.55133	12.903564
-36.057945	454.8053	12.91333
-36.056225	452.6431	12.923096
-36.055805	448.05524	12.932861
-36.055279	452.38086	12.942627
-36.053791	458.0625	12.952393
-36.052475	459.22028	12.962158
-36.052784	456.80969	12.971924
-36.05146	452.20422	12.981689
-36.050858	452.24734	12.991455
-36.049995	452.22794	13.001221
-36.049473	457.19238	13.010986
-36.049072	458.91104	13.020752
-36.047222	459.9642	13.030518
-36.046078	456.85461	13.040283
-36.046642	450.91745	13.050049
-36.045406	451.0462	13.059814
-36.04446	455.80798	13.06958
-36.04364	460.78897	13.079346
-36.042713	459.45422	13.089111
-36.04248	455.90701	13.098877
-36.040791	455.48184	13.108643
-36.040871	453.96887	13.118408
-36.039158	455.53299	13.128174
-36.038513	456.13959	13.137939
-36.038162	460.56671	13.147705
-36.03791	463.69424	13.157471
-36.036728	453.89084	13.167236
-36.035023	455.70187	13.177002
-36.034355	455.08423	13.186768
-36.033752	457.82938	13.196533
-36.032562	461.21918	13.206299
-36.032001	457.33334	13.216064
-36.031055	460.17026	13.22583
-36.030087	458.11475	13.235596
-36.029472	454.76154	13.245361
-36.028168	455.74591	13.255127
-36.02729	457.09421	13.264893
-36.027344	462.96039	13.274658
-36.026726	460.0408	13.284424
-36.024776	458.03775	13.294189
-36.023941	455.62891	13.303955
-36.024445	457.27579	13.313721
-36.022934	460.23877	13.323486
-36.023048	459.84283	13.333252
-36.021873	462.56793	13.343018
-36.019749	462.61658	13.352783
-36.020267	459.0379	13.362549
-36.020218	454.71783	13.372314
-36.01828	457.17532	13.38208
-36.017345	461.49841	13.391846
-36.016094	463.90656	13.401611
-36.015957	462.6279	13.411377
-36.013893	456.73636	13.421143
-36.01395	457.15158	13.430908
-36.011379	459.07343	13.440674
-36.013493	458.38293	13.450439
-36.011955	466.13477	13.460205
-36.010746	463.75983	13.469971
-36.009617	463.17307	13.479736
-36.009174	458.49078	13.489502
-36.008152	453.51215	13.499268
-36.007549	459.88123	13.509033
-36.007328	464.31934	13.518799
-36.006393	466.70758	13.528564
-36.005722	463.09775	13.53833
-36.003212	456.58606	13.548096
-36.003857	459.15149	13.557861
-36.002678	457.46817	13.567627
-36.001263	462.90427	13.577393
-36.001747	465.49252	13.587158
-36.001347	463.71588	13.596924
-35.999386	462.88785	13.606689
-35.998714	456.36084	13.616455
-35.997868	459.27216	13.626221
-35.997684	466.68903	13.635986
-35.9967	466.58032	13.645752
-35.994614	466.82419	13.655518
-35.993938	460.28601	13.665283
-35.994667	459.13901	13.675049
-35.994427	458.42731	13.684814
-35.992798	462.05457	13.69458
-35.990498	463.91675	13.704346
-35.990879	465.79312	13.714111
-35.989136	463.0358	13.723877
-35.988567	459.85388	13.733643
-35.987869	458.00623	13.743408
-35.987186	460.9115	13.753174
-35.987019	466.33261	13.762939
-35.98613	465.27246	13.772705
-35.984955	464.4877	13.782471
-35.983265	461.66376	13.792236
-35.983112	460.49353	13.802002
-35.982906	463.14322	13.811768
-35.982044	460.44794	13.821533
-35.980404	463.88403	13.831299
-35.980858	468.21814	13.841064
-35.978683	462.39685	13.85083
-35.978901	462.18307	13.860596
-35.9781	460.52408	13.870361
-35.976677	462.05069	13.880127
-35.977112	465.29993	13.889893
-35.975334	464.659	13.899658
-35.974903	466.16455	13.909424
-35.973774	465.37433	13.919189
-35.973743	462.73508	13.928955
-35.97271	461.83243	13.938721
-35.97089	461.24512	13.948486
-35.971203	467.02258	13.958252
-35.970356	467.59735	13.968018
-35.969269	465.43195	13.977783
-35.967403	461.35571	13.987549
-35.967529	460.01358	13.997314
-35.966957	462.50055	14.00708
-35.965149	465.66022	14.016846
-35.964851	467.71909	14.026611
-35.965267	467.45218	14.036377
-35.962982	464.82114	14.046143
-35.961807	460.27365	14.055908
-35.960323	460.31686	14.065674
-35.959354	464.96152	14.075439
-35.960144	470.29437	14.085205
-35.958664	471.16013	14.094971
-35.957912	463.54282	14.104736
-35.957653	460.33948	14.114502
-35.957489	462.46902	14.124268
-35.956703	462.35321	14.134033
-35.954132	468.7576	14.143799
-35.954536	468.19839	14.153564
-35.952461	469.41617	14.16333
-35.95179	464.25085	14.173096
-35.950882	458.16739	14.182861
-35.950256	463.50534	14.192627
-35.949802	468.73279	14.202393
-35.948948	469.66989	14.212158
-35.948071	466.59171	14.221924
-35.94817	461.15182	14.231689
-35.947491	462.40964	14.241455
-35.946751	462.15088	14.251221
-35.94553	466.3147	14.260986
-35.945282	468.02625	14.270752
-35.943413	467.51437	14.280518
-35.942421	468.26273	14.290283
-35.940731	460.01947	14.300049
-35.94173	461.43564	14.309814
-35.940132	466.60361	14.31958
-35.940113	469.46014	14.329346
-35.938011	469.01288	14.339111
-35.936596	465.90704	14.348877
-35.937557	463.4537	14.358643
-35.936775	464.22504	14.368408
-35.935608	464.83673	14.378174
-35.934288	465.67346	14.387939
-35.933762	468.32144	14.397705
-35.932552	470.28683	14.407471
-35.932354	465.1362	14.417236
-35.931499	462.31622	14.427002
-35.930668	461.32846	14.436768
-35.929672	468.811	14.446533
-35.928585	467.96243	14.456299
-35.927174	468.02618	14.466064
-35.926807	467.59052	14.47583
-35.927284	466.63422	14.485596
-35.926552	465.48099	14.495361
-35.92524	464.06567	14.505127
-35.924854	464.79886	14.514893
-35.923481	470.08511	14.524658
-35.92271	468.09476	14.534424
-35.921207	466.3118	14.544189
-35.920761	462.46191	14.553955
-35.919632	462.93979	14.563721
-35.919685	467.38269	14.573486
-35.917759	466.45721	14.583252
-35.917538	470.74905	14.593018
-35.917995	468.57001	14.602783
-35.915676	464.00723	14.612549
-35.915154	463.186	14.622314
-35.914177	461.92719	14.63208
-35.91415	469.41687	14.641846
-35.912212	472.42929	14.651611
-35.912014	469.40045	14.661377
-35.911175	466.33563	14.671143
-35.909626	461.61288	14.680908
-35.909031	465.84781	14.690674
-35.908882	465.3801	14.700439
-35.907288	468.28101	14.710205
-35.907394	469.72791	14.719971
-35.905731	467.68079	14.729736
-35.904602	464.39618	14.739502
-35.903584	460.85797	14.749268
-35.903538	465.23264	14.759033
-35.90295	470.06403	14.768799
-35.902664	471.03851	14.778564
-35.902126	467.09641	14.78833
-35.899822	461.86389	14.798096
-35.899979	463.70322	14.807861
-35.898663	463.39941	14.817627
-35.898071	470.35608	14.827393
-35.897049	468.25894	14.837158
-35.895515	468.35602	14.846924
-35.895847	466.32166	14.856689
-35.894226	461.15186	14.866455
-35.893494	463.15805	14.876221
-35.892643	468.06213	14.885986
-35.892361	471.06091	14.895752
-35.890663	470.37997	14.905518
-35.890526	462.87091	14.915283
-35.889252	465.10263	14.925049
-35.888905	463.28476	14.934814
-35.886974	464.71872	14.94458
-35.887474	467.38998	14.954346
-35.886829	467.68149	14.964111
-35.886703	470.22748	14.973877
-35.883995	461.98657	14.983643
-35.884068	463.74448	14.993408
-35.882652	464.05289	15.003174
-35.882027	467.17047	15.012939
-35.881176	470.83719	15.022705
-35.880005	465.74496	15.032471
-35.879044	464.80588	15.042236
-35.879601	465.45645	15.052002
-35.878464	464.67502	15.061768
-35.87785	464.33875	15.071533
-35.876781	465.86224	15.081299
-35.877377	470.07837	15.091064
-35.874329	467.63831	15.10083
-35.875015	463.60208	15.110596
-35.873871	461.76334	15.120361
-35.873966	464.86127	15.130127
-35.871704	468.58572	15.139893
-35.87077	465.60229	15.149658
-35.869427	467.18466	15.159424
-35.869461	464.27621	15.169189
-35.868275	464.00882	15.178955
-35.867741	461.75177	15.188721
-35.867233	463.36099	15.198486
-35.865944	469.7027	15.208252
-35.866005	468.39886	15.218018
-35.864922	467.2598	15.227783
-35.863163	459.23608	15.237549
-35.86356	459.88342	15.247314
-35.862484	465.96301	15.25708
-35.86116	463.43839	15.266846
-35.860634	470.13065	15.276611
-35.859982	468.44601	15.286377
-35.859344	464.64221	15.296143
-35.85751	463.42737	15.305908
-35.85622	460.25009	15.315674
-35.855957	466.99551	15.325439
-35.855289	470.27777	15.335205
-35.854416	468.89948	15.344971
-35.853691	465.3869	15.354736
-35.852184	458.96054	15.364502
-35.851681	463.79346	15.374268
-35.85144	464.45706	15.384033
-35.850376	467.0351	15.393799
-35.850021	468.67288	15.403564
-35.849499	467.62103	15.41333
-35.84882	463.42346	15.423096
-35.846336	460.09485	15.432861
-35.84734	462.89096	15.442627
-35.846161	467.74915	15.452393
-35.844826	470.14154	15.462158
-35.844154	466.17606	15.471924
-35.843678	461.00958	15.481689
-35.842697	461.88495	15.491455
-35.841614	462.43185	15.501221
-35.841248	465.5321	15.510986
-35.84058	467.70862	15.520752
-35.839371	467.71011	15.530518
-35.83831	466.36145	15.540283
-35.836922	459.76028	15.550049
-35.836727	462.18347	15.559814
-35.836472	463.46515	15.56958
-35.835178	466.83707	15.579346
-35.833908	468.25348	15.589111
-35.832615	462.74884	15.598877
-35.832775	464.32043	15.608643
-35.832031	461.27264	15.618408
-35.830891	464.59201	15.628174
-35.830376	465.65155	15.637939
-35.830368	463.70663	15.647705
-35.829628	469.1076	15.657471
-35.827545	463.08542	15.667236
-35.826946	461.6944	15.677002
-35.825573	461.32925	15.686768
-35.825058	463.06705	15.696533
-35.824787	467.58447	15.706299
-35.82394	465.63416	15.716064
-35.823299	464.21448	15.72583
-35.821716	463.18097	15.735596
-35.820816	460.72253	15.745361
-35.81987	461.35477	15.755127
-35.819054	461.46997	15.764893
-35.819267	466.91495	15.774658
-35.817638	467.62082	15.784424
-35.817543	462.78964	15.794189
-35.81646	460.10284	15.803955
-35.816242	459.59583	15.813721
-35.815262	465.78375	15.823486
-35.813919	465.34521	15.833252
-35.813679	468.45306	15.843018
-35.81218	463.74982	15.852783
-35.811951	463.26233	15.862549
-35.811344	460.51389	15.872314
-35.811367	458.29849	15.88208
-35.808384	465.39636	15.891846
-35.807835	467.08929	15.901611
-35.807137	467.31448	15.911377
-35.80698	461.09232	15.921143
-35.805523	457.15088	15.930908
-35.806015	462.45602	15.940674
-35.804668	462.44394	15.950439
-35.803574	466.88852	15.960205
-35.801834	465.5152	15.969971
-35.801056	461.80469	15.979736
-35.801285	460.5683	15.989502
-35.800335	455.16922	15.999268
-35.800079	461.84235	16.009033
-35.79763	465.54288	16.018799
-35.797638	466.82309	16.028564
-35.797085	464.40723	16.03833
-35.794838	456.5614	16.048096
-35.794559	458.88281	16.057861
-35.794662	462.61243	16.067627
-35.795132	463.62708	16.077393
-35.791874	465.46283	16.087158
-35.791779	463.88297	16.096924
-35.791485	461.66647	16.106689
-35.791115	457.1481	16.116455
-35.789764	458.76523	16.126221
-35.78896	462.09827	16.135986
-35.787617	466.44501	16.145752
-35.786858	464.58044	16.155518
-35.786285	459.35422	16.165283
-35.786251	458.82062	16.175049
-35.784946	460.50714	16.184814
-35.783298	461.98871	16.19458
-35.783363	461.97122	16.204346
-35.782536	463.22754	16.214111
-35.782421	462.90402	16.223877
-35.781765	459.32144	16.233643
-35.780926	459.42532	16.243408
-35.779869	457.79779	16.253174
-35.778919	462.80386	16.262939
-35.776974	465.47589	16.272705
-35.775764	460.64029	16.282471
-35.77668	460.25415	16.292236
-35.774109	457.12225	16.302002
-35.774609	458.35529	16.311768
-35.773655	459.2489	16.321533
-35.772049	460.23438	16.331299
-35.771931	463.75513	16.341064
-35.77087	462.37329	16.35083
-35.769379	458.40091	16.360596
-35.769505	455.09131	16.370361
-35.768421	456.28577	16.380127
-35.767529	463.60229	16.389893
-35.768135	461.43295	16.399658
-35.766582	461.6333	16.409424
-35.764576	459.27307	16.419189
-35.765644	457.22385	16.428955
-35.762295	457.17447	16.438721
-35.763222	458.05408	16.448486
-35.762131	461.9631	16.458252
-35.761276	465.80005	16.468018
-35.759686	461.10568	16.477783
-35.75909	455.37122	16.487549
-35.758705	454.14551	16.497314
-35.758106	458.84995	16.50708
-35.757263	460.82074	16.516846
-35.757668	463.19183	16.526611
-35.754639	460.84116	16.536377
-35.754406	459.55917	16.546143
-35.753727	455.70392	16.555908
-35.752964	453.13586	16.565674
-35.75209	459.10226	16.575439
-35.750626	462.71362	16.585205
-35.750893	463.8194	16.594971
-35.750542	457.52869	16.604736
-35.749493	452.09607	16.614502
-35.748268	456.6059	16.624268
-35.748291	457.6124	16.634033
-35.746685	463.57446	16.643799
-35.745159	461.21579	16.653564
-35.745583	459.53058	16.66333
-35.745735	458.45724	16.673096
-35.742619	450.55362	16.682861
-35.741714	458.30618	16.692627
-35.741035	459.76324	16.702393
-35.740627	461.90796	16.712158
-35.740547	461.35233	16.721924
-35.738804	453.90384	16.731689
-35.737827	455.56979	16.741455
-35.736721	456.5217	16.751221
-35.735695	458.79263	16.760986
-35.736153	460.95856	16.770752
-35.734032	459.22916	16.780518
-35.734726	459.13907	16.790283
-35.733952	454.46091	16.800049
-35.732689	454.30096	16.809814
-35.731186	456.35092	16.81958
-35.730816	459.15128	16.829346
-35.731396	460.81683	16.839111
-35.729881	456.65286	16.848877
-35.7286	454.4668	16.858643
-35.727924	456.54468	16.868408
-35.726929	457.11044	16.878174
-35.725456	456.22498	16.887939
-35.726528	457.95612	16.897705
-35.724003	460.39297	16.907471
-35.72298	455.94327	16.917236
-35.722038	455.36948	16.927002
-35.721565	453.11697	16.936768
-35.721199	456.3678	16.946533
-35.721344	460.24023	16.956299
-35.719376	458.55713	16.966064
-35.718796	459.22549	16.97583
-35.719063	455.32129	16.985596
-35.716965	453.89172	16.995361
-35.716675	454.29501	17.005127
-35.716393	453.19049	17.014893
-35.715347	460.03262	17.024658
-35.713192	459.43427	17.034424
-35.713192	456.82062	17.044189
-35.711666	452.83939	17.053955
-35.711407	452.27527	17.063721
-35.710266	456.92856	17.073486
-35.710255	457.98181	17.083252
-35.708809	458.99832	17.093018
-35.708279	455.9447	17.102783
-35.707474	453.88745	17.112549
-35.707153	453.18872	17.122314
-35.707287	451.6918	17.13208
-35.705605	456.80545	17.141846
-35.703152	459.34134	17.151611
-35.703129	458.48245	17.161377
-35.70351	452.73779	17.171143
-35.701439	449.89822	17.180908
-35.700878	451.37265	17.190674
-35.700314	455.74054	17.200439
-35.700291	457.89316	17.210205
-35.69838	457.85635	17.219971
-35.697712	455.62152	17.229736
-35.696331	451.87283	17.239502
-35.69664	450.05917	17.249268
-35.694809	453.71332	17.259033
-35.694046	458.25275	17.268799
-35.69379	460.76328	17.278564
-35.693832	454.28192	17.28833
-35.691219	449.04028	17.298096
-35.690918	451.32855	17.307861
-35.690346	453.39194	17.317627
-35.688694	458.01328	17.327393
-35.689438	456.23105	17.337158
-35.688133	453.64932	17.346924
-35.687386	454.86322	17.356689
-35.687138	449.60172	17.366455
-35.684277	451.48495	17.376221
-35.684265	454.98236	17.385986
-35.684345	457.64679	17.395752
-35.683071	458.06555	17.405518
-35.681507	450.31787	17.415283
-35.68214	450.0542	17.425049
-35.681355	452.34955	17.434814
-35.678886	452.00998	17.44458
-35.677956	454.32068	17.454346
-35.677029	454.91855	17.464111
-35.678009	455.70322	17.473877
-35.677341	454.53833	17.483643
-35.676296	450.55798	17.493408
-35.674088	450.37415	17.503174
-35.673073	454.80405	17.512939
-35.672974	457.76358	17.522705
-35.672626	453.15308	17.532471
-35.670891	454.60748	17.542236
-35.671581	451.29083	17.552002
-35.670189	450.85855	17.561768
-35.669182	451.39859	17.571533
-35.667698	454.66638	17.581299
-35.667957	455.99942	17.591064
-35.666389	454.474	17.60083
-35.666595	451.77283	17.610596
-35.664459	446.99429	17.620361
-35.664364	451.51489	17.630127
-35.664253	454.20004	17.639893
-35.662876	453.24277	17.649658
-35.661457	455.55441	17.659424
-35.660488	451.53665	17.669189
-35.660248	450.36481	17.678955
-35.659962	450.57782	17.688721
-35.658928	449.50549	17.698486
-35.658672	455.49023	17.708252
-35.657261	457.828	17.718018
-35.655605	453.67407	17.727783
-35.655128	448.75201	17.737549
-35.653721	445.4845	17.747314
-35.654408	450.88251	17.75708
-35.653416	452.96265	17.766846
-35.651531	455.56052	17.776611
-35.650864	453.1485	17.786377
-35.649872	449.63373	17.796143
-35.650017	450.12216	17.805908
-35.649353	446.60516	17.815674
-35.648907	451.97488	17.825439
-35.647358	455.31717	17.835205
-35.645348	456.41006	17.844971
-35.644913	450.94458	17.854736
-35.645313	444.38867	17.864502
-35.644123	446.29291	17.874268
-35.643356	452.10803	17.884033
-35.641708	454.91171	17.893799
-35.641453	452.9382	17.903564
-35.640682	451.78119	17.91333
-35.640888	449.59265	17.923096
-35.638092	447.4234	17.932861
-35.638432	449.16238	17.942627
-35.637424	454.08981	17.952393
-35.636597	455.73499	17.962158
-35.636612	452.75812	17.971924
-35.635284	446.39505	17.981689
-35.63422	448.18277	17.991455
-35.633984	448.61676	18.001221
-35.632206	452.50711	18.010986
-35.631927	451.88156	18.020752
-35.631779	452.56967	18.030518
-35.630379	451.84027	18.040283
-35.629257	447.18802	18.050049
-35.62891	447.98874	18.059814
-35.628048	447.45261	18.06958
-35.626984	452.12192	18.079346
-35.626545	455.33105	18.089111
-35.62627	448.34793	18.098877
-35.624954	448.42108	18.108643
-35.624062	448.12183	18.118408
-35.622589	449.5141	18.128174
-35.621452	450.80286	18.137939
-35.621136	450.02173	18.147705
-35.621273	452.68948	18.157471
-35.620148	452.10196	18.167236
-35.618618	445.9455	18.177002
-35.618408	444.92102	18.186768
-35.616837	447.2908	18.196533
-35.616203	450.89987	18.206299
-35.615654	450.71332	18.216064
-35.61483	451.62802	18.22583
-35.613949	447.2623	18.235596
-35.612862	447.51852	18.245361
-35.612247	445.53485	18.255127
-35.612999	448.54181	18.264893
-35.609753	452.60245	18.274658
-35.610657	453.3515	18.284424
-35.609188	449.92517	18.294189
-35.608341	443.46552	18.303955
-35.607155	444.12396	18.313721
-35.605263	449.71472	18.323486
-35.606636	450.02048	18.333252
-35.604935	452.55038	18.343018
-35.604698	448.22928	18.352783
-35.604549	445.23087	18.362549
-35.603619	445.32617	18.372314
-35.602322	443.23761	18.38208
-35.601315	450.12753	18.391846
-35.5994	452.24911	18.401611
-35.599701	450.46689	18.411377
-35.598858	445.86908	18.421143
-35.598118	439.88388	18.430908
-35.596931	445.9454	18.440674
-35.595749	449.6947	18.450439
-35.594074	450.68533	18.460205
-35.594166	449.22888	18.469971
-35.593994	445.62054	18.479736
-35.592316	446.97061	18.489502
-35.59214	442.07458	18.499268
-35.592052	446.08813	18.509033
-35.590542	450.64938	18.518799
-35.590267	451.26074	18.528564
-35.588074	447.97095	18.53833
-35.58638	441.51324	18.548096
-35.586327	443.26486	18.557861
-35.587322	446.75381	18.567627
-35.585533	448.43597	18.577393
-35.584904	449.22073	18.587158
-35.583122	448.67419	18.596924
-35.582268	445.78082	18.606689
-35.581688	442.9364	18.616455
-35.581329	444.32346	18.626221
-35.580666	446.31781	18.635986
-35.580399	449.93384	18.645752
-35.579563	450.74625	18.655518
-35.577824	443.50961	18.665283
-35.57634	444.01291	18.675049
-35.575768	443.24393	18.684814
-35.575291	446.40768	18.69458
-35.574356	446.69629	18.704346
-35.574047	445.12537	18.714111
-35.574055	446.76416	18.723877
-35.571777	445.91458	18.733643
-35.570606	442.25046	18.743408
-35.571526	441.95352	18.753174
-35.569614	445.51151	18.762939
-35.568882	450.1189	18.772705
-35.568661	445.35745	18.782471
-35.568035	445.52795	18.792236
-35.566284	443.5022	18.802002
-35.566086	442.41434	18.811768
-35.565155	443.69012	18.821533
-35.564293	443.75684	18.831299
-35.563896	446.24051	18.841064
-35.56282	447.13901	18.85083
-35.562	442.73325	18.860596
-35.560875	439.80878	18.870361
-35.560303	440.30927	18.880127
-35.55928	446.55701	18.889893
-35.558918	446.93451	18.899658
-35.558231	446.06949	18.909424
-35.556355	442.00714	18.919189
-35.556793	439.67776	18.928955
-35.555687	438.75797	18.938721
-35.555237	439.35352	18.948486
-35.552998	444.24414	18.958252
-35.552586	446.25888	18.968018
-35.550919	442.17969	18.977783
-35.551273	438.81763	18.987549
-35.550636	436.00516	18.997314
-35.549976	439.58728	19.00708
-35.548244	442.07489	19.016846
-35.547558	444.18823	19.026611
-35.547943	441.66379	19.036377
-35.5467	437.91736	19.046143
-35.545658	438.3353	19.055908
-35.544563	434.15793	19.065674
-35.544025	441.60025	19.075439
-35.542381	440.93051	19.085205
-35.541603	440.14966	19.094971
-35.542385	436.23792	19.104736
-35.540859	429.13626	19.114502
-35.538857	432.55212	19.124268
-35.538864	433.71722	19.134033
-35.534519	-139.18355	19.143799
-35.533722	-46.721081	19.153564
-35.532833	-56.229008	19.16333
-35.533031	-28.945333	19.173096
-35.533096	-42.811474	19.182861
-35.532146	-42.609348	19.192627
-35.532566	-41.942589	19.202393
-35.532627	-37.460609	19.212158
-35.531067	-38.781269	19.221924
-35.529171	-46.317467	19.231689
-35.529263	-45.114262	19.241455
-35.527611	-42.79718	19.251221
-35.527126	-40.151085	19.260986
-35.526054	-38.779263	19.270752
-35.52626	-41.370628	19.280518
-35.525738	-42.590988	19.290283
-35.523685	-44.167122	19.300049
-35.523914	-43.888439	19.309814
-35.522675	-44.987347	19.31958
-35.521793	-40.893421	19.329346
-35.521183	-37.907146	19.339111
-35.521095	-41.989452	19.348877
-35.520546	-43.093575	19.358643
-35.5191	-46.000721	19.368408
-35.518738	-42.782661	19.378174
-35.517498	-41.41029	19.387939
-35.515594	-41.868435	19.397705
-35.515335	-38.58596	19.407471
-35.514771	-40.969147	19.417236
-35.514103	-43.166691	19.427002
-35.513222	-46.078926	19.436768
-35.513004	-45.392319	19.446533
-35.510525	-39.954514	19.456299
-35.51067	-42.792011	19.466064
-35.509243	-42.048931	19.47583
-35.509491	-44.541695	19.485596
-35.509258	-46.579224	19.495361
-35.507778	-42.230675	19.505127
-35.507214	-45.162899	19.514893
-35.50618	-40.756161	19.524658
-35.505497	-38.679764	19.534424
-35.504166	-42.370636	19.544189
-35.503838	-45.717834	19.553955
-35.503361	-47.562603	19.563721
-35.5037	-43.089844	19.573486
-35.501293	-39.933517	19.583252
-35.500099	-39.58342	19.593018
-35.500469	-42.625145	19.602783
-35.499443	-45.748875	19.612549
-35.498779	-44.916851	19.622314
-35.497066	-46.789425	19.63208
-35.496288	-41.031143	19.641846
-35.495659	-39.973061	19.651611
-35.494995	-38.815975	19.661377
-35.494114	-44.344872	19.671143
-35.492348	-48.671001	19.680908
-35.49242	-45.711475	19.690674
-35.491638	-39.842056	19.700439
-35.490608	-38.417839	19.710205
-35.489697	-41.310871	19.719971
-35.489376	-44.227036	19.729736
-35.488209	-44.328232	19.739502
-35.487125	-48.116463	19.749268
-35.486553	-41.554199	19.759033
-35.48608	-40.723484	19.768799
-35.485264	-38.765373	19.778564
-35.484722	-41.313576	19.78833
-35.483807	-48.671486	19.798096
-35.482391	-45.353233	19.807861
-35.481712	-42.756012	19.817627
-35.480469	-39.196529	19.827393
-35.479599	-39.610035	19.837158
-35.480171	-43.424274	19.846924
-35.478989	-41.899731	19.856689
-35.477123	-46.725544	19.866455
-35.477085	-44.886566	19.876221
-35.475613	-42.223248	19.885986
-35.47551	-40.853008	19.895752
-35.474861	-39.435223	19.905518
-35.474014	-43.72081	19.915283
-35.473103	-46.212952	19.925049
-35.471676	-44.934986	19.934814
-35.471241	-44.190964	19.94458
-35.470097	-41.123695	19.954346
-35.470654	-43.318928	19.964111
-35.468746	-41.502483	19.973877
-35.46801	-43.036064	19.983643
-35.467457	-44.990746	19.993408
-35.465919	-47.00552	20.003174
-35.46608	-42.81683	20.012939


Data Header:			0.254_solid_dimension_typeiv_090_r0			Time:	23.081299	s	4/14/2019 2:02:00 AM
Data Acquisition:	Timed
Station Name:	ft40.cfg
Test File Name:	monotonic_0.2540_typeiv_solid_090_dimension.tst
Displacement	Force	Running Time
mm	N	s
-35.465263	-40.17997	20.022705
-35.463512	-43.003498	20.032471
-35.463692	-43.839928	20.042236
-35.461494	-45.571724	20.052002
-35.461037	-45.376068	20.061768
-35.460384	-43.742779	20.071533
-35.460571	-43.799557	20.081299
-35.45929	-39.699162	20.091064
-35.459167	-40.994106	20.10083
-35.45686	-43.805717	20.110596
-35.4562	-48.691547	20.120361
-35.456551	-48.18718	20.130127
-35.455353	-41.770199	20.139893
-35.454105	-40.231224	20.149658
-35.453915	-40.26939	20.159424
-35.451923	-42.878471	20.169189
-35.451336	-46.951103	20.178955
-35.450386	-44.195053	20.188721
-35.450497	-44.670761	20.198486
-35.449688	-38.965248	20.208252
-35.448215	-37.016914	20.218018
-35.447598	-42.142101	20.227783
-35.446907	-45.135036	20.237549
-35.445354	-50.077988	20.247314
-35.445438	-45.093548	20.25708
-35.444519	-39.855358	20.266846
-35.443157	-40.19759	20.276611
-35.443901	-41.49329	20.286377
-35.441055	-45.883286	20.296143
-35.440907	-46.011452	20.305908
-35.439747	-46.620235	20.315674
-35.439762	-42.593086	20.325439
-35.439091	-39.676392	20.335205
-35.437702	-38.739277	20.344971
-35.437775	-45.307198	20.354736
-35.437572	-48.202522	20.364502
-35.435013	-48.840252	20.374268
-35.434036	-41.999241	20.384033
-35.434406	-37.268059	20.393799
-35.432823	-41.467747	20.403564
-35.432438	-42.066444	20.41333
-35.430832	-43.820301	20.423096
-35.431103	-46.421127	20.432861
-35.431396	-44.129326	20.442627
-35.429455	-42.008331	20.452393
-35.42873	-39.740417	20.462158
-35.427353	-38.60561	20.471924
-35.426628	-47.856934	20.481689
-35.425621	-43.736038	20.491455
-35.423958	-45.193832	20.501221
-35.423935	-41.748924	20.510986
-35.422459	-41.091999	20.520752
-35.421616	-44.789284	20.530518
-35.421101	-41.714363	20.540283
-35.420452	-44.826992	20.550049
-35.42046	-45.260792	20.559814
-35.418404	-43.639408	20.56958
-35.418221	-43.06271	20.579346
-35.416954	-36.13242	20.589111
-35.416515	-43.370762	20.598877
-35.415813	-43.573547	20.608643
-35.414478	-45.206436	20.618408
-35.41481	-43.820911	20.628174
-35.413811	-41.99543	20.637939
-35.412441	-41.105446	20.647705
-35.412125	-40.287151	20.657471
-35.411064	-40.242992	20.667236
-35.411579	-44.928211	20.677002
-35.409531	-47.790588	20.686768
-35.408154	-44.454521	20.696533
-35.407322	-40.021469	20.706299
-35.406357	-39.809681	20.716064
-35.406193	-39.694618	20.72583
-35.405701	-46.015221	20.735596
-35.404907	-45.060558	20.745361
-35.403091	-44.282299	20.755127
-35.403008	-44.358379	20.764893
-35.402634	-38.543427	20.774658
-35.400536	-39.484543	20.784424
-35.401379	-40.365852	20.794189
-35.399715	-46.143387	20.803955
-35.398998	-48.629204	20.813721
-35.398388	-40.931625	20.823486
-35.396076	-38.2579	20.833252
-35.395634	-39.181976	20.843018
-35.396263	-43.197815	20.852783
-35.395023	-47.014851	20.862549
-35.39447	-43.104591	20.872314
-35.393475	-47.129978	20.88208
-35.391998	-40.327171	20.891846
-35.392147	-39.825768	20.901611
-35.390526	-41.032784	20.911377
-35.390503	-43.985157	20.921143
-35.388905	-49.496387	20.930908
-35.388119	-45.602879	20.940674
-35.387341	-39.92284	20.950439
-35.386097	-39.003952	20.960205
-35.385139	-41.319759	20.969971
-35.386314	-45.316605	20.979736
-35.384205	-45.329403	20.989502
-35.382835	-47.449787	20.999268
-35.382099	-44.625027	21.009033
-35.380867	-40.478081	21.018799
-35.380569	-38.324512	21.028564
-35.380116	-42.083637	21.03833
-35.37986	-47.80426	21.048096
-35.379116	-45.9977	21.057861
-35.377827	-43.470486	21.067627
-35.37569	-38.262405	21.077393
-35.375336	-40.916901	21.087158
-35.375156	-42.638264	21.096924
-35.373661	-43.070187	21.106689
-35.373501	-44.777748	21.116455
-35.37352	-44.124584	21.126221
-35.371948	-44.070793	21.135986
-35.371609	-39.52599	21.145752
-35.371033	-38.122097	21.155518
-35.370193	-45.53867	21.165283
-35.368973	-44.968281	21.175049
-35.368118	-45.221882	21.184814
-35.367115	-42.255291	21.19458
-35.366829	-38.846821	21.204346
-35.365353	-43.529678	21.214111
-35.365791	-40.501953	21.223877
-35.363945	-43.250904	21.233643
-35.362675	-44.779701	21.243408
-35.362564	-45.511051	21.253174
-35.360924	-44.695824	21.262939
-35.360508	-38.553856	21.272705
-35.358986	-39.8578	21.282471
-35.358601	-42.795586	21.292236
-35.358162	-46.371578	21.302002
-35.357662	-46.130825	21.311768
-35.355854	-42.098904	21.321533
-35.356647	-42.667015	21.331299
-35.355293	-41.919521	21.341064
-35.354237	-40.538242	21.35083
-35.353745	-44.64949	21.360596
-35.35207	-46.826401	21.370361
-35.350925	-46.633202	21.380127
-35.350662	-42.160786	21.389893
-35.349945	-38.777489	21.399658
-35.348831	-39.662998	21.409424
-35.348698	-45.447514	21.419189
-35.348324	-44.431675	21.428955
-35.34613	-45.436077	21.438721
-35.345608	-45.215603	21.448486
-35.344719	-38.630733	21.458252
-35.343842	-39.817284	21.468018
-35.343243	-40.549946	21.477783
-35.342686	-44.313961	21.487549
-35.341957	-50.113438	21.497314
-35.34071	-43.919415	21.50708
-35.339214	-41.186569	21.516846
-35.339062	-38.110439	21.526611
-35.338341	-42.57251	21.536377
-35.337322	-46.537659	21.546143
-35.336975	-44.553646	21.555908
-35.335865	-47.444195	21.565674
-35.334213	-41.562542	21.575439
-35.335392	-39.422844	21.585205
-35.333096	-41.268047	21.594971
-35.334717	-41.595127	21.604736
-35.331917	-49.340954	21.614502
-35.331383	-45.751732	21.624268
-35.331425	-41.551506	21.634033
-35.329662	-39.826645	21.643799
-35.328384	-39.813679	21.653564
-35.328362	-44.160221	21.66333
-35.327011	-45.357079	21.673096
-35.327484	-43.983173	21.682861
-35.324951	-43.887318	21.692627
-35.324921	-41.353966	21.702393
-35.324356	-40.521145	21.712158
-35.323395	-39.843922	21.721924
-35.322514	-44.560211	21.731689
-35.321217	-45.017292	21.741455
-35.321468	-45.472195	21.751221
-35.320477	-40.427353	21.760986
-35.319214	-39.365654	21.770752
-35.317543	-42.468281	21.780518
-35.317348	-43.269535	21.790283
-35.316509	-44.787617	21.800049
-35.315975	-43.474529	21.809814
-35.314732	-45.700302	21.81958
-35.314728	-42.59808	21.829346
-35.312489	-38.175491	21.839111
-35.312595	-42.497009	21.848877
-35.311928	-44.167969	21.858643
-35.30991	-45.231136	21.868408
-35.309589	-43.931358	21.878174
-35.309223	-40.47282	21.887939
-35.308689	-43.754223	21.897705
-35.307476	-40.292465	21.907471
-35.305698	-40.894672	21.917236
-35.305721	-45.168209	21.927002
-35.305634	-45.773224	21.936768
-35.303787	-47.261459	21.946533
-35.303391	-39.888248	21.956299
-35.302208	-39.725719	21.966064
-35.301552	-41.788624	21.97583
-35.299721	-43.912041	21.985596
-35.301163	-47.199421	21.995361
-35.299839	-43.97234	22.005127
-35.298409	-42.153294	22.014893
-35.29805	-38.881065	22.024658
-35.297588	-37.612099	22.034424
-35.296562	-41.788673	22.044189
-35.29528	-46.543419	22.053955
-35.295525	-48.21114	22.063721
-35.293484	-44.175091	22.073486
-35.292866	-39.152523	22.083252
-35.291698	-37.659348	22.093018
-35.291958	-42.415936	22.102783
-35.291458	-46.200081	22.112549
-35.290104	-45.554455	22.122314
-35.288815	-46.459011	22.13208
-35.287437	-40.678341	22.141846
-35.287373	-41.279427	22.151611
-35.28595	-40.346302	22.161377
-35.284527	-43.896774	22.171143
-35.2841	-47.985462	22.180908
-35.284458	-44.858074	22.190674
-35.284031	-40.866978	22.200439
-35.282433	-39.24712	22.210205
-35.281025	-40.044308	22.219971
-35.280228	-45.936707	22.229736
-35.279289	-44.162926	22.239502
-35.279606	-45.92865	22.249268
-35.278442	-43.007931	22.259033
-35.277378	-40.185501	22.268799
-35.276749	-39.545033	22.278564
-35.277065	-40.680824	22.28833
-35.274902	-48.343517	22.298096
-35.27404	-47.608089	22.307861
-35.273109	-43.732773	22.317627
-35.272739	-41.462486	22.327393
-35.271282	-39.803665	22.337158
-35.271767	-43.73671	22.346924
-35.269951	-44.535126	22.356689
-35.269466	-43.557972	22.366455
-35.268444	-46.383896	22.376221
-35.266857	-43.641251	22.385986
-35.267242	-42.767197	22.395752
-35.266514	-39.41198	22.405518
-35.264759	-42.329208	22.415283
-35.264229	-44.873051	22.425049
-35.265244	-45.693913	22.434814
-35.26165	-42.912895	22.44458
-35.260956	-40.999557	22.454346
-35.259789	-43.003872	22.464111
-35.260067	-42.128544	22.473877
-35.260448	-43.336876	22.483643
-35.258865	-44.931335	22.493408
-35.258369	-47.285072	22.503174
-35.257942	-46.067432	22.512939
-35.256744	-39.309467	22.522705
-35.254719	-39.99622	22.532471
-35.25507	-42.889015	22.542236
-35.253246	-46.393173	22.552002
-35.25275	-45.52195	22.561768
-35.252617	-42.736942	22.571533
-35.251511	-43.72974	22.581299
-35.25148	-39.277416	22.591064
-35.249741	-41.755211	22.60083
-35.249683	-44.590786	22.610596
-35.248024	-46.8195	22.620361
-35.247597	-49.474007	22.630127
-35.246429	-43.140957	22.639893
-35.247089	-37.881344	22.649658
-35.245388	-39.658268	22.659424
-35.244228	-44.958889	22.669189
-35.243244	-48.400318	22.678955
-35.241783	-45.334789	22.688721
-35.24118	-44.200726	22.698486
-35.240864	-41.023949	22.708252
-35.239716	-37.872192	22.718018
-35.239109	-42.638542	22.727783
-35.237347	-46.003963	22.737549
-35.236809	-48.27792	22.747314
-35.236786	-46.001041	22.75708
-35.235905	-38.875404	22.766846
-35.235245	-38.000366	22.776611
-35.234447	-41.855717	22.786377
-35.234272	-45.805031	22.796143
-35.234226	-44.798698	22.805908
-35.232189	-45.199467	22.815674
-35.231518	-41.747494	22.825439
-35.230919	-41.277355	22.835205
-35.229321	-40.252697	22.844971
-35.228008	-41.87796	22.854736
-35.227848	-47.738453	22.864502
-35.22665	-46.045597	22.874268
-35.226486	-42.750576	22.884033
-35.225307	-38.06496	22.893799
-35.224926	-38.528305	22.903564
-35.223553	-46.283951	22.91333
-35.223049	-45.681629	22.923096
-35.220955	-45.964256	22.932861
-35.220634	-42.937233	22.942627
-35.220276	-41.835995	22.952393
-35.220623	-40.772835	22.962158
-35.217602	-38.992817	22.971924
-35.219299	-45.732677	22.981689
-35.217091	-45.118484	22.991455
-35.216301	-46.95385	23.001221
-35.215412	-42.561886	23.010986
-35.214481	-38.4198	23.020752
-35.214878	-41.888889	23.030518
-35.21336	-43.007923	23.040283
-35.212452	-44.243458	23.050049
-35.212173	-44.406536	23.059814
-35.211185	-45.229595	23.06958

