MTS793|BTW|ENU|1|2|.|/|:|1|0|0|A

Data Header:			0.254_solid_dimension_typeiv_090_r0			Time:	20.018311	s	4/14/2019 1:39:32 AM
Data Acquisition:	Timed
Station Name:	ft40.cfg
Test File Name:	monotonic_0.2540_typeiv_solid_090_dimension.tst
Displacement	Force	Running Time
mm	N	s
-40.040943	-261.74277	0.022216797
-40.041561	-264.38467	0.031982422
-40.040974	-266.57251	0.041748047
-40.041462	-266.37277	0.051513672
-40.040222	-267.42569	0.061279297
-40.040546	-267.16119	0.071044922
-40.041519	-265.47879	0.080810547
-40.041122	-262.97174	0.090576172
-40.040489	-261.04697	0.1003418
-40.039879	-265.02997	0.11010742
-40.038998	-265.95724	0.11987305
-40.037964	-265.21658	0.12963867
-40.037437	-264.3736	0.1394043
-40.037102	-261.57425	0.14916992
-40.035549	-262.98212	0.15893555
-40.035488	-259.27249	0.16870117
-40.034439	-258.52042	0.1784668
-40.033764	-262.12027	0.18823242
-40.033058	-265.55511	0.19799805
-40.031273	-260.21121	0.20776367
-40.031322	-257.16641	0.2175293
-40.029613	-256.74286	0.22729492
-40.029675	-256.56915	0.23706055
-40.028297	-259.50601	0.24682617
-40.027187	-259.22702	0.2565918
-40.026806	-260.43533	0.26635742
-40.025288	-258.40311	0.27612305
-40.024822	-253.75851	0.28588867
-40.023727	-252.66522	0.2956543
-40.02441	-254.37889	0.30541992
-40.024033	-259.4913	0.31518555
-40.020939	-258.30142	0.32495117
-40.02037	-254.13037	0.3347168
-40.020103	-251.4987	0.34448242
-40.018723	-249.29134	0.35424805
-40.018555	-252.05269	0.36401367
-40.017735	-252.95734	0.3737793
-40.016731	-254.1635	0.38354492
-40.017208	-257.22263	0.39331055
-40.015278	-249.48944	0.40307617
-40.014549	-244.5594	0.4128418
-40.013817	-247.43747	0.42260742
-40.013012	-248.58762	0.43237305
-40.01181	-253.94427	0.44213867
-40.011246	-250.38713	0.4519043
-40.010223	-247.44612	0.46166992
-40.009865	-244.16695	0.47143555
-40.008385	-245.86111	0.48120117
-40.008053	-246.77628	0.4909668
-40.008015	-247.73048	0.50073242
-40.00692	-251.01012	0.51049805
-40.005394	-246.22704	0.52026367
-40.005169	-241.6051	0.5300293
-40.003311	-240.08818	0.53979492
-40.003151	-243.01483	0.54956055
-40.003353	-245.49933	0.55932617
-40.002003	-246.42609	0.5690918
-40.001526	-240.85069	0.57885742
-40.00095	-240.37463	0.58862305
-39.999393	-241.04341	0.59838867
-39.998653	-239.62929	0.6081543
-39.996597	-241.1992	0.61791992
-39.996399	-242.50548	0.62768555
-39.995544	-240.98604	0.63745117
-39.996334	-241.02151	0.6472168
-39.994144	-234.29823	0.65698242
-39.993633	-235.2377	0.66674805
-39.99358	-239.3597	0.67651367
-39.99205	-239.76768	0.6862793
-39.990326	-239.78062	0.69604492
-39.990246	-236.37512	0.70581055
-39.989731	-236.69176	0.71557617
-39.988338	-234.95628	0.7253418
-39.987648	-233.08589	0.73510742
-39.987026	-235.25742	0.74487305
-39.986927	-235.64723	0.75463867
-39.985161	-236.10449	0.7644043
-39.984409	-232.99353	0.77416992
-39.983562	-229.62456	0.78393555
-39.983597	-231.42967	0.79370117
-39.981308	-230.44637	0.8034668
-39.980667	-233.08107	0.81323242
-39.980484	-232.38821	0.82299805
-39.979301	-232.68315	0.83276367
-39.979858	-231.93488	0.8425293
-39.978027	-227.25787	0.85229492
-39.97739	-225.87828	0.86206055
-39.977009	-229.36447	0.87182617
-39.976589	-231.97484	0.8815918
-39.974087	-230.91701	0.89135742
-39.973648	-226.49043	0.90112305
-39.973843	-223.02545	0.91088867
-39.972946	-224.33072	0.9206543
-39.970768	-224.64539	0.93041992
-39.971359	-226.0385	0.94018555
-39.969719	-228.80067	0.94995117
-39.968334	-227.58882	0.9597168
-39.967678	-222.71901	0.96948242
-39.966915	-218.53761	0.97924805
-39.966911	-220.8354	0.98901367
-39.965466	-226.42462	0.9987793
-39.96505	-226.79153	1.0085449
-39.96471	-222.94775	1.0183105
-39.963661	-218.55159	1.0280762
-39.962898	-214.83459	1.0378418
-39.96069	-218.68242	1.0476074
-39.960934	-219.86386	1.057373
-39.960789	-221.03775	1.0671387
-39.958771	-223.02112	1.0769043
-39.957836	-217.0314	1.0866699
-39.956528	-214.08174	1.0964355
-39.956753	-213.35199	1.1062012
-39.956188	-214.16296	1.1159668
-39.956135	-221.37531	1.1257324
-39.954391	-219.13011	1.135498
-39.954468	-214.1053	1.1452637
-39.953312	-211.59482	1.1550293
-39.951077	-212.2359	1.1647949
-39.951202	-214.30646	1.1745605
-39.950493	-211.97859	1.1843262
-39.949757	-216.03888	1.1940918
-39.949326	-214.86324	1.2038574
-39.948071	-209.78755	1.213623
-39.94754	-208.97162	1.2233887
-39.945518	-208.28065	1.2331543
-39.946537	-213.50996	1.2429199
-39.944901	-213.49124	1.2526855
-39.943233	-209.60092	1.2624512
-39.943989	-208.23895	1.2722168
-39.942402	-206.2666	1.2819824
-39.940811	-205.74542	1.291748
-39.939388	-206.00478	1.3015137
-39.940014	-208.69785	1.3112793
-39.938461	-208.76605	1.3210449
-39.937851	-208.047	1.3308105
-39.937172	-201.88557	1.3405762
-39.936523	-201.45769	1.3503418
-39.93597	-203.85248	1.3601074
-39.935734	-204.5309	1.369873
-39.934254	-205.06636	1.3796387
-39.932953	-202.49286	1.3894043
-39.933159	-203.28461	1.3991699
-39.930901	-202.39973	1.4089355
-39.931473	-198.79672	1.4187012
-39.93063	-198.71043	1.4284668
-39.929695	-201.56389	1.4382324
-39.928547	-205.31499	1.447998
-39.927803	-200.47729	1.4577637
-39.926098	-196.97412	1.4675293
-39.926144	-198.71211	1.4772949
-39.923988	-196.99399	1.4870605
-39.923801	-198.8463	1.4968262
-39.923809	-198.67201	1.5065918
-39.922447	-197.02132	1.5163574
-39.922634	-199.43697	1.526123
-39.920666	-193.2679	1.5358887
-39.920319	-190.90622	1.5456543
-39.919018	-192.87631	1.5554199
-39.919117	-197.1859	1.5651855
-39.917305	-198.70352	1.5749512
-39.916931	-191.87288	1.5847168
-39.916721	-191.70538	1.5944824
-39.916092	-189.98811	1.604248
-39.915127	-189.88559	1.6140137
-39.913734	-192.08269	1.6237793
-39.913208	-194.84259	1.6335449
-39.912342	-193.00865	1.6433105
-39.911297	-189.21712	1.6530762
-39.911663	-184.96947	1.6628418
-39.908203	-184.42313	1.6726074
-39.909107	-191.00526	1.682373
-39.907955	-191.93236	1.6921387
-39.907326	-190.54294	1.7019043
-39.906376	-186.73354	1.7116699
-39.90472	-181.55951	1.7214355
-39.903992	-185.64461	1.7312012
-39.904682	-185.02632	1.7409668
-39.903973	-187.40553	1.7507324
-39.903023	-190.23538	1.760498
-39.900909	-185.19652	1.7702637
-39.901382	-180.63071	1.7800293
-39.899303	-178.66191	1.7897949
-39.898521	-181.89313	1.7995605
-39.897598	-187.03429	1.8093262
-39.897366	-185.09706	1.8190918
-39.897049	-183.13069	1.8288574
-39.895622	-177.51085	1.838623
-39.896095	-177.53864	1.8483887
-39.895279	-178.96889	1.8581543
-39.893448	-177.91473	1.8679199
-39.891735	-184.19835	1.8776855
-39.89151	-180.0679	1.8874512
-39.890945	-178.84579	1.8972168
-39.890129	-174.00204	1.9069824
-39.889023	-173.5923	1.916748
-39.889072	-177.68762	1.9265137
-39.887569	-177.5795	1.9362793
-39.886135	-176.29671	1.9460449
-39.885635	-175.10001	1.9558105
-39.886108	-173.77423	1.9655762
-39.88512	-172.81233	1.9753418
-39.883015	-171.4305	1.9851074
-39.883564	-171.96117	1.994873
-39.883213	-173.52579	2.0046387
-39.881435	-173.73669	2.0144043
-39.879646	-170.06172	2.0241699
-39.879154	-167.62193	2.0339355
-39.879585	-169.6393	2.0437012
-39.877102	-168.56967	2.0534668
-39.877953	-169.36041	2.0632324
-39.876148	-169.76595	2.072998
-39.87566	-169.33133	2.0827637
-39.87603	-168.8141	2.0925293
-39.874126	-164.02605	2.1022949
-39.873104	-163.03969	2.1120605
-39.871914	-166.12572	2.1218262
-39.872734	-171.01126	2.1315918
-39.871101	-167.77417	2.1413574
-39.869781	-163.06038	2.151123
-39.868942	-162.58073	2.1608887
-39.867466	-160.98631	2.1706543
-39.86726	-164.26366	2.1804199
-39.86578	-164.19887	2.1901855
-39.865314	-163.66357	2.1999512
-39.86499	-165.67239	2.2097168
-39.863926	-161.2923	2.2194824
-39.864079	-156.2803	2.229248
-39.863163	-158.81735	2.2390137
-39.861031	-162.41933	2.2487793
-39.861477	-163.63779	2.2585449
-39.85952	-159.22369	2.2683105
-39.860161	-157.28088	2.2780762
-39.858913	-154.11911	2.2878418
-39.856701	-154.60625	2.2976074
-39.856449	-156.21684	2.307373
-39.856754	-159.01289	2.3171387
-39.855846	-161.78806	2.3269043
-39.854969	-155.45169	2.3366699
-39.853813	-151.57813	2.3464355
-39.852875	-151.2821	2.3562012
-39.851147	-154.16589	2.3659668
-39.851151	-156.50304	2.3757324
-39.850891	-157.61185	2.385498
-39.848476	-153.20016	2.3952637
-39.847633	-149.08748	2.4050293
-39.848335	-150.2695	2.4147949
-39.846958	-149.00145	2.4245605
-39.846302	-152.18456	2.4343262
-39.84481	-154.88152	2.4440918
-39.845249	-151.29506	2.4538574
-39.844555	-149.72934	2.463623
-39.8424	-143.34111	2.4733887
-39.84148	-145.65599	2.4831543
-39.841373	-150.49489	2.4929199
-39.840805	-150.20705	2.5026855
-39.840622	-148.77597	2.5124512
-39.838982	-144.67719	2.5222168
-39.837509	-145.06973	2.5319824
-39.83728	-144.48163	2.541748
-39.836475	-141.52458	2.5515137
-39.835163	-148.67491	2.5612793
-39.834736	-147.46217	2.5710449
-39.833912	-144.19427	2.5808105
-39.833862	-141.1109	2.5905762
-39.833054	-138.87007	2.6003418
-39.831707	-143.11606	2.6101074
-39.831257	-142.89322	2.619873
-39.829933	-141.25157	2.6296387
-39.828625	-141.47397	2.6394043
-39.828999	-139.50763	2.6491699
-39.827591	-139.38246	2.6589355
-39.826988	-136.53278	2.6687012
-39.826073	-135.82076	2.6784668
-39.824604	-140.61943	2.6882324
-39.824116	-141.28833	2.697998
-39.824093	-136.45515	2.7077637
-39.82346	-134.81693	2.7175293
-39.821945	-134.2334	2.7272949
-39.822025	-133.80675	2.7370605
-39.820694	-134.74753	2.7468262
-39.819008	-135.96707	2.7565918
-39.818886	-137.40242	2.7663574
-39.818459	-134.4449	2.776123
-39.816681	-131.56787	2.7858887
-39.816051	-128.89116	2.7956543
-39.815857	-131.05898	2.8054199
-39.814598	-135.78499	2.8151855
-39.813335	-134.52863	2.8249512
-39.813061	-129.67268	2.8347168
-39.813305	-128.98753	2.8444824
-39.810638	-125.761	2.854248
-39.810165	-128.96568	2.8640137
-39.810055	-129.61847	2.8737793
-39.809303	-130.79744	2.8835449
-39.80872	-131.94434	2.8933105
-39.808094	-128.30978	2.9030762
-39.806477	-122.35061	2.9128418
-39.805958	-122.89796	2.9226074
-39.804436	-125.18775	2.932373
-39.804478	-131.26646	2.9421387
-39.803844	-125.72806	2.9519043
-39.802715	-123.78603	2.9616699
-39.802116	-120.68157	2.9714355
-39.801823	-120.75523	2.9812012
-39.79985	-121.99531	2.9909668
-39.799561	-123.58896	3.0007324
-39.797947	-127.23936	3.010498
-39.797234	-123.23753	3.0202637
-39.797165	-116.91189	3.0300293
-39.795803	-116.44561	3.0397949
-39.795284	-116.77806	3.0495605
-39.793957	-122.74274	3.0593262
-39.794914	-121.10425	3.0690918
-39.792698	-117.45894	3.0788574
-39.791584	-115.68415	3.088623
-39.790642	-116.47264	3.0983887
-39.789879	-114.22559	3.1081543
-39.790241	-117.43284	3.1179199
-39.78928	-120.01767	3.1276855
-39.787109	-119.80268	3.1374512
-39.787781	-115.21368	3.1472168
-39.785557	-108.96549	3.1569824
-39.784832	-112.30714	3.166748
-39.783306	-114.85871	3.1765137
-39.78355	-115.24968	3.1862793
-39.783051	-112.93437	3.1960449
-39.782928	-111.83446	3.2058105
-39.781315	-110.84805	3.2155762
-39.779858	-109.10893	3.2253418
-39.779446	-106.59235	3.2351074
-39.778294	-110.53297	3.244873
-39.777061	-110.74258	3.2546387
-39.776703	-110.84203	3.2644043
-39.775768	-107.32663	3.2741699
-39.776138	-105.09206	3.2839355
-39.774895	-108.62917	3.2937012
-39.773602	-106.91422	3.3034668
-39.77383	-107.99268	3.3132324
-39.772236	-107.26444	3.322998
-39.771439	-106.88644	3.3327637
-39.77121	-106.20226	3.3425293
-39.770187	-100.40517	3.3522949
-39.768559	-100.97176	3.3620605
-39.768238	-104.18781	3.3718262
-39.767292	-105.09335	3.3815918
-39.76688	-104.04521	3.3913574
-39.76519	-99.526222	3.401123
-39.764656	-100.03536	3.4108887
-39.763893	-97.284409	3.4206543
-39.763084	-98.923065	3.4304199
-39.763416	-101.10805	3.4401855
-39.762047	-103.68287	3.4499512
-39.760021	-102.02393	3.4597168
-39.760788	-97.963516	3.4694824
-39.759811	-92.511902	3.479248
-39.758301	-94.024452	3.4890137
-39.757473	-100.33855	3.4987793
-39.757263	-98.770241	3.5085449
-39.75539	-96.717888	3.5183105
-39.755222	-94.461006	3.5280762
-39.7533	-91.327477	3.5378418
-39.753651	-93.070625	3.5476074
-39.752831	-92.080101	3.557373
-39.752007	-96.374954	3.5671387
-39.751984	-98.511749	3.5769043
-39.749786	-92.862831	3.5866699
-39.749321	-87.628967	3.5964355
-39.748379	-85.539871	3.6062012
-39.749424	-91.673599	3.6159668
-39.747005	-94.711777	3.6257324
-39.746422	-90.338997	3.635498
-39.744949	-89.822899	3.6452637
-39.743912	-86.174728	3.6550293
-39.744648	-86.169319	3.6647949
-39.742878	-85.694397	3.6745605
-39.740807	-87.023026	3.6843262
-39.741364	-91.806084	3.6940918
-39.740665	-87.408241	3.7038574
-39.739498	-84.05307	3.713623
-39.738937	-82.130264	3.7233887
-39.738823	-81.90834	3.7331543
-39.737381	-87.387672	3.7429199
-39.736156	-87.382744	3.7526855
-39.735683	-85.258682	3.7624512
-39.734653	-84.097168	3.7722168
-39.733856	-81.850815	3.7819824
-39.733356	-79.405281	3.791748
-39.732815	-79.054428	3.8015137
-39.732147	-84.011452	3.8112793
-39.730942	-82.75666	3.8210449
-39.729908	-81.501892	3.8308105
-39.728195	-75.389648	3.8405762
-39.728569	-74.408897	3.8503418
-39.727043	-78.996414	3.8601074
-39.727329	-80.043419	3.869873
-39.726067	-79.118767	3.8796387
-39.723896	-75.875191	3.8894043
-39.724197	-77.550087	3.8991699
-39.724148	-73.872665	3.9089355
-39.722706	-70.817871	3.9187012
-39.721649	-74.6576	3.9284668
-39.720764	-75.283592	3.9382324
-39.7201	-77.530586	3.947998
-39.72049	-73.44931	3.9577637
-39.718288	-70.522888	3.9675293
-39.716793	-72.71962	3.9772949
-39.7169	-70.006294	3.9870605
-39.716187	-71.428047	3.9968262
-39.714836	-73.4338	4.0065918
-39.713642	-72.636162	4.0163574
-39.71315	-71.603409	4.026123
-39.714012	-67.084206	4.0358887
-39.712002	-63.151039	4.0456543
-39.710396	-67.231323	4.0554199
-39.709846	-69.476181	4.0651855
-39.710957	-71.235886	4.0749512
-39.709496	-66.192368	4.0847168
-39.70797	-65.08078	4.0944824
-39.70755	-61.962749	4.104248
-39.705612	-63.178749	4.1140137
-39.704796	-65.081665	4.1237793
-39.704567	-68.469627	4.1335449
-39.703133	-69.207817	4.1433105
-39.703415	-62.167152	4.1530762
-39.701679	-57.147079	4.1628418
-39.70116	-57.943195	4.1726074
-39.700939	-63.489677	4.182373
-39.700012	-65.348892	4.1921387
-39.699024	-63.356705	4.2019043
-39.698574	-59.940674	4.2116699
-39.697628	-55.876492	4.2214355
-39.696518	-57.427467	4.2312012
-39.695126	-56.650909	4.2409668
-39.694462	-62.246178	4.2507324
-39.693687	-63.082367	4.260498
-39.693775	-57.89365	4.2702637
-39.692333	-54.214844	4.2800293
-39.691856	-51.712311	4.2897949
-39.691723	-55.286919	4.2995605
-39.690578	-58.115025	4.3093262
-39.689972	-58.033611	4.3190918
-39.688133	-56.231007	4.3288574
-39.687214	-51.423752	4.338623
-39.686581	-50.228626	4.3483887
-39.685875	-50.096897	4.3581543
-39.685337	-50.952919	4.3679199
-39.684582	-55.449326	4.3776855
-39.682079	-53.463642	4.3874512
-39.683102	-49.899258	4.3972168
-39.683125	-46.442741	4.4069824
-39.681999	-46.947159	4.416748
-39.680336	-51.308552	4.4265137
-39.679211	-51.999176	4.4362793
-39.677814	-48.452522	4.4460449
-39.677654	-49.585094	4.4558105
-39.677002	-46.424679	4.4655762
-39.675812	-45.434361	4.4753418
-39.674847	-43.346001	4.4851074
-39.674942	-47.784321	4.494873
-39.674282	-48.24464	4.5046387
-39.6735	-47.918804	4.5144043
-39.672432	-44.15527	4.5241699
-39.671494	-40.952259	4.5339355
-39.670803	-44.455505	4.5437012
-39.670273	-43.218838	4.5534668
-39.668934	-43.629517	4.5632324
-39.668179	-43.403072	4.572998
-39.667919	-44.571915	4.5827637
-39.66658	-41.915512	4.5925293
-39.665546	-37.888493	4.6022949
-39.664288	-38.117626	4.6120605
-39.664368	-39.582577	4.6218262
-39.662941	-42.83007	4.6315918
-39.662434	-40.856842	4.6413574
-39.660564	-36.381626	4.651123
-39.661228	-36.65575	4.6608887
-39.659698	-32.211536	4.6706543
-39.659103	-36.024429	4.6804199
-39.658554	-37.122639	4.6901855
-39.656967	-38.28175	4.6999512
-39.656136	-38.527519	4.7097168
-39.655754	-31.372902	4.7194824
-39.655872	-30.586985	4.729248
-39.653736	-30.866741	4.7390137
-39.653118	-34.869034	4.7487793
-39.653038	-36.802673	4.7585449
-39.651299	-31.75716	4.7683105
-39.651623	-31.176495	4.7780762
-39.650578	-27.998989	4.7878418
-39.648819	-27.657898	4.7976074
-39.648392	-29.612768	4.807373
-39.647011	-31.534996	4.8171387
-39.647324	-34.156548	4.8269043
-39.645817	-29.401033	4.8366699
-39.645485	-23.347626	4.8464355
-39.64539	-23.409882	4.8562012
-39.64328	-26.640142	4.8659668
-39.642685	-30.496412	4.8757324
-39.641365	-26.896009	4.885498
-39.641495	-25.413511	4.8952637
-39.640057	-23.174408	4.9050293
-39.639832	-22.610706	4.9147949
-39.638138	-21.772364	4.9245605
-39.637703	-25.092989	4.9343262
-39.637806	-28.110584	4.9440918
-39.636654	-24.986925	4.9538574
-39.633919	-20.781517	4.963623
-39.634521	-16.738222	4.9733887
-39.6339	-19.416777	4.9831543
-39.633778	-23.32424	4.9929199
-39.632404	-22.929926	5.0026855
-39.631351	-22.16584	5.0124512
-39.629223	-18.128719	5.0222168
-39.630253	-17.360729	5.0319824
-39.62978	-15.562827	5.041748
-39.627781	-14.681824	5.0515137
-39.627571	-21.213064	5.0612793
-39.627327	-18.597977	5.0710449
-39.626247	-16.999163	5.0808105
-39.624161	-14.279607	5.0905762
-39.62389	-12.577856	5.1003418
-39.623993	-16.578489	5.1101074
-39.623058	-13.668471	5.119873
-39.621315	-14.163548	5.1296387
-39.620255	-14.528367	5.1394043
-39.620056	-12.672	5.1491699
-39.618923	-11.139273	5.1589355
-39.618523	-9.3939199	5.1687012
-39.617828	-10.974579	5.1784668
-39.616005	-13.037606	5.1882324
-39.614944	-12.931738	5.197998
-39.615448	-10.637444	5.2077637
-39.614197	-8.2002859	5.2175293
-39.613384	-7.4247875	5.2272949
-39.611958	-7.731153	5.2370605
-39.61166	-8.4930429	5.2468262
-39.611042	-10.352516	5.2565918
-39.610882	-10.259584	5.2663574
-39.610142	-7.0530295	5.276123
-39.609409	-3.7686222	5.2858887
-39.606758	-1.645867	5.2956543
-39.606636	-4.3496189	5.3054199
-39.606312	-7.7266064	5.3151855
-39.604671	-4.9621115	5.3249512
-39.603725	-4.6146193	5.3347168
-39.604187	-2.0154088	5.3444824
-39.601711	2.3338354	5.354248
-39.601349	-0.56095868	5.3640137
-39.601006	-2.1891754	5.3737793
-39.600159	-4.3003726	5.3835449
-39.59956	-4.8622818	5.3933105
-39.59927	-1.3466583	5.4030762
-39.597359	4.5190115	5.4128418
-39.596878	4.2066493	5.4226074
-39.596519	0.36168921	5.432373
-39.595425	-2.2465835	5.4421387
-39.593761	-0.82131886	5.4519043
-39.593555	1.200685	5.4616699
-39.592808	5.5153999	5.4714355
-39.592209	8.553957	5.4812012
-39.59201	5.1088629	5.4909668
-39.591457	3.6092989	5.5007324
-39.589279	-0.54857194	5.510498
-39.589512	3.8356888	5.5202637
-39.589138	9.977046	5.5300293
-39.58852	11.979859	5.5397949
-39.588127	8.8136959	5.5495605
-39.58691	5.0658617	5.5593262
-39.584126	5.3732004	5.5690918
-39.584393	8.1616192	5.5788574
-39.582607	9.8643227	5.588623
-39.582047	13.054908	5.5983887
-39.582859	13.455604	5.6081543
-39.581123	12.08988	5.6179199
-39.580231	7.2134733	5.6276855
-39.579479	8.113657	5.6374512
-39.578678	13.498377	5.6472168
-39.578079	18.403799	5.6569824
-39.576824	14.337942	5.666748
-39.576122	12.846591	5.6765137
-39.575153	11.952352	5.6862793
-39.575005	14.414728	5.6960449
-39.573196	13.658276	5.7058105
-39.572746	15.987903	5.7155762
-39.572571	20.028437	5.7253418
-39.571178	20.675205	5.7351074
-39.570103	15.984574	5.744873
-39.569263	15.482651	5.7546387
-39.56934	15.282143	5.7644043
-39.567371	20.82473	5.7741699
-39.567791	23.782894	5.7839355
-39.566265	19.297861	5.7937012
-39.565033	21.72436	5.8034668
-39.564785	19.89415	5.8132324
-39.564308	20.356234	5.822998
-39.562782	20.978008	5.8327637
-39.56324	21.319233	5.8425293
-39.56144	26.705961	5.8522949
-39.560638	24.336985	5.8620605
-39.559151	22.487923	5.8718262
-39.559608	20.82597	5.8815918
-39.557812	23.211643	5.8913574
-39.557972	26.446445	5.901123
-39.555805	24.880825	5.9108887
-39.556404	27.93502	5.9206543
-39.554821	28.619406	5.9304199
-39.555489	25.889	5.9401855
-39.553932	24.749418	5.9499512
-39.553551	25.154799	5.9597168
-39.551109	30.361506	5.9694824
-39.55077	33.596565	5.979248
-39.549587	31.721615	5.9890137
-39.549686	28.278816	5.9987793
-39.548504	27.04031	6.0085449
-39.546825	30.212072	6.0183105
-39.546902	31.602406	6.0280762
-39.547226	36.086063	6.0378418
-39.544575	34.457817	6.0476074
-39.544617	34.871555	6.057373
-39.543404	31.416964	6.0671387
-39.543262	27.88376	6.0769043
-39.541866	33.012558	6.0866699
-39.540539	39.143013	6.0964355
-39.540909	41.472763	6.1062012
-39.538944	36.657295	6.1159668
-39.53944	32.911316	6.1257324
-39.538464	34.455414	6.135498
-39.537067	35.045017	6.1452637
-39.535885	41.930122	6.1550293
-39.534149	41.150116	6.1647949
-39.536179	41.676544	6.1745605
-39.534996	40.220123	6.1843262
-39.532288	34.050224	6.1940918
-39.531563	40.519512	6.2038574
-39.531353	42.275406	6.213623
-39.531097	45.92289	6.2233887
-39.529999	44.671154	6.2331543
-39.528725	40.17643	6.2429199
-39.528389	42.643684	6.2526855
-39.528427	42.513309	6.2624512
-39.527191	43.254745	6.2722168
-39.525539	46.2738	6.2819824
-39.52594	49.567886	6.291748
-39.523571	48.423214	6.3015137
-39.523151	42.920841	6.3112793
-39.523613	44.145756	6.3210449
-39.521694	47.718533	6.3308105
-39.521019	52.44912	6.3405762
-39.519062	50.220287	6.3503418
-39.519279	49.580837	6.3601074
-39.518364	48.380978	6.369873
-39.517826	49.621105	6.3796387
-39.517235	48.855282	6.3894043
-39.515972	49.902	6.3991699
-39.5159	54.262527	6.4089355
-39.513584	54.606773	6.4187012
-39.513477	50.464718	6.4284668
-39.513206	51.209053	6.4382324
-39.511169	48.662113	6.447998
-39.511715	54.021465	6.4577637
-39.509701	56.038937	6.4675293
-39.509197	54.924274	6.4772949
-39.507927	56.916973	6.4870605
-39.508316	56.473686	6.4968262
-39.507027	55.481689	6.5065918
-39.506012	53.067455	6.5163574
-39.505699	54.888248	6.526123
-39.504581	61.510166	6.5358887
-39.505341	60.043297	6.5456543
-39.503216	59.955456	6.5554199
-39.501663	56.630009	6.5651855
-39.50119	57.256901	6.5749512
-39.500088	61.307091	6.5847168
-39.498608	60.339043	6.5944824
-39.498821	64.83847	6.604248
-39.498352	64.459358	6.6140137
-39.49757	62.18346	6.6237793
-39.49659	61.643036	6.6335449
-39.496349	57.537182	6.6433105
-39.495747	63.881435	6.6530762
-39.493629	69.480888	6.6628418
-39.492844	67.068069	6.6726074
-39.491997	63.758797	6.682373
-39.492157	61.746937	6.6921387
-39.489204	63.733219	6.7019043
-39.489594	64.497543	6.7116699
-39.488792	69.066101	6.7214355
-39.488617	71.590851	6.7312012
-39.487801	71.052383	6.7409668
-39.486408	66.368492	6.7507324
-39.487484	63.060596	6.760498
-39.485744	66.873466	6.7702637
-39.484516	74.138885	6.7800293
-39.483925	76.778206	6.7897949
-39.483372	71.540291	6.7995605
-39.47971	69.740608	6.8093262
-39.479668	70.707954	6.8190918
-39.479321	70.262787	6.8288574
-39.479225	75.564415	6.838623
-39.477821	76.190254	6.8483887
-39.478439	76.826057	6.8581543
-39.476368	74.965744	6.8679199
-39.476398	70.336342	6.8776855
-39.474739	72.574524	6.8874512
-39.474888	78.328072	6.8972168
-39.473808	79.444206	6.9069824
-39.473938	82.124077	6.916748
-39.472675	74.916252	6.9265137
-39.471245	76.883202	6.9362793
-39.470051	76.749275	6.9460449
-39.469063	77.444221	6.9558105
-39.468952	81.828339	6.9655762
-39.468597	83.841187	6.9753418
-39.467148	85.414444	6.9851074
-39.466373	77.464333	6.994873
-39.466545	79.228661	7.0046387
-39.464001	80.611862	7.0144043
-39.463242	83.541382	7.0241699
-39.4631	86.021065	7.0339355
-39.461029	84.813545	7.0437012
-39.461208	82.891502	7.0534668
-39.460918	85.366074	7.0632324
-39.460285	84.072998	7.072998
-39.459084	82.653061	7.0827637
-39.456959	86.424065	7.0925293
-39.457096	89.988304	7.1022949
-39.456074	89.103401	7.1120605
-39.45607	87.362991	7.1218262
-39.455399	85.805031	7.1315918
-39.455097	87.664963	7.1413574
-39.453289	89.876892	7.151123
-39.452484	89.609352	7.1608887
-39.451267	93.251419	7.1706543
-39.451458	93.51709	7.1804199
-39.450142	89.889954	7.1901855
-39.449387	87.486511	7.1999512
-39.448452	88.2966	7.2097168
-39.448009	94.927902	7.2194824
-39.446198	95.603775	7.229248
-39.44598	95.190948	7.2390137
-39.445061	91.749283	7.2487793
-39.444427	91.324913	7.2585449
-39.443092	94.948723	7.2683105
-39.443111	93.486336	7.2780762
-39.441475	101.0482	7.2878418
-39.440655	100.55962	7.2976074
-39.440807	99.756157	7.307373
-39.439243	96.386284	7.3171387
-39.439308	92.95475	7.3269043
-39.437302	98.188469	7.3366699
-39.436779	103.84962	7.3464355
-39.43589	102.61482	7.3562012
-39.435493	101.65868	7.3659668
-39.435173	96.368042	7.3757324
-39.434425	99.543739	7.385498
-39.433228	99.149551	7.3952637
-39.432484	105.14061	7.4050293
-39.430962	106.04913	7.4147949
-39.429844	106.08913	7.4245605
-39.429661	101.70105	7.4343262
-39.428505	99.055756	7.4440918
-39.427902	101.38917	7.4538574
-39.427612	107.34879	7.463623
-39.427391	110.29082	7.4733887
-39.425552	108.61053	7.4831543
-39.425163	104.93822	7.4929199
-39.423351	105.85716	7.5026855
-39.424072	104.32799	7.5124512
-39.421833	108.88501	7.5222168
-39.422184	110.72121	7.5319824
-39.419609	112.02518	7.541748
-39.419327	109.85824	7.5515137
-39.41888	106.20001	7.5612793
-39.418636	108.01889	7.5710449
-39.417847	110.39635	7.5808105
-39.416351	114.82238	7.5905762
-39.416573	115.65454	7.6003418
-39.41375	110.88769	7.6101074
-39.41399	111.35226	7.619873
-39.413109	111.77876	7.6296387
-39.412491	112.25648	7.6394043
-39.411789	113.86959	7.6491699
-39.40987	116.61646	7.6589355
-39.410809	120.33228	7.6687012
-39.410198	114.41	7.6784668
-39.407547	116.02778	7.6882324
-39.407253	116.17722	7.697998
-39.407597	116.49004	7.7077637
-39.406307	120.21317	7.7175293
-39.405415	118.63129	7.7272949
-39.404392	119.98167	7.7370605
-39.40377	120.02561	7.7468262
-39.40353	118.21313	7.7565918
-39.402485	117.09901	7.7663574
-39.400124	121.05309	7.776123
-39.399818	124.67399	7.7858887
-39.399788	124.16943	7.7956543
-39.398609	123.07663	7.8054199
-39.399002	120.08342	7.8151855
-39.398132	120.59149	7.8249512
-39.396801	123.57537	7.8347168
-39.395878	124.95625	7.8444824
-39.39455	127.32935	7.854248
-39.393589	127.37923	7.8640137
-39.392902	127.73153	7.8737793
-39.39175	123.01296	7.8835449
-39.392109	123.15158	7.8933105
-39.390202	128.44716	7.9030762
-39.390232	131.06035	7.9128418
-39.388714	131.81012	7.9226074
-39.387783	125.84589	7.932373
-39.387558	126.91402	7.9421387
-39.386467	127.47614	7.9519043
-39.38625	125.85236	7.9616699
-39.385151	133.6627	7.9714355
-39.385361	134.55334	7.9812012
-39.383495	133.60854	7.9909668
-39.382561	130.0638	8.0007324
-39.381214	125.91209	8.010498
-39.381252	132.72348	8.0202637
-39.380413	136.21034	8.0300293
-39.379482	137.14325	8.0397949
-39.377441	135.06137	8.0495605
-39.376835	130.38402	8.0593262
-39.376621	133.02414	8.0690918
-39.376629	132.36086	8.0788574
-39.375763	135.67422	8.088623
-39.374794	140.3338	8.0983887
-39.374451	140.80194	8.1081543
-39.372841	139.07529	8.1179199
-39.372238	133.18758	8.1276855
-39.369587	133.61407	8.1374512
-39.36977	141.15967	8.1472168
-39.369686	143.32613	8.1569824
-39.369473	141.4527	8.166748
-39.366791	141.44232	8.1765137
-39.367649	140.39374	8.1862793
-39.365459	138.44362	8.1960449
-39.36491	140.72777	8.2058105
-39.365589	142.5376	8.2155762
-39.364456	146.74042	8.2253418
-39.36367	146.81363	8.2351074
-39.362808	139.87727	8.244873
-39.361675	141.55121	8.2546387
-39.360741	144.23561	8.2644043
-39.360115	147.44633	8.2741699
-39.358131	148.45436	8.2839355
-39.358574	145.50667	8.2937012
-39.356884	146.39856	8.3034668
-39.356728	145.11969	8.3132324
-39.356426	147.11378	8.322998
-39.35532	145.38385	8.3327637
-39.353642	149.95184	8.3425293
-39.353218	152.78552	8.3522949
-39.353222	148.21408	8.3620605
-39.350292	150.30112	8.3718262
-39.351128	147.77946	8.3815918
-39.350388	148.69261	8.3913574
-39.349743	152.93538	8.401123
-39.348606	151.89265	8.4108887
-39.34848	153.6107	8.4206543
-39.347912	155.32356	8.4304199
-39.345806	151.48158	8.4401855
-39.345928	150.99242	8.4499512
-39.344326	150.8945	8.4597168
-39.342999	158.96823	8.4694824
-39.342236	160.47966	8.479248
-39.341305	156.88863	8.4890137
-39.340981	155.30534	8.4987793
-39.340462	155.65228	8.5085449
-39.3405	155.64479	8.5183105
-39.339451	155.30832	8.5280762
-39.338196	159.95886	8.5378418
-39.337555	163.01317	8.5476074
-39.336594	159.07857	8.557373
-39.334976	154.63641	8.5671387
-39.335285	155.76042	8.5769043
-39.332493	158.78328	8.5866699
-39.332325	165.92212	8.5964355
-39.331429	165.4994	8.6062012
-39.331234	161.12173	8.6159668
-39.330399	159.04839	8.6257324
-39.328087	160.00519	8.635498
-39.328514	160.01791	8.6452637
-39.328255	166.45084	8.6550293
-39.327698	168.31595	8.6647949
-39.326653	166.35925	8.6745605
-39.32531	165.04111	8.6843262
-39.325314	159.31123	8.6940918
-39.324734	163.60144	8.7038574
-39.32291	166.88272	8.713623
-39.321438	171.67014	8.7233887
-39.321178	170.10541	8.7331543
-39.321323	165.68123	8.7429199
-39.319061	166.39917	8.7526855
-39.31926	163.94838	8.7624512
-39.31789	169.37672	8.7722168
-39.318081	172.03807	8.7819824
-39.316818	174.28535	8.791748
-39.315865	173.97887	8.8015137
-39.315365	168.17854	8.8112793
-39.314083	167.46475	8.8210449
-39.313007	172.11743	8.8308105
-39.314056	174.41141	8.8405762
-39.311203	175.69003	8.8503418
-39.309155	175.20776	8.8601074
-39.309982	173.19597	8.869873
-39.309208	173.09232	8.8796387
-39.309391	171.0849	8.8894043
-39.30875	175.34787	8.8991699
-39.306931	178.58965	8.9089355
-39.306232	180.39453	8.9187012
-39.30479	176.16911	8.9284668
-39.304317	175.95857	8.9382324
-39.303406	175.67317	8.947998
-39.302177	180.76154	8.9577637
-39.301899	179.09007	8.9675293
-39.301014	180.89523	8.9772949
-39.30032	181.14865	8.9870605
-39.299759	181.8882	8.9968262
-39.29882	178.11134	9.0065918
-39.298	178.19777	9.0163574
-39.296947	180.85583	9.026123
-39.296349	186.82248	9.0358887
-39.294933	184.03876	9.0456543
-39.294254	183.56631	9.0554199
-39.294991	180.33676	9.0651855
-39.292461	181.80119	9.0749512
-39.292244	186.52979	9.0847168
-39.290936	183.7838	9.0944824
-39.290264	189.54187	9.104248
-39.290951	189.25082	9.1140137
-39.289421	185.72978	9.1237793
-39.288525	183.91588	9.1335449
-39.287327	182.5136	9.1433105
-39.286648	192.51579	9.1530762
-39.285229	192.358	9.1628418
-39.285732	190.90599	9.1726074
-39.283455	188.01801	9.182373
-39.283794	186.13795	9.1921387
-39.282516	188.62645	9.2019043
-39.281414	187.54364	9.2116699
-39.280823	194.68298	9.2214355
-39.279362	195.3446	9.2312012
-39.279358	195.04881	9.2409668
-39.278065	188.11707	9.2507324
-39.277573	187.68806	9.260498
-39.27742	190.86058	9.2702637
-39.276428	195.84525	9.2800293
-39.275398	199.20589	9.2897949
-39.274292	195.37703	9.2995605
-39.273438	193.13489	9.3093262
-39.273022	192.8783	9.3190918
-39.272812	191.58482	9.3288574
-39.271011	199.16678	9.338623
-39.270145	200.7751	9.3483887
-39.270275	202.70363	9.3581543
-39.269253	198.82019	9.3679199
-39.26825	195.16946	9.3776855
-39.266815	194.81114	9.3874512
-39.266327	199.74947	9.3972168
-39.265011	202.88515	9.4069824
-39.264542	203.72269	9.416748
-39.263721	200.17552	9.4265137
-39.263123	200.83229	9.4362793
-39.261456	198.54221	9.4460449
-39.262413	201.26053	9.4558105
-39.260391	204.28532	9.4655762
-39.260757	207.19151	9.4753418
-39.258224	208.2639	9.4851074
-39.258926	201.07988	9.494873
-39.257751	202.94853	9.5046387
-39.257401	204.73372	9.5144043
-39.255585	209.29834	9.5241699
-39.256046	209.24382	9.5339355
-39.254807	207.30785	9.5437012
-39.2533	206.99603	9.5534668
-39.252232	206.81046	9.5632324
-39.252293	206.33914	9.572998
-39.251774	205.91669	9.5827637
-39.250164	210.63138	9.5925293
-39.249348	212.38914	9.6022949
-39.248631	210.17499	9.6120605
-39.247711	209.49333	9.6218262
-39.246635	208.69685	9.6315918
-39.246738	210.33083	9.6413574
-39.245201	212.11241	9.651123
-39.243832	212.88576	9.6608887
-39.243752	214.2543	9.6706543
-39.241817	214.20868	9.6804199
-39.243099	212.18018	9.6901855
-39.241673	209.33669	9.6999512
-39.240208	212.09735	9.7097168
-39.238243	217.95129	9.7194824
-39.238808	217.15039	9.729248
-39.238201	218.10191	9.7390137
-39.238022	213.59337	9.7487793
-39.236374	213.52719	9.7585449
-39.235016	216.0916	9.7683105
-39.234127	215.32707	9.7780762
-39.233036	222.56136	9.7878418
-39.232807	221.8161	9.7976074
-39.232307	218.33023	9.807373
-39.231659	216.09509	9.8171387
-39.231049	214.35191	9.8269043
-39.229824	219.67589	9.8366699
-39.229244	225.23407	9.8464355
-39.228329	224.41705	9.8562012
-39.227493	220.19127	9.8659668
-39.22681	218.52303	9.8757324
-39.22583	219.06877	9.885498
-39.224567	218.81337	9.8952637
-39.223312	225.55064	9.9050293
-39.223099	229.33502	9.9147949
-39.223095	226.91434	9.9245605
-39.220955	224.74773	9.9343262
-39.220596	219.12968	9.9440918
-39.220234	220.33112	9.9538574
-39.219116	227.62936	9.963623
-39.218067	231.14178	9.9733887
-39.217648	228.09688	9.9831543
-39.216892	225.59915	9.9929199
-39.214588	226.38118	10.002686
-39.215168	225.64032	10.012451
-39.214417	228.35582	10.022217
-39.212891	231.47797	10.031982
-39.213116	235.46762	10.041748
-39.210876	231.7178	10.051514
-39.210766	225.49332	10.061279
-39.211018	227.21933	10.071045
-39.207275	231.10056	10.080811
-39.208225	235.51352	10.090576
-39.207329	235.59569	10.100342
-39.20694	233.28358	10.110107
-39.206902	235.41341	10.119873
-39.204666	230.03632	10.129639
-39.204071	233.45627	10.139404
-39.202721	235.72789	10.14917
-39.203148	238.96497	10.158936
-39.202133	240.40379	10.168701
-39.201393	234.25514	10.178467
-39.200378	235.98236	10.188232
-39.199539	236.27946	10.197998
-39.198719	238.55095	10.207764
-39.198475	241.07697	10.217529
-39.197666	240.05571	10.227295
-39.196255	240.84053	10.237061
-39.195183	239.85556	10.246826
-39.195538	238.54166	10.256592
-39.193981	239.02736	10.266357
-39.192097	241.13998	10.276123
-39.191868	245.94846	10.285889
-39.192581	242.42914	10.295654
-39.190857	241.55402	10.30542
-39.188969	240.98328	10.315186
-39.189316	242.33336	10.324951
-39.188183	242.17201	10.334717
-39.187359	244.41797	10.344482
-39.187305	247.31221	10.354248
-39.185951	248.50861	10.364014
-39.185043	246.03909	10.373779
-39.184029	241.85193	10.383545
-39.183266	244.73975	10.393311
-39.182339	249.31531	10.403076
-39.181103	250.76765	10.412842
-39.181614	252.41011	10.422607
-39.180328	246.95309	10.432373
-39.179169	248.23534	10.442139
-39.178791	246.98024	10.451904
-39.17783	246.05463	10.46167
-39.177185	254.25429	10.471436
-39.176514	255.23386	10.481201
-39.176567	254.78845	10.490967
-39.174477	249.68469	10.500732
-39.173763	247.02908	10.510498
-39.171745	252.05133	10.520264
-39.171333	256.45483	10.530029
-39.171913	256.72049	10.539795
-39.169819	254.90523	10.549561
-39.169479	253.68965	10.559326
-39.169163	254.45844	10.569092
-39.167881	250.6817	10.578857
-39.167004	258.99725	10.588623
-39.166367	260.39822	10.598389
-39.164829	260.47552	10.608154
-39.163235	258.63199	10.61792
-39.163269	253.94768	10.627686
-39.162712	254.62257	10.637451
-39.162014	261.54886	10.647217
-39.161232	261.41873	10.656982
-39.15984	264.0242	10.666748
-39.159279	261.16235	10.676514
-39.158413	259.75308	10.686279
-39.158073	257.43866	10.696045
-39.157394	259.11334	10.705811
-39.155319	263.47311	10.715576
-39.155029	266.86835	10.725342
-39.155487	265.03085	10.735107
-39.154102	260.37314	10.744873
-39.152744	259.83551	10.754639
-39.151455	263.15527	10.764404
-39.152054	267.39297	10.77417
-39.150856	266.42807	10.783936
-39.150154	266.65927	10.793701
-39.149792	268.52026	10.803467
-39.147724	263.6568	10.813232
-39.147121	265.46603	10.822998
-39.146912	264.49023	10.832764
-39.146248	269.06689	10.842529
-39.144306	273.33612	10.852295
-39.144932	266.7984	10.862061
-39.144135	268.46246	10.871826
-39.142872	268.11206	10.881592
-39.141335	268.11603	10.891357
-39.141071	273.55508	10.901123
-39.139942	271.3223	10.910889
-39.139317	275.75925	10.920654
-39.137245	273.6767	10.93042
-39.13821	270.42166	10.940186
-39.136616	270.06525	10.949951
-39.136307	272.20953	10.959717
-39.134315	278.02615	10.969482
-39.134113	274.77002	10.979248
-39.133106	277.39328	10.989014
-39.133579	273.8873	10.998779
-39.132641	273.17416	11.008545
-39.131214	273.86218	11.018311
-39.13187	276.1225	11.028076
-39.129486	280.54834	11.037842
-39.128605	281.88489	11.047607
-39.128361	278.50784	11.057373
-39.126736	274.44962	11.067139
-39.126656	275.67438	11.076904
-39.124672	280.00635	11.08667
-39.124943	281.32962	11.096436
-39.123669	283.3002	11.106201
-39.122177	281.6427	11.115967
-39.121723	279.96136	11.125732
-39.122005	278.56693	11.135498
-39.120098	277.03146	11.145264
-39.12014	284.49335	11.155029
-39.118992	287.25967	11.164795
-39.118561	286.90836	11.174561
-39.117031	283.03555	11.184326
-39.117573	278.89063	11.194092
-39.115875	282.70724	11.203857
-39.11433	286.70493	11.213623
-39.114193	289.84134	11.223389
-39.113297	288.04037	11.233154
-39.113342	285.68842	11.24292
-39.111401	285.87	11.252686
-39.111183	280.80368	11.262451
-39.10965	287.32074	11.272217
-39.109112	292.70404	11.281982
-39.10825	293.78439	11.291748
-39.107288	290.13971	11.301514
-39.106255	284.18024	11.311279
-39.105171	286.49045	11.321045
-39.104301	290.89194	11.330811
-39.104271	291.68256	11.340576
-39.103714	294.36774	11.350342
-39.103455	292.49725	11.360107
-39.100689	291.34314	11.369873
-39.100765	289.29495	11.379639
-39.100437	291.22409	11.389404
-39.09903	293.78955	11.39917
-39.099243	297.9783	11.408936
-39.098442	297.69641	11.418701
-39.097271	293.13553	11.428467
-39.095848	291.06967	11.438232
-39.095078	292.50909	11.447998
-39.094467	297.08023	11.457764
-39.095211	297.19806	11.467529
-39.092876	298.91882	11.477295
-39.092258	298.92096	11.487061
-39.090527	297.04773	11.496826
-39.090549	295.0437	11.506592
-39.089443	294.72903	11.516357
-39.088581	299.02698	11.526123
-39.088814	303.70328	11.535889
-39.087528	299.86453	11.545654
-39.087246	299.33133	11.55542
-39.085278	297.13123	11.565186
-39.085102	298.98117	11.574951
-39.084122	299.5452	11.584717
-39.082642	300.31656	11.594482
-39.082802	305.41089	11.604248
-39.082233	304.23035	11.614014
-39.081676	301.76437	11.623779
-39.079475	299.04523	11.633545
-39.078621	299.64758	11.643311
-39.079369	306.20648	11.653076
-39.076748	306.1741	11.662842
-39.075729	306.66183	11.672607
-39.074718	305.37234	11.682373
-39.075375	303.03207	11.692139
-39.074425	303.79343	11.701904
-39.07386	303.49271	11.71167
-39.072334	307.60999	11.721436
-39.071697	312.35568	11.731201
-39.071045	309.24237	11.740967
-39.07095	304.18018	11.750732
-39.070076	302.68906	11.760498
-39.067722	307.44223	11.770264
-39.067593	311.44391	11.780029
-39.066784	312.37036	11.789795
-39.066422	312.81357	11.799561
-39.065815	309.02505	11.809326
-39.06329	307.18048	11.819092
-39.063786	306.83923	11.828857
-39.062744	313.33853	11.838623
-39.061852	316.73584	11.848389
-39.061504	315.99744	11.858154
-39.061378	311.75827	11.86792
-39.059906	308.91589	11.877686
-39.059322	310.49258	11.887451
-39.05788	314.71167	11.897217
-39.057159	319.3439	11.906982
-39.05624	317.64337	11.916748
-39.055042	315.57767	11.926514
-39.055439	314.89316	11.936279
-39.05455	309.68887	11.946045
-39.053085	314.83362	11.955811
-39.052402	320.36182	11.965576
-39.05212	322.01157	11.975342
-39.050533	321.92279	11.985107
-39.049885	315.31525	11.994873
-39.04921	315.57358	12.004639
-39.047867	317.29962	12.014404
-39.047974	320.78189	12.02417
-39.046032	322.9614	12.033936
-39.046345	321.45828	12.043701
-39.043606	324.0499	12.053467
-39.044079	319.19272	12.063232
-39.044182	318.08923	12.072998
-39.042419	321.35043	12.082764
-39.041958	324.8118	12.092529
-39.041122	328.18048	12.102295
-39.041859	322.41504	12.112061
-39.039188	321.04706	12.121826
-39.038418	322.91205	12.131592
-39.037552	324.33801	12.141357
-39.037666	324.47687	12.151123
-39.036983	327.09427	12.160889
-39.035355	328.09451	12.170654
-39.034142	328.97464	12.18042
-39.032661	325.11392	12.190186
-39.033329	322.63437	12.199951
-39.032631	326.79413	12.209717
-39.031139	330.41385	12.219482
-39.03112	328.49695	12.229248
-39.028976	329.81943	12.239014
-39.028728	326.92783	12.248779
-39.028477	328.50027	12.258545
-39.026428	326.73312	12.268311
-39.026283	329.58182	12.278076
-39.026554	333.38229	12.287842
-39.024414	334.51077	12.297607
-39.024586	332.97217	12.307373
-39.022659	327.13162	12.317139
-39.021828	327.80725	12.326904
-39.021458	334.63812	12.33667
-39.020237	335.45914	12.346436
-39.0196	337.57965	12.356201
-39.018982	334.2821	12.365967
-39.017147	332.67245	12.375732
-39.019085	334.16669	12.385498
-39.018719	330.827	12.395264
-39.016239	337.74814	12.405029
-39.015858	342.10065	12.414795
-39.013378	339.34485	12.424561
-39.013496	335.11713	12.434326
-39.01189	331.73669	12.444092
-39.010277	337.6077	12.453857
-39.010307	339.25989	12.463623
-39.010609	341.9881	12.473389
-39.008881	344.00702	12.483154
-39.007908	339.91391	12.49292
-39.007324	336.73727	12.502686
-39.007446	335.34567	12.512451
-39.005775	339.69928	12.522217
-39.005047	344.82233	12.531982
-39.004337	346.26266	12.541748
-39.003372	342.4632	12.551514
-39.004257	338.27774	12.561279
-39.001595	338.69888	12.571045
-38.999832	341.88342	12.580811
-39.000149	346.70615	12.590576
-39.000076	346.91315	12.600342
-38.9981	346.50198	12.610107
-38.997719	345.71552	12.619873
-38.996445	339.91885	12.629639
-38.996525	343.30038	12.639404
-38.995083	345.85889	12.64917
-38.994892	350.05328	12.658936
-38.993877	350.14966	12.668701
-38.991909	344.35471	12.678467
-38.991596	345.54825	12.688232
-38.991131	346.95987	12.697998
-38.990467	348.3775	12.707764
-38.989849	350.9043	12.717529
-38.989166	350.80643	12.727295
-38.987827	351.66647	12.737061
-38.986637	347.63425	12.746826
-38.986305	347.77576	12.756592
-38.98671	347.55911	12.766357
-38.985218	351.78714	12.776123
-38.984001	355.64172	12.785889
-38.983803	352.59436	12.795654
-38.981716	353.12292	12.80542
-38.981884	350.33054	12.815186
-38.980766	349.61359	12.824951
-38.980133	352.57715	12.834717
-38.978394	354.03967	12.844482
-38.977943	355.84531	12.854248
-38.978157	356.95953	12.864014
-38.977104	353.98676	12.873779
-38.975842	350.7623	12.883545
-38.975758	353.19318	12.893311
-38.97377	358.0744	12.903076
-38.973957	358.77274	12.912842
-38.973068	360.62473	12.922607
-38.971931	357.18546	12.932373
-38.97031	356.50589	12.942139
-38.969875	354.50217	12.951904
-38.969463	355.66306	12.96167
-38.969036	360.7648	12.971436
-38.967278	363.24646	12.981201
-38.966743	361.21323	12.990967
-38.96616	356.4487	13.000732
-38.965931	355.62238	13.010498
-38.964039	360.75986	13.020264
-38.96286	360.83051	13.030029
-38.962593	365.80798	13.039795
-38.961338	363.65149	13.049561
-38.961323	362.72675	13.059326
-38.960781	361.02524	13.069092
-38.959385	357.29605	13.078857
-38.958645	364.70032	13.088623
-38.957615	368.54135	13.098389
-38.956142	366.12714	13.108154
-38.955376	363.89752	13.11792
-38.95694	358.10257	13.127686
-38.954304	361.52505	13.137451
-38.953209	366.39777	13.147217
-38.952751	368.23932	13.156982
-38.951996	370.96722	13.166748
-38.951912	367.25223	13.176514
-38.951153	366.07297	13.186279
-38.948936	361.48523	13.196045
-38.948929	364.87247	13.205811
-38.948677	370.97873	13.215576
-38.947113	373.3891	13.225342
-38.945953	369.58133	13.235107
-38.94622	366.46579	13.244873
-38.944534	366.03073	13.254639
-38.944199	368.42102	13.264404
-38.943676	372.76022	13.27417
-38.942921	372.04892	13.283936
-38.940468	372.93472	13.293701
-38.941261	373.47937	13.303467
-38.939987	366.99994	13.313232
-38.939125	369.53622	13.322998
-38.939552	370.591	13.332764
-38.937767	374.74887	13.342529
-38.937069	376.44907	13.352295
-38.937389	371.57971	13.362061
-38.934132	374.21002	13.371826
-38.93412	372.37488	13.381592
-38.934216	374.06955	13.391357
-38.932308	374.72232	13.401123
-38.931648	375.3988	13.410889
-38.931217	379.79315	13.420654
-38.929901	374.83151	13.43042
-38.928905	374.00101	13.440186
-38.928387	371.63458	13.449951
-38.927845	376.53946	13.459717
-38.928127	380.75641	13.469482
-38.926517	378.03662	13.479248
-38.925732	378.69409	13.489014
-38.923626	378.19647	13.498779
-38.923901	375.53363	13.508545
-38.923206	377.40146	13.518311
-38.922058	377.7041	13.528076
-38.921841	383.26923	13.537842
-38.921726	384.5228	13.547607
-38.919849	380.16382	13.557373
-38.917942	377.60452	13.567139
-38.917332	378.1965	13.576904
-38.917183	382.3063	13.58667
-38.916832	382.15588	13.596436
-38.915188	385.4996	13.606201
-38.914444	385.19861	13.615967
-38.913898	381.22702	13.625732
-38.912952	378.8244	13.635498
-38.911304	380.02307	13.645264
-38.911697	387.36591	13.655029
-38.910755	389.61221	13.664795
-38.909828	388.03809	13.674561
-38.908306	382.21082	13.684326
-38.908306	380.97668	13.694092
-38.907112	384.63379	13.703857
-38.907639	384.00781	13.713623
-38.90649	390.37695	13.723389
-38.904881	389.10953	13.733154
-38.904232	387.16708	13.74292
-38.903397	386.02057	13.752686
-38.903217	378.69104	13.762451
-38.901184	387.41583	13.772217
-38.901211	392.15439	13.781982
-38.899719	392.88196	13.791748
-38.899612	391.24014	13.801514
-38.898815	385.1882	13.811279
-38.898842	386.49731	13.821045
-38.896713	387.89252	13.830811
-38.896515	392.14069	13.840576
-38.894291	394.3046	13.850342
-38.894794	391.0206	13.860107
-38.89328	392.23035	13.869873
-38.891422	386.44635	13.879639
-38.892487	387.86661	13.889404
-38.89143	393.66711	13.89917
-38.890839	395.82587	13.908936
-38.890549	397.26709	13.918701
-38.889984	390.27332	13.928467
-38.888443	389.70709	13.938232
-38.887222	391.24594	13.947998
-38.886486	393.77457	13.957764
-38.885517	395.22232	13.967529
-38.884392	397.13486	13.977295
-38.883595	397.05606	13.987061
-38.883759	393.12119	13.996826
-38.882008	393.33624	14.006592
-38.881031	393.8584	14.016357
-38.880669	399.11163	14.026123
-38.88023	399.4534	14.035889
-38.877914	398.48071	14.045654
-38.878033	398.33514	14.05542
-38.877632	395.56537	14.065186
-38.876545	396.41876	14.074951
-38.87521	397.02588	14.084717
-38.874752	397.70676	14.094482
-38.874428	403.75089	14.104248
-38.873604	399.66882	14.114014
-38.870724	398.79965	14.123779
-38.871048	396.53366	14.133545
-38.870644	398.0896	14.143311
-38.870296	403.1738	14.153076
-38.869804	399.00357	14.162842
-38.868473	403.61444	14.172607
-38.867168	402.26202	14.182373
-38.866558	399.71341	14.192139
-38.865097	399.6734	14.201904
-38.865513	399.51239	14.21167
-38.864952	406.03183	14.221436
-38.863678	407.10593	14.231201
-38.861427	403.15741	14.240967
-38.862728	400.56213	14.250732
-38.862103	399.41769	14.260498
-38.860622	403.88773	14.270264
-38.859795	404.83691	14.280029
-38.858318	407.4155	14.289795
-38.857502	407.83426	14.299561
-38.856781	403.89401	14.309326
-38.856209	401.40259	14.319092
-38.854332	400.86044	14.328857
-38.855209	405.56583	14.338623
-38.854404	410.9007	14.348389
-38.853218	411.39709	14.358154
-38.851936	406.45761	14.36792
-38.8521	403.0415	14.377686
-38.851051	404.84375	14.387451
-38.850418	407.80386	14.397217
-38.849434	411.42883	14.406982
-38.846996	411.44562	14.416748
-38.846981	412.37198	14.426514
-38.845127	408.5347	14.436279
-38.845409	404.17987	14.446045
-38.844734	407.34576	14.455811
-38.844662	412.53558	14.465576
-38.843056	415.66498	14.475342
-38.842133	412.65512	14.485107
-38.84185	407.76727	14.494873
-38.841259	408.90503	14.504639
-38.840092	408.51227	14.514404
-38.838867	412.74869	14.52417
-38.838345	414.59952	14.533936
-38.837894	416.07126	14.543701
-38.837463	414.62863	14.553467
-38.83506	408.48187	14.563232
-38.834507	410.57932	14.572998
-38.833866	412.90778	14.582764
-38.832882	417.94495	14.592529
-38.832485	418.90652	14.602295
-38.83194	413.06473	14.612061
-38.831703	412.4332	14.621826
-38.829975	413.27612	14.631592
-38.829857	413.35339	14.641357
-38.828506	416.70663	14.651123
-38.827515	419.01572	14.660889
-38.82674	420.68576	14.670654
-38.826008	414.54916	14.68042
-38.825535	412.90567	14.690186
-38.823833	413.98428	14.699951
-38.824615	418.42822	14.709717
-38.822502	419.4386	14.719482
-38.822044	418.84109	14.729248
-38.821621	419.38257	14.739014
-38.821205	418.58276	14.748779
-38.820091	416.85617	14.758545
-38.818626	416.86581	14.768311
-38.818268	418.28223	14.778076
-38.817574	423.25494	14.787842
-38.815941	421.28375	14.797607
-38.815735	421.1752	14.807373
-38.814365	414.91327	14.817139
-38.814964	419.72476	14.826904
-38.813549	420.99164	14.83667
-38.811901	419.9809	14.846436
-38.810791	425.20953	14.856201
-38.810608	423.86612	14.865967
-38.809921	421.89987	14.875732
-38.808453	419.23053	14.885498
-38.808567	416.30988	14.895264
-38.80743	425.74585	14.905029
-38.806297	427.72415	14.914795
-38.806	426.18277	14.924561
-38.804691	421.50232	14.934326
-38.804493	417.8078	14.944092
-38.803097	422.81442	14.953857
-38.803356	422.72028	14.963623
-38.80201	426.55869	14.973389
-38.800625	428.92191	14.983154
-38.799877	425.36588	14.99292
-38.798805	423.12799	15.002686
-38.797958	417.77084	15.012451
-38.797276	422.59076	15.022217
-38.795979	429.16406	15.031982
-38.795856	430.1622	15.041748
-38.794579	427.01797	15.051514
-38.794563	422.6962	15.061279
-38.792896	422.10339	15.071045
-38.792778	423.46982	15.080811
-38.791763	427.93069	15.090576
-38.791065	430.05551	15.100342
-38.789696	429.6832	15.110107
-38.788906	427.02826	15.119873
-38.789604	421.32434	15.129639
-38.786839	423.70694	15.139404
-38.786991	429.24106	15.14917
-38.786007	432.67477	15.158936
-38.78463	431.27213	15.168701
-38.785526	426.96524	15.178467
-38.783024	427.57828	15.188232
-38.782848	426.85339	15.197998
-38.782227	430.5813	15.207764
-38.781406	430.9516	15.217529
-38.78022	432.85248	15.227295
-38.78038	433.33105	15.237061
-38.78019	425.50195	15.246826
-38.778412	427.97076	15.256592
-38.7766	429.55295	15.266357
-38.776569	432.99356	15.276123
-38.775131	434.98941	15.285889
-38.77409	431.27335	15.295654
-38.774052	432.53488	15.30542
-38.773468	431.25851	15.315186
-38.77232	429.64822	15.324951
-38.771965	432.04492	15.334717
-38.771755	433.39896	15.344482
-38.769455	436.93619	15.354248
-38.769913	434.28525	15.364014
-38.76881	430.86475	15.373779
-38.767776	430.12778	15.383545
-38.766464	431.66238	15.393311
-38.765728	436.61816	15.403076
-38.764969	434.92871	15.412842
-38.763702	436.00143	15.422607
-38.762482	436.31348	15.432373
-38.762867	432.9762	15.442139
-38.761707	430.93533	15.451904
-38.761013	432.86563	15.46167
-38.761227	438.21994	15.471436
-38.760029	439.48666	15.481201
-38.758057	436.37418	15.490967
-38.757607	432.75589	15.500732
-38.755249	434.49371	15.510498
-38.75568	436.05637	15.520264
-38.754929	435.98004	15.530029
-38.75399	440.81982	15.539795
-38.753681	440.18445	15.549561
-38.752934	437.57086	15.559326
-38.751644	433.01846	15.569092
-38.751671	431.39609	15.578857
-38.75082	437.8692	15.588623
-38.749985	441.64105	15.598389
-38.748718	441.85861	15.608154
-38.747593	438.56738	15.61792
-38.747711	434.19894	15.627686
-38.745693	437.61124	15.637451
-38.74575	436.27472	15.647217
-38.744492	443.81534	15.656982
-38.743351	442.90945	15.666748
-38.742992	442.14008	15.676514
-38.741901	438.43326	15.686279
-38.741425	432.82941	15.696045
-38.741531	436.46783	15.705811
-38.740265	444.63165	15.715576
-38.739113	445.71497	15.725342
-38.737915	441.26163	15.735107
-38.737621	437.23801	15.744873
-38.735298	436.69809	15.754639
-38.735451	438.59583	15.764404
-38.735168	440.98849	15.77417
-38.733028	445.70529	15.783936
-38.733227	444.68353	15.793701
-38.732864	442.2233	15.803467
-38.731056	435.90994	15.813232
-38.730751	437.90799	15.822998
-38.73101	440.86887	15.832764
-38.729752	446.12231	15.842529
-38.728249	445.57764	15.852295
-38.728119	441.70947	15.862061
-38.727177	440.46548	15.871826
-38.725563	441.04166	15.881592
-38.726078	443.23444	15.891357
-38.724766	442.31247	15.901123
-38.723808	445.85266	15.910889
-38.721912	447.3699	15.920654
-38.721794	440.86789	15.93042
-38.720982	442.92548	15.940186
-38.719788	442.68167	15.949951
-38.718853	445.15323	15.959717
-38.719181	446.71503	15.969482
-38.717739	445.61249	15.979248
-38.717102	445.00873	15.989014
-38.716881	444.59433	15.998779
-38.715599	441.64722	16.008545
-38.714024	441.72394	16.018311
-38.712952	443.84796	16.028076
-38.713436	450.91733	16.037842
-38.712341	447.30716	16.047607
-38.711308	445.59735	16.057373
-38.711246	442.98184	16.067139
-38.709682	442.43826	16.076904
-38.708599	447.62598	16.08667
-38.708946	445.33115	16.096436
-38.708187	448.54208	16.106201
-38.705593	450.33362	16.115967
-38.705551	443.94717	16.125732
-38.705097	441.86694	16.135498
-38.703259	442.52374	16.145264
-38.703346	449.21252	16.155029
-38.702782	451.14685	16.164795
-38.700962	449.42056	16.174561
-38.700779	444.60901	16.184326
-38.700272	442.3634	16.194092
-38.699047	445.245	16.203857
-38.697651	446.48758	16.213623
-38.697388	450.28925	16.223389
-38.696522	451.80933	16.233154
-38.69627	451.76123	16.24292
-38.69532	444.63736	16.252686
-38.694221	442.97443	16.262451
-38.693325	447.94919	16.272217
-38.692806	452.42108	16.281982
-38.691269	454.47388	16.291748
-38.690788	448.54504	16.301514
-38.690296	446.81119	16.311279
-38.690598	447.51907	16.321045
-38.688194	444.07947	16.330811
-38.687824	451.30542	16.340576
-38.686932	454.03302	16.350342
-38.685314	452.34439	16.360107
-38.684898	449.92688	16.369873
-38.683971	443.15704	16.379639
-38.682777	445.9671	16.389404
-38.683113	453.07471	16.39917
-38.681927	454.3111	16.408936
-38.681049	452.7345	16.418701
-38.680603	448.39688	16.428467
-38.679169	448.84442	16.438232
-38.680084	448.22833	16.447998
-38.678162	448.75238	16.457764
-38.677582	452.72977	16.467529
-38.67606	455.12466	16.477295
-38.675419	453.694	16.487061
-38.675762	446.97324	16.496826
-38.6735	447.16257	16.506592
-38.672306	449.14703	16.516357
-38.672279	454.63699	16.526123
-38.672028	452.36166	16.535889
-38.669918	452.8331	16.545654
-38.66946	451.34308	16.55542
-38.669891	450.89114	16.565186
-38.667488	448.47195	16.574951
-38.667145	450.38431	16.584717
-38.666882	454.85214	16.594482
-38.665951	456.05664	16.604248
-38.665314	450.74005	16.614014
-38.664295	449.92444	16.623779
-38.663021	446.37747	16.633545
-38.663002	452.52536	16.643311
-38.661388	453.6972	16.653076
-38.661705	452.65683	16.662842
-38.659492	454.11765	16.672607
-38.660496	451.90353	16.682373
-38.658817	450.53036	16.692139
-38.657749	448.0361	16.701904
-38.657608	450.23456	16.71167
-38.655613	457.86981	16.721436
-38.655144	454.87253	16.731201
-38.653984	454.71078	16.740967
-38.653557	449.56915	16.750732
-38.653248	449.72501	16.760498
-38.652092	452.02921	16.770264
-38.651314	451.17831	16.780029
-38.650517	454.55203	16.789795
-38.650452	456.31607	16.799561
-38.649105	451.86298	16.809326
-38.647938	449.32715	16.819092
-38.646641	448.61435	16.828857
-38.647068	454.97757	16.838623
-38.64547	456.20996	16.848389
-38.644966	456.48135	16.858154
-38.643623	452.96304	16.86792
-38.642788	450.82062	16.877686
-38.641918	450.93039	16.887451
-38.642014	451.62354	16.897217
-38.640934	456.06357	16.906982
-38.639812	456.73398	16.916748
-38.639603	457.37137	16.926514
-38.638329	452.52756	16.936279
-38.635365	448.63058	16.946045
-38.637409	452.85321	16.955811
-38.636463	456.36185	16.965576
-38.635075	459.01065	16.975342
-38.633186	454.05045	16.985107
-38.632538	452.62549	16.994873
-38.632923	452.29483	17.004639
-38.632748	449.10281	17.014404
-38.631252	454.50131	17.02417
-38.63018	456.38416	17.033936
-38.629261	458.9126	17.043701
-38.62759	454.27386	17.053467
-38.627209	447.57855	17.063232
-38.625816	450.10635	17.072998
-38.627201	454.59933	17.082764
-38.625156	456.75311	17.092529
-38.623386	456.42548	17.102295
-38.622864	452.14145	17.112061
-38.623585	454.8356	17.121826
-38.622044	450.68661	17.131592
-38.620628	452.99661	17.141357
-38.619556	455.38779	17.151123
-38.619705	458.20956	17.160889
-38.618019	457.69168	17.170654
-38.619217	451.80191	17.18042
-38.616901	449.68912	17.190186
-38.615887	452.42371	17.199951
-38.614571	455.21295	17.209717
-38.614681	457.84009	17.219482
-38.61237	455.73141	17.229248
-38.613194	454.49292	17.239014
-38.610386	454.44043	17.248779
-38.61142	452.64609	17.258545
-38.610939	453.52707	17.268311
-38.609669	455.20053	17.278076
-38.60833	459.28857	17.287842
-38.608284	454.12549	17.297607
-38.607395	456.0946	17.307373
-38.606483	453.39911	17.317139
-38.605473	455.77823	17.326904
-38.603817	456.13739	17.33667
-38.604118	456.02966	17.346436
-38.603184	458.89795	17.356201
-38.601479	459.00433	17.365967
-38.600979	455.35419	17.375732
-38.602085	450.22977	17.385498
-38.600609	451.06702	17.395264
-38.598179	458.4415	17.405029
-38.599224	456.4476	17.414795
-38.597492	457.90741	17.424561
-38.596855	453.65195	17.434326
-38.596165	452.75369	17.444092
-38.594997	453.85529	17.453857
-38.594509	454.81769	17.463623
-38.592709	457.80325	17.473389
-38.59309	459.23169	17.483154
-38.591942	454.81564	17.49292
-38.590668	452.30835	17.502686
-38.59	448.74554	17.512451
-38.589504	455.72461	17.522217
-38.588268	460.52988	17.531982
-38.587677	458.44009	17.541748
-38.586594	456.42731	17.551514
-38.584942	452.34616	17.561279
-38.584438	453.6377	17.571045
-38.584267	451.29639	17.580811
-38.582951	456.62155	17.590576
-38.583031	459.62897	17.600342
-38.582531	458.90604	17.610107
-38.580727	454.45245	17.619873
-38.581253	449.85757	17.629639
-38.579529	451.91556	17.639404
-38.579578	459.54846	17.64917
-38.577721	460.54562	17.658936
-38.577351	458.91632	17.668701
-38.576328	455.27188	17.678467
-38.57579	453.87366	17.688232
-38.574364	449.67709	17.697998
-38.574841	455.32114	17.707764
-38.573395	455.52359	17.717529
-38.572742	462.0647	17.727295
-38.571617	458.41086	17.737061
-38.571301	452.061	17.746826
-38.570015	452.19205	17.756592
-38.568516	454.83899	17.766357
-38.568447	457.22574	17.776123
-38.567249	458.70782	17.785889
-38.565933	455.36011	17.795654
-38.565884	455.99942	17.80542
-38.565376	452.78226	17.815186
-38.564762	452.92599	17.824951
-38.563694	454.34897	17.834717
-38.561787	457.45953	17.844482
-38.562305	460.39972	17.854248
-38.560169	453.3381	17.864014
-38.559803	453.37973	17.873779
-38.558537	452.99789	17.883545
-38.558369	454.32376	17.893311
-38.557816	458.04382	17.903076
-38.555969	456.7543	17.912842
-38.555424	455.263	17.922607
-38.554737	456.94604	17.932373
-38.55489	451.11777	17.942139
-38.554043	451.33374	17.951904
-38.554253	454.53522	17.96167
-38.552292	457.4422	17.971436
-38.55106	455.88953	17.981201
-38.550892	456.53867	17.990967
-38.549812	455.09769	18.000732
-38.548836	453.69678	18.010498
-38.547298	453.36661	18.020264
-38.547905	455.61383	18.030029
-38.545605	457.55759	18.039795
-38.544811	457.85077	18.049561
-38.544464	455.04205	18.059326
-38.54438	449.81815	18.069092
-38.543289	451.01755	18.078857
-38.541752	456.20364	18.088623
-38.540443	457.77704	18.098389
-38.54002	458.56711	18.108154
-38.539268	454.58148	18.11792
-38.538746	452.80551	18.127686
-38.539185	451.86539	18.137451
-38.538551	449.12817	18.147217
-38.535442	458.49899	18.156982
-38.535938	460.01871	18.166748
-38.534424	456.93472	18.176514
-38.532742	452.22836	18.186279
-38.533802	448.69193	18.196045
-38.532497	452.09372	18.205811
-38.530888	455.51068	18.215576
-38.530659	457.59857	18.225342
-38.529228	457.84326	18.235107
-38.529449	453.69406	18.244873
-38.527531	452.00848	18.254639
-38.527523	449.64124	18.264404
-38.526691	453.04608	18.27417
-38.526108	458.21637	18.283936
-38.524876	457.7175	18.293701
-38.523979	454.09244	18.303467
-38.522411	448.49689	18.313232
-38.522366	448.66238	18.322998
-38.521111	453.94562	18.332764
-38.520271	456.78247	18.342529
-38.519993	455.76242	18.352295
-38.519047	453.77859	18.362061
-38.517574	452.81287	18.371826
-38.517296	449.49979	18.381592
-38.516243	452.26517	18.391357
-38.515984	453.6138	18.401123
-38.515083	457.11661	18.410889
-38.514709	456.88528	18.420654
-38.513397	450.673	18.43042
-38.513523	449.53799	18.440186
-38.512428	452.194	18.449951
-38.510677	454.13925	18.459717
-38.510353	453.96777	18.469482
-38.508602	454.4935	18.479248
-38.508736	453.0018	18.489014
-38.507801	449.72424	18.498779
-38.507248	450.62366	18.508545
-38.506271	450.06729	18.518311
-38.505104	452.93045	18.528076
-38.503845	457.31134	18.537842
-38.50349	451.18491	18.547607
-38.502682	452.51077	18.557373
-38.502216	450.00055	18.567139
-38.501484	448.86105	18.576904
-38.499874	452.88043	18.58667
-38.499542	451.95813	18.596436
-38.498653	455.50677	18.606201
-38.498589	455.84338	18.615967
-38.497227	451.08578	18.625732
-38.495789	448.48071	18.635498
-38.495407	449.0184	18.645264
-38.494408	454.81931	18.655029
-38.493458	454.6713	18.664795
-38.493294	453.80554	18.674561
-38.493748	451.09442	18.684326
-38.491428	450.81137	18.694092
-38.491962	448.50851	18.703857
-38.490253	450.24503	18.713623
-38.490337	456.12009	18.723389
-38.487762	457.20291	18.733154
-38.486977	453.02997	18.74292
-38.486256	446.39145	18.752686
-38.486755	446.65216	18.762451
-38.486576	452.26505	18.772217
-38.484867	454.4791	18.781982
-38.484344	456.17053	18.791748
-38.483677	452.34149	18.801514
-38.480869	451.64856	18.811279
-38.480591	449.33243	18.821045
-38.480366	445.99789	18.830811
-38.480206	452.42865	18.840576
-38.478905	455.83881	18.850342
-38.47747	456.35864	18.860107
-38.476788	450.82233	18.869873
-38.476032	446.22452	18.879639
-38.47509	448.01077	18.889404
-38.474564	451.28369	18.89917
-38.474045	453.79248	18.908936
-38.472633	453.36942	18.918701
-38.473038	450.79672	18.928467
-38.470592	452.14117	18.938232
-38.470436	445.01425	18.947998
-38.470284	449.8815	18.957764
-38.468578	453.53632	18.967529
-38.467995	455.62006	18.977295
-38.468063	452.95163	18.987061
-38.466091	445.45419	18.996826
-38.46616	446.17932	19.006592
-38.464893	450.37952	19.016357
-38.463097	451.23697	19.026123
-38.463154	453.83075	19.035889
-38.462917	451.61938	19.045654
-38.462467	450.25708	19.05542
-38.460861	445.71487	19.065186
-38.460136	446.37601	19.074951
-38.458775	447.89432	19.084717
-38.458141	454.43091	19.094482
-38.45705	453.98538	19.104248
-38.457085	448.25278	19.114014
-38.45612	447.51086	19.123779
-38.453758	448.56229	19.133545
-38.45475	452.37009	19.143311
-38.452888	448.60886	19.153076
-38.453079	451.20474	19.162842
-38.451443	452.85944	19.172607
-38.451168	447.3562	19.182373
-38.449791	446.65784	19.192139
-38.449425	445.20517	19.201904
-38.448357	448.00885	19.21167
-38.447273	453.46136	19.221436
-38.445694	449.3689	19.231201
-38.44566	449.64243	19.240967
-38.444786	447.15622	19.250732
-38.444752	446.45578	19.260498
-38.444599	448.05569	19.270264
-38.442348	448.58884	19.280029
-38.441959	452.50119	19.289795
-38.44178	451.72766	19.299561
-38.440487	446.65915	19.309326
-38.438786	445.30585	19.319092
-38.438725	444.24561	19.328857
-38.437939	448.83725	19.338623
-38.437691	449.92615	19.348389
-38.436302	452.08008	19.358154
-38.435322	449.73254	19.36792
-38.434658	445.85101	19.377686
-38.434433	443.23636	19.387451
-38.432549	444.08615	19.397217
-38.431812	448.02759	19.406982
-38.432148	454.7034	19.416748
-38.430405	450.45975	19.426514
-38.429787	445.42975	19.436279
-38.42971	441.57983	19.446045
-38.427986	446.16312	19.455811
-38.42765	447.98029	19.465576
-38.425461	451.04346	19.475342
-38.426472	448.47784	19.485107
-38.425953	447.96545	19.494873
-38.424854	443.38843	19.504639
-38.42326	442.52097	19.514404
-38.42305	448.15591	19.52417
-38.421902	451.74692	19.533936
-38.421146	453.00952	19.543701
-38.418751	447.48911	19.553467
-38.419491	442.27786	19.563232
-38.417583	443.62762	19.572998
-38.416836	446.6264	19.582764
-38.416431	450.31934	19.592529
-38.416374	450.33203	19.602295
-38.415676	446.42786	19.612061
-38.415329	447.98254	19.621826
-38.413715	440.69156	19.631592
-38.413887	445.427	19.641357
-38.412045	447.0679	19.651123
-38.4109	450.82852	19.660889
-38.409843	449.61075	19.670654
-38.408829	445.51974	19.68042
-38.409	444.21628	19.690186
-38.408504	444.96976	19.699951
-38.407589	447.16455	19.709717
-38.406441	448.51019	19.719482
-38.40498	447.96518	19.729248
-38.405197	447.85464	19.739014
-38.404953	443.54611	19.748779
-38.403687	442.95959	19.758545
-38.402836	445.94046	19.768311
-38.401337	448.67911	19.778076
-38.400486	449.20029	19.787842
-38.400719	446.12778	19.797607
-38.398468	444.4946	19.807373
-38.397022	443.16541	19.817139
-38.398804	443.26239	19.826904
-38.39677	446.37234	19.83667
-38.395573	446.97333	19.846436
-38.394314	448.6998	19.856201
-38.394081	446.33533	19.865967
-38.394276	443.026	19.875732
-38.392754	441.65866	19.885498
-38.390686	444.86502	19.895264
-38.391228	449.63968	19.905029
-38.388767	446.81937	19.914795
-38.388706	448.70078	19.924561
-38.389084	443.81268	19.934326
-38.387211	442.79068	19.944092
-38.386833	443.11218	19.953857
-38.384506	441.6102	19.963623
-38.384216	449.11301	19.973389
-38.384872	449.33109	19.983154
-38.384712	446.08203	19.99292
-38.382252	442.26968	20.002686
-38.381477	439.13217	20.012451


Data Header:			0.254_solid_dimension_typeiv_090_r0			Time:	28.105469	s	4/14/2019 1:39:40 AM
Data Acquisition:	Timed
Station Name:	ft40.cfg
Test File Name:	monotonic_0.2540_typeiv_solid_090_dimension.tst
Displacement	Force	Running Time
mm	N	s
-38.38089	444.34299	20.022217
-38.379807	444.90543	20.031982
-38.379196	446.80396	20.041748
-38.37751	446.69791	20.051514
-38.378101	442.97372	20.061279
-38.377045	440.70294	20.071045
-38.375862	439.23929	20.080811
-38.374897	446.96231	20.090576
-38.373825	449.93887	20.100342
-38.372719	447.53317	20.110107
-38.371868	443.19342	20.119873
-38.372711	437.6925	20.129639
-38.371384	439.40344	20.139404
-38.37064	444.79486	20.14917
-38.369301	446.31128	20.158936
-38.368481	447.40381	20.168701
-38.368305	445.26392	20.178467
-38.367496	441.8653	20.188232
-38.365211	439.05939	20.197998
-38.365566	441.23611	20.207764
-38.365303	446.56146	20.217529
-38.363976	450.62625	20.227295
-38.363407	443.63626	20.237061
-38.362041	439.9949	20.246826
-38.36187	439.06604	20.256592
-38.36076	442.3367	20.266357
-38.359623	444.91614	20.276123
-38.359451	445.43842	20.285889
-38.357895	445.87625	20.295654
-38.356964	444.59567	20.30542
-38.356586	437.40442	20.315186
-38.357006	440.13297	20.324951
-38.355137	440.80515	20.334717
-38.354977	446.67926	20.344482
-38.353062	445.50897	20.354248
-38.352699	440.98978	20.364014
-38.351303	440.60065	20.373779
-38.351269	441.9201	20.383545
-38.349865	442.21027	20.393311
-38.348526	443.39374	20.403076
-38.348042	444.17642	20.412842
-38.347469	445.84677	20.422607
-38.346535	440.65567	20.432373
-38.347569	438.56931	20.442139
-38.34586	439.96237	20.451904
-38.344559	442.27316	20.46167
-38.342583	446.48605	20.471436
-38.342781	443.79419	20.481201
-38.342377	444.19406	20.490967
-38.341011	441.30008	20.500732
-38.340614	441.32394	20.510498
-38.33989	441.32513	20.520264
-38.337166	444.07877	20.530029
-38.338234	445.60764	20.539795
-38.336491	444.95319	20.549561
-38.336769	441.52377	20.559326
-38.335056	436.91052	20.569092
-38.334553	439.96439	20.578857
-38.333702	441.8187	20.588623
-38.332863	443.96844	20.598389
-38.332588	446.58984	20.608154
-38.331825	444.17865	20.61792
-38.330803	441.12244	20.627686
-38.330395	437.56152	20.637451
-38.329189	438.85623	20.647217
-38.328533	445.78363	20.656982
-38.327484	446.66122	20.666748
-38.327007	445.3129	20.676514
-38.325302	440.29602	20.686279
-38.324139	436.74771	20.696045
-38.324711	442.64899	20.705811
-38.322018	441.26187	20.715576
-38.322426	445.39972	20.725342
-38.322224	444.96826	20.735107
-38.320206	441.81955	20.744873
-38.319717	439.80585	20.754639
-38.31842	435.88577	20.764404
-38.317783	440.76559	20.77417
-38.317371	446.58521	20.783936
-38.316692	446.06641	20.793701
-38.316479	441.50504	20.803467
-38.314816	436.29327	20.813232
-38.314255	438.80908	20.822998
-38.313873	440.46198	20.832764
-38.312637	444.37064	20.842529
-38.311932	445.15619	20.852295
-38.311073	443.64828	20.862061
-38.310005	441.74435	20.871826
-38.308361	436.16101	20.881592
-38.30912	436.38025	20.891357
-38.307446	444.25665	20.901123
-38.307693	446.2149	20.910889
-38.306511	445.11298	20.920654
-38.304745	438.0864	20.93042
-38.303619	438.75485	20.940186
-38.304077	437.15091	20.949951
-38.301594	441.36313	20.959717
-38.302383	443.81335	20.969482
-38.301449	444.6087	20.979248
-38.301151	442.87195	20.989014
-38.300335	436.40308	20.998779
-38.29958	438.04938	21.008545
-38.298004	438.41168	21.018311
-38.296799	444.25052	21.028076
-38.296242	444.62674	21.037842
-38.295341	439.94843	21.047607
-38.29398	440.63016	21.057373
-38.293419	439.34171	21.067139
-38.292583	439.62265	21.076904
-38.292133	439.39911	21.08667
-38.290604	441.79074	21.096436
-38.290718	444.00607	21.106201
-38.290295	440.85757	21.115967
-38.288513	438.46677	21.125732
-38.288391	437.41769	21.135498
-38.287403	439.10074	21.145264
-38.286507	443.7605	21.155029
-38.286293	441.77988	21.164795
-38.284443	442.78333	21.174561
-38.283539	441.09616	21.184326
-38.28484	437.79471	21.194092
-38.28273	438.18747	21.203857
-38.281528	439.50198	21.213623
-38.281013	444.75339	21.223389
-38.280918	446.75345	21.233154
-38.278255	441.50314	21.24292
-38.278423	437.99362	21.252686
-38.276424	436.5838	21.262451
-38.276676	442.13879	21.272217
-38.276211	442.31067	21.281982
-38.275871	445.38519	21.291748
-38.273861	442.99353	21.301514
-38.273716	440.85883	21.311279
-38.273617	436.00851	21.321045
-38.271355	435.45523	21.330811
-38.271412	441.05206	21.340576
-38.27021	444.70535	21.350342
-38.269356	443.95291	21.360107
-38.268578	437.6962	21.369873
-38.268097	436.21353	21.379639
-38.266674	438.05679	21.389404
-38.265892	438.57153	21.39917
-38.264771	442.34674	21.408936
-38.264557	443.46509	21.418701
-38.263927	439.92215	21.428467
-38.261883	437.34918	21.438232
-38.26152	433.2836	21.447998
-38.260956	438.2182	21.457764
-38.260082	443.40222	21.467529
-38.259495	444.63159	21.477295
-38.259411	442.16504	21.487061
-38.257744	435.39899	21.496826
-38.257057	436.47726	21.506592
-38.256008	437.43893	21.516357
-38.256561	439.74316	21.526123
-38.254608	442.91751	21.535889
-38.254128	441.50793	21.545654
-38.252491	441.72928	21.55542
-38.252502	435.09064	21.565186
-38.250813	436.29575	21.574951
-38.250683	440.05023	21.584717
-38.250309	443.41339	21.594482
-38.249413	441.21591	21.604248
-38.248413	439.48618	21.614014
-38.246811	437.10083	21.623779
-38.246433	437.43903	21.633545
-38.245537	438.15042	21.643311
-38.244225	438.93091	21.653076
-38.243198	443.08115	21.662842
-38.243443	442.09833	21.672607
-38.243279	438.11856	21.682373
-38.241978	437.68964	21.692139
-38.240749	435.67599	21.701904
-38.2397	440.17947	21.71167
-38.23922	441.39853	21.721436
-38.237755	439.76248	21.731201
-38.23756	440.20447	21.740967
-38.237747	438.01425	21.750732
-38.235729	436.97589	21.760498
-38.236019	437.50815	21.770264
-38.234234	436.26801	21.780029
-38.235428	444.16638	21.789795
-38.233002	440.40695	21.799561
-38.232914	438.85614	21.809326
-38.23138	435.2991	21.819092
-38.231346	437.11066	21.828857
-38.229351	439.96167	21.838623
-38.228615	440.28992	21.848389
-38.228107	442.63739	21.858154
-38.226643	440.8634	21.86792
-38.226795	436.89276	21.877686
-38.225189	436.18054	21.887451
-38.226017	436.21033	21.897217
-38.223263	440.83807	21.906982
-38.223011	444.45926	21.916748
-38.222839	440.66351	21.926514
-38.221981	436.55194	21.936279
-38.220688	435.79044	21.946045
-38.219978	436.97794	21.955811
-38.218998	438.31781	21.965576
-38.218151	441.99042	21.975342
-38.216915	441.65527	21.985107
-38.216927	439.2948	21.994873
-38.216125	436.33255	22.004639
-38.215168	432.82693	22.014404
-38.214828	436.45319	22.02417
-38.212627	443.27856	22.033936
-38.213203	444.57748	22.043701
-38.211643	437.78763	22.053467
-38.210384	436.80957	22.063232
-38.210587	436.60901	22.072998
-38.208176	436.17542	22.082764
-38.207535	443.39478	22.092529
-38.207325	442.00317	22.102295
-38.207813	440.336	22.112061
-38.205246	437.89511	22.121826
-38.205627	431.9931	22.131592
-38.203899	436.5217	22.141357
-38.202789	440.34512	22.151123
-38.202816	444.2247	22.160889
-38.201637	442.85602	22.170654
-38.200363	435.94702	22.18042
-38.200214	436.72595	22.190186
-38.198437	435.51019	22.199951
-38.198921	439.2345	22.209717
-38.197765	442.2226	22.219482
-38.198044	440.15341	22.229248
-38.197487	441.43823	22.239014
-38.195389	432.35983	22.248779
-38.195091	434.96884	22.258545
-38.194004	436.84497	22.268311
-38.192333	439.54111	22.278076
-38.192139	442.18442	22.287842
-38.19054	437.38461	22.297607
-38.18993	437.99606	22.307373
-38.18935	437.66281	22.317139
-38.189198	436.39023	22.326904
-38.188976	436.36014	22.33667
-38.186726	439.44879	22.346436
-38.185822	440.67126	22.356201
-38.186207	435.96866	22.365967
-38.184845	435.18732	22.375732
-38.184433	434.25107	22.385498
-38.183113	436.62183	22.395264
-38.182049	440.74149	22.405029
-38.180965	439.60449	22.414795
-38.181316	437.56152	22.424561
-38.180019	438.27753	22.434326
-38.179497	436.43372	22.444092
-38.178024	433.06647	22.453857
-38.178349	436.72882	22.463623
-38.177326	441.93274	22.473389
-38.1754	440.05569	22.483154
-38.176758	437.55359	22.49292
-38.17503	432.45212	22.502686
-38.173862	432.30206	22.512451
-38.171883	437.98395	22.522217
-38.171238	435.95624	22.531982
-38.169994	439.92636	22.541748
-38.170578	439.47934	22.551514
-38.168617	436.48315	22.561279
-38.16901	435.17969	22.571045
-38.167419	431.92264	22.580811
-38.166306	437.26535	22.590576
-38.166454	443.45071	22.600342
-38.166012	440.54568	22.610107
-38.165127	436.64557	22.619873
-38.164406	432.44373	22.629639
-38.163025	435.42554	22.639404
-38.16206	435.32028	22.64917
-38.16143	439.53403	22.658936
-38.160027	441.36478	22.668701
-38.159695	438.6759	22.678467
-38.159313	434.51764	22.688232
-38.158291	431.1575	22.697998
-38.156971	434.92328	22.707764
-38.156197	441.4527	22.717529
-38.155453	441.19611	22.727295
-38.154869	438.85321	22.737061
-38.154507	435.45239	22.746826
-38.152428	434.2092	22.756592
-38.151775	434.763	22.766357
-38.151173	439.09262	22.776123
-38.150772	440.1152	22.785889
-38.149334	440.68216	22.795654
-38.149612	437.64056	22.80542
-38.148899	431.6084	22.815186
-38.148071	433.70248	22.824951
-38.147163	436.88202	22.834717
-38.145828	439.74686	22.844482
-38.144939	440.86816	22.854248
-38.144238	434.02438	22.864014
-38.143429	435.522	22.873779
-38.142113	434.34753	22.883545
-38.141727	435.96051	22.893311
-38.140682	438.96143	22.903076
-38.1404	438.93744	22.912842
-38.138912	441.07629	22.922607
-38.138176	433.46063	22.932373
-38.137943	434.56393	22.942139
-38.135677	433.96576	22.951904
-38.136112	438.01547	22.96167
-38.134346	440.05768	22.971436
-38.133133	437.25156	22.981201
-38.132648	436.78448	22.990967
-38.132557	436.68506	23.000732
-38.13097	432.09097	23.010498
-38.130257	436.36105	23.020264
-38.130257	437.39996	23.030029
-38.12986	441.00183	23.039795
-38.12886	437.81311	23.049561
-38.12738	436.79843	23.059326
-38.126892	434.0387	23.069092
-38.126225	435.36179	23.078857
-38.125896	437.03674	23.088623
-38.124969	437.94806	23.098389
-38.123459	438.56067	23.108154
-38.123871	436.54529	23.11792
-38.12331	433.89807	23.127686
-38.121281	431.12503	23.137451
-38.120583	434.72958	23.147217
-38.118874	438.68274	23.156982
-38.119133	438.90738	23.166748
-38.117935	440.65161	23.176514
-38.118416	434.62332	23.186279
-38.116512	433.95578	23.196045
-38.114143	435.4303	23.205811
-38.11459	433.49484	23.215576
-38.114399	442.53842	23.225342
-38.112839	440.79022	23.235107
-38.112907	437.97095	23.244873
-38.110882	433.47314	23.254639
-38.111084	429.20297	23.264404
-38.110703	436.38901	23.27417
-38.108421	442.20724	23.283936
-38.107788	440.06314	23.293701
-38.107735	435.43365	23.303467
-38.10714	432.29117	23.313232
-38.106171	433.32419	23.322998
-38.105396	432.28204	23.332764
-38.103584	437.37549	23.342529
-38.103413	441.43643	23.352295
-38.102638	438.78271	23.362061
-38.102097	435.69989	23.371826
-38.100224	430.14221	23.381592
-38.100567	432.11444	23.391357
-38.100227	438.39404	23.401123
-38.098366	440.14743	23.410889
-38.097393	437.77655	23.420654
-38.097614	434.40851	23.43042
-38.095501	434.57278	23.440186
-38.094734	433.5957	23.449951
-38.09417	437.91705	23.459717
-38.094048	437.07867	23.469482
-38.092079	440.88547	23.479248
-38.092216	437.55444	23.489014
-38.089867	431.52896	23.498779
-38.090202	433.59024	23.508545
-38.089733	434.67441	23.518311
-38.08976	439.26068	23.528076
-38.087555	438.52188	23.537842
-38.086159	437.93097	23.547607
-38.086254	434.05545	23.557373
-38.085548	433.31693	23.567139
-38.084942	434.76575	23.576904
-38.083069	433.75281	23.58667
-38.08427	436.668	23.596436
-38.082104	440.91733	23.606201
-38.081753	434.09991	23.615967
-38.080219	435.1196	23.625732
-38.080357	432.60687	23.635498
-38.078671	434.0874	23.645264
-38.077084	439.9967	23.655029
-38.076717	435.42514	23.664795
-38.077194	437.97626	23.674561
-38.075985	435.79117	23.684326
-38.075203	433.28418	23.694092
-38.073868	431.93784	23.703857
-38.072933	434.42734	23.713623
-38.072266	439.68384	23.723389
-38.071709	437.1286	23.733154
-38.071163	434.9104	23.74292
-38.069504	432.98883	23.752686
-38.069118	433.80859	23.762451
-38.06834	435.22897	23.772217
-38.068439	434.48508	23.781982
-38.066742	439.25165	23.791748
-38.065556	439.59131	23.801514
-38.066742	434.54178	23.811279
-38.06464	431.60773	23.821045
-38.063461	430.85349	23.830811
-38.0639	436.91956	23.840576
-38.061092	440.31009	23.850342
-38.060841	437.90857	23.860107
-38.058884	435.07297	23.869873
-38.059826	432.35001	23.879639
-38.058556	433.15283	23.889404
-38.057323	431.21463	23.89917
-38.056808	439.36972	23.908936
-38.057064	437.97488	23.918701
-38.055565	438.23315	23.928467
-38.05468	430.65686	23.938232
-38.05476	426.59518	23.947998
-38.053459	433.59738	23.957764
-38.051876	437.78815	23.967529
-38.050503	440.38904	23.977295
-38.05051	435.48395	23.987061
-38.049992	431.66971	23.996826
-38.05061	433.23053	24.006592
-38.04837	429.91068	24.016357
-38.047256	435.08841	24.026123
-38.046432	439.3461	24.035889
-38.045395	437.69119	24.045654
-38.044903	435.4097	24.05542
-38.043324	429.03464	24.065186
-38.042873	430.36823	24.074951
-38.04216	435.44437	24.084717
-38.04187	437.29974	24.094482
-38.040844	438.77936	24.104248
-38.0396	434.49496	24.114014
-38.039543	433.68188	24.123779
-38.037609	432.19882	24.133545
-38.036991	432.95139	24.143311
-38.036407	436.79764	24.153076
-38.035934	438.30371	24.162842
-38.034828	439.18607	24.172607
-38.032776	430.61118	24.182373
-38.032391	431.59671	24.192139
-38.031742	432.67792	24.201904
-38.030174	436.2406	24.21167
-38.030853	436.50925	24.221436
-38.029457	436.21649	24.231201
-38.02932	434.17996	24.240967
-38.029335	432.45135	24.250732
-38.026417	430.93689	24.260498
-38.026962	431.97058	24.270264
-38.026081	436.90656	24.280029
-38.024208	439.19412	24.289795
-38.02383	432.82507	24.299561
-38.025154	433.28076	24.309326
-38.022755	429.34021	24.319092
-38.021015	433.31174	24.328857
-38.02158	436.57126	24.338623
-38.020287	434.18741	24.348389
-38.019825	438.58331	24.358154
-38.018673	435.54196	24.36792
-38.017395	432.51724	24.377686
-38.017071	430.32675	24.387451
-38.016426	429.45557	24.397217
-38.014687	438.18982	24.406982
-38.014408	437.79364	24.416748
-38.013607	434.53531	24.426514
-38.013771	431.84064	24.436279
-38.012447	430.65088	24.446045
-38.011559	432.46503	24.455811
-38.010571	433.00967	24.465576
-38.010677	436.65759	24.475342
-38.008907	439.01834	24.485107
-38.007355	434.03577	24.494873
-38.006737	431.33206	24.504639
-38.007813	427.78192	24.514404
-38.006351	433.45462	24.52417
-38.005325	437.18387	24.533936
-38.004063	438.72934	24.543701
-38.003788	434.30566	24.553467
-38.002525	430.4549	24.563232
-38.001858	430.13846	24.572998
-38.000587	430.42505	24.582764
-38.000019	435.51868	24.592529
-38.001278	436.51651	24.602295
-37.998188	438.42728	24.612061
-37.997871	431.83154	24.621826
-37.997059	427.92636	24.631592
-37.996334	431.08661	24.641357
-37.995667	435.00302	24.651123
-37.994213	439.28543	24.660889
-37.993	435.42462	24.670654
-37.992863	432.33771	24.68042
-37.991364	432.23291	24.690186
-37.991352	428.72699	24.699951
-37.991291	434.4744	24.709717
-37.98988	435.29471	24.719482
-37.988415	436.6098	24.729248
-37.988178	437.33914	24.739014
-37.986958	428.96112	24.748779
-37.985996	430.68179	24.758545
-37.985641	433.36456	24.768311
-37.984478	434.23914	24.778076
-37.983913	437.49368	24.787842
-37.982983	434.60541	24.797607
-37.981262	432.31494	24.807373
-37.981529	432.08533	24.817139
-37.981205	430.47327	24.826904
-37.979557	432.8613	24.83667
-37.977982	436.92984	24.846436
-37.978504	435.90753	24.856201
-37.977192	432.61261	24.865967
-37.976418	430.67706	24.875732
-37.975708	431.31314	24.885498
-37.974136	431.68625	24.895264
-37.974476	435.00406	24.905029
-37.972404	434.02597	24.914795
-37.972855	434.07248	24.924561
-37.971882	433.01462	24.934326
-37.970924	431.32635	24.944092
-37.969864	428.17624	24.953857
-37.968899	432.71329	24.963623
-37.9687	437.02365	24.973389
-37.968384	433.7919	24.983154
-37.966988	433.23343	24.99292
-37.965031	429.06308	25.002686
-37.964779	430.12549	25.012451
-37.964428	431.51358	25.022217
-37.963406	432.65665	25.031982
-37.962177	434.2236	25.041748
-37.962231	435.45447	25.051514
-37.960228	432.61682	25.061279
-37.961075	429.21106	25.071045
-37.959217	426.91412	25.080811
-37.956787	434.55887	25.090576
-37.957806	434.04208	25.100342
-37.95668	435.5072	25.110107
-37.956112	431.33871	25.119873
-37.955414	429.24725	25.129639
-37.954533	431.71027	25.139404
-37.952831	429.21494	25.14917
-37.952568	433.29749	25.158936
-37.951225	436.28458	25.168701
-37.951412	434.43671	25.178467
-37.950596	429.40948	25.188232
-37.948982	425.5282	25.197998
-37.949223	430.66611	25.207764
-37.947723	436.72879	25.217529
-37.946461	436.57962	25.227295
-37.946606	432.5755	25.237061
-37.945366	429.61719	25.246826
-37.944519	427.59915	25.256592
-37.943752	426.21826	25.266357
-37.943375	432.61401	25.276123
-37.941856	435.27289	25.285889
-37.941933	435.58374	25.295654
-37.939816	431.36661	25.30542
-37.9403	425.36951	25.315186
-37.938148	427.26392	25.324951
-37.936878	431.50296	25.334717
-37.937878	435.25278	25.344482
-37.936024	433.27481	25.354248
-37.937641	429.29724	25.364014
-37.934849	428.8732	25.373779
-37.93396	425.59787	25.383545
-37.932518	429.96991	25.393311
-37.93169	431.67416	25.403076
-37.932186	435.23819	25.412842
-37.93129	434.9342	25.422607
-37.929485	427.81454	25.432373
-37.928879	426.83099	25.442139
-37.928051	429.64386	25.451904
-37.927654	431.6347	25.46167
-37.927162	433.43433	25.471436
-37.925404	430.25864	25.481201
-37.925968	432.31903	25.490967
-37.924217	429.72116	25.500732
-37.924347	427.76044	25.510498
-37.923389	430.18335	25.520264
-37.92247	431.06989	25.530029
-37.920456	435.6149	25.539795
-37.92033	431.66415	25.549561
-37.919338	428.48795	25.559326
-37.918686	429.31146	25.569092
-37.918846	428.93164	25.578857
-37.916584	431.45673	25.588623
-37.916397	430.9198	25.598389
-37.915321	433.36249	25.608154
-37.914455	431.79849	25.61792
-37.914253	429.27612	25.627686
-37.912807	425.53107	25.637451
-37.911495	427.84924	25.647217
-37.912018	433.95129	25.656982
-37.911297	432.75793	25.666748
-37.909702	431.9093	25.676514
-37.909176	427.6355	25.686279
-37.907753	427.733	25.696045
-37.906567	427.18265	25.705811
-37.907261	428.8688	25.715576
-37.905682	433.13318	25.725342
-37.904697	431.68542	25.735107
-37.903469	429.92078	25.744873
-37.904022	425.19348	25.754639
-37.90242	424.8468	25.764404
-37.901428	429.64719	25.77417
-37.900234	431.27188	25.783936
-37.899746	433.08774	25.793701
-37.898315	431.46371	25.803467
-37.897911	425.35544	25.813232
-37.89782	427.77771	25.822998
-37.897198	425.13297	25.832764
-37.894756	430.74908	25.842529
-37.89463	433.88892	25.852295
-37.894466	431.33615	25.862061
-37.893299	427.28021	25.871826
-37.893051	420.86914	25.881592
-37.892017	424.1438	25.891357
-37.889908	431.34525	25.901123
-37.890007	431.582	25.910889
-37.889168	429.82892	25.920654
-37.889832	427.97632	25.93042
-37.887028	425.94952	25.940186
-37.886124	423.08414	25.949951
-37.886307	426.37433	25.959717
-37.885754	429.35062	25.969482
-37.883614	431.62411	25.979248
-37.884418	427.01489	25.989014
-37.882328	422.05417	25.998779
-37.881901	422.98697	26.008545
-37.881802	426.25363	26.018311
-37.881252	431.00558	26.028076
-37.879303	428.64777	26.037842
-37.878712	425.75269	26.047607
-37.877388	425.51559	26.057373
-37.876717	421.55435	26.067139
-37.877045	423.02847	26.076904
-37.876541	422.98886	26.08667
-37.874249	427.81097	26.096436
-37.874828	428.24548	26.106201
-37.872719	420.52798	26.115967
-37.871773	421.55273	26.125732
-37.871891	420.01004	26.135498
-37.870819	423.44052	26.145264
-37.869099	424.03564	26.155029
-37.867817	421.47681	26.164795
-37.86816	422.27643	26.174561
-37.866917	419.12912	26.184326
-37.866104	413.75345	26.194092
-37.864647	413.15005	26.203857
-37.864098	412.18295	26.213623
-37.864269	415.4494	26.223389
-37.863205	403.66736	26.233154
-37.85836	-22.074379	26.24292
-37.857811	-36.852032	26.252686
-37.858936	-23.337818	26.262451
-37.857738	-50.408379	26.272217
-37.857811	-43.59042	26.281982
-37.857613	-41.998005	26.291748
-37.855988	-34.533825	26.301514
-37.855602	-44.24984	26.311279
-37.854275	-44.222103	26.321045
-37.853985	-46.594913	26.330811
-37.853554	-40.046585	26.340576
-37.85376	-38.648487	26.350342
-37.85194	-39.54438	26.360107
-37.850883	-44.65884	26.369873
-37.850426	-42.614288	26.379639
-37.849789	-46.231586	26.389404
-37.848354	-46.201283	26.39917
-37.847969	-40.17942	26.408936
-37.846378	-38.912804	26.418701
-37.846603	-39.351189	26.428467
-37.845695	-46.000153	26.438232
-37.845036	-46.706551	26.447998
-37.843815	-43.221943	26.457764
-37.843327	-41.419247	26.467529
-37.841942	-37.554008	26.477295
-37.841095	-40.740368	26.487061
-37.840485	-44.490719	26.496826
-37.840988	-43.097599	26.506592
-37.838348	-48.157345	26.516357
-37.838089	-41.739967	26.526123
-37.836948	-38.07478	26.535889
-37.836636	-39.18956	26.545654
-37.835819	-40.282024	26.55542
-37.834373	-48.442478	26.565186
-37.834278	-46.591663	26.574951
-37.833546	-41.704018	26.584717
-37.833168	-39.229637	26.594482
-37.832924	-39.070011	26.604248
-37.831177	-43.220795	26.614014
-37.830734	-42.534004	26.623779
-37.82996	-45.322289	26.633545
-37.82901	-44.817081	26.643311
-37.826923	-41.410465	26.653076
-37.82666	-38.160957	26.662842
-37.826771	-39.457077	26.672607
-37.825607	-44.815269	26.682373
-37.824593	-46.148079	26.692139
-37.823578	-42.851494	26.701904
-37.823559	-39.71875	26.71167
-37.821579	-39.350899	26.721436
-37.821316	-41.110374	26.731201
-37.821716	-41.129505	26.740967
-37.820087	-44.301994	26.750732
-37.819355	-44.442673	26.760498
-37.817543	-43.998894	26.770264
-37.817528	-38.212952	26.780029
-37.816441	-38.48613	26.789795
-37.815788	-43.503796	26.799561
-37.814674	-43.230808	26.809326
-37.815086	-45.305489	26.819092
-37.813145	-42.657455	26.828857
-37.811993	-40.733437	26.838623
-37.811401	-42.525036	26.848389
-37.811363	-39.427078	26.858154
-37.809582	-40.391216	26.86792
-37.80854	-43.457077	26.877686
-37.808552	-43.969116	26.887451
-37.80793	-44.807007	26.897217
-37.80788	-38.342007	26.906982
-37.805744	-40.840466	26.916748
-37.805557	-41.254025	26.926514
-37.804287	-41.255299	26.936279
-37.804043	-44.079239	26.946045
-37.802856	-44.936275	26.955811
-37.80238	-43.506634	26.965576
-37.801773	-39.891811	26.975342
-37.801483	-36.13998	26.985107
-37.79911	-42.556034	26.994873
-37.798615	-45.261246	27.004639
-37.799244	-45.134529	27.014404
-37.798111	-41.568073	27.02417
-37.79612	-39.192165	27.033936
-37.795078	-36.893002	27.043701
-37.795174	-41.304211	27.053467
-37.794144	-43.748394	27.063232
-37.792969	-44.613281	27.072998
-37.792416	-45.451469	27.082764
-37.79084	-41.970188	27.092529
-37.791348	-37.305183	27.102295
-37.789982	-37.81823	27.112061
-37.788486	-44.353096	27.121826
-37.787807	-47.575302	27.131592
-37.787582	-44.977497	27.141357
-37.787506	-40.874168	27.151123
-37.78614	-37.961807	27.160889
-37.785519	-39.814075	27.170654
-37.783607	-40.488365	27.18042
-37.782425	-44.176762	27.190186
-37.782101	-47.931236	27.199951
-37.782013	-41.298992	27.209717
-37.781742	-38.222023	27.219482
-37.779102	-36.94783	27.229248
-37.779724	-39.963844	27.239014
-37.778038	-46.347977	27.248779
-37.776318	-46.693005	27.258545
-37.776455	-42.771267	27.268311
-37.775219	-41.080402	27.278076
-37.775745	-39.927223	27.287842
-37.773548	-41.133865	27.297607
-37.773483	-42.259548	27.307373
-37.772598	-45.731361	27.317139
-37.771633	-45.978081	27.326904
-37.77037	-40.934299	27.33667
-37.770245	-38.41927	27.346436
-37.770023	-38.974365	27.356201
-37.768902	-44.015167	27.365967
-37.76675	-44.491993	27.375732
-37.766781	-41.96328	27.385498
-37.765644	-42.194382	27.395264
-37.765926	-39.932762	27.405029
-37.76598	-40.036144	27.414795
-37.763817	-39.075104	27.424561
-37.763412	-42.339722	27.434326
-37.762192	-45.528919	27.444092
-37.761684	-45.852898	27.453857
-37.760235	-40.67812	27.463623
-37.759186	-37.500381	27.473389
-37.758636	-41.363174	27.483154
-37.758068	-40.917664	27.49292
-37.757156	-44.003483	27.502686
-37.756348	-43.821182	27.512451
-37.755486	-41.654873	27.522217
-37.754486	-43.48444	27.531982
-37.754162	-38.864124	27.541748
-37.753811	-38.313534	27.551514
-37.752464	-41.717068	27.561279
-37.752926	-44.984333	27.571045
-37.750969	-46.952618	27.580811
-37.750198	-37.753853	27.590576
-37.748493	-41.046143	27.600342
-37.749176	-37.816242	27.610107
-37.747707	-39.783737	27.619873
-37.747257	-44.330208	27.629639
-37.746319	-41.470192	27.639404
-37.745693	-46.365196	27.64917
-37.744411	-39.110584	27.658936
-37.743591	-35.742889	27.668701
-37.743618	-40.500202	27.678467
-37.742023	-42.896637	27.688232
-37.741333	-46.255718	27.697998
-37.740932	-42.16333	27.707764
-37.738926	-38.884632	27.717529
-37.737999	-37.412502	27.727295
-37.736362	-40.889973	27.737061
-37.737015	-42.290703	27.746826
-37.735619	-44.589157	27.756592
-37.735836	-45.851696	27.766357
-37.733528	-42.679134	27.776123
-37.732788	-37.245838	27.785889
-37.734486	-36.240341	27.795654
-37.732845	-42.242573	27.80542
-37.731155	-46.254704	27.815186
-37.730927	-45.882065	27.824951
-37.730202	-40.80114	27.834717
-37.728794	-38.178398	27.844482
-37.728142	-38.574127	27.854248
-37.727196	-40.086811	27.864014
-37.726383	-41.395561	27.873779
-37.72575	-48.915825	27.883545
-37.724918	-41.079967	27.893311
-37.723515	-39.743305	27.903076
-37.722771	-36.949989	27.912842
-37.721107	-38.501461	27.922607
-37.72139	-44.155914	27.932373
-37.721291	-43.51556	27.942139
-37.720772	-43.328922	27.951904
-37.719486	-40.534672	27.96167
-37.717777	-38.104721	27.971436
-37.715851	-39.977787	27.981201
-37.717884	-39.682098	27.990967
-37.716187	-43.893181	28.000732
-37.714462	-45.463722	28.010498
-37.714283	-42.413231	28.020264
-37.713207	-40.576801	28.030029
-37.712154	-37.307224	28.039795
-37.712849	-43.205128	28.049561
-37.710865	-42.968388	28.059326
-37.708874	-42.483089	28.069092
-37.709187	-43.072891	28.078857
-37.707642	-41.682259	28.088623
-37.708076	-39.982723	28.098389

