MTS793|BTW|ENU|1|2|.|/|:|1|0|0|A

Data Header:			0.254_hd_uprint_typeiv_090_r0			Time:	20.017578	s	4/13/2019 10:58:48 PM
Data Acquisition:	Timed
Station Name:	ft40.cfg
Test File Name:	monotonic_0.2540_typeiv_solid_4545_uprint.tst
Displacement	Force	Running Time
mm	N	s
-40.042324	-103.21021	0.022949219
-40.042927	-104.97385	0.032714844
-40.042152	-108.29215	0.042480469
-40.042709	-108.22763	0.052246094
-40.043087	-106.59013	0.062011719
-40.042023	-104.94808	0.071777344
-40.041241	-104.14441	0.081542969
-40.040779	-99.931778	0.091308594
-40.040077	-101.14089	0.10107422
-40.037918	-107.66722	0.11083984
-40.037426	-108.9483	0.12060547
-40.037022	-106.22672	0.13037109
-40.0364	-99.972908	0.14013672
-40.036057	-96.367973	0.14990234
-40.034122	-100.76536	0.15966797
-40.034733	-101.16211	0.16943359
-40.032642	-104.46288	0.17919922
-40.032997	-104.0222	0.18896484
-40.0317	-99.059753	0.19873047
-40.030987	-96.91378	0.20849609
-40.029865	-94.683395	0.21826172
-40.029221	-98.640884	0.22802734
-40.028011	-103.28623	0.23779297
-40.026299	-100.28532	0.24755859
-40.027657	-98.087471	0.25732422
-40.026192	-93.105095	0.26708984
-40.023773	-93.208397	0.27685547
-40.024448	-96.320351	0.28662109
-40.023216	-94.535141	0.29638672
-40.023125	-97.858841	0.30615234
-40.022602	-95.678749	0.31591797
-40.021381	-93.042747	0.32568359
-40.021301	-89.593491	0.33544922
-40.01992	-88.700607	0.34521484
-40.017742	-95.815994	0.35498047
-40.019402	-95.283447	0.36474609
-40.017105	-92.213539	0.37451172
-40.016434	-89.509201	0.38427734
-40.015324	-89.659134	0.39404297
-40.014626	-88.722626	0.40380859
-40.015785	-89.266609	0.41357422
-40.013123	-89.055885	0.42333984
-40.011742	-91.61805	0.43310547
-40.010868	-91.048271	0.44287109
-40.009747	-85.816269	0.45263672
-40.009518	-85.19149	0.46240234
-40.008789	-83.453362	0.47216797
-40.008717	-86.012993	0.48193359
-40.007301	-86.985977	0.49169922
-40.006748	-84.777237	0.50146484
-40.006474	-85.320427	0.51123047
-40.005711	-83.89817	0.52099609
-40.00309	-81.194481	0.53076172
-40.003338	-80.022255	0.54052734
-40.001991	-81.005821	0.55029297
-40.002098	-87.258278	0.56005859
-40.001175	-83.67382	0.56982422
-39.999989	-77.950249	0.57958984
-40.000183	-77.126884	0.58935547
-39.99865	-77.186798	0.59912109
-39.997791	-81.531403	0.60888672
-39.997177	-82.067413	0.61865234
-39.994991	-79.603798	0.62841797
-39.99445	-80.798042	0.63818359
-39.99445	-73.509697	0.64794922
-39.993309	-71.709328	0.65771484
-39.993206	-73.801987	0.66748047
-39.992542	-79.67244	0.67724609
-39.99234	-83.193367	0.68701172
-39.990231	-76.714203	0.69677734
-39.989193	-70.198227	0.70654297
-39.988647	-70.470581	0.71630859
-39.987854	-73.209969	0.72607422
-39.986664	-76.924034	0.73583984
-39.985882	-75.710892	0.74560547
-39.986366	-74.598137	0.75537109
-39.983452	-70.100708	0.76513672
-39.983479	-66.304924	0.77490234
-39.982151	-66.250633	0.78466797
-39.982807	-71.624573	0.79443359
-39.980762	-76.419403	0.80419922
-39.981304	-73.619476	0.81396484
-39.978645	-66.115952	0.82373047
-39.979092	-64.261612	0.83349609
-39.978447	-65.794449	0.84326172
-39.977238	-67.792908	0.85302734
-39.976719	-69.823067	0.86279297
-39.975227	-71.088387	0.87255859
-39.97488	-66.000175	0.88232422
-39.973221	-64.471649	0.89208984
-39.972801	-59.379326	0.90185547
-39.973289	-62.70705	0.91162109
-39.970982	-68.705574	0.92138672
-39.97049	-67.286842	0.93115234
-39.970974	-65.597801	0.94091797
-39.969395	-59.157265	0.95068359
-39.969307	-59.648426	0.96044922
-39.966732	-60.815845	0.97021484
-39.967175	-61.946064	0.97998047
-39.966274	-61.495525	0.98974609
-39.965103	-62.823711	0.99951172
-39.964378	-59.858917	1.0092773
-39.964016	-58.518612	1.019043
-39.962658	-55.018871	1.0288086
-39.961895	-58.673725	1.0385742
-39.961044	-60.054218	1.0483398
-39.960354	-60.736893	1.0581055
-39.959984	-58.666473	1.0678711
-39.956928	-54.879211	1.0776367
-39.957981	-55.224789	1.0874023
-39.956196	-55.725636	1.097168
-39.955948	-53.543854	1.1069336
-39.954853	-56.535313	1.1166992
-39.954742	-58.880424	1.1264648
-39.953354	-54.528625	1.1362305
-39.953674	-51.604881	1.1459961
-39.951534	-48.27335	1.1557617
-39.951359	-52.316853	1.1655273
-39.950043	-56.593971	1.175293
-39.949818	-53.840908	1.1850586
-39.948929	-53.635452	1.1948242
-39.94788	-51.830318	1.2045898
-39.947254	-47.522297	1.2143555
-39.946136	-47.257904	1.2241211
-39.945992	-47.886723	1.2338867
-39.945183	-54.847652	1.2436523
-39.943504	-53.068092	1.253418
-39.942497	-45.936302	1.2631836
-39.941681	-44.273544	1.2729492
-39.941387	-43.591797	1.2827148
-39.94096	-48.151928	1.2924805
-39.939831	-48.424957	1.3022461
-39.93866	-47.644142	1.3120117
-39.938797	-48.827721	1.3217773
-39.937283	-41.657276	1.331543
-39.936367	-40.806423	1.3413086
-39.935024	-41.400387	1.3510742
-39.934998	-43.790546	1.3608398
-39.933033	-50.273018	1.3706055
-39.934704	-46.211834	1.3803711
-39.93327	-39.752563	1.3901367
-39.931725	-35.536869	1.3999023
-39.930191	-37.849747	1.409668
-39.929955	-43.632034	1.4194336
-39.929123	-42.718273	1.4291992
-39.928101	-41.7285	1.4389648
-39.927246	-38.354797	1.4487305
-39.926132	-35.668827	1.4584961
-39.926132	-33.512146	1.4682617
-39.926476	-38.159641	1.4780273
-39.922932	-42.270927	1.487793
-39.924351	-39.858059	1.4975586
-39.921955	-37.710388	1.5073242
-39.922215	-33.120502	1.5170898
-39.920048	-32.909199	1.5268555
-39.919937	-33.229774	1.5366211
-39.91988	-35.893372	1.5463867
-39.918621	-36.11132	1.5561523
-39.918087	-35.595741	1.565918
-39.916893	-33.576138	1.5756836
-39.917179	-28.081575	1.5854492
-39.914646	-30.314692	1.5952148
-39.914074	-34.510159	1.6049805
-39.913456	-33.667248	1.6147461
-39.912907	-34.855549	1.6245117
-39.912216	-28.954996	1.6342773
-39.911121	-27.361176	1.644043
-39.911213	-28.575668	1.6538086
-39.909527	-29.016401	1.6635742
-39.908611	-30.802416	1.6733398
-39.908012	-30.712362	1.6831055
-39.907269	-30.219854	1.6928711
-39.906197	-28.56933	1.7026367
-39.906704	-22.428625	1.7124023
-39.905323	-24.807131	1.722168
-39.90435	-27.120171	1.7319336
-39.904449	-30.395485	1.7416992
-39.902657	-26.775257	1.7514648
-39.901897	-23.349108	1.7612305
-39.900738	-23.780407	1.7709961
-39.89999	-20.538815	1.7807617
-39.89904	-18.671822	1.7905273
-39.898075	-24.760017	1.800293
-39.897655	-25.927097	1.8100586
-39.896687	-25.204077	1.8198242
-39.896324	-19.461922	1.8295898
-39.895744	-15.457985	1.8393555
-39.894115	-17.622261	1.8491211
-39.894169	-22.306776	1.8588867
-39.893898	-22.335247	1.8686523
-39.891048	-21.864105	1.878418
-39.89185	-20.212452	1.8881836
-39.890194	-14.454057	1.8979492
-39.888702	-14.852307	1.9077148
-39.888374	-16.072342	1.9174805
-39.887947	-20.867022	1.9272461
-39.888111	-21.389494	1.9370117
-39.886093	-16.874891	1.9467773
-39.884514	-11.051643	1.956543
-39.884846	-8.6908674	1.9663086
-39.883022	-13.839431	1.9760742
-39.882378	-17.389791	1.9858398
-39.882561	-16.094898	1.9956055
-39.881489	-16.390017	2.0053711
-39.880554	-10.224206	2.0151367
-39.880192	-10.089401	2.0249023
-39.878777	-7.5829158	2.034668
-39.878975	-11.210361	2.0444336
-39.876934	-17.534559	2.0541992
-39.876724	-13.710157	2.0639648
-39.875206	-8.6918516	2.0737305
-39.8741	-7.9138575	2.0834961
-39.873936	-5.7222605	2.0932617
-39.872971	-9.0572929	2.1030273
-39.872665	-10.241482	2.112793
-39.872307	-8.6839399	2.1225586
-39.870552	-7.7753453	2.1323242
-39.870152	-5.9957743	2.1420898
-39.869556	-2.6387858	2.1518555
-39.868191	-2.8173065	2.1616211
-39.868248	-8.1434164	2.1713867
-39.86665	-8.5967655	2.1811523
-39.865974	-5.5807967	2.190918
-39.865917	-1.8242425	2.2006836
-39.864304	-2.2942972	2.2104492
-39.863728	-0.61078537	2.2202148
-39.863998	-3.4366446	2.2299805
-39.862087	-2.4578109	2.2397461
-39.861744	-2.9764185	2.2495117
-39.860325	-3.9022563	2.2592773
-39.858837	1.0363741	2.269043
-39.859528	2.2412143	2.2788086
-39.857258	1.6160144	2.2885742
-39.856644	-1.6548463	2.2983398
-39.856037	-3.3822403	2.3081055
-39.855637	0.40679318	2.3178711
-39.855095	3.4863219	2.3276367
-39.852573	4.0127177	2.3374023
-39.852501	5.5143948	2.347168
-39.851963	3.3784246	2.3569336
-39.850983	1.4286492	2.3666992
-39.850739	0.26722464	2.3764648
-39.849422	1.6088475	2.3862305
-39.848152	9.1403503	2.3959961
-39.847855	9.2528667	2.4057617
-39.847893	8.7386503	2.4155273
-39.84602	4.279779	2.425293
-39.845139	2.3591268	2.4350586
-39.845104	7.4780383	2.4448242
-39.843479	8.0827312	2.4545898
-39.843605	12.298425	2.4643555
-39.84201	13.926466	2.4741211
-39.841843	9.6984377	2.4838867
-39.840866	6.9470544	2.4936523
-39.841221	6.2935181	2.503418
-39.839798	10.751934	2.5131836
-39.837925	17.536098	2.5229492
-39.838501	14.995151	2.5327148
-39.836796	10.552668	2.5424805
-39.836399	7.8331947	2.5522461
-39.835567	9.2857704	2.5620117
-39.834827	12.50205	2.5717773
-39.834103	19.189058	2.581543
-39.832268	16.767054	2.5913086
-39.831871	18.577576	2.6010742
-39.830235	12.363797	2.6108398
-39.830822	11.055637	2.6206055
-39.830044	13.684406	2.6303711
-39.828892	18.179256	2.6401367
-39.828068	23.049927	2.6499023
-39.826981	18.152563	2.659668
-39.826363	16.726618	2.6694336
-39.82523	16.947447	2.6791992
-39.823544	17.138918	2.6889648
-39.823994	21.276331	2.6987305
-39.823463	23.098566	2.7084961
-39.821682	25.982222	2.7182617
-39.821556	23.966324	2.7280273
-39.821163	16.909355	2.737793
-39.819572	18.750797	2.7475586
-39.818527	19.879152	2.7573242
-39.819901	25.01926	2.7670898
-39.816292	28.326975	2.7768555
-39.817333	23.996054	2.7866211
-39.816715	23.314465	2.7963867
-39.814938	22.889187	2.8061523
-39.813816	23.838266	2.815918
-39.813183	26.531189	2.8256836
-39.813099	28.381863	2.8354492
-39.812229	29.369219	2.8452148
-39.811131	27.35494	2.8549805
-39.809845	25.600573	2.8647461
-39.809448	25.364929	2.8745117
-39.808159	29.164169	2.8842773
-39.806713	29.639915	2.894043
-39.805996	30.632341	2.9038086
-39.805229	29.681545	2.9135742
-39.805664	30.137701	2.9233398
-39.805176	29.214146	2.9331055
-39.803429	27.27318	2.9428711
-39.802242	31.441427	2.9526367
-39.801651	35.999664	2.9624023
-39.801716	35.217735	2.972168
-39.800179	32.031559	2.9819336
-39.799931	27.992907	2.9916992
-39.798649	32.519089	3.0014648
-39.798645	35.950497	3.0112305
-39.796253	35.526966	3.0209961
-39.796131	41.111206	3.0307617
-39.79472	37.362896	3.0405273
-39.79335	37.14164	3.050293
-39.794682	33.414131	3.0600586
-39.792294	32.601807	3.0698242
-39.792133	40.761528	3.0795898
-39.791721	43.951138	3.0893555
-39.790054	44.528549	3.0991211
-39.789467	37.115177	3.1088867
-39.789112	35.155453	3.1186523
-39.7873	38.453785	3.128418
-39.78738	40.299965	3.1381836
-39.785995	44.918095	3.1479492
-39.785065	45.764282	3.1577148
-39.783512	41.998825	3.1674805
-39.784142	39.35033	3.1772461
-39.784653	38.729374	3.1870117
-39.782257	41.209091	3.1967773
-39.780914	48.530205	3.206543
-39.780876	49.650681	3.2163086
-39.780552	45.766655	3.2260742
-39.778988	41.647842	3.2358398
-39.778255	41.632397	3.2456055
-39.778385	45.679703	3.2553711
-39.776333	48.043705	3.2651367
-39.776138	49.528229	3.2749023
-39.775078	51.594601	3.284668
-39.775242	47.251076	3.2944336
-39.773487	44.226639	3.3041992
-39.772297	46.392101	3.3139648
-39.770332	50.739391	3.3237305
-39.77079	56.13406	3.3334961
-39.769447	52.014126	3.3432617
-39.769047	49.680111	3.3530273
-39.768867	48.621117	3.362793
-39.768379	48.110512	3.3725586
-39.767742	52.12537	3.3823242
-39.76619	52.685356	3.3920898
-39.765217	55.548958	3.4018555
-39.764858	56.569431	3.4116211
-39.764713	52.175827	3.4213867
-39.763226	51.029728	3.4311523
-39.76236	52.507275	3.440918
-39.76096	56.52354	3.4506836
-39.760803	60.642414	3.4604492
-39.760937	55.304901	3.4702148
-39.75848	56.537827	3.4799805
-39.757729	55.669827	3.4897461
-39.757092	55.060852	3.4995117
-39.756016	58.612617	3.5092773
-39.756283	59.702938	3.519043
-39.755993	63.919762	3.5288086
-39.754036	62.744141	3.5385742
-39.75333	57.467236	3.5483398
-39.751759	57.697525	3.5581055
-39.751656	59.383884	3.5678711
-39.750431	63.050121	3.5776367
-39.749298	65.294823	3.5874023
-39.748341	63.375122	3.597168
-39.74744	62.795601	3.6069336
-39.748486	62.719414	3.6166992
-39.74675	58.920929	3.6264648
-39.744843	63.459465	3.6362305
-39.745392	67.545647	3.6459961
-39.74403	70.465141	3.6557617
-39.744762	69.054367	3.6655273
-39.742157	61.97176	3.675293
-39.741013	62.618458	3.6850586
-39.741093	66.60984	3.6948242
-39.739719	68.328995	3.7045898
-39.738865	74.150261	3.7143555
-39.738022	69.494507	3.7241211
-39.736984	68.638428	3.7338867
-39.738064	65.629684	3.7436523
-39.735325	63.484608	3.753418
-39.734917	71.311325	3.7631836
-39.733181	74.322739	3.7729492
-39.733536	76.090576	3.7827148
-39.732964	71.770248	3.7924805
-39.73103	66.904701	3.8022461
-39.731686	70.63826	3.8120117
-39.729778	72.948402	3.8217773
-39.729092	76.44976	3.831543
-39.728912	76.854271	3.8413086
-39.727581	76.104439	3.8510742
-39.726128	73.290634	3.8608398
-39.725903	70.955055	3.8706055
-39.725784	72.94474	3.8803711
-39.725639	79.871483	3.8901367
-39.724667	82.906822	3.8999023
-39.723457	79.430405	3.909668
-39.723465	75.624046	3.9194336
-39.721104	72.389404	3.9291992
-39.720963	78.071999	3.9389648
-39.719128	79.349564	3.9487305
-39.719456	80.237396	3.9584961
-39.717999	83.971756	3.9682617
-39.718037	81.946411	3.9780273
-39.716663	78.1894	3.987793
-39.715965	78.380814	3.9975586
-39.714752	79.949997	4.0073242
-39.714005	86.302162	4.0170898
-39.71283	85.487038	4.0268555
-39.712025	84.006279	4.0366211
-39.711685	81.532822	4.0463867
-39.710747	79.910751	4.0561523
-39.710056	84.929626	4.065918
-39.709351	82.555679	4.0756836
-39.708492	86.848557	4.0854492
-39.706665	89.184502	4.0952148
-39.70607	86.141319	4.1049805
-39.706215	86.134056	4.1147461
-39.704136	81.899979	4.1245117
-39.704197	88.295876	4.1342773
-39.702778	92.490875	4.144043
-39.702187	89.960083	4.1538086
-39.701645	89.936119	4.1635742
-39.700348	89.291931	4.1733398
-39.70055	87.991158	4.1831055
-39.699287	87.195572	4.1928711
-39.699234	90.212761	4.2026367
-39.697655	94.586075	4.2124023
-39.696487	96.564926	4.222168
-39.696335	91.465599	4.2319336
-39.695732	87.622871	4.2416992
-39.694675	89.388741	4.2514648
-39.693268	94.111046	4.2612305
-39.693081	96.727371	4.2709961
-39.691273	97.132057	4.2807617
-39.689838	95.694885	4.2905273
-39.690449	94.235886	4.300293
-39.690155	91.820625	4.3100586
-39.688538	92.216339	4.3198242
-39.688381	97.32415	4.3295898
-39.68721	102.43582	4.3393555
-39.6866	100.91275	4.3491211
-39.685337	94.746475	4.3588867
-39.684158	93.496735	4.3686523
-39.683876	96.283234	4.378418
-39.682247	101.02213	4.3881836
-39.682556	103.24144	4.3979492
-39.680832	101.57771	4.4077148
-39.681236	101.16747	4.4174805
-39.679737	99.650978	4.4272461
-39.679428	95.127014	4.4370117
-39.678444	101.51383	4.4467773
-39.677555	104.89868	4.456543
-39.676464	109.61477	4.4663086
-39.675873	105.13417	4.4760742
-39.675106	98.036209	4.4858398
-39.673428	101.10424	4.4956055
-39.673771	103.63329	4.5053711
-39.673008	106.04397	4.5151367
-39.671486	108.34853	4.5249023
-39.670601	107.95157	4.534668
-39.670689	106.4743	4.5444336
-39.669838	102.26199	4.5541992
-39.668194	103.07626	4.5639648
-39.667423	108.7588	4.5737305
-39.665573	111.35562	4.5834961
-39.666138	113.04137	4.5932617
-39.665817	107.64962	4.6030273
-39.663689	106.53516	4.612793
-39.664421	110.20815	4.6225586
-39.662376	109.32732	4.6323242
-39.661446	112.44315	4.6420898
-39.660999	114.41451	4.6518555
-39.659359	112.43828	4.6616211
-39.659245	111.89576	4.6713867
-39.660046	110.68967	4.6811523
-39.659702	107.75168	4.690918
-39.657406	116.24789	4.7006836
-39.655872	115.92523	4.7104492
-39.655968	116.59689	4.7202148
-39.65443	115.42052	4.7299805
-39.652847	113.3262	4.7397461
-39.652542	116.72644	4.7495117
-39.652172	115.43519	4.7592773
-39.651089	118.05119	4.769043
-39.650383	121.14098	4.7788086
-39.649548	119.71547	4.7885742
-39.648705	117.99908	4.7983398
-39.647484	113.76028	4.8081055
-39.648014	116.38875	4.8178711
-39.645493	121.31816	4.8276367
-39.645798	121.8874	4.8374023
-39.645821	124.90195	4.847168
-39.643635	120.17857	4.8569336
-39.642784	118.52155	4.8666992
-39.642368	120.17781	4.8764648
-39.641525	119.63668	4.8862305
-39.640514	126.07263	4.8959961
-39.639194	128.50111	4.9057617
-39.638477	125.05309	4.9155273
-39.639576	121.94817	4.925293
-39.637066	118.87062	4.9350586
-39.637058	123.7422	4.9448242
-39.636917	128.31686	4.9545898
-39.635509	130.41446	4.9643555
-39.633774	129.99095	4.9741211
-39.632778	126.3616	4.9838867
-39.633362	122.73133	4.9936523
-39.631813	123.17579	5.003418
-39.630455	128.19258	5.0131836
-39.630135	133.99281	5.0229492
-39.629341	135.53799	5.0327148
-39.629154	128.02238	5.0424805
-39.628517	124.71404	5.0522461
-39.626865	124.90087	5.0620117
-39.626221	131.4729	5.0717773
-39.625309	135.13921	5.081543
-39.624241	132.33023	5.0913086
-39.624302	134.82063	5.1010742
-39.623402	131.50995	5.1108398
-39.622124	127.42111	5.1206055
-39.621075	133.66446	5.1303711
-39.621155	133.77208	5.1401367
-39.618656	138.93626	5.1499023
-39.618111	136.92363	5.159668
-39.617844	131.14653	5.1694336
-39.615685	131.87076	5.1791992
-39.617329	135.16617	5.1889648
-39.615959	138.36183	5.1987305
-39.614777	139.35025	5.2084961
-39.614471	137.7706	5.2182617
-39.614143	139.87857	5.2280273
-39.611759	135.84947	5.237793
-39.610783	136.77962	5.2475586
-39.61026	137.50899	5.2573242
-39.609795	143.15205	5.2670898
-39.608925	144.92946	5.2768555
-39.608444	140.99538	5.2866211
-39.608097	139.43535	5.2963867
-39.606628	141.05038	5.3061523
-39.606716	140.79622	5.315918
-39.604256	142.07086	5.3256836
-39.603802	145.01225	5.3354492
-39.604889	143.83972	5.3452148
-39.602482	147.34305	5.3549805
-39.602261	142.14993	5.3647461
-39.601254	140.18364	5.3745117
-39.601051	144.83817	5.3842773
-39.598526	149.60852	5.394043
-39.598625	149.66644	5.4038086
-39.597435	148.338	5.4135742
-39.595921	145.17863	5.4233398
-39.595978	145.13821	5.4331055
-39.595417	144.79181	5.4428711
-39.594925	148.29457	5.4526367
-39.594913	151.54297	5.4624023
-39.592117	152.82187	5.472168
-39.591576	151.09666	5.4819336
-39.590992	145.3593	5.4916992
-39.59029	145.34537	5.5014648
-39.589554	153.76363	5.5112305
-39.587967	153.39063	5.5209961
-39.588398	155.84264	5.5307617
-39.586468	152.8152	5.5405273
-39.586586	150.75381	5.550293
-39.586361	149.41925	5.5600586
-39.584934	148.49573	5.5698242
-39.583973	155.20712	5.5795898
-39.583076	160.63234	5.5893555
-39.581963	159.00366	5.5991211
-39.580894	154.06152	5.6088867
-39.581017	149.90773	5.6186523
-39.580303	152.85049	5.628418
-39.578213	159.44843	5.6381836
-39.578377	160.95332	5.6479492
-39.576912	160.2825	5.6577148
-39.576462	159.35925	5.6674805
-39.574986	156.12494	5.6772461
-39.575253	155.00403	5.6870117
-39.574421	159.20952	5.6967773
-39.572922	162.90491	5.706543
-39.572559	165.50235	5.7163086
-39.570614	160.74911	5.7260742
-39.571808	157.4239	5.7358398
-39.569733	156.06467	5.7456055
-39.570087	161.89427	5.7553711
-39.567562	166.60143	5.7651367
-39.567234	166.19324	5.7749023
-39.567314	164.09685	5.784668
-39.566952	163.01259	5.7944336
-39.565296	160.33902	5.8041992
-39.563519	164.81145	5.8139648
-39.563576	164.19115	5.8237305
-39.561523	169.9062	5.8334961
-39.561588	171.09735	5.8432617
-39.561153	165.0761	5.8530273
-39.559521	165.54305	5.862793
-39.559513	165.22951	5.8725586
-39.558884	167.27017	5.8823242
-39.558098	168.82784	5.8920898
-39.556862	169.75208	5.9018555
-39.556789	171.94489	5.9116211
-39.555805	169.52971	5.9213867
-39.555004	166.66226	5.9311523
-39.553516	166.80959	5.940918
-39.553261	172.3652	5.9506836
-39.552052	175.99579	5.9604492
-39.550285	173.4512	5.9702148
-39.550617	172.09077	5.9799805
-39.549809	169.41776	5.9897461
-39.548813	170.56615	5.9995117
-39.548126	171.93704	6.0092773
-39.548496	173.85857	6.019043
-39.546684	177.11143	6.0288086
-39.54594	177.75317	6.0385742
-39.544254	174.64871	6.0483398
-39.542545	171.27959	6.0581055
-39.541782	174.36787	6.0678711
-39.541992	178.23337	6.0776367
-39.542061	180.93204	6.0874023
-39.540195	181.85963	6.097168
-39.539341	175.10689	6.1069336
-39.538826	177.40202	6.1166992
-39.538528	175.35423	6.1264648
-39.537533	177.13301	6.1362305
-39.537266	181.96596	6.1459961
-39.535412	184.89928	6.1557617
-39.534657	185.8257	6.1655273
-39.533951	176.8582	6.175293
-39.53368	176.17944	6.1850586
-39.53257	180.07336	6.1948242
-39.531685	185.47281	6.2045898
-39.531914	187.23329	6.2143555
-39.52916	185.04906	6.2241211
-39.529911	182.17882	6.2338867
-39.528046	180.4267	6.2436523
-39.526531	179.75676	6.253418
-39.526646	186.6743	6.2631836
-39.526199	190.44107	6.2729492
-39.524517	190.09146	6.2827148
-39.524647	187.70645	6.2924805
-39.523266	180.13289	6.3022461
-39.523232	182.72194	6.3120117
-39.522369	189.27667	6.3217773
-39.521709	191.31227	6.331543
-39.519691	191.00967	6.3413086
-39.519184	188.5808	6.3510742
-39.519073	186.34065	6.3608398
-39.518127	185.69478	6.3706055
-39.517132	187.91237	6.3803711
-39.515656	192.10553	6.3901367
-39.514404	196.74593	6.3999023
-39.514961	192.62753	6.409668
-39.514183	189.80171	6.4194336
-39.513172	188.33032	6.4291992
-39.512508	189.77887	6.4389648
-39.511093	195.41772	6.4487305
-39.510929	194.17758	6.4584961
-39.509529	196.09607	6.4682617
-39.507553	197.01707	6.4780273
-39.508877	192.37148	6.487793
-39.507248	193.58481	6.4975586
-39.506119	193.03603	6.5073242
-39.505932	197.72141	6.5170898
-39.504711	200.98807	6.5268555
-39.504879	196.27213	6.5366211
-39.50293	196.71582	6.5463867
-39.501602	193.98711	6.5561523
-39.501308	197.795	6.565918
-39.500389	199.064	6.5756836
-39.500042	200.03041	6.5854492
-39.498081	202.98303	6.5952148
-39.498772	200.85207	6.6049805
-39.497948	197.51122	6.6147461
-39.497185	195.8114	6.6245117
-39.49514	198.17691	6.6342773
-39.494919	204.73041	6.644043
-39.493603	206.07228	6.6538086
-39.494247	201.55824	6.6635742
-39.492088	200.08006	6.6733398
-39.491474	199.69305	6.6831055
-39.490982	200.93629	6.6928711
-39.490257	202.02046	6.7026367
-39.490067	205.94258	6.7124023
-39.489529	208.81746	6.722168
-39.488457	205.16483	6.7319336
-39.487289	200.02856	6.7416992
-39.486958	201.03201	6.7514648
-39.485771	205.72856	6.7612305
-39.483891	212.06836	6.7709961
-39.483215	211.3829	6.7807617
-39.482357	207.25854	6.7905273
-39.482189	206.5641	6.800293
-39.480915	205.28476	6.8100586
-39.480255	204.84192	6.8198242
-39.479565	212.24324	6.8295898
-39.479134	214.15616	6.8393555
-39.478577	214.92604	6.8491211
-39.477627	209.73134	6.8588867
-39.47583	205.66634	6.8686523
-39.476368	209.59155	6.878418
-39.473446	215.45348	6.8881836
-39.473175	217.56424	6.8979492
-39.47287	214.68004	6.9077148
-39.472004	211.71703	6.9174805
-39.471581	212.83887	6.9272461
-39.470715	209.8096	6.9370117
-39.469902	215.97386	6.9467773
-39.469917	218.45166	6.956543
-39.467098	221.23036	6.9663086
-39.46698	218.69164	6.9760742
-39.465843	211.17807	6.9858398
-39.465595	211.82332	6.9956055
-39.464573	217.88687	7.0053711
-39.464233	219.84471	7.0151367
-39.462856	222.10316	7.0249023
-39.461601	220.33585	7.034668
-39.461479	218.36737	7.0444336
-39.460697	217.45697	7.0541992
-39.459476	216.90527	7.0639648
-39.459454	219.98099	7.0737305
-39.457939	223.83838	7.0834961
-39.457661	224.29982	7.0932617
-39.456837	220.00464	7.1030273
-39.454872	220.20222	7.112793
-39.454727	218.45967	7.1225586
-39.454174	223.49086	7.1323242
-39.453651	223.832	7.1420898
-39.453053	225.63034	7.1518555
-39.451866	224.85754	7.1616211
-39.450851	225.06476	7.1713867
-39.450844	222.44005	7.1811523
-39.449661	221.37228	7.190918
-39.448238	226.75681	7.2006836
-39.44817	229.86588	7.2104492
-39.447304	227.57735	7.2202148
-39.445156	229.59166	7.2299805
-39.445381	223.71884	7.2397461
-39.444355	226.72427	7.2495117
-39.444092	228.18416	7.2592773
-39.44331	228.60048	7.269043
-39.44268	233.31723	7.2788086
-39.441639	231.97775	7.2885742
-39.440739	229.64294	7.2983398
-39.438446	226.29768	7.3081055
-39.438274	227.58052	7.3178711
-39.438412	232.47278	7.3276367
-39.437164	235.40555	7.3374023
-39.436005	236.40874	7.347168
-39.43586	231.23747	7.3569336
-39.433811	229.94501	7.3666992
-39.433971	231.51846	7.3764648
-39.433117	231.99707	7.3862305
-39.431957	236.83368	7.3959961
-39.430485	238.92862	7.4057617
-39.431038	237.36494	7.4155273
-39.42955	232.23859	7.425293
-39.429493	229.81436	7.4350586
-39.427738	234.05716	7.4448242
-39.427299	240.70338	7.4545898
-39.427689	241.66664	7.4643555
-39.425816	238.06181	7.4741211
-39.424736	235.41663	7.4838867
-39.422935	234.90808	7.4936523
-39.423893	235.99756	7.503418
-39.423794	240.89551	7.5131836
-39.420731	242.91312	7.5229492
-39.420589	246.59309	7.5327148
-39.420845	240.40231	7.5424805
-39.418556	236.42754	7.5522461
-39.417957	237.84785	7.5620117
-39.417763	242.00072	7.5717773
-39.417076	248.72095	7.581543
-39.416454	245.68036	7.5913086
-39.415916	243.45415	7.6010742
-39.415531	242.46251	7.6108398
-39.413956	239.29985	7.6206055
-39.413654	243.85971	7.6303711
-39.412312	245.42192	7.6401367
-39.410675	248.31004	7.6499023
-39.409866	249.80528	7.659668
-39.408802	241.80592	7.6694336
-39.408882	244.32524	7.6791992
-39.40728	244.25307	7.6889648
-39.407955	247.53247	7.6987305
-39.406765	250.75313	7.7084961
-39.405468	248.77489	7.7182617
-39.404964	248.41188	7.7280273
-39.403938	247.41231	7.737793
-39.402283	245.82445	7.7475586
-39.402092	246.7892	7.7573242
-39.401691	251.44392	7.7670898
-39.401932	254.37975	7.7768555
-39.401646	252.95036	7.7866211
-39.39917	250.05582	7.7963867
-39.39904	247.77444	7.8061523
-39.397129	250.60344	7.815918
-39.397213	252.78702	7.8256836
-39.396721	256.00684	7.8354492
-39.395157	255.59097	7.8452148
-39.394119	257.05295	7.8549805
-39.393318	253.30756	7.8647461
-39.39286	249.5238	7.8745117
-39.392303	253.47737	7.8842773
-39.390732	258.40781	7.894043
-39.389893	259.86026	7.9038086
-39.390259	260.19257	7.9135742
-39.388714	252.94707	7.9233398
-39.38805	254.29684	7.9331055
-39.386913	255.6512	7.9428711
-39.3867	256.00742	7.9526367
-39.386036	263.42352	7.9624023
-39.383942	260.46326	7.972168
-39.383553	259.8161	7.9819336
-39.383118	255.89514	7.9916992
-39.382339	252.38434	8.0014648
-39.381908	260.39081	8.0112305
-39.381008	264.64453	8.0209961
-39.379055	267.59821	8.0307617
-39.378311	262.56119	8.0405273
-39.378109	259.08344	8.050293
-39.377277	259.742	8.0600586
-39.376232	261.78796	8.0698242
-39.375412	265.08643	8.0795898
-39.374332	268.39505	8.0893555
-39.374947	266.4201	8.0991211
-39.373722	263.55118	8.1088867
-39.372486	255.82341	8.1186523
-39.371613	260.71292	8.128418
-39.370651	268.45496	8.1381836
-39.370411	271.6799	8.1479492
-39.368835	269.55573	8.1577148
-39.369347	265.95663	8.1674805
-39.369026	263.48035	8.1772461
-39.366001	264.06815	8.1870117
-39.367069	269.19266	8.1967773
-39.366203	271.65845	8.206543
-39.364162	275.668	8.2163086
-39.36401	271.14069	8.2260742
-39.362667	266.92874	8.2358398
-39.361919	265.97324	8.2456055
-39.361454	270.25299	8.2553711
-39.360458	275.91528	8.2651367
-39.358463	274.99966	8.2749023
-39.358089	273.72516	8.284668
-39.356548	271.80914	8.2944336
-39.356995	270.60202	8.3041992
-39.355553	272.58176	8.3139648
-39.356018	272.23853	8.3237305
-39.354866	277.88373	8.3334961
-39.353962	280.26404	8.3432617
-39.353004	273.24277	8.3530273
-39.351341	273.77637	8.362793
-39.351009	271.89258	8.3725586
-39.350353	277.10373	8.3823242
-39.350182	278.52158	8.3920898
-39.348503	278.41513	8.4018555
-39.348675	280.32581	8.4116211
-39.345966	279.31314	8.4213867
-39.34621	275.45157	8.4311523
-39.346004	275.95749	8.440918
-39.344917	277.61917	8.4506836
-39.342659	282.29132	8.4604492
-39.343159	282.58084	8.4702148
-39.341564	281.31784	8.4799805
-39.341022	278.69312	8.4897461
-39.341084	279.52573	8.4995117
-39.338985	281.43164	8.5092773
-39.337326	283.01114	8.519043
-39.337788	285.71619	8.5288086
-39.336597	287.01373	8.5385742
-39.336674	282.01154	8.5483398
-39.335968	278.04745	8.5581055
-39.332706	279.65875	8.5678711
-39.334496	284.76636	8.5776367
-39.332771	288.98636	8.5874023
-39.332355	289.35257	8.597168
-39.331478	282.40353	8.6069336
-39.331364	282.74472	8.6166992
-39.329342	283.83316	8.6264648
-39.329453	284.40634	8.6362305
-39.327881	291.4794	8.6459961
-39.328266	292.77094	8.6557617
-39.326874	290.76331	8.6655273
-39.326019	284.89603	8.675293
-39.325859	281.45557	8.6850586
-39.324039	286.73315	8.6948242
-39.323124	293.15778	8.7045898
-39.322746	295.35458	8.7143555
-39.321114	291.24072	8.7241211
-39.321312	286.86844	8.7338867
-39.320087	288.94666	8.7436523
-39.319126	287.00781	8.753418
-39.318165	293.38452	8.7631836
-39.317867	295.2435	8.7729492
-39.316345	295.27939	8.7827148
-39.315372	292.10123	8.7924805
-39.314983	287.79553	8.8022461
-39.314812	288.80832	8.8120117
-39.313438	294.72128	8.8217773
-39.313885	300.12708	8.831543
-39.31118	298.77359	8.8413086
-39.312447	294.72525	8.8510742
-39.310413	293.59076	8.8608398
-39.310043	293.55667	8.8706055
-39.308517	295.75381	8.8803711
-39.307621	297.94913	8.8901367
-39.306309	302.72214	8.8999023
-39.306156	301.1532	8.909668
-39.305645	295.91501	8.9194336
-39.305122	294.78967	8.9291992
-39.30373	295.8837	8.9389648
-39.303303	301.34366	8.9487305
-39.302292	301.59543	8.9584961
-39.301327	303.5871	8.9682617
-39.29987	301.45563	8.9780273
-39.299282	298.50833	8.987793
-39.297783	301.1615	8.9975586
-39.298374	299.81	9.0073242
-39.297638	303.48172	9.0170898
-39.29665	307.74661	9.0268555
-39.294716	303.03494	9.0366211
-39.295006	302.85791	9.0463867
-39.295013	300.04086	9.0561523
-39.293026	301.3811	9.065918
-39.292728	306.0376	9.0756836
-39.291035	304.85599	9.0854492
-39.291985	307.07053	9.0952148
-39.290585	306.52744	9.1049805
-39.289497	303.72052	9.1147461
-39.288616	302.10843	9.1245117
-39.286629	304.50616	9.1342773
-39.287426	309.43521	9.144043
-39.28553	312.38611	9.1538086
-39.285522	309.58633	9.1635742
-39.283779	305.49554	9.1733398
-39.283894	304.72244	9.1831055
-39.283829	305.51511	9.1928711
-39.281746	308.6741	9.2026367
-39.281132	313.47403	9.2124023
-39.279938	314.94528	9.222168
-39.279701	309.91769	9.2319336
-39.278759	306.00812	9.2416992
-39.278049	304.81442	9.2514648
-39.277683	312.25903	9.2612305
-39.276562	316.35623	9.2709961
-39.276058	317.87219	9.2807617
-39.27494	313.18677	9.2905273
-39.273941	309.26035	9.300293
-39.273628	311.04874	9.3100586
-39.273079	311.21661	9.3198242
-39.27158	316.52032	9.3295898
-39.270573	317.17261	9.3393555
-39.27034	318.15747	9.3491211
-39.269535	314.8812	9.3588867
-39.267262	309.0448	9.3686523
-39.267372	312.26846	9.378418
-39.265079	319.33243	9.3881836
-39.26506	321.63879	9.3979492
-39.265747	321.62988	9.4077148
-39.263878	315.52545	9.4174805
-39.263527	316.1673	9.4272461
-39.262909	314.90118	9.4370117
-39.262859	318.23624	9.4467773
-39.261093	321.65207	9.456543
-39.260242	322.1308	9.4663086
-39.259838	322.71609	9.4760742
-39.257706	315.81332	9.4858398
-39.257401	316.44598	9.4956055
-39.257244	320.41641	9.5053711
-39.257076	323.82449	9.5151367
-39.255444	325.98978	9.5249023
-39.253838	322.78763	9.534668
-39.253059	319.01373	9.5444336
-39.252319	322.72839	9.5541992
-39.252033	319.61691	9.5639648
-39.250851	323.21692	9.5737305
-39.2491	326.80511	9.5834961
-39.250088	328.39059	9.5932617
-39.24873	324.73553	9.6030273
-39.247673	323.84149	9.612793
-39.248463	322.60706	9.6225586
-39.245258	325.58313	9.6323242
-39.244068	326.42776	9.6420898
-39.244587	328.17822	9.6518555
-39.243179	328.3515	9.6616211
-39.242786	326.03104	9.6713867
-39.241974	325.13037	9.6811523
-39.24041	323.32037	9.690918
-39.240772	325.79807	9.7006836
-39.239628	332.42236	9.7104492
-39.238075	333.64606	9.7202148
-39.23801	330.74939	9.7299805
-39.237141	326.57672	9.7397461
-39.236687	327.64682	9.7495117
-39.235527	331.69104	9.7592773
-39.23595	331.42523	9.769043
-39.234596	335.32437	9.7788086
-39.232971	335.62674	9.7885742
-39.232491	330.7048	9.7983398
-39.230968	329.49976	9.8081055
-39.229794	326.94943	9.8178711
-39.230114	334.23883	9.8276367
-39.228722	338.69034	9.8374023
-39.228142	338.26242	9.847168
-39.228081	331.83792	9.8569336
-39.226093	330.29333	9.8666992
-39.225548	333.57062	9.8764648
-39.225002	335.19736	9.8862305
-39.224197	340.72391	9.8959961
-39.223125	340.06006	9.9057617
-39.222862	339.73114	9.9155273
-39.222672	334.87769	9.925293
-39.220634	331.21341	9.9350586
-39.220432	336.23187	9.9448242
-39.21965	342.34174	9.9545898
-39.217644	344.62344	9.9643555
-39.217442	340.83316	9.9741211
-39.21611	336.83383	9.9838867
-39.216228	335.3161	9.9936523
-39.214893	337.75558	10.003418
-39.214226	343.14017	10.013184
-39.213249	342.35016	10.022949
-39.213196	345.72852	10.032715
-39.212444	341.15317	10.04248
-39.21125	336.2789	10.052246
-39.209534	339.92065	10.062012
-39.209877	341.96146	10.071777
-39.208897	347.96786	10.081543
-39.207947	347.40814	10.091309
-39.206264	343.58197	10.101074
-39.205818	341.39194	10.11084
-39.20644	342.29935	10.120605
-39.205509	344.19257	10.130371
-39.204666	344.94781	10.140137
-39.204124	348.60339	10.149902
-39.202515	349.53751	10.159668
-39.200821	345.0202	10.169434
-39.200329	344.05453	10.179199
-39.200813	344.8912	10.188965
-39.200771	347.64923	10.19873
-39.197784	352.67239	10.208496
-39.198185	350.51563	10.218262
-39.196526	348.42746	10.228027
-39.195183	349.62582	10.237793
-39.194523	346.09943	10.247559
-39.195297	347.30762	10.257324
-39.192444	352.85956	10.26709
-39.192734	354.51672	10.276855
-39.191799	354.72708	10.286621
-39.189709	349.1423	10.296387
-39.189861	348.57736	10.306152
-39.189072	350.75751	10.315918
-39.187733	353.14249	10.325684
-39.189507	356.06012	10.335449
-39.186962	357.95575	10.345215
-39.185993	354.96756	10.35498
-39.184593	354.42804	10.364746
-39.184402	347.86993	10.374512
-39.183472	353.12872	10.384277
-39.182457	357.49118	10.394043
-39.181335	360.48935	10.403809
-39.18148	358.54163	10.413574
-39.181797	351.42587	10.42334
-39.178196	351.38251	10.433105
-39.179756	355.64069	10.442871
-39.177513	354.90613	10.452637
-39.17646	361.19376	10.462402
-39.1759	361.10641	10.472168
-39.174564	358.16364	10.481934
-39.175495	354.81052	10.491699
-39.175007	351.95074	10.501465
-39.174305	359.77167	10.51123
-39.173229	365.67007	10.520996
-39.171711	364.67432	10.530762
-39.169174	360.05185	10.540527
-39.16935	355.89581	10.550293
-39.168869	357.8801	10.560059
-39.168987	361.85123	10.569824
-39.16748	364.44232	10.57959
-39.1665	365.93552	10.589355
-39.1656	365.80341	10.599121
-39.165428	361.92566	10.608887
-39.164074	356.78677	10.618652
-39.163319	359.02588	10.628418
-39.162193	365.56421	10.638184
-39.161243	368.77756	10.647949
-39.160805	365.79559	10.657715
-39.160606	362.65121	10.66748
-39.159729	359.76636	10.677246
-39.158211	362.95425	10.687012
-39.15855	366.72818	10.696777
-39.156746	367.48535	10.706543
-39.155704	370.69528	10.716309
-39.155788	368.43466	10.726074
-39.154716	362.34283	10.73584
-39.153503	363.98334	10.745605
-39.153187	364.92044	10.755371
-39.151775	371.37073	10.765137
-39.15081	372.46371	10.774902
-39.150944	368.00864	10.784668
-39.149757	368.75876	10.794434
-39.148434	365.94016	10.804199
-39.147202	368.09805	10.813965
-39.146511	370.13284	10.82373
-39.145931	371.73425	10.833496
-39.14502	375.93283	10.843262
-39.144169	370.85196	10.853027
-39.144211	368.80795	10.862793
-39.143166	366.95764	10.872559
-39.1423	369.85846	10.882324
-39.14056	375.9671	10.89209
-39.140957	374.61191	10.901855
-39.139526	375.73615	10.911621
-39.140358	372.70892	10.921387
-39.138371	370.14764	10.931152
-39.137653	371.34857	10.940918
-39.136791	372.45102	10.950684
-39.134975	377.05405	10.960449
-39.135056	380.50882	10.970215
-39.133888	375.3783	10.97998
-39.133511	371.15518	10.989746
-39.132355	371.76614	10.999512
-39.131599	373.77951	11.009277
-39.13068	378.91525	11.019043
-39.130447	379.23306	11.028809
-39.128979	379.98969	11.038574
-39.127956	377.60669	11.04834
-39.127663	372.7356	11.058105
-39.126659	373.4718	11.067871
-39.126469	378.96121	11.077637
-39.125748	384.14124	11.087402
-39.125031	383.67773	11.097168
-39.123962	376.23029	11.106934
-39.122314	375.29773	11.116699
-39.121243	376.91907	11.126465
-39.120213	380.01691	11.13623
-39.120457	385.88629	11.145996
-39.118763	383.03183	11.155762
-39.11895	383.9371	11.165527
-39.117817	380.03082	11.175293
-39.118744	375.39032	11.185059
-39.115047	379.90381	11.194824
-39.11552	386.95709	11.20459
-39.114658	387.33618	11.214355
-39.113152	385.06454	11.224121
-39.112076	379.04218	11.233887
-39.112606	378.72137	11.243652
-39.110191	380.91281	11.253418
-39.111176	385.08939	11.263184
-39.11039	388.0347	11.272949
-39.108418	387.60165	11.282715
-39.107262	385.74399	11.29248
-39.106911	380.54831	11.302246
-39.106621	380.55008	11.312012
-39.105495	385.74268	11.321777
-39.104412	390.86685	11.331543
-39.103481	389.82562	11.341309
-39.104256	385.37723	11.351074
-39.101551	383.55878	11.36084
-39.101402	386.40225	11.370605
-39.099575	385.75604	11.380371
-39.100636	388.05499	11.390137
-39.100475	391.76581	11.399902
-39.098217	390.25198	11.409668
-39.098629	387.36569	11.419434
-39.096661	386.05338	11.429199
-39.095116	384.39096	11.438965
-39.094677	392.77173	11.44873
-39.094574	394.15167	11.458496
-39.094017	391.86676	11.468262
-39.093113	390.31454	11.478027
-39.091236	388.9165	11.487793
-39.090553	390.01947	11.497559
-39.090122	389.41568	11.507324
-39.08757	391.93216	11.51709
-39.087627	396.7587	11.526855
-39.088131	395.27316	11.536621
-39.086609	392.73898	11.546387
-39.085663	388.09729	11.556152
-39.084656	389.29666	11.565918
-39.083805	395.37506	11.575684
-39.083939	395.26559	11.585449
-39.082363	397.28702	11.595215
-39.082588	396.61984	11.60498
-39.081013	392.39038	11.614746
-39.080505	392.2775	11.624512
-39.078396	392.13742	11.634277
-39.077408	397.27652	11.644043
-39.077759	400.99451	11.653809
-39.077084	398.05136	11.663574
-39.077087	393.36771	11.67334
-39.075493	390.88644	11.683105
-39.074768	394.84109	11.692871
-39.07309	398.521	11.702637
-39.07209	401.71329	11.712402
-39.072449	400.71927	11.722168
-39.071438	398.48096	11.731934
-39.069881	393.55685	11.741699
-39.069683	393.1088	11.751465
-39.068913	399.14368	11.76123
-39.067917	404.08783	11.770996
-39.067104	404.74063	11.780762
-39.066666	398.53427	11.790527
-39.065723	397.02856	11.800293
-39.06509	396.21683	11.810059
-39.063793	397.91385	11.819824
-39.06208	404.79355	11.82959
-39.063007	403.84634	11.839355
-39.061283	404.69583	11.849121
-39.060005	401.66656	11.858887
-39.059841	395.07684	11.868652
-39.0597	401.20901	11.878418
-39.058441	403.44595	11.888184
-39.057583	408.47531	11.897949
-39.056454	407.04404	11.907715
-39.056858	400.76309	11.91748
-39.055206	400.14459	11.927246
-39.053886	402.0741	11.937012
-39.053341	403.88699	11.946777
-39.051949	407.24786	11.956543
-39.052097	406.93896	11.966309
-39.050884	408.28516	11.976074
-39.050392	402.52518	11.98584
-39.048901	401.76474	11.995605
-39.047878	403.9649	12.005371
-39.049046	408.00797	12.015137
-39.047005	411.06433	12.024902
-39.044941	408.43658	12.034668
-39.04562	403.3457	12.044434
-39.04501	406.24854	12.054199
-39.043961	405.68634	12.063965
-39.042107	407.14709	12.07373
-39.041882	411.34625	12.083496
-39.041698	411.60422	12.093262
-39.040443	409.75812	12.103027
-39.039177	405.79581	12.112793
-39.039085	402.80118	12.122559
-39.037334	408.54791	12.132324
-39.036274	411.78384	12.14209
-39.036625	411.60052	12.151855
-39.036064	410.9007	12.161621
-39.035282	408.28558	12.171387
-39.034508	406.52597	12.181152
-39.033146	407.60526	12.190918
-39.031322	406.99655	12.200684
-39.031021	413.87393	12.210449
-39.030827	414.81915	12.220215
-39.030071	410.87634	12.22998
-39.030376	404.3761	12.239746
-39.028179	407.51721	12.249512
-39.027248	410.09198	12.259277
-39.026051	413.30267	12.269043
-39.026161	415.41092	12.278809
-39.024673	415.00415	12.288574
-39.023254	410.55807	12.29834
-39.023544	407.45145	12.308105
-39.022621	407.474	12.317871
-39.021515	413.34753	12.327637
-39.020836	419.40149	12.337402
-39.020042	417.50317	12.347168
-39.01997	412.12247	12.356934
-39.017391	408.72693	12.366699
-39.017147	410.36813	12.376465
-39.016865	415.65341	12.38623
-39.015453	417.8504	12.395996
-39.015553	418.98099	12.405762
-39.015133	417.75943	12.415527
-39.01453	411.94586	12.425293
-39.012543	408.87421	12.435059
-39.012157	413.48486	12.444824
-39.010777	417.42868	12.45459
-39.009705	421.423	12.464355
-39.008717	416.7381	12.474121
-39.008984	412.27652	12.483887
-39.008087	411.78644	12.493652
-39.007259	415.51181	12.503418
-39.006775	418.31784	12.513184
-39.005917	420.34171	12.522949
-39.005322	421.15482	12.532715
-39.002415	417.12411	12.54248
-39.002869	412.58813	12.552246
-39.002518	415.34335	12.562012
-39.002277	417.7276	12.571777
-38.999691	422.70465	12.581543
-38.999554	422.91083	12.591309
-38.99818	416.96951	12.601074
-38.996803	416.1488	12.61084
-38.997299	416.23495	12.620605
-38.995777	416.18314	12.630371
-38.99604	419.74646	12.640137
-38.995171	422.09442	12.649902
-38.994583	422.05533	12.659668
-38.993839	419.71503	12.669434
-38.991821	416.34329	12.679199
-38.991714	416.80463	12.688965
-38.99044	419.29834	12.69873
-38.989517	424.32721	12.708496
-38.989399	422.91293	12.718262
-38.988369	421.13242	12.728027
-38.988594	419.30823	12.737793
-38.987171	418.96841	12.747559
-38.985916	419.19705	12.757324
-38.984592	421.06784	12.76709
-38.984276	424.9249	12.776855
-38.983604	426.52228	12.786621
-38.982437	423.18887	12.796387
-38.980652	416.84241	12.806152
-38.980816	421.24759	12.815918
-38.979122	422.69537	12.825684
-38.979053	425.80588	12.835449
-38.977859	425.90958	12.845215
-38.976982	422.82104	12.85498
-38.977295	423.13235	12.864746
-38.976242	418.71518	12.874512
-38.975258	420.67862	12.884277
-38.974113	426.51456	12.894043
-38.973698	429.27322	12.903809
-38.972622	427.58893	12.913574
-38.97213	420.06323	12.92334
-38.970764	418.08453	12.933105
-38.970547	423.88184	12.942871
-38.968868	426.28848	12.952637
-38.967838	428.98083	12.962402
-38.968498	426.57269	12.972168
-38.967331	425.43744	12.981934
-38.965412	421.42599	12.991699
-38.966423	419.80182	13.001465
-38.964489	423.5899	13.01123
-38.963867	430.94241	13.020996
-38.962784	431.29419	13.030762
-38.962269	424.55847	13.040527
-38.961651	420.54691	13.050293
-38.9604	421.7807	13.060059
-38.960754	426.50864	13.069824
-38.958878	429.29611	13.07959
-38.958008	429.65231	13.089355
-38.958313	428.5051	13.099121
-38.957066	427.40295	13.108887
-38.956165	422.58603	13.118652
-38.956013	424.49243	13.128418
-38.954441	429.59	13.138184
-38.953972	433.89972	13.147949
-38.952103	430.59399	13.157715
-38.951099	425.91354	13.16748
-38.950916	423.28333	13.177246
-38.948883	425.09622	13.187012
-38.94994	428.69531	13.196777
-38.947388	427.58447	13.206543
-38.948097	431.96078	13.216309
-38.94696	430.29547	13.226074
-38.94611	424.31268	13.23584
-38.944771	425.23593	13.245605
-38.944504	425.95438	13.255371
-38.944088	431.6716	13.265137
-38.943027	434.72766	13.274902
-38.941422	428.91406	13.284668
-38.94178	429.25797	13.294434
-38.940865	425.61578	13.304199
-38.939835	426.67099	13.313965
-38.939198	429.2851	13.32373
-38.937649	431.55124	13.333496
-38.936935	433.54532	13.343262
-38.936108	431.56308	13.353027
-38.93549	428.09921	13.362793
-38.934525	425.14459	13.372559
-38.933945	429.02963	13.382324
-38.932499	433.58566	13.39209
-38.932888	432.57898	13.401855
-38.930607	432.19537	13.411621
-38.930393	429.71884	13.421387
-38.929283	426.89841	13.431152
-38.928123	427.47635	13.440918
-38.929424	430.3042	13.450684
-38.927223	433.0647	13.460449
-38.92638	435.37158	13.470215
-38.925529	431.8457	13.47998
-38.924831	425.76611	13.489746
-38.92437	426.83066	13.499512
-38.922401	430.6105	13.509277
-38.922935	434.68628	13.519043
-38.921471	436.83734	13.528809
-38.919708	432.58624	13.538574
-38.919144	431.55353	13.54834
-38.919724	427.16995	13.558105
-38.917187	426.41379	13.567871
-38.917564	432.60928	13.577637
-38.917213	438.2247	13.587402
-38.915478	438.15665	13.597168
-38.914864	430.4874	13.606934
-38.914799	426.54037	13.616699
-38.913826	429.36407	13.626465
-38.912685	432.41266	13.63623
-38.91177	438.27829	13.645996
-38.91045	435.58676	13.655762
-38.909561	434.06497	13.665527
-38.908924	430.21332	13.675293
-38.908718	426.31857	13.685059
-38.907631	432.72485	13.694824
-38.907516	434.3689	13.70459
-38.906651	437.08865	13.714355
-38.905712	435.97437	13.724121
-38.903694	428.75824	13.733887
-38.904438	428.98254	13.743652
-38.902634	433.15106	13.753418
-38.90287	434.19699	13.763184
-38.900528	436.52539	13.772949
-38.900261	434.37933	13.782715
-38.89959	433.25601	13.79248
-38.898819	429.88718	13.802246
-38.898506	428.54828	13.812012
-38.897285	431.91022	13.821777
-38.896023	437.93024	13.831543
-38.894981	437.78558	13.841309
-38.894913	434.17184	13.851074
-38.89336	431.24411	13.86084
-38.894676	432.09235	13.870605
-38.891777	433.2233	13.880371
-38.8923	432.72629	13.890137
-38.890244	437.40787	13.899902
-38.888828	438.54669	13.909668
-38.888733	433.70544	13.919434
-38.888718	432.33276	13.929199
-38.887299	429.40582	13.938965
-38.885674	437.2973	13.94873
-38.886063	438.65814	13.958496
-38.884476	436.879	13.968262
-38.885056	435.54037	13.978027
-38.883335	431.13184	13.987793
-38.882816	433.21524	13.997559
-38.881252	432.70789	14.007324
-38.88084	434.21393	14.01709
-38.880009	440.50427	14.026855
-38.878841	439.09232	14.036621
-38.879505	434.98029	14.046387
-38.876915	429.06619	14.056152
-38.877121	430.61472	14.065918
-38.876125	437.64572	14.075684
-38.874985	437.58115	14.085449
-38.874821	440.14563	14.095215
-38.873478	437.76883	14.10498
-38.873299	432.7496	14.114746
-38.871826	431.3078	14.124512
-38.870731	433.38623	14.134277
-38.870686	436.62021	14.144043
-38.870083	441.93063	14.153809
-38.867756	437.88159	14.163574
-38.867672	430.45834	14.17334
-38.867043	431.04282	14.183105
-38.865261	432.96887	14.192871
-38.865421	439.24966	14.202637
-38.864372	441.20584	14.212402
-38.864162	437.67291	14.222168
-38.862236	436.92065	14.231934
-38.861351	431.18677	14.241699
-38.862408	429.53271	14.251465
-38.860092	435.12445	14.26123
-38.859726	441.07935	14.270996
-38.858688	441.29416	14.280762
-38.858715	436.15826	14.290527
-38.858322	430.56927	14.300293
-38.857067	432.05832	14.310059
-38.856277	433.83725	14.319824
-38.854374	439.60593	14.32959
-38.853657	439.20786	14.339355
-38.853283	437.69791	14.349121
-38.853157	434.18976	14.358887
-38.851814	429.54831	14.368652
-38.8512	434.07745	14.378418
-38.84922	437.12753	14.388184
-38.848423	440.15826	14.397949
-38.847958	441.2811	14.407715
-38.846989	431.71399	14.41748
-38.846474	432.23743	14.427246
-38.845898	434.03174	14.437012
-38.845726	436.34515	14.446777
-38.844429	438.84079	14.456543
-38.842892	439.62497	14.466309
-38.841488	437.15094	14.476074
-38.841476	434.11682	14.48584
-38.840042	432.03876	14.495605
-38.841015	433.61304	14.505371
-38.839386	438.62335	14.515137
-38.839016	440.15851	14.524902
-38.83812	437.05167	14.534668
-38.837326	435.84494	14.544434
-38.836277	433.89066	14.554199
-38.835018	434.11401	14.563965
-38.834251	435.25818	14.57373
-38.835026	438.22891	14.583496
-38.833454	440.39856	14.593262
-38.832283	437.39877	14.603027
-38.831669	435.33755	14.612793
-38.829838	430.79767	14.622559
-38.830647	435.51279	14.632324
-38.827911	437.50186	14.64209
-38.827808	438.64902	14.651855
-38.826584	439.69464	14.661621
-38.826473	434.49432	14.671387
-38.825718	434.27094	14.681152
-38.824772	432.2973	14.690918
-38.824421	434.15771	14.700684
-38.822086	439.17542	14.710449
-38.821678	440.50412	14.720215
-38.821129	437.2045	14.72998
-38.819988	432.94641	14.739746
-38.820255	430.16495	14.749512
-38.819752	436.45911	14.759277
-38.81839	440.13269	14.769043
-38.817898	441.29788	14.778809
-38.816456	437.07434	14.788574
-38.815655	434.41077	14.79834
-38.814957	433.83517	14.808105
-38.813805	430.71603	14.817871
-38.813091	437.18655	14.827637
-38.813251	441.61859	14.837402
-38.812298	438.32715	14.847168
-38.810944	434.14517	14.856934
-38.809967	429.11758	14.866699
-38.808929	431.44696	14.876465
-38.808071	438.11642	14.88623
-38.80769	440.13913	14.895996
-38.807758	438.25195	14.905762
-38.806282	437.336	14.915527
-38.805904	431.96307	14.925293
-38.805084	430.56873	14.935059
-38.802952	433.74707	14.944824
-38.802723	438.25146	14.95459
-38.80246	442.90466	14.964355
-38.800396	437.04807	14.974121
-38.800877	431.63864	14.983887
-38.800045	431.00653	14.993652
-38.79784	433.94327	15.003418
-38.797588	438.1734	15.013184
-38.797882	437.88367	15.022949
-38.795982	438.6579	15.032715
-38.795944	437.56879	15.04248
-38.79504	431.02823	15.052246
-38.793484	432.94788	15.062012
-38.7925	434.0809	15.071777
-38.792526	439.1839	15.081543
-38.790974	439.47244	15.091309
-38.790771	432.76208	15.101074
-38.790264	433.32773	15.11084
-38.78783	431.8045	15.120605
-38.788269	433.81564	15.130371
-38.786915	435.40271	15.140137
-38.786858	436.72272	15.149902
-38.786839	439.17343	15.159668
-38.785866	435.30209	15.169434
-38.783787	432.64844	15.179199
-38.783298	431.37619	15.188965
-38.781921	435.21994	15.19873
-38.780884	439.31992	15.208496
-38.780659	438.65118	15.218262
-38.779854	432.35876	15.228027
-38.779942	432.26819	15.237793
-38.778416	433.22055	15.247559
-38.77795	432.77591	15.257324
-38.776855	434.91248	15.26709
-38.775272	436.24493	15.276855
-38.774883	438.07773	15.286621
-38.773647	434.97589	15.296387
-38.774155	427.91827	15.306152
-38.772896	430.23926	15.315918
-38.771008	434.01215	15.325684
-38.771961	437.33936	15.335449
-38.770725	438.80273	15.345215
-38.769211	432.42944	15.35498
-38.768414	432.05289	15.364746
-38.767792	429.57208	15.374512
-38.76717	430.54199	15.384277
-38.767334	435.90048	15.394043
-38.765141	438.87903	15.403809
-38.764755	437.67349	15.413574
-38.763988	431.02814	15.42334
-38.763111	427.18491	15.433105
-38.763905	433.04666	15.442871
-38.761044	434.23831	15.452637
-38.760101	439.81326	15.462402
-38.75914	435.09631	15.472168
-38.759689	433.10849	15.481934
-38.757309	431.09741	15.491699
-38.758133	428.38937	15.501465
-38.755695	433.24722	15.51123
-38.754456	436.22507	15.520996
-38.754856	436.4422	15.530762
-38.755016	434.79883	15.540527
-38.75264	426.30142	15.550293
-38.752342	428.15527	15.560059
-38.75206	433.79221	15.569824
-38.750484	436.12573	15.57959
-38.749912	436.20392	15.589355
-38.749268	435.54407	15.599121
-38.746578	431.47052	15.608887
-38.746944	428.14728	15.618652
-38.747185	429.37183	15.628418
-38.745819	432.27771	15.638184
-38.744125	437.34445	15.647949
-38.744438	435.85001	15.657715
-38.743511	430.09387	15.66748
-38.742573	428.76187	15.677246
-38.742016	429.3092	15.687012
-38.741016	434.27783	15.696777
-38.740131	434.42169	15.706543
-38.739372	435.97186	15.716309
-38.73864	434.38852	15.726074
-38.738731	430.95633	15.73584
-38.73642	428.43106	15.745605
-38.73637	428.75357	15.755371
-38.734676	434.13214	15.765137
-38.734711	436.68875	15.774902
-38.732586	432.2377	15.784668
-38.732605	432.62494	15.794434
-38.732258	429.30206	15.804199
-38.731571	428.85162	15.813965
-38.730488	432.16153	15.82373
-38.729572	431.76959	15.833496
-38.729267	435.56497	15.843262
-38.727585	434.23123	15.853027
-38.727833	427.92242	15.862793
-38.726017	427.00967	15.872559
-38.725868	428.59531	15.882324
-38.724659	434.56451	15.89209
-38.7239	433.92584	15.901855
-38.723965	433.9133	15.911621
-38.722443	428.95285	15.921387
-38.720791	428.31448	15.931152
-38.720123	428.76172	15.940918
-38.719643	428.25586	15.950684
-38.720074	432.67456	15.960449
-38.717308	436.98602	15.970215
-38.717625	432.40808	15.97998
-38.715973	425.08032	15.989746
-38.715324	427.194	15.999512
-38.714939	428.35779	16.009277
-38.713547	434.50653	16.019043
-38.714149	435.36063	16.028809
-38.712166	430.7887	16.038574
-38.710732	429.30569	16.04834
-38.710068	425.53766	16.058105
-38.71088	426.47379	16.067871
-38.708374	432.85782	16.077637
-38.709084	433.66769	16.087402
-38.706982	435.95084	16.097168
-38.70676	428.56641	16.106934
-38.705673	422.4223	16.116699
-38.705051	427.10773	16.126465
-38.703964	431.02408	16.13623
-38.702991	433.9686	16.145996
-38.703156	432.44229	16.155762
-38.700981	431.07547	16.165527
-38.700363	427.27887	16.175293
-38.700237	424.23663	16.185059
-38.699471	427.49631	16.194824
-38.700077	432.55438	16.20459
-38.697495	433.37851	16.214355
-38.697346	432.37524	16.224121
-38.696915	426.25848	16.233887
-38.694519	422.83453	16.243652
-38.694157	429.93652	16.253418
-38.69445	431.17691	16.263184
-38.692974	432.30084	16.272949
-38.691166	429.21652	16.282715
-38.69173	428.65475	16.29248
-38.690205	424.25159	16.302246
-38.689262	424.0004	16.312012
-38.688805	426.19363	16.321777
-38.688087	432.09238	16.331543
-38.687828	432.34875	16.341309
-38.686565	429.33643	16.351074
-38.684124	424.71896	16.36084
-38.685425	425.8353	16.370605
-38.684231	429.2504	16.380371
-38.682251	429.34778	16.390137
-38.68264	430.62286	16.399902
-38.681782	430.60843	16.409668
-38.680676	427.77402	16.419434
-38.68084	426.1066	16.429199
-38.679516	422.89493	16.438965
-38.678246	427.49786	16.44873
-38.677231	432.75153	16.458496
-38.67683	429.99966	16.468262
-38.67543	429.31406	16.478027
-38.675781	426.57083	16.487793
-38.674648	424.66196	16.497559
-38.673531	426.16803	16.507324
-38.673244	426.80258	16.51709
-38.671406	432.4455	16.526855
-38.670643	431.02863	16.536621
-38.670235	427.13538	16.546387
-38.669289	422.16354	16.556152
-38.667961	422.94513	16.565918
-38.667397	428.89474	16.575684
-38.6679	431.1785	16.585449
-38.665798	432.77234	16.595215
-38.664673	426.69763	16.60498
-38.664742	424.12225	16.614746
-38.664024	423.12671	16.624512
-38.662361	424.29202	16.634277
-38.661755	428.4278	16.644043
-38.661533	433.6937	16.653809
-38.661316	429.8671	16.663574
-38.660511	423.54709	16.67334
-38.659485	421.24396	16.683105
-38.657787	423.07892	16.692871
-38.656696	429.65408	16.702637
-38.655476	431.80173	16.712402
-38.65588	426.93137	16.722168
-38.654522	427.17969	16.731934
-38.654095	420.96402	16.741699
-38.653198	421.78745	16.751465
-38.651787	426.69974	16.76123
-38.651711	428.67923	16.770996
-38.650539	432.32547	16.780762
-38.649109	426.84583	16.790527
-38.648315	421.58963	16.800293
-38.64864	420.76544	16.810059
-38.647938	424.30881	16.819824
-38.647018	429.90247	16.82959
-38.645103	427.57233	16.839355
-38.645023	426.11005	16.849121
-38.644451	424.46164	16.858887
-38.644264	419.2804	16.868652
-38.64201	422.37442	16.878418
-38.641319	426.58124	16.888184
-38.640881	430.01614	16.897949
-38.64045	429.83054	16.907715
-38.639648	422.67584	16.91748
-38.638691	420.58997	16.927246
-38.63805	422.87686	16.937012
-38.637642	425.28485	16.946777
-38.635372	427.47473	16.956543
-38.634556	426.76578	16.966309
-38.636223	425.6218	16.976074
-38.633896	424.05914	16.98584
-38.632435	420.59509	16.995605
-38.630943	422.34418	17.005371
-38.629845	427.38129	17.015137
-38.630203	429.1683	17.024902
-38.630161	426.25745	17.034668
-38.628258	423.54123	17.044434
-38.627945	422.08945	17.054199
-38.627865	422.72659	17.063965
-38.62606	423.74609	17.07373
-38.625286	426.24792	17.083496
-38.625076	427.17511	17.093262
-38.622452	427.21573	17.103027
-38.621864	422.88861	17.112793
-38.622261	418.87952	17.122559
-38.62141	423.56595	17.132324
-38.620159	427.0069	17.14209
-38.619633	426.30597	17.151855
-38.619427	427.75995	17.161621
-38.618073	421.09579	17.171387
-38.617382	423.12115	17.181152
-38.617184	420.66937	17.190918
-38.615162	422.4364	17.200684
-38.614918	427.71658	17.210449
-38.61478	429.1969	17.220215
-38.612862	425.72418	17.22998
-38.612656	420.21545	17.239746
-38.610695	418.44312	17.249512
-38.610558	422.79138	17.259277
-38.609863	426.95218	17.269043
-38.608593	428.94113	17.278809
-38.608402	426.21939	17.288574
-38.608231	421.46326	17.29834
-38.608162	421.04916	17.308105
-38.607029	418.79486	17.317871
-38.604679	424.30823	17.327637
-38.603603	429.12601	17.337402
-38.603317	426.08142	17.347168
-38.603172	421.71555	17.356934
-38.601589	418.19794	17.366699
-38.60099	417.78928	17.376465
-38.59993	425.87726	17.38623
-38.598785	427.95053	17.395996
-38.598228	425.52646	17.405762
-38.597618	424.00983	17.415527
-38.596947	420.43909	17.425293
-38.595379	418.90601	17.435059
-38.594463	420.98413	17.444824
-38.593777	424.72128	17.45459
-38.594219	430.00046	17.464355
-38.592632	424.94073	17.474121
-38.590881	419.60904	17.483887
-38.592403	419.51508	17.493652
-38.589397	419.87271	17.503418
-38.589931	426.4649	17.513184
-38.589569	424.24408	17.522949
-38.587978	425.07303	17.532715
-38.586399	422.88138	17.54248
-38.58651	419.87421	17.552246
-38.585293	420.38425	17.562012
-38.585163	420.2785	17.571777
-38.584259	426.99362	17.581543
-38.582394	429.46231	17.591309
-38.582607	421.79733	17.601074
-38.581337	420.31198	17.61084
-38.580048	420.46545	17.620605
-38.579758	421.80634	17.630371
-38.578804	422.86493	17.640137
-38.578632	423.12207	17.649902
-38.576347	426.26068	17.659668
-38.577686	422.65875	17.669434
-38.57589	418.69641	17.679199
-38.574989	416.9426	17.688965
-38.574787	421.49106	17.69873
-38.572845	425.6676	17.708496
-38.572399	426.06165	17.718262
-38.572521	422.53476	17.728027
-38.571404	418.16824	17.737793
-38.569698	419.04742	17.747559
-38.570316	422.22275	17.757324
-38.5686	423.69183	17.76709
-38.56665	424.86877	17.776855
-38.567108	424.42084	17.786621
-38.565716	421.71362	17.796387
-38.565636	415.89175	17.806152
-38.563179	418.42554	17.815918
-38.563263	422.90454	17.825684
-38.562683	426.14847	17.835449
-38.561455	427.82095	17.845215
-38.561169	421.802	17.85498
-38.560905	419.94336	17.864746
-38.560349	417.10626	17.874512
-38.557896	417.32706	17.884277
-38.558121	425.07346	17.894043
-38.557919	425.27371	17.903809
-38.555637	425.77982	17.913574
-38.555252	419.14868	17.92334
-38.555363	415.91504	17.933105
-38.552364	417.96271	17.942871
-38.552006	424.35773	17.952637
-38.551594	427.16473	17.962402
-38.550728	425.09921	17.972168
-38.550751	419.31351	17.981934
-38.550285	419.02902	17.991699
-38.548935	416.29443	18.001465
-38.548595	422.65396	18.01123
-38.546982	425.28079	18.020996
-38.54673	427.22556	18.030762
-38.544498	422.19547	18.040527
-38.544716	416.04028	18.050293
-38.543888	414.41492	18.060059
-38.543911	422.43851	18.069824
-38.543617	424.68243	18.07959
-38.540478	424.69318	18.089355
-38.541279	423.45938	18.099121
-38.540668	419.96329	18.108887
-38.538372	417.17822	18.118652
-38.538101	418.74356	18.128418
-38.537331	421.03729	18.138184
-38.53603	426.25723	18.147949
-38.5355	423.76242	18.157715
-38.535183	420.72137	18.16748
-38.534061	415.64743	18.177246
-38.533947	417.36432	18.187012
-38.533382	422.17191	18.196777
-38.532032	422.50119	18.206543
-38.530537	423.78998	18.216309
-38.530441	422.5871	18.226074
-38.530186	418.80533	18.23584
-38.528999	418.29993	18.245605
-38.527847	418.2095	18.255371
-38.527859	423.70422	18.265137
-38.52486	426.07715	18.274902
-38.525341	421.08261	18.284668
-38.52462	421.08435	18.294434
-38.524216	417.66608	18.304199
-38.522121	417.55624	18.313965
-38.522778	421.10071	18.32373
-38.521534	421.32535	18.333496
-38.519447	424.14832	18.343262
-38.520023	423.31699	18.353027
-38.518822	419.28952	18.362793
-38.518272	416.69696	18.372559
-38.517513	416.82712	18.382324
-38.516792	423.52859	18.39209
-38.516594	424.6113	18.401855
-38.513519	424.31769	18.411621
-38.513432	419.07553	18.421387
-38.513691	416.89655	18.431152
-38.511684	415.44693	18.440918
-38.51125	418.92105	18.450684
-38.510525	421.15723	18.460449
-38.509811	426.00104	18.470215
-38.509758	421.01495	18.47998
-38.508968	415.47003	18.489746
-38.508415	415.16653	18.499512
-38.506817	418.3389	18.509277
-38.506676	423.41223	18.519043
-38.50589	425.14432	18.528809
-38.503963	420.44125	18.538574
-38.5047	417.78558	18.54834
-38.502434	415.37256	18.558105
-38.500885	415.66483	18.567871
-38.50066	422.50668	18.577637
-38.49918	424.23282	18.587402
-38.499046	424.68811	18.597168
-38.497646	418.08875	18.606934
-38.498363	412.87405	18.616699
-38.496883	415.92529	18.626465
-38.497395	421.4162	18.63623
-38.495037	425.86362	18.645996
-38.494102	422.10446	18.655762
-38.49324	418.88208	18.665527
-38.492485	417.06473	18.675293
-38.491764	413.67749	18.685059
-38.490856	418.83099	18.694824
-38.490383	421.3519	18.70459
-38.490093	423.6312	18.714355
-38.488831	423.56473	18.724121
-38.488014	415.4136	18.733887
-38.485813	413.79816	18.743652
-38.487206	419.0473	18.753418
-38.484787	420.08841	18.763184
-38.484386	423.15186	18.772949
-38.483173	421.76297	18.782715
-38.48439	418.93713	18.79248
-38.482681	419.16785	18.802246
-38.481113	415.55249	18.812012
-38.481339	418.22293	18.821777
-38.480217	424.39545	18.831543
-38.477974	423.22668	18.841309
-38.477921	420.8204	18.851074
-38.478321	417.97076	18.86084
-38.476467	415.77597	18.870605
-38.476036	417.95764	18.880371
-38.474224	419.56226	18.890137
-38.473907	421.29666	18.899902
-38.473064	422.27759	18.909668
-38.473648	420.63123	18.919434
-38.472366	417.77252	18.929199
-38.471554	412.26169	18.938965
-38.469948	420.07343	18.94873
-38.469486	423.28839	18.958496
-38.468834	422.22897	18.968262
-38.467331	421.7356	18.978027
-38.466553	415.65826	18.987793
-38.465805	417.2009	18.997559
-38.465744	417.53189	19.007324
-38.464882	418.27072	19.01709
-38.464199	423.81989	19.026855
-38.462738	423.89896	19.036621
-38.46204	417.70917	19.046387
-38.461067	413.83078	19.056152
-38.460423	413.77811	19.065918
-38.458569	420.25766	19.075684
-38.457127	423.25635	19.085449
-38.456936	422.40558	19.095215
-38.457069	418.49033	19.10498
-38.456081	414.41663	19.114746
-38.455296	415.82397	19.124512
-38.454876	416.54761	19.134277
-38.454319	421.65549	19.144043
-38.453674	425.24512	19.153809
-38.450954	422.5011	19.163574
-38.451092	416.32507	19.17334
-38.451031	413.24493	19.183105
-38.450008	414.74728	19.192871
-38.447887	421.96527	19.202637
-38.448189	423.53027	19.212402
-38.447403	420.29788	19.222168
-38.446114	417.26785	19.231934
-38.446213	414.71664	19.241699
-38.444927	414.25671	19.251465
-38.443298	418.39792	19.26123
-38.443043	421.98474	19.270996
-38.441845	425.78409	19.280762
-38.442749	418.63953	19.290527
-38.440868	412.3844	19.300293
-38.439709	414.31897	19.310059
-38.439713	417.7955	19.319824
-38.438866	424.06299	19.32959
-38.437103	422.43964	19.339355
-38.436821	419.36551	19.349121
-38.43507	417.11911	19.358887
-38.434055	413.25305	19.368652
-38.434353	419.01984	19.378418
-38.433659	419.56091	19.388184
-38.432274	422.15579	19.397949
-38.431885	423.11227	19.407715
-38.430958	415.40451	19.41748
-38.430019	413.36276	19.427246
-38.42897	415.17355	19.437012
-38.428684	418.74829	19.446777
-38.428123	422.58136	19.456543
-38.427402	419.72498	19.466309
-38.425636	420.05231	19.476074
-38.42569	419.03534	19.48584
-38.42334	414.10312	19.495605
-38.423576	414.62958	19.505371
-38.422684	419.2662	19.515137
-38.422359	422.78094	19.524902
-38.421104	420.93796	19.534668
-38.420116	416.95853	19.544434
-38.418888	415.5014	19.554199
-38.418285	418.21069	19.563965
-38.41758	417.71249	19.57373
-38.417595	419.59622	19.583496
-38.416752	421.73621	19.593262
-38.415623	420.69772	19.603027
-38.414036	417.526	19.612793
-38.41428	412.51205	19.622559
-38.412403	415.79285	19.632324
-38.412292	421.60898	19.64209
-38.411621	421.26035	19.651855
-38.411293	421.00906	19.661621
-38.410633	415.92932	19.671387
-38.407677	414.76501	19.681152
-38.408283	415.88669	19.690918
-38.40662	416.69086	19.700684
-38.405941	422.20151	19.710449
-38.405586	423.65598	19.720215
-38.405476	418.89166	19.72998
-38.40303	414.26385	19.739746
-38.404316	411.03809	19.749512
-38.402843	417.03564	19.759277
-38.401379	421.48181	19.769043
-38.40012	423.19949	19.778809
-38.399471	419.33139	19.788574
-38.399284	415.7858	19.79834
-38.397457	415.1442	19.808105
-38.397381	412.87054	19.817871
-38.39682	418.64471	19.827637
-38.39566	423.53925	19.837402
-38.395416	421.7775	19.847168
-38.394714	416.85376	19.856934
-38.392635	411.39996	19.866699
-38.393387	413.39011	19.876465
-38.391926	419.85385	19.88623
-38.39135	423.36404	19.895996
-38.390369	421.16199	19.905762
-38.38829	417.45529	19.915527
-38.389053	414.42551	19.925293
-38.387951	414.39325	19.935059
-38.386669	416.3363	19.944824
-38.387081	418.61639	19.95459
-38.385769	425.42056	19.964355
-38.384693	419.30261	19.974121
-38.383656	413.49408	19.983887
-38.383244	413.24756	19.993652
-38.381023	415.33215	20.003418
-38.381912	420.21832	20.013184


Data Header:			0.254_hd_uprint_typeiv_090_r0			Time:	29.505371	s	4/13/2019 10:58:58 PM
Data Acquisition:	Timed
Station Name:	ft40.cfg
Test File Name:	monotonic_0.2540_typeiv_solid_4545_uprint.tst
Displacement	Force	Running Time
mm	N	s
-38.381111	420.42081	20.022949
-38.379738	419.14868	20.032715
-38.379204	418.43356	20.04248
-38.378136	414.10645	20.052246
-38.377438	414.69891	20.062012
-38.376373	415.79037	20.071777
-38.374954	420.55469	20.081543
-38.374592	422.5856	20.091309
-38.374172	417.20016	20.101074
-38.374176	415.08862	20.11084
-38.372066	414.68863	20.120605
-38.371372	416.61414	20.130371
-38.370296	418.50101	20.140137
-38.369572	419.0762	20.149902
-38.368332	421.23453	20.159668
-38.367363	419.39233	20.169434
-38.367596	415.1752	20.179199
-38.366394	413.56415	20.188965
-38.366108	416.97504	20.19873
-38.365227	420.83832	20.208496
-38.363609	421.68323	20.218262
-38.363182	416.73431	20.228027
-38.363617	414.81378	20.237793
-38.360931	414.9982	20.247559
-38.360767	415.04779	20.257324
-38.360359	417.30756	20.26709
-38.359924	420.42218	20.276855
-38.357952	421.48679	20.286621
-38.357792	417.55551	20.296387
-38.356319	411.59503	20.306152
-38.356449	414.06113	20.315918
-38.355511	417.22586	20.325684
-38.354424	421.53256	20.335449
-38.354271	421.69553	20.345215
-38.352734	415.25659	20.35498
-38.351929	413.89859	20.364746
-38.352165	412.6853	20.374512
-38.349033	415.14536	20.384277
-38.348999	420.46735	20.394043
-38.348244	422.39157	20.403809
-38.349007	421.45801	20.413574
-38.346344	415.21069	20.42334
-38.345966	408.45285	20.433105
-38.345993	415.89044	20.442871
-38.343002	418.80301	20.452637
-38.344055	423.20447	20.462402
-38.343098	419.31537	20.472168
-38.342655	415.73203	20.481934
-38.3419	414.60709	20.491699
-38.340313	413.76099	20.501465
-38.339378	418.26459	20.51123
-38.337891	421.15216	20.520996
-38.337746	421.06	20.530762
-38.336418	417.75742	20.540527
-38.336834	411.36197	20.550293
-38.336422	410.82175	20.560059
-38.334236	416.03534	20.569824
-38.334435	419.78323	20.57959
-38.333244	420.23117	20.589355
-38.332172	417.54883	20.599121
-38.332523	412.31006	20.608887
-38.330616	412.11844	20.618652
-38.329979	413.23724	20.628418
-38.330135	415.13278	20.638184
-38.328281	421.22098	20.647949
-38.32785	418.7959	20.657715
-38.326992	414.82483	20.66748
-38.325768	411.81659	20.677246
-38.325481	413.13907	20.687012
-38.323643	418.30606	20.696777
-38.324406	419.43042	20.706543
-38.323009	418.44403	20.716309
-38.321903	418.6178	20.726074
-38.321377	414.77075	20.73584
-38.319199	413.67938	20.745605
-38.319695	413.34982	20.755371
-38.318192	417.52533	20.765137
-38.316925	422.62997	20.774902
-38.317577	419.34213	20.784668
-38.316143	416.58093	20.794434
-38.315365	411.51947	20.804199
-38.314552	414.45883	20.813965
-38.312778	415.33994	20.82373
-38.313507	415.94388	20.833496
-38.312744	421.0163	20.843262
-38.311951	420.21262	20.853027
-38.311218	414.88159	20.862793
-38.309044	412.54739	20.872559
-38.308632	411.89249	20.882324
-38.306553	420.18793	20.89209
-38.307316	421.70279	20.901855
-38.307182	418.7323	20.911621
-38.305424	414.42065	20.921387
-38.305096	411.81482	20.931152
-38.30307	412.5322	20.940918
-38.3036	415.61935	20.950684
-38.302788	418.46472	20.960449
-38.301342	420.32043	20.970215
-38.30241	417.43704	20.97998
-38.29866	411.15073	20.989746
-38.29961	410.53937	20.999512
-38.298611	412.77225	21.009277
-38.296375	419.91772	21.019043
-38.296844	421.22198	21.028809
-38.296146	415.30096	21.038574
-38.294891	414.75241	21.04834
-38.293362	411.0242	21.058105
-38.294159	413.59909	21.067871
-38.292751	419.4021	21.077637
-38.291157	420.69522	21.087402
-38.290684	419.5181	21.097168
-38.290176	415.36682	21.106934
-38.290142	408.93338	21.116699
-38.288322	412.65811	21.126465
-38.287659	418.05515	21.13623
-38.286674	419.67401	21.145996
-38.286064	418.78967	21.155762
-38.284878	415.24484	21.165527
-38.28405	413.96576	21.175293
-38.283688	411.97141	21.185059
-38.283737	413.89267	21.194824
-38.281311	419.409	21.20459
-38.280457	420.72345	21.214355
-38.280148	419.5712	21.224121
-38.279449	411.50131	21.233887
-38.279285	410.47806	21.243652
-38.278191	413.45599	21.253418
-38.277996	417.56122	21.263184
-38.276402	420.85114	21.272949
-38.275806	417.78326	21.282715
-38.273796	415.72809	21.29248
-38.27446	414.36169	21.302246
-38.272591	414.00095	21.312012
-38.271618	412.52176	21.321777
-38.271507	419.59494	21.331543
-38.270424	420.36792	21.341309
-38.269882	415.75711	21.351074
-38.268837	413.73993	21.36084
-38.268047	410.19565	21.370605
-38.266987	415.32004	21.380371
-38.266945	417.27411	21.390137
-38.264748	418.2283	21.399902
-38.264618	417.05353	21.409668
-38.263172	414.61423	21.419434
-38.262432	413.80542	21.429199
-38.263004	411.1091	21.438965
-38.261765	413.28748	21.44873
-38.259262	419.95276	21.458496
-38.258717	416.45389	21.468262
-38.258022	417.51929	21.478027
-38.258484	413.4939	21.487793
-38.257492	412.7178	21.497559
-38.256504	412.25443	21.507324
-38.255955	414.13391	21.51709
-38.254993	419.73318	21.526855
-38.254017	419.84543	21.536621
-38.252735	415.24692	21.546387
-38.252712	411.36432	21.556152
-38.252083	409.86249	21.565918
-38.250973	415.86029	21.575684
-38.249214	420.62845	21.585449
-38.249237	418.91602	21.595215
-38.248562	416.05475	21.60498
-38.248413	411.35559	21.614746
-38.247303	410.07565	21.624512
-38.246208	413.73395	21.634277
-38.245853	416.82474	21.644043
-38.244381	420.38144	21.653809
-38.243916	418.18454	21.663574
-38.24358	410.95319	21.67334
-38.24152	408.95398	21.683105
-38.24157	411.47852	21.692871
-38.240093	419.15994	21.702637
-38.238712	422.254	21.712402
-38.238117	416.09988	21.722168
-38.237335	414.51227	21.731934
-38.237003	410.14822	21.741699
-38.236847	411.00665	21.751465
-38.235924	417.28995	21.76123
-38.234863	417.95178	21.770996
-38.233364	422.17267	21.780762
-38.232769	416.13947	21.790527
-38.231388	410.46857	21.800293
-38.230904	410.84857	21.810059
-38.231133	415.01068	21.819824
-38.230766	418.35309	21.82959
-38.228924	419.56378	21.839355
-38.228939	414.48178	21.849121
-38.226284	414.12781	21.858887
-38.226887	410.18729	21.868652
-38.226078	413.27856	21.878418
-38.225651	413.69946	21.888184
-38.224327	419.22922	21.897949
-38.223557	419.43845	21.907715
-38.222618	412.66946	21.91748
-38.22184	411.84	21.927246
-38.220978	413.5968	21.937012
-38.219868	415.88193	21.946777
-38.219082	418.27396	21.956543
-38.217983	417.09143	21.966309
-38.217266	416.17209	21.976074
-38.216648	414.74124	21.98584
-38.215748	412.26309	21.995605
-38.21479	410.56747	22.005371
-38.214695	414.98068	22.015137
-38.213398	418.46204	22.024902
-38.212936	417.82669	22.034668
-38.211575	414.83307	22.044434
-38.210842	411.27814	22.054199
-38.211044	413.56717	22.063965
-38.209885	413.61533	22.07373
-38.207954	416.50388	22.083496
-38.206577	417.59952	22.093262
-38.206539	417.42422	22.103027
-38.205544	414.9537	22.112793
-38.204628	409.3288	22.122559
-38.204712	412.67325	22.132324
-38.204395	417.11853	22.14209
-38.203045	421.03409	22.151855
-38.201805	418.21176	22.161621
-38.20174	410.40698	22.171387
-38.19957	410.38095	22.181152
-38.19875	412.38004	22.190918
-38.199009	412.36966	22.200684
-38.198776	419.84613	22.210449
-38.19735	419.36539	22.220215
-38.197029	416.30124	22.22998
-38.195404	412.67453	22.239746
-38.19482	409.24017	22.249512
-38.19429	413.58151	22.259277
-38.193512	420.43527	22.269043
-38.19297	420.09134	22.278809
-38.19035	416.07245	22.288574
-38.191044	411.74847	22.29834
-38.189884	410.75293	22.308105
-38.190693	410.13577	22.317871
-38.188629	415.88651	22.327637
-38.18792	420.22147	22.337402
-38.18697	419.94843	22.347168
-38.186428	413.84973	22.356934
-38.185627	409.20749	22.366699
-38.18433	409.09952	22.376465
-38.183197	416.94977	22.38623
-38.183022	420.16403	22.395996
-38.182037	416.94965	22.405762
-38.180744	416.37268	22.415527
-38.180126	410.68896	22.425293
-38.179741	411.04495	22.435059
-38.177616	412.74969	22.444824
-38.178185	416.13217	22.45459
-38.177155	420.79297	22.464355
-38.175533	417.54282	22.474121
-38.175713	412.31769	22.483887
-38.175144	409.95215	22.493652
-38.173027	411.63641	22.503418
-38.172886	417.901	22.513184
-38.17247	416.94922	22.522949
-38.171242	416.77512	22.532715
-38.170952	414.52664	22.54248
-38.170029	412.4256	22.552246
-38.16909	413.31198	22.562012
-38.168468	412.5928	22.571777
-38.167507	417.21973	22.581543
-38.166756	421.40558	22.591309
-38.16555	415.20114	22.601074
-38.16362	413.48193	22.61084
-38.163078	412.41476	22.620605
-38.163052	413.93472	22.630371
-38.161911	416.22675	22.640137
-38.161228	415.42432	22.649902
-38.160305	415.52103	22.659668
-38.159161	416.53546	22.669434
-38.159142	411.21848	22.679199
-38.157761	410.37729	22.688965
-38.158108	414.11493	22.69873
-38.157093	418.06613	22.708496
-38.155937	421.55743	22.718262
-38.156231	414.87311	22.728027
-38.153427	410.18921	22.737793
-38.153103	412.30618	22.747559
-38.152134	411.15567	22.757324
-38.152531	414.27499	22.76709
-38.151237	415.80505	22.776855
-38.149399	417.67566	22.786621
-38.148949	414.42282	22.796387
-38.148964	409.38171	22.806152
-38.147011	409.48038	22.815918
-38.146832	414.88751	22.825684
-38.145897	419.90479	22.835449
-38.145901	419.89014	22.845215
-38.144222	411.22821	22.85498
-38.143745	411.12192	22.864746
-38.142365	411.64511	22.874512
-38.142555	410.95322	22.884277
-38.140686	419.55722	22.894043
-38.139385	418.46463	22.903809
-38.139915	417.23697	22.913574
-38.137054	412.53439	22.92334
-38.138523	406.48114	22.933105
-38.136719	411.25732	22.942871
-38.137169	417.7533	22.952637
-38.136257	419.06631	22.962402
-38.134121	417.22412	22.972168
-38.133747	412.09912	22.981934
-38.133274	411.32474	22.991699
-38.13208	410.28351	23.001465
-38.132324	414.05301	23.01123
-38.129738	418.15988	23.020996
-38.129848	419.37082	23.030762
-38.129238	417.27411	23.040527
-38.127792	407.80444	23.050293
-38.127552	408.73468	23.060059
-38.12653	414.54147	23.069824
-38.12561	416.91833	23.07959
-38.125145	417.31708	23.089355
-38.12513	414.97098	23.099121
-38.122936	413.30396	23.108887
-38.122669	411.62183	23.118652
-38.121937	411.81824	23.128418
-38.121109	413.1026	23.138184
-38.120556	418.83734	23.147949
-38.11935	417.901	23.157715
-38.117519	411.19232	23.16748
-38.11731	410.23102	23.177246
-38.117828	409.33994	23.187012
-38.116627	415.35873	23.196777
-38.114735	416.2449	23.206543
-38.113903	416.1402	23.216309
-38.11319	414.47543	23.226074
-38.112953	412.71625	23.23584
-38.112522	412.2879	23.245605
-38.112022	411.12015	23.255371
-38.110844	413.38156	23.265137
-38.108898	418.76721	23.274902
-38.108608	415.58603	23.284668
-38.107643	412.56976	23.294434
-38.106998	410.35657	23.304199
-38.106197	410.69995	23.313965
-38.105206	414.60309	23.32373
-38.105438	414.48505	23.333496
-38.103561	415.46924	23.343262
-38.103268	417.54413	23.353027
-38.102665	410.8627	23.362793
-38.102219	410.57977	23.372559
-38.101143	409.97449	23.382324
-38.10017	415.87814	23.39209
-38.098804	419.26096	23.401855
-38.097469	416.54803	23.411621
-38.097404	411.9299	23.421387
-38.09602	410.01523	23.431152
-38.095901	409.91074	23.440918
-38.095654	414.03964	23.450684
-38.094646	416.61368	23.460449
-38.092758	417.54498	23.470215
-38.092583	416.75803	23.47998
-38.091404	409.37613	23.489746
-38.089432	408.47748	23.499512
-38.090271	410.60068	23.509277
-38.088177	420.28607	23.519043
-38.088871	419.80383	23.528809
-38.08667	413.79416	23.538574
-38.086861	409.90259	23.54834
-38.084648	409.32062	23.558105
-38.084946	410.53992	23.567871
-38.083412	417.94971	23.577637
-38.084003	417.56052	23.587402
-38.082104	418.46414	23.597168
-38.081547	413.03354	23.606934
-38.081005	406.54379	23.616699
-38.079903	409.47137	23.626465
-38.079803	414.76196	23.63623
-38.079533	419.41895	23.645996
-38.076908	416.25156	23.655762
-38.077328	411.46701	23.665527
-38.075733	411.71454	23.675293
-38.075813	410.53595	23.685059
-38.074203	411.22	23.694824
-38.073399	414.69351	23.70459
-38.073219	417.92053	23.714355
-38.072502	417.45441	23.724121
-38.070789	409.66971	23.733887
-38.070644	410.12891	23.743652
-38.069214	412.28107	23.753418
-38.067856	416.87079	23.763184
-38.067944	416.90143	23.772949
-38.06773	414.43753	23.782715
-38.066895	412.47546	23.79248
-38.065575	411.80615	23.802246
-38.064335	410.38324	23.812012
-38.063904	411.40585	23.821777
-38.0639	415.34482	23.831543
-38.062168	416.93912	23.841309
-38.062424	412.74164	23.851074
-38.061489	413.15231	23.86084
-38.059639	408.33041	23.870605
-38.059082	412.97021	23.880371
-38.058029	414.4949	23.890137
-38.056786	416.04178	23.899902
-38.055977	414.00476	23.909668
-38.055698	412.48648	23.919434
-38.054943	411.32782	23.929199
-38.054844	407.11295	23.938965
-38.054085	411.88358	23.94873
-38.052578	417.12845	23.958496
-38.051472	417.01462	23.968262
-38.050888	415.23349	23.978027
-38.049873	408.83002	23.987793
-38.05022	410.00507	23.997559
-38.048782	412.59332	24.007324
-38.048271	412.74481	24.01709
-38.047028	416.77924	24.026855
-38.045567	416.39429	24.036621
-38.04525	412.69897	24.046387
-38.045429	410.31882	24.056152
-38.043449	406.76807	24.065918
-38.04343	413.47836	24.075684
-38.042023	419.10699	24.085449
-38.04155	418.54578	24.095215
-38.040245	413.89984	24.10498
-38.039898	409.50229	24.114746
-38.038601	408.96671	24.124512
-38.037407	412.10696	24.134277
-38.036777	415.87103	24.144043
-38.036213	418.49802	24.153809
-38.034946	417.81329	24.163574
-38.034431	408.94666	24.17334
-38.03474	407.54532	24.183105
-38.033432	409.64487	24.192871
-38.031971	416.26703	24.202637
-38.031254	419.88635	24.212402
-38.031078	412.69077	24.222168
-38.02879	413.0701	24.231934
-38.029041	409.33633	24.241699
-38.028809	409.17902	24.251465
-38.026684	414.41681	24.26123
-38.026978	415.48642	24.270996
-38.026539	418.77704	24.280762
-38.024963	414.86011	24.290527
-38.023552	407.91354	24.300293
-38.022491	409.10034	24.310059
-38.02306	413.2623	24.319824
-38.021389	417.82813	24.32959
-38.02079	415.98804	24.339355
-38.019466	413.97458	24.349121
-38.019005	411.66751	24.358887
-38.018135	409.13367	24.368652
-38.017372	411.15112	24.378418
-38.016811	412.40082	24.388184
-38.015839	417.862	24.397949
-38.016415	416.78937	24.407715
-38.014526	412.79941	24.41748
-38.013889	409.81976	24.427246
-38.012138	409.31754	24.437012
-38.012085	412.06671	24.446777
-38.011486	415.51331	24.456543
-38.008564	414.64722	24.466309
-38.00985	410.21078	24.476074
-38.007717	412.16473	24.48584
-38.007896	409.91052	24.495605
-38.006981	407.60016	24.505371
-38.005508	413.84854	24.515137
-38.004086	414.91043	24.524902
-38.004314	414.19537	24.534668
-38.004269	411.5957	24.544434
-38.003559	406.21896	24.554199
-38.002357	411.60028	24.563965
-38.002083	410.51395	24.57373
-38.001369	415.15457	24.583496
-37.999741	415.69934	24.593262
-37.998974	412.18649	24.603027
-37.997932	410.99298	24.612793
-37.996059	406.76773	24.622559
-37.995949	408.15137	24.632324
-37.994408	412.59326	24.64209
-37.993965	416.00424	24.651855
-37.994007	416.01498	24.661621
-37.993759	408.24402	24.671387
-37.99247	409.6485	24.681152
-37.990368	409.48187	24.690918
-37.990849	411.37903	24.700684
-37.989079	416.80405	24.710449
-37.989902	415.40936	24.720215
-37.988239	413.83255	24.72998
-37.987919	408.23434	24.739746
-37.986946	404.13477	24.749512
-37.986481	409.23123	24.759277
-37.984528	415.84164	24.769043
-37.983295	416.12463	24.778809
-37.98386	412.17795	24.788574
-37.982021	407.03671	24.79834
-37.981808	407.72507	24.808105
-37.981754	408.27905	24.817871
-37.981251	413.04187	24.827637
-37.97945	415.20367	24.837402
-37.97826	416.53943	24.847168
-37.977325	409.76343	24.856934
-37.977409	405.97083	24.866699
-37.974506	405.58047	24.876465
-37.975475	414.21561	24.88623
-37.974518	415.33121	24.895996
-37.972759	413.30365	24.905762
-37.972584	410.93188	24.915527
-37.971844	405.99939	24.925293
-37.970715	407.43704	24.935059
-37.969093	409.65652	24.944824
-37.97039	410.79706	24.95459
-37.96936	416.12308	24.964355
-37.967712	412.91443	24.974121
-37.967289	407.61539	24.983887
-37.965813	407.09528	24.993652
-37.964817	407.49039	25.003418
-37.965012	413.61575	25.013184
-37.963757	414.52988	25.022949
-37.962879	411.56302	25.032715
-37.96402	410.9397	25.04248
-37.961159	408.27002	25.052246
-37.960812	409.81097	25.062012
-37.960144	408.91696	25.071777
-37.959709	413.23175	25.081543
-37.958725	416.22073	25.091309
-37.957054	412.66058	25.101074
-37.955505	409.16211	25.11084
-37.955791	405.7579	25.120605
-37.955227	407.96646	25.130371
-37.953739	411.34546	25.140137
-37.953102	411.46463	25.149902
-37.953476	414.15009	25.159668
-37.951374	413.3248	25.169434
-37.951111	408.70517	25.179199
-37.950142	405.49857	25.188965
-37.948864	410.36914	25.19873
-37.948162	412.87625	25.208496
-37.947849	415.8898	25.218262
-37.947369	413.07159	25.228027
-37.946266	406.04315	25.237793
-37.944691	406.77771	25.247559
-37.943844	407.54916	25.257324
-37.943527	411.0033	25.26709
-37.942211	414.80621	25.276855
-37.941864	412.29047	25.286621
-37.941029	409.74384	25.296387
-37.940853	404.52441	25.306152
-37.939087	403.54535	25.315918
-37.939117	410.31708	25.325684
-37.937817	414.83356	25.335449
-37.9366	413.63263	25.345215
-37.936413	408.63821	25.35498
-37.935627	404.27069	25.364746
-37.93539	406.57166	25.374512
-37.933186	407.91757	25.384277
-37.934322	414.4761	25.394043
-37.932552	414.51907	25.403809
-37.930843	414.09726	25.413574
-37.93008	407.55777	25.42334
-37.929131	403.46075	25.433105
-37.92844	407.10629	25.442871
-37.928272	413.3638	25.452637
-37.926445	414.91205	25.462402
-37.925682	411.89005	25.472168
-37.925026	408.87393	25.481934
-37.924137	406.54657	25.491699
-37.924397	407.57263	25.501465
-37.922691	408.73938	25.51123
-37.921555	412.01413	25.520996
-37.921402	413.76596	25.530762
-37.920288	410.00793	25.540527
-37.920261	405.24829	25.550293
-37.919495	403.45428	25.560059
-37.918194	409.57019	25.569824
-37.918194	413.34885	25.57959
-37.91626	414.75046	25.589355
-37.916222	409.12927	25.599121
-37.915195	407.3671	25.608887
-37.914658	407.20386	25.618652
-37.913876	407.19357	25.628418
-37.91209	408.05658	25.638184
-37.913498	414.19748	25.647949
-37.909962	413.70468	25.657715
-37.909836	408.16028	25.66748
-37.908974	406.70139	25.677246
-37.908703	405.42764	25.687012
-37.908115	410.60779	25.696777
-37.906258	411.83154	25.706543
-37.905468	410.90619	25.716309
-37.905548	409.94452	25.726074
-37.905533	407.76794	25.73584
-37.903305	406.65643	25.745605
-37.902668	405.0502	25.755371
-37.902142	409.35437	25.765137
-37.901314	414.11182	25.774902
-37.901428	411.76596	25.784668
-37.897789	409.0434	25.794434
-37.898335	404.3815	25.804199
-37.89761	405.39526	25.813965
-37.897247	411.14648	25.82373
-37.896198	409.48868	25.833496
-37.894745	412.3316	25.843262
-37.894596	412.40561	25.853027
-37.894646	405.48114	25.862793
-37.89225	404.37875	25.872559
-37.891876	405.40277	25.882324
-37.891582	409.03445	25.89209
-37.890461	415.37106	25.901855
-37.890091	410.9212	25.911621
-37.889488	405.07211	25.921387
-37.88879	403.43213	25.931152
-37.885612	405.54102	25.940918
-37.886978	407.59259	25.950684
-37.88546	412.30518	25.960449
-37.885078	413.21024	25.970215
-37.883289	410.65994	25.97998
-37.88298	403.22446	25.989746
-37.88073	402.8168	25.999512
-37.882	406.70929	26.009277
-37.881542	411.70419	26.019043
-37.87936	416.20352	26.028809
-37.879036	407.22809	26.038574
-37.87804	405.38327	26.04834
-37.878292	403.17102	26.058105
-37.876385	406.05804	26.067871
-37.875435	412.54407	26.077637
-37.875546	409.74496	26.087402
-37.874588	412.93024	26.097168
-37.873341	406.64005	26.106934
-37.872833	401.93088	26.116699
-37.871952	405.42993	26.126465
-37.870857	408.69434	26.13623
-37.870968	412.7045	26.145996
-37.869797	411.68024	26.155762
-37.869343	406.77661	26.165527
-37.867203	405.76419	26.175293
-37.866219	405.34897	26.185059
-37.866413	406.15353	26.194824
-37.864552	409.242	26.20459
-37.864681	411.30261	26.214355
-37.862614	411.96478	26.224121
-37.86211	404.48392	26.233887
-37.862297	402.74573	26.243652
-37.860359	405.40939	26.253418
-37.860394	409.1817	26.263184
-37.860348	411.69421	26.272949
-37.858665	409.78085	26.282715
-37.856499	405.87042	26.29248
-37.857658	405.49036	26.302246
-37.855762	404.91019	26.312012
-37.855476	405.12512	26.321777
-37.853966	410.4404	26.331543
-37.854118	411.13019	26.341309
-37.853607	407.93622	26.351074
-37.85112	405.29443	26.36084
-37.853352	401.56424	26.370605
-37.850742	405.71777	26.380371
-37.850742	408.66669	26.390137
-37.84951	409.39828	26.399902
-37.848656	409.71307	26.409668
-37.848595	405.25748	26.419434
-37.846317	403.57233	26.429199
-37.846325	401.8374	26.438965
-37.844395	402.62631	26.44873
-37.843372	410.67007	26.458496
-37.843414	410.53198	26.468262
-37.842556	407.94495	26.478027
-37.841496	402.60229	26.487793
-37.841499	399.8981	26.497559
-37.839355	406.42899	26.507324
-37.83918	405.50317	26.51709
-37.839348	409.91907	26.526855
-37.838688	408.92355	26.536621
-37.836887	404.58224	26.546387
-37.834728	401.96561	26.556152
-37.835064	401.06818	26.565918
-37.834316	405.82565	26.575684
-37.833607	412.36819	26.585449
-37.833015	408.57611	26.595215
-37.833038	405.33023	26.60498
-37.830959	400.08615	26.614746
-37.83025	401.07169	26.624512
-37.830341	403.55106	26.634277
-37.829067	408.04684	26.644043
-37.828365	409.81287	26.653809
-37.827049	406.80371	26.663574
-37.826874	401.78058	26.67334
-37.825138	398.76581	26.683105
-37.823898	401.37518	26.692871
-37.823658	407.23737	26.702637
-37.823532	411.8205	26.712402
-37.822716	405.20325	26.722168
-37.82132	402.41473	26.731934
-37.820877	399.84741	26.741699
-37.819584	401.80658	26.751465
-37.819592	406.00986	26.76123
-37.818901	403.67798	26.770996
-37.815914	408.9173	26.780762
-37.815678	404.73495	26.790527
-37.814854	398.40909	26.800293
-37.814522	398.41141	26.810059
-37.81329	402.92535	26.819824
-37.813889	406.93433	26.82959
-37.812027	405.51834	26.839355
-37.811489	400.83569	26.849121
-37.81073	398.75333	26.858887
-37.81073	398.46051	26.868652
-37.810013	401.23544	26.878418
-37.809113	401.38272	26.888184
-37.807182	403.88342	26.897949
-37.80624	406.93552	26.907715
-37.805809	400.67892	26.91748
-37.805618	398.0087	26.927246
-37.804138	397.34152	26.937012
-37.803581	400.28012	26.946777
-37.803783	403.74161	26.956543
-37.802242	404.45526	26.966309
-37.800499	400.48325	26.976074
-37.800987	399.75662	26.98584
-37.800518	396.43417	26.995605
-37.799229	396.07968	27.005371
-37.798286	399.19925	27.015137
-37.796638	402.315	27.024902
-37.795982	402.04593	27.034668
-37.796104	396.27325	27.044434
-37.793648	392.32327	27.054199
-37.792801	393.78885	27.063965
-37.793625	395.55103	27.07373
-37.792305	396.34137	27.083496
-37.790897	397.62091	27.093262
-37.789928	391.62512	27.103027
-37.789822	389.43732	27.112793
-37.788277	379.89764	27.122559
-37.785412	-14.095773	27.132324
-37.785049	-24.709921	27.14209
-37.784618	-48.40826	27.151855
-37.784153	-38.932957	27.161621
-37.783157	-44.597103	27.171387
-37.782421	-43.017731	27.181152
-37.782051	-42.000553	27.190918
-37.780907	-41.119015	27.200684
-37.781723	-36.112129	27.210449
-37.779625	-36.578178	27.220215
-37.779034	-40.029724	27.22998
-37.779266	-43.604782	27.239746
-37.77721	-47.380997	27.249512
-37.776817	-43.068768	27.259277
-37.775074	-35.875687	27.269043
-37.775398	-35.474163	27.278809
-37.774822	-38.399925	27.288574
-37.773296	-44.983517	27.29834
-37.772327	-44.411621	27.308105
-37.770706	-42.204731	27.317871
-37.772179	-39.209888	27.327637
-37.76973	-36.224377	27.337402
-37.768948	-37.72332	27.347168
-37.769691	-42.855354	27.356934
-37.769447	-45.488091	27.366699
-37.767242	-45.280155	27.376465
-37.765854	-39.814075	27.38623
-37.765671	-36.141792	27.395996
-37.766148	-39.40493	27.405762
-37.76413	-41.062859	27.415527
-37.764217	-43.727669	27.425293
-37.762207	-44.020653	27.435059
-37.762169	-39.506878	27.444824
-37.761089	-40.3004	27.45459
-37.759922	-34.92664	27.464355
-37.759281	-38.305988	27.474121
-37.757309	-44.546326	27.483887
-37.757816	-42.384628	27.493652
-37.757309	-44.111774	27.503418
-37.756138	-39.988586	27.513184
-37.755817	-37.080009	27.522949
-37.75452	-40.601357	27.532715
-37.753586	-41.562222	27.54248
-37.753643	-44.12508	27.552246
-37.751701	-42.812332	27.562012
-37.75148	-42.001434	27.571777
-37.750004	-42.241589	27.581543
-37.749947	-35.952129	27.591309
-37.748116	-40.313332	27.601074
-37.748074	-42.565895	27.61084
-37.747959	-45.753773	27.620605
-37.746525	-44.656128	27.630371
-37.744751	-38.430164	27.640137
-37.744213	-40.257851	27.649902
-37.742393	-37.553802	27.659668
-37.743069	-39.004066	27.669434
-37.742035	-42.166153	27.679199
-37.741081	-44.133533	27.688965
-37.741108	-43.211155	27.69873
-37.739906	-38.371422	27.708496
-37.739563	-35.98201	27.718262
-37.738129	-40.274143	27.728027
-37.737537	-45.735195	27.737793
-37.736603	-45.066071	27.747559
-37.735008	-42.696068	27.757324
-37.735302	-40.100418	27.76709
-37.734795	-35.901794	27.776855
-37.733555	-38.503376	27.786621
-37.733215	-41.968697	27.796387
-37.732872	-45.079742	27.806152
-37.730728	-47.386883	27.815918
-37.729519	-42.294224	27.825684
-37.728771	-36.491276	27.835449
-37.727707	-35.399811	27.845215
-37.727554	-41.73399	27.85498
-37.727131	-45.712513	27.864746
-37.726601	-43.812916	27.874512
-37.72493	-42.704124	27.884277
-37.724613	-36.563492	27.894043
-37.723572	-37.846485	27.903809
-37.722366	-39.140144	27.913574
-37.722225	-41.407429	27.92334
-37.72184	-47.738369	27.933105
-37.720234	-43.481445	27.942871
-37.719109	-38.9305	27.952637
-37.718872	-35.743477	27.962402
-37.718204	-37.683243	27.972168
-37.717327	-43.426472	27.981934
-37.714954	-46.756187	27.991699
-37.716965	-42.202522	28.001465
-37.714287	-41.548355	28.01123
-37.714272	-38.3923	28.020996
-37.712612	-38.732708	28.030762
-37.712559	-38.527821	28.040527
-37.711983	-44.692986	28.050293
-37.71077	-44.543682	28.060059
-37.710003	-41.20602	28.069824
-37.709366	-36.667725	28.07959
-37.708008	-38.447666	28.089355
-37.70705	-41.507469	28.099121
-37.706844	-44.367702	28.108887
-37.705688	-42.608509	28.118652
-37.704323	-42.309227	28.128418
-37.704517	-41.582863	28.138184
-37.704288	-37.830162	28.147949
-37.702335	-36.365688	28.157715
-37.700703	-41.218884	28.16748
-37.700207	-42.546677	28.177246
-37.700069	-45.311878	28.187012
-37.698772	-40.009964	28.196777
-37.699162	-38.67757	28.206543
-37.696732	-40.135448	28.216309
-37.696735	-40.287598	28.226074
-37.695656	-42.599148	28.23584
-37.694706	-43.473763	28.245605
-37.693729	-45.187836	28.255371
-37.692902	-43.107449	28.265137
-37.692806	-36.828266	28.274902
-37.692535	-37.773792	28.284668
-37.689514	-40.427631	28.294434
-37.68932	-43.742302	28.304199
-37.689949	-45.331196	28.313965
-37.688972	-41.453083	28.32373
-37.686428	-39.963966	28.333496
-37.686409	-38.029179	28.343262
-37.686783	-37.951847	28.353027
-37.686184	-43.233543	28.362793
-37.683311	-45.675179	28.372559
-37.683315	-43.991447	28.382324
-37.682899	-40.448055	28.39209
-37.681835	-35.259701	28.401855
-37.680775	-38.431126	28.411621
-37.680775	-42.72982	28.421387
-37.68018	-45.134529	28.431152
-37.678131	-44.29567	28.440918
-37.677959	-40.795197	28.450684
-37.676872	-36.643787	28.460449
-37.676926	-38.016117	28.470215
-37.675266	-38.980175	28.47998
-37.675419	-45.155956	28.489746
-37.67313	-48.00452	28.499512
-37.671795	-41.810497	28.509277
-37.672668	-37.912563	28.519043
-37.672089	-34.983063	28.528809
-37.671513	-40.145618	28.538574
-37.669949	-45.946838	28.54834
-37.670197	-44.938026	28.558105
-37.668697	-43.807964	28.567871
-37.667744	-38.068886	28.577637
-37.667034	-39.397865	28.587402
-37.665844	-38.777718	28.597168
-37.664967	-41.336578	28.606934
-37.664059	-47.27578	28.616699
-37.663109	-43.829487	28.626465
-37.662712	-40.468243	28.63623
-37.661968	-36.083103	28.645996
-37.660542	-38.129993	28.655762
-37.660179	-43.205238	28.665527
-37.658913	-43.258537	28.675293
-37.658562	-42.861156	28.685059
-37.657452	-41.446472	28.694824
-37.657261	-41.045967	28.70459
-37.656284	-37.919586	28.714355
-37.654312	-38.355431	28.724121
-37.653976	-42.381207	28.733887
-37.652969	-44.027435	28.743652
-37.653233	-42.280853	28.753418
-37.652416	-38.344463	28.763184
-37.651711	-38.262375	28.772949
-37.650043	-38.25034	28.782715
-37.650177	-42.707138	28.79248
-37.648064	-41.602459	28.802246
-37.648808	-42.413357	28.812012
-37.646591	-44.027954	28.821777
-37.646538	-39.577805	28.831543
-37.644325	-36.383873	28.841309
-37.645576	-38.78215	28.851074
-37.644169	-40.766495	28.86084
-37.643417	-44.639751	28.870605
-37.642464	-42.061474	28.880371
-37.641415	-38.600254	28.890137
-37.641174	-38.606831	28.899902
-37.639572	-36.882034	28.909668
-37.638885	-41.100174	28.919434
-37.638866	-42.492016	28.929199
-37.638489	-43.889545	28.938965
-37.635796	-43.846783	28.94873
-37.635204	-37.75119	28.958496
-37.634991	-35.723988	28.968262
-37.633152	-37.334332	28.978027
-37.632633	-44.302784	28.987793
-37.632359	-44.933979	28.997559
-37.631119	-41.167763	29.007324
-37.630314	-41.122566	29.01709
-37.629967	-37.430885	29.026855
-37.62904	-38.119881	29.036621
-37.628014	-40.08585	29.046387
-37.627026	-43.260452	29.056152
-37.626057	-46.164783	29.065918
-37.625027	-41.57235	29.075684
-37.62466	-35.48748	29.085449
-37.62384	-36.099186	29.095215
-37.624352	-41.397526	29.10498
-37.623138	-43.990719	29.114746
-37.621662	-46.102333	29.124512
-37.620827	-40.545971	29.134277
-37.619705	-37.839523	29.144043
-37.620113	-36.696297	29.153809
-37.618248	-39.498669	29.163574
-37.616539	-42.464935	29.17334
-37.616196	-46.13673	29.183105
-37.617371	-43.466808	29.192871
-37.615612	-39.564919	29.202637
-37.614555	-34.301769	29.212402
-37.613712	-37.666527	29.222168
-37.612835	-43.212967	29.231934
-37.612576	-44.029694	29.241699
-37.610847	-42.522247	29.251465
-37.611336	-38.558662	29.26123
-37.608921	-39.556282	29.270996
-37.609379	-36.165684	29.280762
-37.607941	-38.091484	29.290527
-37.607502	-45.200264	29.300293
-37.605583	-44.018955	29.310059
-37.605156	-42.938305	29.319824
-37.605408	-36.108871	29.32959
-37.603321	-36.683102	29.339355
-37.604317	-41.129185	29.349121
-37.602741	-43.02647	29.358887
-37.601395	-43.717705	29.368652
-37.600185	-42.057465	29.378418
-37.599796	-41.019077	29.388184
-37.599792	-38.87122	29.397949
-37.597527	-36.560364	29.407715
-37.597176	-41.610329	29.41748
-37.59724	-45.093693	29.427246
-37.595467	-45.182171	29.437012
-37.595879	-40.757942	29.446777
-37.594788	-37.741486	29.456543
-37.593452	-38.19931	29.466309
-37.59198	-40.470478	29.476074
-37.592529	-41.408184	29.48584
-37.591103	-43.223331	29.495605

