MTS793|BTW|ENU|1|2|.|/|:|1|0|0|A

Data Header:			0.254_solid_uprint_typeiv_090_r0			Time:	20.026855	s	4/14/2019 1:02:36 AM
Data Acquisition:	Timed
Station Name:	ft40.cfg
Test File Name:	monotonic_0.2540_typeiv_solid_090_uprint.tst
Displacement	Force	Running Time
mm	N	s
-40.038502	-101.40814	0.031738281
-40.040512	-98.534843	0.041503906
-40.040493	-94.038551	0.051269531
-40.04076	-93.55835	0.061035156
-40.040646	-99.193832	0.070800781
-40.039806	-100.31049	0.080566406
-40.040016	-99.674614	0.090332031
-40.039375	-101.86697	0.10009766
-40.038673	-96.014549	0.10986328
-40.037666	-94.941902	0.11962891
-40.03603	-91.40596	0.12939453
-40.035725	-92.260201	0.13916016
-40.035084	-98.938889	0.14892578
-40.033298	-96.030899	0.15869141
-40.032223	-93.760078	0.16845703
-40.032696	-91.168701	0.17822266
-40.031872	-89.334259	0.18798828
-40.03146	-93.501907	0.19775391
-40.029636	-91.689484	0.20751953
-40.028248	-92.076668	0.21728516
-40.026524	-92.170433	0.22705078
-40.026279	-90.598679	0.23681641
-40.026112	-87.842857	0.24658203
-40.025063	-84.136581	0.25634766
-40.025566	-88.236458	0.26611328
-40.023735	-89.058807	0.27587891
-40.022221	-88.345352	0.28564453
-40.022427	-86.215546	0.29541016
-40.020741	-85.764641	0.30517578
-40.021294	-85.215492	0.31494141
-40.020512	-86.354225	0.32470703
-40.018574	-83.085365	0.33447266
-40.017178	-85.69558	0.34423828
-40.017429	-86.649582	0.35400391
-40.01759	-83.500427	0.36376953
-40.017746	-79.354301	0.37353516
-40.014854	-79.391235	0.38330078
-40.015289	-81.362762	0.39306641
-40.01273	-84.964508	0.40283203
-40.012062	-80.685364	0.41259766
-40.011566	-80.819931	0.42236328
-40.011036	-79.95295	0.43212891
-40.009872	-75.538101	0.44189453
-40.009659	-77.68911	0.45166016
-40.008167	-77.42601	0.46142578
-40.007038	-80.304146	0.47119141
-40.006653	-81.939919	0.48095703
-40.006691	-75.884056	0.49072266
-40.005444	-71.956566	0.50048828
-40.003567	-71.374886	0.51025391
-40.003368	-77.292198	0.52001953
-40.002159	-78.227974	0.52978516
-40.002094	-76.146149	0.53955078
-40.000793	-75.712883	0.54931641
-39.999962	-70.466362	0.55908203
-39.999878	-68.959038	0.56884766
-39.998734	-70.44017	0.57861328
-39.997292	-73.476364	0.58837891
-39.996864	-77.029297	0.59814453
-39.996082	-73.243355	0.60791016
-39.996792	-66.13826	0.61767578
-39.993877	-66.636131	0.62744141
-39.994343	-67.991875	0.63720703
-39.993748	-72.123184	0.64697266
-39.992722	-71.845169	0.65673828
-39.991066	-68.687981	0.66650391
-39.990654	-67.229362	0.67626953
-39.989464	-63.829655	0.68603516
-39.989258	-62.45908	0.69580078
-39.987026	-65.292419	0.70556641
-39.987743	-70.37793	0.71533203
-39.986736	-66.841682	0.72509766
-39.985134	-63.615314	0.73486328
-39.984287	-59.649128	0.74462891
-39.984455	-62.000542	0.75439453
-39.982826	-63.259624	0.76416016
-39.982395	-64.489052	0.77392578
-39.981918	-64.889343	0.78369141
-39.981205	-61.09663	0.79345703
-39.979492	-61.26815	0.80322266
-39.980213	-58.826694	0.81298828
-39.978176	-56.087181	0.82275391
-39.978672	-63.404598	0.83251953
-39.976879	-59.920547	0.84228516
-39.976555	-60.998459	0.85205078
-39.975243	-55.738701	0.86181641
-39.973988	-53.942211	0.87158203
-39.973087	-56.471905	0.88134766
-39.973721	-56.66069	0.89111328
-39.971916	-55.532047	0.90087891
-39.971016	-56.61549	0.91064453
-39.970642	-56.127686	0.92041016
-39.969368	-54.903561	0.93017578
-39.968937	-49.617138	0.93994141
-39.967922	-51.385979	0.94970703
-39.966835	-53.644234	0.95947266
-39.965797	-55.358421	0.96923828
-39.966221	-53.391731	0.97900391
-39.964218	-51.155407	0.98876953
-39.964134	-49.001583	0.99853516
-39.962997	-47.693409	1.0083008
-39.961918	-48.932667	1.0180664
-39.961082	-49.983509	1.027832
-39.959267	-53.543179	1.0375977
-39.960079	-51.503063	1.0473633
-39.958282	-47.301849	1.0571289
-39.957748	-44.601818	1.0668945
-39.957401	-44.467381	1.0766602
-39.956978	-49.532555	1.0864258
-39.955997	-47.986252	1.0961914
-39.955345	-46.556023	1.105957
-39.954216	-46.429691	1.1157227
-39.952221	-42.342072	1.1254883
-39.952572	-41.562668	1.1352539
-39.950752	-42.802082	1.1450195
-39.951149	-45.668369	1.1547852
-39.949947	-49.460854	1.1645508
-39.949333	-42.607216	1.1743164
-39.948681	-39.4529	1.184082
-39.94717	-37.204891	1.1938477
-39.947308	-40.596512	1.2036133
-39.94569	-44.351452	1.2133789
-39.944771	-41.129036	1.2231445
-39.943512	-41.717422	1.2329102
-39.944397	-37.759167	1.2426758
-39.942822	-35.269352	1.2524414
-39.942165	-36.063049	1.262207
-39.940826	-36.439747	1.2719727
-39.939426	-42.552273	1.2817383
-39.939053	-38.714149	1.2915039
-39.938751	-33.106884	1.3012695
-39.937485	-31.311132	1.3110352
-39.936829	-33.181721	1.3208008
-39.935623	-37.153481	1.3305664
-39.933659	-36.814053	1.340332
-39.934826	-35.270744	1.3500977
-39.933739	-32.843723	1.3598633
-39.932674	-31.205616	1.3696289
-39.931511	-29.214239	1.3793945
-39.930878	-30.392389	1.3891602
-39.931328	-32.528999	1.3989258
-39.929371	-33.281445	1.4086914
-39.929283	-31.595613	1.418457
-39.927876	-28.05735	1.4282227
-39.927689	-26.683994	1.4379883
-39.925781	-29.08075	1.4477539
-39.925098	-28.353172	1.4575195
-39.924496	-30.202105	1.4672852
-39.923157	-27.198811	1.4770508
-39.923149	-28.060427	1.4868164
-39.922546	-25.289387	1.496582
-39.921425	-22.541473	1.5063477
-39.920773	-26.257168	1.5161133
-39.919498	-25.273861	1.5258789
-39.919422	-27.811333	1.5356445
-39.917763	-26.435566	1.5454102
-39.918068	-20.497492	1.5551758
-39.916721	-23.578678	1.5649414
-39.915173	-19.364889	1.574707
-39.916008	-21.899111	1.5844727
-39.914539	-22.461912	1.5942383
-39.913853	-25.197954	1.6040039
-39.912785	-21.609201	1.6137695
-39.911724	-16.477573	1.6235352
-39.91143	-15.575379	1.6333008
-39.909794	-19.231112	1.6430664
-39.908569	-21.526432	1.652832
-39.908764	-21.098404	1.6625977
-39.90781	-18.396744	1.6723633
-39.906235	-16.84498	1.6821289
-39.907352	-12.395047	1.6918945
-39.905594	-13.998357	1.7016602
-39.905163	-16.741371	1.7114258
-39.9039	-18.409504	1.7211914
-39.903904	-18.706093	1.730957
-39.901772	-15.761316	1.7407227
-39.90192	-9.3730307	1.7504883
-39.900402	-7.6392255	1.7602539
-39.899384	-15.130875	1.7700195
-39.898487	-13.892945	1.7797852
-39.897964	-14.561167	1.7895508
-39.897427	-12.90886	1.7993164
-39.89645	-6.4340539	1.809082
-39.894096	-8.5480576	1.8188477
-39.893753	-7.4531446	1.8286133
-39.89439	-11.355141	1.8383789
-39.894444	-16.30302	1.8481445
-39.891804	-8.5991688	1.8579102
-39.890789	-5.5358276	1.8676758
-39.891014	-3.8060412	1.8774414
-39.889244	-6.7940779	1.887207
-39.888531	-11.035208	1.8969727
-39.887745	-8.1401443	1.9067383
-39.887966	-8.0604477	1.9165039
-39.887325	-4.6677909	1.9262695
-39.886333	-1.953361	1.9360352
-39.885422	-1.7344799	1.9458008
-39.883804	-3.0922699	1.9555664
-39.884369	-7.7373466	1.965332
-39.882694	-5.2896457	1.9750977
-39.881832	-1.0694062	1.9848633
-39.880352	2.2485678	1.9946289
-39.879536	1.6503265	2.0043945
-39.879429	-2.0017276	2.0141602
-39.87822	-3.7315035	2.0239258
-39.877285	-0.2818009	2.0336914
-39.876644	-0.10816877	2.043457
-39.875549	2.1068554	2.0532227
-39.874725	4.1733832	2.0629883
-39.875618	2.8963974	2.0727539
-39.873875	2.1480756	2.0825195
-39.872417	0.98745888	2.0922852
-39.87215	1.539519	2.1020508
-39.871387	5.7635283	2.1118164
-39.869965	6.9400325	2.121582
-39.869736	6.9289713	2.1313477
-39.868736	5.1325808	2.1411133
-39.868141	6.0662479	2.1508789
-39.866684	6.8960266	2.1606445
-39.865292	4.6743431	2.1704102
-39.864765	8.0576572	2.1801758
-39.864136	12.61003	2.1899414
-39.863487	11.53318	2.199707
-39.862785	10.407963	2.2094727
-39.863178	5.413012	2.2192383
-39.861217	9.1797581	2.2290039
-39.861603	12.12734	2.2387695
-39.859299	9.4066963	2.2485352
-39.859715	15.725861	2.2583008
-39.857555	12.773845	2.2680664
-39.856819	11.042981	2.277832
-39.856117	9.4434948	2.2875977
-39.855412	9.1593752	2.2973633
-39.855556	16.041365	2.3071289
-39.854031	20.022186	2.3168945
-39.852524	16.83548	2.3266602
-39.852825	12.920135	2.3364258
-39.851204	11.20317	2.3461914
-39.849667	16.440443	2.355957
-39.849159	16.82752	2.3657227
-39.848648	20.163452	2.3754883
-39.847794	20.51993	2.3852539
-39.847374	18.854946	2.3950195
-39.847057	16.346643	2.4047852
-39.846146	13.030176	2.4145508
-39.84528	17.107542	2.4243164
-39.84478	24.792313	2.434082
-39.843433	25.802158	2.4438477
-39.842224	19.64757	2.4536133
-39.841599	17.007296	2.4633789
-39.840725	19.079979	2.4731445
-39.840416	23.334496	2.4829102
-39.838779	27.268534	2.4926758
-39.839516	24.760784	2.5024414
-39.83852	26.034653	2.512207
-39.836754	24.559944	2.5219727
-39.836029	19.958595	2.5317383
-39.836243	22.98418	2.5415039
-39.835384	26.678535	2.5512695
-39.834194	30.38715	2.5610352
-39.832912	28.914766	2.5708008
-39.830933	24.306835	2.5805664
-39.831707	25.23101	2.590332
-39.830879	26.133446	2.6000977
-39.829464	29.264029	2.6098633
-39.828747	30.917446	2.6196289
-39.827698	32.032101	2.6293945
-39.827007	32.784512	2.6391602
-39.826229	29.294754	2.6489258
-39.825012	28.122412	2.6586914
-39.824562	29.645988	2.668457
-39.823776	34.406212	2.6782227
-39.82304	36.292931	2.6879883
-39.823502	32.716278	2.6977539
-39.822575	31.35438	2.7075195
-39.819923	31.243145	2.7172852
-39.819798	33.331196	2.7270508
-39.819031	33.051258	2.7368164
-39.818161	36.295811	2.746582
-39.818199	37.759861	2.7563477
-39.816616	40.01667	2.7661133
-39.814945	35.86068	2.7758789
-39.814804	33.385548	2.7856445
-39.81432	37.896824	2.7954102
-39.812321	40.736458	2.8051758
-39.81213	40.596481	2.8149414
-39.811825	42.484577	2.824707
-39.810989	38.032787	2.8344727
-39.811028	40.220345	2.8442383
-39.810074	37.434551	2.8540039
-39.80883	38.990562	2.8637695
-39.806911	44.708248	2.8735352
-39.80611	45.85754	2.8833008
-39.805	45.060959	2.8930664
-39.804768	39.08115	2.902832
-39.804543	40.004719	2.9125977
-39.802021	45.641331	2.9223633
-39.803341	43.772373	2.9321289
-39.802277	49.167904	2.9418945
-39.801266	47.936199	2.9516602
-39.800224	45.353931	2.9614258
-39.799042	44.126324	2.9711914
-39.79871	41.991421	2.980957
-39.798126	48.617855	2.9907227
-39.796825	52.855885	3.0004883
-39.797153	51.189472	3.0102539
-39.795334	48.078075	3.0200195
-39.795639	44.447849	3.0297852
-39.793766	47.173626	3.0395508
-39.793102	51.962307	3.0493164
-39.79253	54.046638	3.059082
-39.791126	54.389133	3.0688477
-39.789997	53.317501	3.0786133
-39.78965	50.151745	3.0883789
-39.788555	47.747883	3.0981445
-39.787838	52.365761	3.1079102
-39.78809	57.868023	3.1176758
-39.785042	59.216286	3.1274414
-39.785999	56.304504	3.137207
-39.785259	52.394978	3.1469727
-39.783405	52.018291	3.1567383
-39.782734	56.664406	3.1665039
-39.782013	59.022556	3.1762695
-39.781918	58.568935	3.1860352
-39.780083	59.855137	3.1958008
-39.780239	59.125938	3.2055664
-39.779446	54.293793	3.215332
-39.77824	58.293034	3.2250977
-39.77808	56.859367	3.2348633
-39.776993	62.943584	3.2446289
-39.775555	63.344559	3.2543945
-39.774429	58.265175	3.2641602
-39.773689	59.442039	3.2739258
-39.774002	59.084801	3.2836914
-39.773418	63.137836	3.293457
-39.772099	63.802467	3.3032227
-39.77108	65.091438	3.3129883
-39.770687	67.522163	3.3227539
-39.768513	63.102974	3.3325195
-39.768295	63.096695	3.3422852
-39.767246	63.265392	3.3520508
-39.766922	64.795708	3.3618164
-39.76675	69.142944	3.371582
-39.764942	68.537628	3.3813477
-39.765583	67.740891	3.3911133
-39.764633	67.970116	3.4008789
-39.762035	65.560028	3.4106445
-39.761776	66.762009	3.4204102
-39.760952	69.388329	3.4301758
-39.760624	71.140221	3.4399414
-39.759064	74.460182	3.449707
-39.759029	71.394447	3.4594727
-39.758698	66.388298	3.4692383
-39.757454	70.997879	3.4790039
-39.75732	73.601135	3.4887695
-39.75631	75.46286	3.4985352
-39.754311	77.16214	3.5083008
-39.753773	74.608818	3.5180664
-39.753914	74.633141	3.527832
-39.751385	70.503563	3.5375977
-39.752106	72.043488	3.5473633
-39.752171	78.045448	3.5571289
-39.749191	79.229721	3.5668945
-39.749901	78.999138	3.5766602
-39.747158	73.51226	3.5864258
-39.746323	73.458389	3.5961914
-39.746159	76.598907	3.605957
-39.745094	78.813416	3.6157227
-39.744316	83.332893	3.6254883
-39.744076	80.492805	3.6352539
-39.743122	79.706238	3.6450195
-39.741802	77.875122	3.6547852
-39.742111	75.610809	3.6645508
-39.741051	79.855034	3.6743164
-39.739235	86.649559	3.684082
-39.739532	86.036453	3.6938477
-39.737904	84.022377	3.7036133
-39.737366	78.925148	3.7133789
-39.736847	80.135986	3.7231445
-39.73608	85.805122	3.7329102
-39.734406	87.253922	3.7426758
-39.735664	88.646713	3.7524414
-39.732952	86.262451	3.762207
-39.732838	86.166542	3.7719727
-39.732491	82.280411	3.7817383
-39.731155	83.78373	3.7915039
-39.729515	88.617355	3.8012695
-39.729542	91.99765	3.8110352
-39.729408	90.965012	3.8208008
-39.728348	86.257607	3.8305664
-39.726776	85.762596	3.840332
-39.725277	87.829933	3.8500977
-39.725834	91.267654	3.8598633
-39.724072	91.123756	3.8696289
-39.723431	92.516045	3.8793945
-39.723007	92.557091	3.8891602
-39.72271	90.019035	3.8989258
-39.720551	90.841194	3.9086914
-39.720333	89.839104	3.918457
-39.720592	95.132385	3.9282227
-39.719368	97.365829	3.9379883
-39.717922	93.767693	3.9477539
-39.717369	95.475525	3.9575195
-39.715919	94.681267	3.9672852
-39.715836	95.2826	3.9770508
-39.715263	97.077339	3.9868164
-39.714405	96.767883	3.996582
-39.713482	101.64001	4.0063477
-39.712475	99.296524	4.0161133
-39.711792	100.09321	4.0258789
-39.710625	94.38147	4.0356445
-39.710011	96.556877	4.0454102
-39.709606	102.89836	4.0551758
-39.707928	101.32242	4.0649414
-39.707626	101.92932	4.074707
-39.705997	100.92436	4.0844727
-39.70517	98.728233	4.0942383
-39.704914	99.624237	4.1040039
-39.704929	101.15717	4.1137695
-39.704014	103.39465	4.1235352
-39.703178	109.08889	4.1333008
-39.701534	106.06061	4.1430664
-39.70113	100.16749	4.152832
-39.700478	99.528152	4.1625977
-39.699368	103.58335	4.1723633
-39.698746	107.19238	4.1821289
-39.69709	108.77447	4.1918945
-39.697121	106.76249	4.2016602
-39.696964	106.37973	4.2114258
-39.694637	105.18096	4.2211914
-39.694923	103.39645	4.230957
-39.693779	109.739	4.2407227
-39.692932	112.3643	4.2504883
-39.692036	115.3726	4.2602539
-39.690937	108.91872	4.2700195
-39.690083	104.96616	4.2797852
-39.689949	107.1451	4.2895508
-39.689507	111.96383	4.2993164
-39.688026	114.64024	4.309082
-39.687218	112.47543	4.3188477
-39.685844	113.26295	4.3286133
-39.685764	112.09704	4.3383789
-39.684875	108.41672	4.3481445
-39.684669	113.13596	4.3579102
-39.682869	115.47618	4.3676758
-39.681335	119.35767	4.3774414
-39.681087	117.55101	4.387207
-39.681442	112.86431	4.3969727
-39.680202	113.4158	4.4067383
-39.678604	116.18519	4.4165039
-39.678448	118.54139	4.4262695
-39.677406	120.50974	4.4360352
-39.677036	118.51564	4.4458008
-39.676422	118.35429	4.4555664
-39.675179	116.78696	4.465332
-39.67392	116.58598	4.4750977
-39.67374	119.46687	4.4848633
-39.672855	122.35998	4.4946289
-39.672031	124.28307	4.5043945
-39.670818	121.07463	4.5141602
-39.670292	121.75203	4.5239258
-39.668655	121.29736	4.5336914
-39.668205	124.67943	4.543457
-39.667358	122.63641	4.5532227
-39.666927	126.16494	4.5629883
-39.666336	126.17728	4.5727539
-39.665325	126.79538	4.5825195
-39.665051	126.22771	4.5922852
-39.664501	121.41806	4.6020508
-39.662582	127.70568	4.6118164
-39.661655	128.89529	4.621582
-39.661007	128.42235	4.6313477
-39.6605	129.61865	4.6411133
-39.659771	127.01529	4.6508789
-39.657997	127.51973	4.6606445
-39.65752	128.24571	4.6704102
-39.657482	128.18562	4.6801758
-39.65609	133.65622	4.6899414
-39.654942	134.31374	4.699707
-39.65519	131.94879	4.7094727
-39.654549	127.63223	4.7192383
-39.652317	128.11078	4.7290039
-39.653442	134.83862	4.7387695
-39.650574	135.31653	4.7485352
-39.649055	135.70499	4.7583008
-39.648918	134.19775	4.7680664
-39.648998	131.46156	4.777832
-39.648468	131.91023	4.7875977
-39.647663	132.10608	4.7973633
-39.646343	136.86002	4.8071289
-39.646168	140.48618	4.8168945
-39.645073	138.69592	4.8266602
-39.644222	135.2856	4.8364258
-39.642673	132.05484	4.8461914
-39.641048	134.73924	4.855957
-39.641647	140.97505	4.8657227
-39.640434	142.56268	4.8754883
-39.639496	141.14307	4.8852539
-39.638363	139.01912	4.8950195
-39.637981	135.91167	4.9047852
-39.637249	135.88017	4.9145508
-39.636108	141.65973	4.9243164
-39.635067	143.57683	4.934082
-39.635635	147.60483	4.9438477
-39.634438	142.34781	4.9536133
-39.633537	138.17793	4.9633789
-39.632557	140.54184	4.9731445
-39.63224	142.98402	4.9829102
-39.630894	150.0822	4.9926758
-39.630333	146.15176	5.0024414
-39.628887	146.30669	5.012207
-39.630581	145.36777	5.0219727
-39.627579	142.16957	5.0317383
-39.627407	145.50389	5.0415039
-39.626148	147.00629	5.0512695
-39.623638	149.85378	5.0610352
-39.625351	153.15988	5.0708008
-39.622543	145.27359	5.0805664
-39.623699	146.8586	5.090332
-39.6222	148.35475	5.1000977
-39.62138	150.17325	5.1098633
-39.621181	152.08871	5.1196289
-39.619987	150.72266	5.1293945
-39.618614	152.27412	5.1391602
-39.618237	151.31396	5.1489258
-39.616997	149.57971	5.1586914
-39.61692	149.6362	5.168457
-39.615772	154.31628	5.1782227
-39.615734	156.31573	5.1879883
-39.61422	156.74667	5.1977539
-39.612953	152.53159	5.2075195
-39.612873	153.44238	5.2172852
-39.611633	155.06709	5.2270508
-39.610802	154.66722	5.2368164
-39.608452	156.80089	5.246582
-39.609524	158.82881	5.2563477
-39.607174	160.45515	5.2661133
-39.60788	158.39035	5.2758789
-39.606033	153.35284	5.2856445
-39.606499	157.59409	5.2954102
-39.604618	161.40479	5.3051758
-39.603485	162.06175	5.3149414
-39.60313	163.19635	5.324707
-39.60358	157.70087	5.3344727
-39.602085	160.68568	5.3442383
-39.600616	160.01064	5.3540039
-39.598785	159.31555	5.3637695
-39.599251	165.03488	5.3735352
-39.599731	165.98883	5.3833008
-39.598473	164.9187	5.3930664
-39.596638	161.39571	5.402832
-39.597214	158.2542	5.4125977
-39.595379	164.50853	5.4223633
-39.595036	166.96906	5.4321289
-39.594292	169.46387	5.4418945
-39.593018	166.97279	5.4516602
-39.592373	163.66191	5.4614258
-39.591545	164.06493	5.4711914
-39.591099	163.65527	5.480957
-39.590191	169.24536	5.4907227
-39.588924	173.09744	5.5004883
-39.586945	172.00629	5.5102539
-39.5877	167.65109	5.5200195
-39.586227	162.95518	5.5297852
-39.586754	165.75581	5.5395508
-39.584469	172.31227	5.5493164
-39.58379	174.83226	5.559082
-39.582504	172.08376	5.5688477
-39.582184	173.06757	5.5786133
-39.581543	170.88945	5.5883789
-39.580891	169.05191	5.5981445
-39.579941	172.26451	5.6079102
-39.579643	174.89069	5.6176758
-39.577908	180.03186	5.6274414
-39.578083	177.45454	5.637207
-39.575977	170.27252	5.6469727
-39.575924	172.35646	5.6567383
-39.574169	173.77374	5.6665039
-39.574139	180.24754	5.6762695
-39.573128	178.43683	5.6860352
-39.573547	177.58739	5.6958008
-39.572289	178.94501	5.7055664
-39.57093	174.73557	5.715332
-39.570957	176.21335	5.7250977
-39.569881	178.44612	5.7348633
-39.568104	182.07365	5.7446289
-39.568581	183.31387	5.7543945
-39.565975	179.09502	5.7641602
-39.566605	179.29811	5.7739258
-39.5662	179.44104	5.7836914
-39.564602	179.76172	5.793457
-39.562756	184.30052	5.8032227
-39.562031	183.23326	5.8129883
-39.562279	184.02141	5.8227539
-39.560692	186.24803	5.8325195
-39.560585	181.94283	5.8422852
-39.559925	182.02072	5.8520508
-39.558838	182.97574	5.8618164
-39.557842	188.35033	5.871582
-39.557083	189.04283	5.8813477
-39.557285	187.8748	5.8911133
-39.555706	184.40747	5.9008789
-39.554672	185.67062	5.9106445
-39.553284	185.67189	5.9204102
-39.552628	186.95895	5.9301758
-39.552521	189.49722	5.9399414
-39.552097	192.99951	5.949707
-39.551319	190.02168	5.9594727
-39.549324	184.46744	5.9692383
-39.548801	185.49628	5.9790039
-39.547649	190.8019	5.9887695
-39.547897	194.5927	5.9985352
-39.547558	196.85435	6.0083008
-39.545696	190.7923	6.0180664
-39.544975	190.27859	6.027832
-39.543301	189.33548	6.0375977
-39.542538	190.55557	6.0473633
-39.54311	196.15117	6.0571289
-39.541836	198.4017	6.0668945
-39.540752	197.70137	6.0766602
-39.541519	194.05382	6.0864258
-39.538357	188.28836	6.0961914
-39.538479	193.89442	6.105957
-39.538113	198.68625	6.1157227
-39.537922	201.55219	6.1254883
-39.535545	200.11401	6.1352539
-39.535465	196.88947	6.1450195
-39.533726	196.81386	6.1547852
-39.533558	195.05544	6.1645508
-39.533222	199.85016	6.1743164
-39.532745	202.89262	6.184082
-39.531483	202.49388	6.1938477
-39.529713	202.41229	6.2036133
-39.5303	196.34871	6.2133789
-39.529011	197.10278	6.2231445
-39.527817	202.60344	6.2329102
-39.528133	205.10474	6.2426758
-39.525536	204.17072	6.2524414
-39.525982	203.99313	6.262207
-39.524109	201.93915	6.2719727
-39.52375	203.18387	6.2817383
-39.522102	203.5168	6.2915039
-39.522781	205.15181	6.3012695
-39.521313	209.60257	6.3110352
-39.52103	208.3501	6.3208008
-39.518822	206.56831	6.3305664
-39.519451	204.72862	6.340332
-39.517548	203.95094	6.3500977
-39.517006	209.39929	6.3598633
-39.51556	209.91214	6.3696289
-39.516266	209.61931	6.3793945
-39.514736	209.43085	6.3891602
-39.513725	208.4095	6.3989258
-39.512337	207.74876	6.4086914
-39.512077	208.75291	6.418457
-39.512005	209.96004	6.4282227
-39.511387	216.02879	6.4379883
-39.509026	212.66075	6.4477539
-39.508991	213.41417	6.4575195
-39.508034	209.90013	6.4672852
-39.508251	210.56642	6.4770508
-39.506752	213.349	6.4868164
-39.506405	214.16226	6.496582
-39.505245	216.19443	6.5063477
-39.503742	216.34514	6.5161133
-39.504272	214.10135	6.5258789
-39.501919	210.67242	6.5356445
-39.501728	211.9579	6.5454102
-39.501274	217.22824	6.5551758
-39.498734	220.15988	6.5649414
-39.499531	218.46841	6.574707
-39.499275	216.88774	6.5844727
-39.497562	216.03395	6.5942383
-39.496098	215.57648	6.6040039
-39.495747	217.78148	6.6137695
-39.494236	221.72325	6.6235352
-39.494743	224.88535	6.6333008
-39.494034	223.22644	6.6430664
-39.493057	216.68593	6.652832
-39.492313	215.56454	6.6625977
-39.492001	219.28108	6.6723633
-39.490837	226.254	6.6821289
-39.488716	228.19525	6.6918945
-39.488655	222.80038	6.7016602
-39.48877	222.08653	6.7114258
-39.48819	222.11771	6.7211914
-39.487186	220.92804	6.730957
-39.485779	227.94394	6.7407227
-39.484802	228.39085	6.7504883
-39.484364	230.19624	6.7602539
-39.482723	227.84225	6.7700195
-39.48209	221.67928	6.7797852
-39.481377	224.61919	6.7895508
-39.480366	228.56967	6.7993164
-39.480938	232.45277	6.809082
-39.479488	230.94757	6.8188477
-39.47847	227.72823	6.8286133
-39.477211	228.99072	6.8383789
-39.47686	228.33611	6.8481445
-39.475338	229.12399	6.8579102
-39.476116	233.87573	6.8676758
-39.474075	235.07446	6.8774414
-39.473366	233.8876	6.887207
-39.473553	230.37975	6.8969727
-39.471954	228.96394	6.9067383
-39.47134	232.17934	6.9165039
-39.470097	234.82785	6.9262695
-39.469315	236.70076	6.9360352
-39.467434	235.75287	6.9458008
-39.466824	232.82039	6.9555664
-39.465645	236.13229	6.965332
-39.466118	234.03554	6.9750977
-39.466061	233.67978	6.9848633
-39.464008	239.69431	6.9946289
-39.46384	241.14987	7.0043945
-39.46376	238.10786	7.0141602
-39.461864	236.67558	7.0239258
-39.460712	233.47237	7.0336914
-39.460537	237.4122	7.043457
-39.459476	240.41168	7.0532227
-39.458447	241.20944	7.0629883
-39.457771	241.13197	7.0727539
-39.457081	239.61943	7.0825195
-39.456406	240.29536	7.0922852
-39.454861	238.65349	7.1020508
-39.454208	238.58514	7.1118164
-39.453762	246.33542	7.121582
-39.454479	245.98106	7.1313477
-39.452549	246.51616	7.1411133
-39.451599	240.94266	7.1508789
-39.45129	240.49585	7.1606445
-39.449883	244.73187	7.1704102
-39.448582	243.16463	7.1801758
-39.447731	247.78452	7.1899414
-39.447155	248.1133	7.199707
-39.44751	244.78905	7.2094727
-39.445953	242.26131	7.2192383
-39.444801	241.60658	7.2290039
-39.444313	245.67014	7.2387695
-39.443447	253.85103	7.2485352
-39.442692	251.76883	7.2583008
-39.442562	249.0394	7.2680664
-39.440414	245.18137	7.277832
-39.438587	246.14302	7.2875977
-39.440105	248.79338	7.2973633
-39.438534	252.11391	7.3071289
-39.437199	252.79305	7.3168945
-39.436466	253.55977	7.3266602
-39.435272	250.18176	7.3364258
-39.434532	246.29797	7.3461914
-39.434441	249.7045	7.355957
-39.433357	254.36035	7.3657227
-39.432671	258.4313	7.3754883
-39.432251	254.68335	7.3852539
-39.431805	252.83778	7.3950195
-39.42942	251.27274	7.4047852
-39.428249	252.24998	7.4145508
-39.428169	255.53506	7.4243164
-39.427914	256.55389	7.434082
-39.426266	260.31781	7.4438477
-39.426567	256.99097	7.4536133
-39.425179	251.12624	7.4633789
-39.424915	254.9238	7.4731445
-39.422771	257.2514	7.4829102
-39.422188	262.56467	7.4926758
-39.421253	261.36966	7.5024414
-39.420654	256.3902	7.512207
-39.421692	258.36499	7.5219727
-39.420132	258.34531	7.5317383
-39.419029	259.55713	7.5415039
-39.418098	261.36993	7.5512695
-39.41737	263.38068	7.5610352
-39.415443	265.90549	7.5708008
-39.414898	260.9097	7.5805664
-39.415028	260.31891	7.590332
-39.414249	258.94177	7.6000977
-39.413059	263.95871	7.6098633
-39.412407	266.71548	7.6196289
-39.41246	265.61813	7.6293945
-39.409611	264.80856	7.6391602
-39.410175	265.80313	7.6489258
-39.408169	262.83459	7.6586914
-39.407402	262.93506	7.668457
-39.409008	265.2114	7.6782227
-39.407013	270.65372	7.6879883
-39.405552	270.44623	7.6977539
-39.405224	267.6749	7.7075195
-39.404232	264.06387	7.7172852
-39.40374	266.91742	7.7270508
-39.402897	270.81177	7.7368164
-39.401836	268.99896	7.746582
-39.400772	273.03494	7.7563477
-39.400543	270.79291	7.7661133
-39.39978	270.24033	7.7758789
-39.398434	266.85831	7.7856445
-39.398586	266.99966	7.7954102
-39.397377	274.24417	7.8051758
-39.397076	276.38321	7.8149414
-39.395233	277.50848	7.824707
-39.395157	271.08978	7.8344727
-39.393764	269.19098	7.8442383
-39.393181	273.702	7.8540039
-39.391895	273.2262	7.8637695
-39.390854	280.1358	7.8735352
-39.390045	279.30173	7.8833008
-39.39027	277.39478	7.8930664
-39.388672	274.21719	7.902832
-39.386642	269.99057	7.9125977
-39.38673	275.54108	7.9223633
-39.386421	281.2923	7.9321289
-39.384232	283.14838	7.9418945
-39.385078	278.5033	7.9516602
-39.383446	276.90417	7.9614258
-39.383083	276.24954	7.9711914
-39.382446	278.8176	7.980957
-39.381561	281.47064	7.9907227
-39.381699	282.9343	8.0004883
-39.380325	284.94122	8.0102539
-39.379955	279.51059	8.0200195
-39.376949	276.68143	8.0297852
-39.377338	278.53046	8.0395508
-39.37709	283.10901	8.0493164
-39.375122	287.67856	8.059082
-39.374905	284.44244	8.0688477
-39.374401	283.35733	8.0786133
-39.371632	281.73947	8.0883789
-39.372517	282.75696	8.0981445
-39.37196	286.01767	8.1079102
-39.371128	284.8389	8.1176758
-39.369892	287.6442	8.1274414
-39.369015	290.00208	8.137207
-39.369305	282.52774	8.1469727
-39.367981	285.15762	8.1567383
-39.366451	284.34006	8.1665039
-39.365372	290.72867	8.1762695
-39.365074	290.36118	8.1860352
-39.364468	288.21658	8.1958008
-39.363201	288.16238	8.2055664
-39.363014	288.09201	8.215332
-39.361763	288.15668	8.2250977
-39.36211	288.78122	8.2348633
-39.359974	291.34351	8.2446289
-39.359791	294.53256	8.2543945
-39.358833	290.91992	8.2641602
-39.357216	289.96384	8.2739258
-39.357143	288.81186	8.2836914
-39.356983	291.48987	8.293457
-39.355656	295.59772	8.3032227
-39.353905	294.0043	8.3129883
-39.353043	295.51181	8.3227539
-39.353558	294.12778	8.3325195
-39.353218	293.75565	8.3422852
-39.350571	290.79199	8.3520508
-39.350628	294.27899	8.3618164
-39.349873	298.84604	8.371582
-39.348461	301.72525	8.3813477
-39.348373	298.66187	8.3911133
-39.346897	294.58218	8.4008789
-39.347153	294.41898	8.4106445
-39.346256	296.4675	8.4204102
-39.343906	299.48172	8.4301758
-39.343166	303.54071	8.4399414
-39.343441	299.76318	8.449707
-39.342171	299.49759	8.4594727
-39.342003	297.24918	8.4692383
-39.34161	293.87869	8.4790039
-39.339878	300.89569	8.4887695
-39.339237	306.16968	8.4985352
-39.338688	306.96768	8.5083008
-39.33802	300.00186	8.5180664
-39.33704	297.00024	8.527832
-39.336143	301.69547	8.5375977
-39.33522	300.5715	8.5473633
-39.333611	306.8765	8.5571289
-39.332855	305.13852	8.5668945
-39.33252	305.22791	8.5766602
-39.332882	305.03842	8.5864258
-39.331276	299.3313	8.5961914
-39.330688	303.62988	8.605957
-39.328712	309.10669	8.6157227
-39.328705	310.31808	8.6254883
-39.328312	309.1413	8.6352539
-39.327518	304.00507	8.6450195
-39.327026	304.41742	8.6547852
-39.326195	306.48712	8.6645508
-39.323914	309.0134	8.6743164
-39.323364	310.39987	8.684082
-39.323051	312.08878	8.6938477
-39.321735	310.83395	8.7036133
-39.321262	307.20883	8.7133789
-39.319485	307.76248	8.7231445
-39.319168	310.01407	8.7329102
-39.319416	315.44962	8.7426758
-39.319195	313.96066	8.7524414
-39.316456	311.12485	8.762207
-39.315849	309.04953	8.7719727
-39.31543	310.21884	8.7817383
-39.314789	312.79214	8.7915039
-39.313622	310.76889	8.8012695
-39.313129	316.76611	8.8110352
-39.31245	317.02267	8.8208008
-39.310966	314.67239	8.8305664
-39.310352	313.8765	8.840332
-39.309818	311.83496	8.8500977
-39.308861	316.57474	8.8598633
-39.309189	320.59473	8.8696289
-39.306885	316.966	8.8793945
-39.306431	318.66748	8.8891602
-39.305443	317.11942	8.8989258
-39.305248	316.43866	8.9086914
-39.304989	316.36404	8.918457
-39.302807	317.03781	8.9282227
-39.302681	322.17014	8.9379883
-39.301594	322.25867	8.9477539
-39.300976	319.46564	8.9575195
-39.300423	316.89923	8.9672852
-39.299881	316.39813	8.9770508
-39.298397	321.71191	8.9868164
-39.298164	321.85107	8.996582
-39.296432	325.35129	9.0063477
-39.295387	322.79993	9.0161133
-39.295467	322.11884	9.0258789
-39.295097	317.6803	9.0356445
-39.293518	318.60126	9.0454102
-39.291782	323.88446	9.0551758
-39.29142	328.35501	9.0649414
-39.291161	327.11469	9.074707
-39.291492	321.09698	9.0844727
-39.289982	319.69717	9.0942383
-39.288879	320.7626	9.1040039
-39.287327	325.80472	9.1137695
-39.286453	330.51804	9.1235352
-39.28574	329.0665	9.1333008
-39.286385	327.81076	9.1430664
-39.284782	324.38275	9.152832
-39.284866	321.14441	9.1625977
-39.28315	326.75742	9.1723633
-39.281647	330.40927	9.1821289
-39.281891	332.66028	9.1918945
-39.280159	329.05908	9.2016602
-39.279507	324.75647	9.2114258
-39.278988	327.08459	9.2211914
-39.278034	328.02771	9.230957
-39.277477	332.30716	9.2407227
-39.275852	333.29999	9.2504883
-39.275734	332.29892	9.2602539
-39.27483	332.43927	9.2700195
-39.273308	326.6369	9.2797852
-39.274704	330.14035	9.2895508
-39.272758	334.01089	9.2993164
-39.271664	336.94141	9.309082
-39.270676	337.65341	9.3188477
-39.270916	331.69839	9.3286133
-39.269299	330.12723	9.3383789
-39.268719	334.36624	9.3481445
-39.267826	335.3559	9.3579102
-39.268597	337.10004	9.3676758
-39.266399	337.47116	9.3774414
-39.264561	337.17014	9.387207
-39.264908	336.27438	9.3969727
-39.263393	334.55884	9.4067383
-39.263199	335.89609	9.4165039
-39.261471	337.86942	9.4262695
-39.261299	340.94208	9.4360352
-39.26025	340.7843	9.4458008
-39.260429	337.63275	9.4555664
-39.257805	337.48944	9.465332
-39.257942	338.52475	9.4750977
-39.255814	337.84924	9.4848633
-39.256168	339.97882	9.4946289
-39.255966	343.22632	9.5043945
-39.25423	342.01874	9.5141602
-39.253784	340.20087	9.5239258
-39.253075	335.1738	9.5336914
-39.251991	340.54977	9.543457
-39.251369	343.46719	9.5532227
-39.250996	341.84286	9.5629883
-39.249546	345.85303	9.5727539
-39.248718	341.87668	9.5825195
-39.248291	341.05588	9.5922852
-39.247021	340.99911	9.6020508
-39.245979	340.75372	9.6118164
-39.245583	345.935	9.621582
-39.245186	348.24002	9.6313477
-39.244446	347.48712	9.6411133
-39.244686	342.99829	9.6508789
-39.242085	340.87228	9.6606445
-39.241077	345.28299	9.6704102
-39.241642	348.07211	9.6801758
-39.241047	350.93857	9.6899414
-39.23933	351.09354	9.699707
-39.2379	346.89917	9.7094727
-39.237831	345.44983	9.7192383
-39.237133	344.7464	9.7290039
-39.236668	347.52438	9.7387695
-39.236126	355.54532	9.7485352
-39.234547	354.81326	9.7583008
-39.233143	348.92902	9.7680664
-39.230927	346.00156	9.777832
-39.232487	346.0506	9.7875977
-39.229862	351.55029	9.7973633
-39.231007	354.70828	9.8071289
-39.230278	353.63855	9.8168945
-39.228668	353.62027	9.8266602
-39.228527	351.10831	9.8364258
-39.227207	347.49155	9.8461914
-39.226589	352.06671	9.855957
-39.225193	354.33719	9.8657227
-39.224106	358.36938	9.8754883
-39.223736	357.62305	9.8852539
-39.221924	351.43219	9.8950195
-39.222023	352.99344	9.9047852
-39.221119	352.84583	9.9145508
-39.220654	357.24149	9.9243164
-39.219376	356.50177	9.934082
-39.219669	356.86993	9.9438477
-39.217495	359.42346	9.9536133
-39.21632	354.83514	9.9633789
-39.215878	354.3963	9.9731445
-39.215298	355.69244	9.9829102
-39.214191	359.83789	9.9926758
-39.214031	362.00903	10.002441
-39.212715	358.17831	10.012207
-39.21323	357.19409	10.021973
-39.211735	357.30936	10.031738
-39.210121	359.28662	10.041504
-39.210716	361.05765	10.05127
-39.20903	360.86511	10.061035
-39.207844	363.68219	10.070801
-39.207344	362.36551	10.080566
-39.206379	359.42209	10.090332
-39.205811	357.983	10.100098
-39.204456	361.92795	10.109863
-39.204906	363.34821	10.119629
-39.202789	363.86731	10.129395
-39.202797	365.24939	10.13916
-39.20195	361.65506	10.148926
-39.200729	362.12061	10.158691
-39.199821	361.06409	10.168457
-39.198486	363.629	10.178223
-39.199764	366.34851	10.187988
-39.196938	370.71317	10.197754
-39.19849	367.1586	10.20752
-39.196644	360.26544	10.217285
-39.195385	362.41663	10.227051
-39.194725	367.95108	10.236816
-39.192905	368.48096	10.246582
-39.193535	371.28391	10.256348
-39.191437	369.44583	10.266113
-39.190941	366.57739	10.275879
-39.190552	365.13168	10.285645
-39.189541	362.87711	10.29541
-39.188583	370.84143	10.305176
-39.187695	374.19354	10.314941
-39.186981	372.78577	10.324707
-39.187458	368.50574	10.334473
-39.184319	364.05258	10.344238
-39.184551	368.50363	10.354004
-39.183907	372.71201	10.36377
-39.182606	373.64941	10.373535
-39.182388	374.30154	10.383301
-39.181793	372.47729	10.393066
-39.180271	369.50751	10.402832
-39.178581	369.04361	10.412598
-39.179661	372.25729	10.422363
-39.177956	377.10117	10.432129
-39.178394	378.02017	10.441895
-39.176239	374.90039	10.45166
-39.174908	370.03333	10.461426
-39.174603	369.17499	10.471191
-39.174572	373.30524	10.480957
-39.1726	377.04623	10.490723
-39.173092	375.29596	10.500488
-39.171452	378.34351	10.510254
-39.170788	375.10873	10.52002
-39.170166	372.68073	10.529785
-39.168259	375.08786	10.539551
-39.168407	376.6254	10.549316
-39.168537	381.11169	10.559082
-39.166706	381.81546	10.568848
-39.165287	375.78745	10.578613
-39.164398	373.20441	10.588379
-39.164021	376.22479	10.598145
-39.163887	379.96051	10.60791
-39.16328	379.90884	10.617676
-39.160835	379.07016	10.627441
-39.161449	382.84943	10.637207
-39.160324	379.10275	10.646973
-39.159485	378.18988	10.656738
-39.157848	377.11032	10.666504
-39.157108	379.75699	10.67627
-39.156998	384.67657	10.686035
-39.155735	382.14615	10.695801
-39.155704	381.22446	10.705566
-39.155087	380.75888	10.715332
-39.154072	378.96072	10.725098
-39.153606	380.64426	10.734863
-39.15184	381.03662	10.744629
-39.151463	385.29758	10.754395
-39.149475	386.9751	10.76416
-39.14909	381.91504	10.773926
-39.148113	379.68561	10.783691
-39.147472	380.92334	10.793457
-39.146358	385.52841	10.803223
-39.146858	386.16864	10.812988
-39.146252	389.23822	10.822754
-39.14563	384.15869	10.83252
-39.143547	384.39377	10.842285
-39.143131	382.14697	10.852051
-39.142273	383.67621	10.861816
-39.141273	387.91586	10.871582
-39.139584	390.86679	10.881348
-39.139709	391.05328	10.891113
-39.140213	384.26575	10.900879
-39.138733	382.31021	10.910645
-39.137089	387.01712	10.92041
-39.137035	390.10052	10.930176
-39.136192	394.07587	10.939941
-39.134823	390.92938	10.949707
-39.133881	388.21884	10.959473
-39.132229	387.01196	10.969238
-39.132713	383.4523	10.979004
-39.131741	390.39053	10.98877
-39.130741	394.22504	10.998535
-39.130783	395.91891	11.008301
-39.129574	390.71481	11.018066
-39.128292	385.64127	11.027832
-39.128315	388.20755	11.037598
-39.126892	392.61252	11.047363
-39.126339	393.63672	11.057129
-39.124062	394.60391	11.066895
-39.124481	393.15845	11.07666
-39.122528	391.13596	11.086426
-39.123474	388.82767	11.096191
-39.122334	390.64856	11.105957
-39.121433	394.64124	11.115723
-39.120392	397.99728	11.125488
-39.11953	397.43936	11.135254
-39.117741	392.01944	11.14502
-39.117973	390.49707	11.154785
-39.117527	393.16443	11.164551
-39.115646	395.88913	11.174316
-39.115608	396.95831	11.184082
-39.114552	397.2821	11.193848
-39.114132	396.03986	11.203613
-39.112568	393.35043	11.213379
-39.113377	393.28415	11.223145
-39.111179	391.9982	11.23291
-39.110806	399.23819	11.242676
-39.109219	400.88385	11.252441
-39.108589	398.59601	11.262207
-39.108597	397.85446	11.271973
-39.106991	395.80591	11.281738
-39.107006	398.30887	11.291504
-39.106575	399.17313	11.30127
-39.104836	397.46396	11.311035
-39.103287	402.01941	11.320801
-39.103512	400.45239	11.330566
-39.102943	400.04053	11.340332
-39.101524	397.55774	11.350098
-39.098568	397.90195	11.359863
-39.100533	404.9231	11.369629
-39.099304	403.32739	11.379395
-39.098671	402.0087	11.38916
-39.097733	400.61444	11.398926
-39.096066	398.86349	11.408691
-39.095882	398.65967	11.418457
-39.095371	400.02557	11.428223
-39.094997	404.76785	11.437988
-39.092815	407.9624	11.447754
-39.092773	402.55936	11.45752
-39.09222	399.55322	11.467285
-39.09251	397.94904	11.477051
-39.091175	402.35117	11.486816
-39.089466	407.57254	11.496582
-39.088921	407.46442	11.506348
-39.087811	402.47974	11.516113
-39.087299	402.5748	11.525879
-39.086006	401.52939	11.535645
-39.08424	401.62238	11.54541
-39.084084	407.22391	11.555176
-39.083294	409.2312	11.564941
-39.083679	410.00616	11.574707
-39.081985	405.8147	11.584473
-39.080803	401.86618	11.594238
-39.081017	404.03516	11.604004
-39.079762	408.31268	11.61377
-39.078365	411.68942	11.623535
-39.078518	407.5415	11.633301
-39.077263	407.02933	11.643066
-39.07589	405.44843	11.652832
-39.07534	402.80557	11.662598
-39.075951	408.01917	11.672363
-39.074062	410.2438	11.682129
-39.07196	413.25305	11.691895
-39.072277	410.40475	11.70166
-39.072517	404.43823	11.711426
-39.070347	405.82806	11.721191
-39.06974	408.15851	11.730957
-39.068447	411.68985	11.740723
-39.068626	411.89514	11.750488
-39.06826	409.32492	11.760254
-39.067173	410.6109	11.77002
-39.065243	407.21414	11.779785
-39.065319	407.32001	11.789551
-39.064919	409.89465	11.799316
-39.06456	414.89813	11.809082
-39.061703	415.00104	11.818848
-39.06226	408.69885	11.828613
-39.061577	408.99179	11.838379
-39.059505	409.75162	11.848145
-39.059448	413.28503	11.85791
-39.058006	413.0098	11.867676
-39.057915	413.49158	11.877441
-39.057495	412.79315	11.887207
-39.056351	413.73212	11.896973
-39.055187	410.12173	11.906738
-39.05497	409.93933	11.916504
-39.053635	414.59207	11.92627
-39.052952	416.1889	11.936035
-39.052486	414.3725	11.945801
-39.051277	416.09808	11.955566
-39.050083	410.90945	11.965332
-39.050488	414.15479	11.975098
-39.04871	413.60352	11.984863
-39.047493	413.29233	11.994629
-39.047127	417.13068	12.004395
-39.045963	418.08258	12.01416
-39.044861	415.72351	12.023926
-39.045158	410.9263	12.033691
-39.043926	410.776	12.043457
-39.041775	417.42944	12.053223
-39.043007	418.6514	12.062988
-39.04171	418.82535	12.072754
-39.041042	417.66129	12.08252
-39.039368	413.64444	12.092285
-39.038517	415.76099	12.102051
-39.037895	414.9902	12.111816
-39.037537	419.07755	12.121582
-39.036072	421.43823	12.131348
-39.036777	419.64096	12.141113
-39.034252	416.02072	12.150879
-39.03413	412.4726	12.160645
-39.03355	416.32797	12.17041
-39.032795	422.81711	12.180176
-39.032112	421.77087	12.189941
-39.030991	420.83151	12.199707
-39.029816	417.84085	12.209473
-39.029991	415.25546	12.219238
-39.028831	416.23886	12.229004
-39.027355	420.93344	12.23877
-39.026917	423.05591	12.248535
-39.026035	423.95462	12.258301
-39.024006	419.21048	12.268066
-39.024734	414.38303	12.277832
-39.024208	416.24438	12.287598
-39.023457	421.56049	12.297363
-39.022427	424.85281	12.307129
-39.021324	423.65228	12.316895
-39.019775	420.64215	12.32666
-39.019085	419.95496	12.336426
-39.018208	418.74356	12.346191
-39.017887	420.6351	12.355957
-39.018013	421.24411	12.365723
-39.017323	424.42606	12.375488
-39.013779	425.72214	12.385254
-39.013702	418.12418	12.39502
-39.014698	418.05313	12.404785
-39.013412	419.80734	12.414551
-39.0126	424.25897	12.424316
-39.012264	425.18796	12.434082
-39.010132	422.93588	12.443848
-39.009773	423.02539	12.453613
-39.008625	422.69128	12.463379
-39.008545	420.09155	12.473145
-39.008778	421.53516	12.48291
-39.005962	424.56699	12.492676
-39.006363	426.60037	12.502441
-39.004166	423.67575	12.512207
-39.002922	423.86676	12.521973
-39.003708	422.82355	12.531738
-39.002766	423.0723	12.541504
-39.00058	426.06259	12.55127
-39.002068	424.62018	12.561035
-39.000271	425.4938	12.570801
-38.998428	427.70615	12.580566
-38.998192	423.1698	12.590332
-38.997292	420.19553	12.600098
-38.996758	423.21982	12.609863
-38.995914	426.78717	12.619629
-38.995708	429.22757	12.629395
-38.994175	427.79214	12.63916
-38.993599	421.75757	12.648926
-38.99358	424.03226	12.658691
-38.99292	424.23883	12.668457
-38.992447	424.59271	12.678223
-38.990326	430.72311	12.687988
-38.989124	429.918	12.697754
-38.987457	427.75922	12.70752
-38.987686	422.48605	12.717285
-38.986633	421.04059	12.727051
-38.98732	426.59781	12.736816
-38.985344	429.40607	12.746582
-38.984985	431.4166	12.756348
-38.984394	428.49155	12.766113
-38.982861	424.99619	12.775879
-38.980862	425.3114	12.785645
-38.982098	424.27341	12.79541
-38.979889	429.68665	12.805176
-38.979744	431.66187	12.814941
-38.97863	430.89044	12.824707
-38.977951	426.64526	12.834473
-38.97673	421.51715	12.844238
-38.976757	423.25104	12.854004
-38.97504	431.50177	12.86377
-38.975105	431.1416	12.873535
-38.973358	431.78644	12.883301
-38.972736	427.22018	12.893066
-38.97308	426.99985	12.902832
-38.971062	425.0975	12.912598
-38.970062	427.9451	12.922363
-38.970207	430.87155	12.932129
-38.969009	435.21167	12.941895
-38.967846	430.70895	12.95166
-38.968479	425.82501	12.961426
-38.967484	426.43793	12.971191
-38.966137	430.0238	12.980957
-38.964863	433.88303	12.990723
-38.964577	430.24057	13.000488
-38.96357	430.13831	13.010254
-38.962097	429.69873	13.02002
-38.961823	425.94543	13.029785
-38.960861	429.19464	13.039551
-38.960495	428.90161	13.049316
-38.958961	434.11404	13.059082
-38.958324	434.21347	13.068848
-38.95723	428.25482	13.078613
-38.956028	430.13943	13.088379
-38.956509	429.67868	13.098145
-38.955353	431.8266	13.10791
-38.954239	434.34503	13.117676
-38.953644	430.82739	13.127441
-38.952839	432.14612	13.137207
-38.952065	431.45694	13.146973
-38.95155	429.0954	13.156738
-38.950527	428.29239	13.166504
-38.950397	430.32803	13.17627
-38.94883	435.99271	13.186035
-38.947617	434.60736	13.195801
-38.946819	432.12506	13.205566
-38.945488	429.99847	13.215332
-38.945343	428.94073	13.225098
-38.944775	431.8436	13.234863
-38.943451	433.24554	13.244629
-38.942818	433.26065	13.254395
-38.941372	433.74042	13.26416
-38.941654	433.34879	13.273926
-38.940746	428.2515	13.283691
-38.940102	428.48392	13.293457
-38.938313	432.42334	13.303223
-38.937088	437.73004	13.312988
-38.936741	435.98837	13.322754
-38.936817	429.87457	13.33252
-38.935417	429.58246	13.342285
-38.936108	428.04791	13.352051
-38.933605	431.29285	13.361816
-38.932816	434.7796	13.371582
-38.931339	435.11349	13.381348
-38.931038	435.52963	13.391113
-38.930885	430.02005	13.400879
-38.93021	425.79758	13.410645
-38.928814	430.6246	13.42041
-38.928921	434.56967	13.430176
-38.928391	437.96582	13.439941
-38.926792	436.04718	13.449707
-38.925777	429.57913	13.459473
-38.923847	431.55667	13.469238
-38.924362	429.83432	13.479004
-38.924019	433.51193	13.48877
-38.922642	436.24405	13.498535
-38.922585	436.51541	13.508301
-38.919983	433.81	13.518066
-38.920074	428.01535	13.527832
-38.921131	429.2449	13.537598
-38.918083	433.76395	13.547363
-38.918919	437.03006	13.557129
-38.917744	437.19049	13.566895
-38.915718	431.5683	13.57666
-38.91544	430.8331	13.586426
-38.914703	431.93808	13.596191
-38.9147	431.52594	13.605957
-38.913044	433.36398	13.615723
-38.912533	436.95691	13.625488
-38.912144	434.94611	13.635254
-38.910954	431.32892	13.64502
-38.909904	430.95081	13.654785
-38.908497	431.74622	13.664551
-38.907436	435.4155	13.674316
-38.907925	435.05972	13.684082
-38.906437	435.77667	13.693848
-38.905022	433.99429	13.703613
-38.905426	432.56613	13.713379
-38.904041	433.05933	13.723145
-38.902103	431.98837	13.73291
-38.903095	435.50198	13.742676
-38.902615	438.04645	13.752441
-38.9006	435.83008	13.762207
-38.899536	434.05927	13.771973
-38.90007	431.04211	13.781738
-38.898479	431.23199	13.791504
-38.897812	435.00467	13.80127
-38.896915	434.73303	13.811035
-38.895153	437.97595	13.820801
-38.895298	437.04904	13.830566
-38.89423	432.8866	13.840332
-38.894169	430.40402	13.850098
-38.892071	432.20688	13.859863
-38.891365	437.10428	13.869629
-38.891495	439.73169	13.879395
-38.889797	435.61597	13.88916
-38.888885	432.79892	13.898926
-38.889194	430.8129	13.908691
-38.888458	434.4743	13.918457
-38.886997	433.76199	13.928223
-38.886059	438.72983	13.937988
-38.88504	438.52377	13.947754
-38.883949	436.1521	13.95752
-38.884506	431.21948	13.967285
-38.882259	430.5343	13.977051
-38.882183	433.14154	13.986816
-38.881588	438.63678	13.996582
-38.880054	440.40509	14.006348
-38.879921	433.67319	14.016113
-38.87928	432.52185	14.025879
-38.878143	432.12796	14.035645
-38.87587	433.51022	14.04541
-38.875748	437.2807	14.055176
-38.874878	438.45212	14.064941
-38.87508	439.74033	14.074707
-38.873257	433.5314	14.084473
-38.872299	429.31061	14.094238
-38.872013	434.11829	14.104004
-38.871376	436.883	14.11377
-38.871712	439.69348	14.123535
-38.869549	437.55643	14.133301
-38.869263	432.39038	14.143066
-38.867989	434.07104	14.152832
-38.86768	432.32574	14.162598
-38.866852	436.18314	14.172363
-38.865631	436.93198	14.182129
-38.863972	439.85446	14.191895
-38.863792	438.85486	14.20166
-38.863113	431.81815	14.211426
-38.862736	431.01605	14.221191
-38.861767	433.86597	14.230957
-38.860676	438.1889	14.240723
-38.85968	438.1759	14.250488
-38.858234	435.6904	14.260254
-38.858585	434.67508	14.27002
-38.857185	434.44843	14.279785
-38.858452	434.22311	14.289551
-38.855801	434.29593	14.299316
-38.854088	437.8035	14.309082
-38.85527	439.43732	14.318848
-38.853432	436.91187	14.328613
-38.853153	433.86331	14.338379
-38.851559	431.43652	14.348145
-38.851677	436.89172	14.35791
-38.849789	437.3024	14.367676
-38.848965	436.73715	14.377441
-38.848557	437.13452	14.387207
-38.848618	436.31015	14.396973
-38.846886	435.55911	14.406738
-38.846519	431.76669	14.416504
-38.845112	434.64139	14.42627
-38.844368	439.08069	14.436035
-38.844517	436.80927	14.445801
-38.843575	437.20898	14.455566
-38.841923	431.74466	14.465332
-38.841187	432.05731	14.475098
-38.841034	435.24008	14.484863
-38.839249	435.39111	14.494629
-38.838638	440.3942	14.504395
-38.838268	439.23846	14.51416
-38.837746	434.16071	14.523926
-38.835999	433.60049	14.533691
-38.836239	430.03314	14.543457
-38.835358	436.16467	14.553223
-38.833488	440.81232	14.562988
-38.831856	438.07239	14.572754
-38.832485	435.18472	14.58252
-38.830441	431.81863	14.592285
-38.831879	434.27972	14.602051
-38.830631	434.50916	14.611816
-38.829155	438.49954	14.621582
-38.827702	437.4093	14.631348
-38.827736	439.1492	14.641113
-38.826427	433.43326	14.650879
-38.826664	429.20972	14.660645
-38.824905	432.49887	14.67041
-38.824181	439.65698	14.680176
-38.824108	438.95297	14.689941
-38.821808	436.4928	14.699707
-38.821938	433.64026	14.709473
-38.820206	433.23453	14.719238
-38.820061	433.46027	14.729004
-38.820644	437.48099	14.73877
-38.818043	435.82425	14.748535
-38.81884	440.0416	14.758301
-38.817074	436.9086	14.768066
-38.815762	430.47559	14.777832
-38.815994	434.21683	14.787598
-38.814667	435.25266	14.797363
-38.814083	441.76337	14.807129
-38.813004	438.77591	14.816895
-38.813065	433.71719	14.82666
-38.811306	434.06757	14.836426
-38.810921	433.09756	14.846191
-38.809582	435.30234	14.855957
-38.809177	435.95755	14.865723
-38.80735	437.97348	14.875488
-38.807201	439.65164	14.885254
-38.805733	433.38794	14.89502
-38.805279	432.54352	14.904785
-38.804127	432.767	14.914551
-38.804432	435.67734	14.924316
-38.803001	439.37213	14.934082
-38.801533	435.95886	14.943848
-38.800385	434.37848	14.953613
-38.801811	434.97839	14.963379
-38.79974	432.69687	14.973145
-38.799232	432.90344	14.98291
-38.797958	436.1777	14.992676
-38.797031	438.06891	15.002441
-38.796677	438.57401	15.012207
-38.796295	434.17145	15.021973
-38.794357	430.6778	15.031738
-38.794983	433.53931	15.041504
-38.792336	434.06143	15.05127
-38.791389	436.92514	15.061035
-38.791565	438.22147	15.070801
-38.790043	436.04034	15.080566
-38.790123	434.21884	15.090332
-38.788048	429.73718	15.100098
-38.788364	432.35019	15.109863
-38.787609	436.23596	15.119629
-38.787117	439.62393	15.129395
-38.786587	437.48795	15.13916
-38.785923	432.00159	15.148926
-38.783817	429.51654	15.158691
-38.784409	434.1004	15.168457
-38.781635	434.12057	15.178223
-38.782032	439.69266	15.187988
-38.780827	437.33661	15.197754
-38.779663	436.19894	15.20752
-38.779114	432.63828	15.217285
-38.777985	428.96329	15.227051
-38.777782	434.29984	15.236816
-38.775986	438.49982	15.246582
-38.77655	438.52014	15.256348
-38.775795	433.69632	15.266113
-38.774197	428.5954	15.275879
-38.774971	431.52258	15.285645
-38.772724	434.81073	15.29541
-38.773193	437.59607	15.305176
-38.771187	438.12579	15.314941
-38.770023	437.55792	15.324707
-38.769596	433.81146	15.334473
-38.769814	430.14856	15.344238
-38.767418	430.72922	15.354004
-38.767159	435.93735	15.36377
-38.766472	438.54269	15.373535
-38.764427	436.87415	15.383301
-38.765083	432.35425	15.393066
-38.764027	430.772	15.402832
-38.76376	432.12805	15.412598
-38.762455	435.547	15.422363
-38.761925	434.86749	15.432129
-38.760811	436.38174	15.441895
-38.760014	435.53937	15.45166
-38.76033	430.11084	15.461426
-38.757385	430.36139	15.471191
-38.757462	431.08475	15.480957
-38.755962	436.10193	15.490723
-38.755856	436.37393	15.500488
-38.7561	433.81812	15.510254
-38.754173	432.9812	15.52002
-38.754417	431.0022	15.529785
-38.753094	432.20285	15.539551
-38.752098	431.9989	15.549316
-38.750759	433.80096	15.559082
-38.750065	437.12473	15.568848
-38.749947	433.08896	15.578613
-38.748436	432.82764	15.588379
-38.747879	429.64459	15.598145
-38.746868	430.85294	15.60791
-38.745518	435.30847	15.617676
-38.746269	434.45181	15.627441
-38.745041	434.06085	15.637207
-38.742882	433.58826	15.646973
-38.743355	430.61188	15.656738
-38.741978	429.93494	15.666504
-38.740723	429.9599	15.67627
-38.741425	434.50638	15.686035
-38.73951	438.31268	15.695801
-38.738205	432.42474	15.705566
-38.738976	427.97699	15.715332
-38.736542	428.34698	15.725098
-38.735928	431.78503	15.734863
-38.736103	432.87476	15.744629
-38.734913	436.80676	15.754395
-38.73473	434.02194	15.76416
-38.732311	432.83408	15.773926
-38.732391	428.67325	15.783691
-38.731106	428.49033	15.793457
-38.730659	432.62439	15.803223
-38.730167	436.14465	15.812988
-38.729847	436.47455	15.822754
-38.728138	430.3233	15.83252
-38.728252	427.15039	15.842285
-38.727039	431.21786	15.852051
-38.72657	430.81619	15.861816
-38.724815	435.72516	15.871582
-38.724255	435.14392	15.881348
-38.723316	432.27893	15.891113
-38.722645	430.46036	15.900879
-38.721729	425.46991	15.910645
-38.721283	431.6012	15.92041
-38.719032	434.50037	15.930176
-38.718647	435.0755	15.939941
-38.718311	431.42993	15.949707
-38.717747	426.87393	15.959473
-38.716385	427.7572	15.969238
-38.716343	431.03152	15.979004
-38.716492	431.41888	15.98877
-38.713837	434.45441	15.998535
-38.713589	433.22144	16.008301
-38.712769	431.9566	16.018066
-38.71143	427.09464	16.027832
-38.710953	427.39847	16.037598
-38.710789	430.97876	16.047363
-38.708973	434.88782	16.057129
-38.70792	434.89713	16.066895
-38.70723	429.86316	16.07666
-38.706589	427.41809	16.086426
-38.706512	429.49503	16.096191
-38.705387	429.0816	16.105957
-38.704926	429.88968	16.115723
-38.703926	433.34619	16.125488
-38.70311	434.16776	16.135254
-38.70303	429.07941	16.14502
-38.700592	428.2493	16.154785
-38.699429	426.0921	16.164551
-38.70002	431.92401	16.174316
-38.698109	434.6524	16.184082
-38.698383	429.6362	16.193848
-38.69743	432.59274	16.203613
-38.695751	429.01074	16.213379
-38.695095	429.09177	16.223145
-38.693329	428.36496	16.23291
-38.69442	428.08224	16.242676
-38.693882	433.99304	16.252441
-38.69241	432.66891	16.262207
-38.692467	429.89041	16.271973
-38.69043	425.86832	16.281738
-38.690044	427.53534	16.291504
-38.688896	431.79868	16.30127
-38.688278	432.10556	16.311035
-38.687286	432.59988	16.320801
-38.686501	431.66537	16.330566
-38.68615	427.93692	16.340332
-38.684464	427.03903	16.350098
-38.683685	427.38556	16.359863
-38.683594	430.6315	16.369629
-38.683647	434.25235	16.379395
-38.681213	433.08417	16.38916
-38.681664	427.08951	16.398926
-38.679512	425.39313	16.408691
-38.679852	426.27222	16.418457
-38.679081	430.92401	16.428223
-38.677795	432.99124	16.437988
-38.677071	430.75854	16.447754
-38.676632	431.17053	16.45752
-38.675896	425.84683	16.467285
-38.675045	425.88202	16.477051
-38.673206	428.51382	16.486816
-38.672874	433.24997	16.496582
-38.671749	435.75897	16.506348
-38.671017	429.44702	16.516113
-38.670223	423.62094	16.525879
-38.671017	425.44879	16.535645
-38.670055	426.83398	16.54541
-38.668655	432.09082	16.555176
-38.667355	431.58499	16.564941
-38.66592	430.76794	16.574707
-38.665165	428.81802	16.584473
-38.66386	423.82059	16.594238
-38.664421	427.02155	16.604004
-38.663269	428.93884	16.61377
-38.662163	432.42581	16.623535
-38.66198	431.76917	16.633301
-38.660923	425.29254	16.643066
-38.659424	424.50305	16.652832
-38.659458	426.54007	16.662598
-38.65868	428.67175	16.672363
-38.656319	431.63733	16.682129
-38.657234	429.93628	16.691895
-38.655079	431.27246	16.70166
-38.654613	427.3891	16.711426
-38.654789	424.69476	16.721191
-38.653595	425.93243	16.730957
-38.653305	430.96179	16.740723
-38.652138	431.0528	16.750488
-38.651279	429.1846	16.760254
-38.649567	426.48206	16.77002
-38.649071	427.10413	16.779785
-38.647789	427.23309	16.789551
-38.647751	426.78732	16.799316
-38.645493	428.67929	16.809082
-38.645229	431.60828	16.818848
-38.644451	430.15216	16.828613
-38.644737	426.59506	16.838379
-38.642891	422.62808	16.848145
-38.642891	427.06097	16.85791
-38.641193	429.86505	16.867676
-38.640797	428.08255	16.877441
-38.639557	431.655	16.887207
-38.64011	425.80585	16.896973
-38.638206	427.30505	16.906738
-38.638145	425.39713	16.916504
-38.637314	425.50723	16.92627
-38.636826	430.53256	16.936035
-38.6362	431.40417	16.945801
-38.634968	429.6124	16.955566
-38.633354	423.0455	16.965332
-38.63279	421.38602	16.975098
-38.632687	427.71008	16.984863
-38.631466	429.55536	16.994629
-38.629448	431.01694	17.004395
-38.630047	428.72986	17.01416
-38.629505	425.17438	17.023926
-38.626984	424.17682	17.033691
-38.627728	424.20721	17.043457
-38.626839	427.65186	17.053223
-38.624607	433.42413	17.062988
-38.625069	429.69339	17.072754
-38.624138	427.51831	17.08252
-38.623016	422.0618	17.092285
-38.621906	423.06409	17.102051
-38.621784	428.40689	17.111816
-38.620937	430.84344	17.121582
-38.619938	428.04739	17.131348
-38.618908	426.92419	17.141113
-38.618473	424.43262	17.150879
-38.616676	420.33557	17.160645
-38.616619	427.74765	17.17041
-38.616112	427.30521	17.180176
-38.615208	433.33237	17.189941
-38.614529	428.76587	17.199707
-38.614594	421.38477	17.209473
-38.612312	422.37622	17.219238
-38.611996	425.4487	17.229004
-38.611053	429.17365	17.23877
-38.610645	428.66544	17.248535
-38.609463	427.9823	17.258301
-38.608612	427.14749	17.268066
-38.607384	424.45493	17.277832
-38.606716	424.44077	17.287598
-38.605762	425.34763	17.297363
-38.606567	428.55933	17.307129
-38.604439	430.25754	17.316895
-38.603176	424.81137	17.32666
-38.602303	422.99323	17.336426
-38.602921	424.08047	17.346191
-38.601044	422.17618	17.355957
-38.600533	426.94843	17.365723
-38.59935	425.99243	17.375488
-38.598057	427.42505	17.385254
-38.597618	426.55829	17.39502
-38.59721	422.75162	17.404785
-38.596653	421.62646	17.414551
-38.594967	425.05545	17.424316
-38.59388	427.66885	17.434082
-38.593689	427.72629	17.443848
-38.592724	426.05533	17.453613
-38.591724	424.6861	17.463379
-38.591705	422.32837	17.473145
-38.590225	423.75757	17.48291
-38.590824	425.86798	17.492676
-38.587841	428.15588	17.502441
-38.588066	428.05878	17.512207
-38.587147	424.67691	17.521973
-38.587345	419.73187	17.531738
-38.58601	421.09552	17.541504
-38.58374	426.51083	17.55127
-38.584473	427.28784	17.561035
-38.582661	429.95679	17.570801
-38.581341	424.9837	17.580566
-38.581673	425.50995	17.590332
-38.579487	421.44531	17.600098
-38.579643	421.68045	17.609863
-38.579029	426.79205	17.619629
-38.578594	429.56122	17.629395
-38.577206	427.39157	17.63916
-38.576908	423.04416	17.648926
-38.576393	418.51788	17.658691
-38.575047	424.41974	17.668457
-38.574463	426.58261	17.678223
-38.573765	429.17126	17.687988
-38.57209	427.40204	17.697754
-38.571571	423.75964	17.70752
-38.571861	422.754	17.717285
-38.569866	419.95834	17.727051
-38.570221	423.81543	17.736816
-38.569286	429.09274	17.746582
-38.567959	429.88699	17.756348
-38.567108	427.23398	17.766113
-38.566681	420.30609	17.775879
-38.565781	421.04901	17.785645
-38.564247	427.03583	17.79541
-38.562901	427.79898	17.805176
-38.562889	426.67593	17.814941
-38.561363	426.28757	17.824707
-38.561455	423.01727	17.834473
-38.559517	422.08499	17.844238
-38.560143	424.29031	17.854004
-38.559509	425.13641	17.86377
-38.558487	430.60904	17.873535
-38.55724	428.31036	17.883301
-38.555248	422.5744	17.893066
-38.555588	421.89133	17.902832
-38.555325	422.73642	17.912598
-38.554401	423.72958	17.922363
-38.553009	425.77917	17.932129
-38.55286	425.0105	17.941895
-38.550751	425.733	17.95166
-38.550404	422.36472	17.961426
-38.548885	423.15561	17.971191
-38.549114	421.54443	17.980957
-38.548103	425.57623	17.990723
-38.548267	428.33957	18.000488
-38.54668	426.11215	18.010254
-38.545681	423.37183	18.02002
-38.544342	422.1665	18.029785
-38.544968	422.22086	18.039551
-38.544132	424.41742	18.049316
-38.543625	424.37567	18.059082
-38.541603	426.3826	18.068848
-38.54147	428.01569	18.078613
-38.540333	423.25635	18.088379
-38.539188	419.66818	18.098145
-38.538048	419.55148	18.10791
-38.537861	426.30704	18.117676
-38.53669	426.63351	18.127441
-38.535782	426.94363	18.137207
-38.535259	423.80203	18.146973
-38.535583	422.85199	18.156738
-38.533592	420.09833	18.166504
-38.531998	423.94681	18.17627
-38.532425	427.29712	18.186035
-38.531754	427.9881	18.195801
-38.53009	426.0509	18.205566
-38.530102	419.21149	18.215332
-38.52808	419.4332	18.225098
-38.528347	423.34735	18.234863
-38.526833	425.95718	18.244629
-38.526402	429.46338	18.254395
-38.526226	424.3335	18.26416
-38.524662	422.16388	18.273926
-38.524429	421.14957	18.283691
-38.521973	418.423	18.293457
-38.522755	425.44635	18.303223
-38.521744	427.49368	18.312988
-38.520489	426.54825	18.322754
-38.519554	423.67722	18.33252
-38.51926	418.44241	18.342285
-38.517887	419.67093	18.352051
-38.51709	424.17334	18.361816
-38.516769	427.71207	18.371582
-38.516113	426.72641	18.381348
-38.515041	422.0231	18.391113
-38.512844	422.22699	18.400879
-38.512669	420.06003	18.410645
-38.512897	421.58652	18.42041
-38.512035	425.03806	18.430176
-38.511242	427.3566	18.439941
-38.510281	426.95831	18.449707
-38.5103	420.496	18.459473
-38.508968	418.67801	18.469238
-38.507076	422.95142	18.479004
-38.505985	424.96634	18.48877
-38.505352	423.58551	18.498535
-38.504913	426.01038	18.508301
-38.504051	422.51199	18.518066
-38.504044	420.55298	18.527832
-38.503181	421.82309	18.537598
-38.502148	421.44345	18.547363
-38.501595	425.17978	18.557129
-38.500584	426.31119	18.566895
-38.499901	422.69922	18.57666
-38.498627	421.40436	18.586426
-38.498032	420.5524	18.596191
-38.496834	422.45374	18.605957
-38.496552	424.36642	18.615723
-38.494972	422.93005	18.625488
-38.494438	425.28873	18.635254
-38.494354	424.10046	18.64502
-38.493244	421.46039	18.654785
-38.492313	419.04327	18.664551
-38.491638	421.02176	18.674316
-38.490673	426.70874	18.684082
-38.490017	424.62372	18.693848
-38.489517	424.83881	18.703613
-38.488266	421.15198	18.713379
-38.486889	419.69724	18.723145
-38.485668	422.73251	18.73291
-38.486485	421.29974	18.742676
-38.485245	425.73959	18.752441
-38.484116	428.16663	18.762207
-38.48315	421.6947	18.771973
-38.481918	420.76556	18.781738
-38.482147	419.20853	18.791504
-38.48106	423.36084	18.80127
-38.479748	427.2684	18.811035
-38.47953	425.59769	18.820801
-38.477661	422.70111	18.830566
-38.477692	420.30203	18.840332
-38.476467	420.33356	18.850098
-38.475933	420.75299	18.859863
-38.475777	424.72601	18.869629
-38.474403	426.77823	18.879395
-38.47366	426.44452	18.88916
-38.471783	421.40698	18.898926
-38.471584	418.76895	18.908691
-38.471226	420.57861	18.918457
-38.470791	424.67496	18.928223
-38.470123	427.77213	18.937988
-38.468136	424.28452	18.947754
-38.467693	421.65427	18.95752
-38.467712	420.48221	18.967285
-38.46666	419.66595	18.977051
-38.465252	422.92682	18.986816
-38.464554	425.42886	18.996582
-38.463528	427.95569	19.006348
-38.462975	425.30713	19.016113
-38.462692	416.48959	19.025879
-38.460758	418.68964	19.035645
-38.460751	424.23517	19.04541
-38.459625	425.29071	19.055176
-38.458988	425.94376	19.064941
-38.458843	421.8895	19.074707
-38.456718	422.33298	19.084473
-38.456581	419.57034	19.094238
-38.456558	419.24646	19.104004
-38.454567	423.18027	19.11377
-38.454144	426.9191	19.123535
-38.453049	425.65582	19.133301
-38.45277	421.79495	19.143066
-38.451103	419.66229	19.152832
-38.450378	420.23273	19.162598
-38.448902	423.04126	19.172363
-38.448372	423.05142	19.182129
-38.448906	423.10446	19.191895
-38.447849	423.00537	19.20166
-38.446655	423.06451	19.211426
-38.447048	419.57904	19.221191
-38.444897	416.9704	19.230957
-38.444817	423.93588	19.240723
-38.442818	425.34988	19.250488
-38.442398	423.22324	19.260254
-38.441998	422.32797	19.27002
-38.441063	417.43875	19.279785
-38.440502	420.06128	19.289551
-38.439865	421.15448	19.299316
-38.439404	422.97485	19.309082
-38.437351	425.40567	19.318848
-38.435322	423.48666	19.328613
-38.435982	422.13528	19.338379
-38.434891	417.56619	19.348145
-38.434444	419.88208	19.35791
-38.434364	424.71268	19.367676
-38.432301	425.62018	19.377441
-38.432674	426.34772	19.387207
-38.431515	421.56863	19.396973
-38.430283	418.3038	19.406738
-38.429832	422.08981	19.416504
-38.429161	419.97415	19.42627
-38.427906	425.7587	19.436035
-38.42617	425.18796	19.445801
-38.426971	425.00513	19.455566
-38.425804	420.32336	19.465332
-38.424179	416.45728	19.475098
-38.423363	419.55127	19.484863
-38.422966	426.27997	19.494629
-38.422935	426.56375	19.504395
-38.421139	424.30692	19.51416
-38.420395	420.94843	19.523926
-38.420647	419.44431	19.533691
-38.418255	418.37372	19.543457
-38.418243	423.59003	19.553223
-38.417641	426.09641	19.562988
-38.416573	425.85489	19.572754
-38.415695	420.39325	19.58252
-38.416882	415.95282	19.592285
-38.414806	417.04285	19.602051
-38.412384	424.10333	19.611816
-38.412354	428.15738	19.621582
-38.410614	423.54437	19.631348
-38.410221	422.39453	19.641113
-38.409092	421.27441	19.650879
-38.408878	419.39041	19.660645
-38.408131	422.58786	19.67041
-38.4086	423.43015	19.680176
-38.407276	427.30307	19.689941
-38.405651	424.47681	19.699707
-38.403667	417.39444	19.709473
-38.403614	420.08878	19.719238
-38.403179	418.85657	19.729004
-38.403755	424.50467	19.73877
-38.40287	425.08124	19.748535
-38.401699	421.64105	19.758301
-38.400902	421.68848	19.768066
-38.399239	422.06195	19.777832
-38.398842	419.63004	19.787598
-38.397808	420.09357	19.797363
-38.39637	423.78391	19.807129
-38.397099	426.97717	19.816895
-38.39492	424.12891	19.82666
-38.393681	420.14786	19.836426
-38.393669	420.16202	19.846191
-38.393253	420.25342	19.855957
-38.392651	422.61066	19.865723
-38.391502	423.26852	19.875488
-38.391068	422.28775	19.885254
-38.390087	423.95935	19.89502
-38.389233	419.92188	19.904785
-38.387905	418.20798	19.914551
-38.387421	421.5538	19.924316
-38.385513	424.30936	19.934082
-38.385925	426.42435	19.943848
-38.385204	423.44772	19.953613
-38.384556	418.81821	19.963379
-38.383312	420.47412	19.973145
-38.382164	421.33063	19.98291
-38.38261	421.71664	19.992676
-38.381027	423.86456	20.002441
-38.380245	425.72235	20.012207
-38.378433	421.50772	20.021973


Data Header:			0.254_solid_uprint_typeiv_090_r0			Time:	26.705811	s	4/14/2019 1:02:43 AM
Data Acquisition:	Timed
Station Name:	ft40.cfg
Test File Name:	monotonic_0.2540_typeiv_solid_090_uprint.tst
Displacement	Force	Running Time
mm	N	s
-38.378201	417.66721	20.031738
-38.376751	415.784	20.041504
-38.376163	422.0137	20.05127
-38.375965	426.32144	20.061035
-38.374542	426.14886	20.070801
-38.372913	420.69788	20.080566
-38.372807	417.47952	20.090332
-38.372326	420.96744	20.100098
-38.371319	418.34662	20.109863
-38.369976	423.22913	20.119629
-38.371193	425.29504	20.129395
-38.3694	423.83539	20.13916
-38.368385	420.38071	20.148926
-38.367786	414.97345	20.158691
-38.367279	417.71185	20.168457
-38.366116	422.9292	20.178223
-38.365898	424.11102	20.187988
-38.364338	423.23877	20.197754
-38.364731	418.85757	20.20752
-38.361088	417.25128	20.217285
-38.361759	419.27966	20.227051
-38.361633	422.24734	20.236816
-38.360394	423.12027	20.246582
-38.358379	426.24023	20.256348
-38.35873	421.97131	20.266113
-38.356998	417.20541	20.275879
-38.357365	417.38574	20.285645
-38.357498	419.58688	20.29541
-38.354374	424.65604	20.305176
-38.3545	421.95303	20.314941
-38.352966	422.1991	20.324707
-38.352444	419.26733	20.334473
-38.351997	418.4577	20.344238
-38.351624	419.45721	20.354004
-38.351177	421.23141	20.36377
-38.349464	423.74969	20.373535
-38.348927	425.97092	20.383301
-38.348038	418.76456	20.393066
-38.346954	420.789	20.402832
-38.345901	417.0928	20.412598
-38.344959	421.80078	20.422363
-38.344765	423.75247	20.432129
-38.344002	420.55881	20.441895
-38.343323	422.16086	20.45166
-38.341831	420.48318	20.461426
-38.342709	418.06479	20.471191
-38.339748	418.44711	20.480957
-38.339573	420.92767	20.490723
-38.337749	424.81375	20.500488
-38.338516	424.12689	20.510254
-38.338261	421.07294	20.52002
-38.336555	418.13431	20.529785
-38.336651	418.55768	20.539551
-38.335018	420.92374	20.549316
-38.333981	422.39139	20.559082
-38.332394	422.62491	20.568848
-38.332794	423.48499	20.578613
-38.332176	420.00131	20.588379
-38.330727	415.98953	20.598145
-38.329983	417.18579	20.60791
-38.330177	422.2048	20.617676
-38.328327	426.16571	20.627441
-38.327854	424.67615	20.637207
-38.326405	418.98196	20.646973
-38.325527	417.26337	20.656738
-38.32449	418.52786	20.666504
-38.324928	419.15228	20.67627
-38.324924	426.31345	20.686035
-38.323544	423.65933	20.695801
-38.321419	423.78027	20.705566
-38.321072	418.58365	20.715332
-38.320473	413.84714	20.725098
-38.318878	419.85141	20.734863
-38.318882	423.73114	20.744629
-38.317097	426.66855	20.754395
-38.317047	421.05371	20.76416
-38.31699	417.20221	20.773926
-38.315125	418.07257	20.783691
-38.315243	417.08398	20.793457
-38.313423	423.2164	20.803223
-38.313526	424.81018	20.812988
-38.312939	424.25421	20.822754
-38.310833	420.91629	20.83252
-38.310085	414.76462	20.842285
-38.309452	416.95068	20.852051
-38.310177	420.21671	20.861816
-38.307636	423.35849	20.871582
-38.307362	423.53076	20.881348
-38.307278	420.45972	20.891113
-38.30698	417.72717	20.900879
-38.305805	418.90393	20.910645
-38.303402	419.17374	20.92041
-38.303761	422.06287	20.930176
-38.303364	424.98956	20.939941
-38.301872	422.81046	20.949707
-38.301491	417.29849	20.959473
-38.300491	416.87271	20.969238
-38.299278	418.76132	20.979004
-38.298782	423.6098	20.98877
-38.29752	424.57907	20.998535
-38.296101	423.15121	21.008301
-38.29607	419.39886	21.018066
-38.294853	418.25815	21.027832
-38.294582	419.41428	21.037598
-38.29398	417.6752	21.047363
-38.293713	421.24088	21.057129
-38.292351	425.3071	21.066895
-38.291397	418.69821	21.07666
-38.289814	419.71057	21.086426
-38.290779	416.1489	21.096191
-38.288685	420.22055	21.105957
-38.28809	422.45248	21.115723
-38.286564	420.41574	21.125488
-38.286339	422.37854	21.135254
-38.285988	420.67752	21.14502
-38.28405	418.55634	21.154785
-38.284103	418.98102	21.164551
-38.282742	416.92096	21.174316
-38.282639	424.45984	21.184082
-38.280411	426.05505	21.193848
-38.28117	421.09613	21.203613
-38.279369	418.08154	21.213379
-38.27927	416.89243	21.223145
-38.279182	419.09958	21.23291
-38.27718	420.66428	21.242676
-38.277409	424.0831	21.252441
-38.276272	423.92981	21.262207
-38.275536	421.16736	21.271973
-38.273777	416.97916	21.281738
-38.273602	415.50333	21.291504
-38.271717	419.05225	21.30127
-38.271622	426.00726	21.311035
-38.271671	425.70343	21.320801
-38.269978	419.15866	21.330566
-38.26939	416.0997	21.340332
-38.268845	416.23813	21.350098
-38.267544	419.16309	21.359863
-38.26688	422.83398	21.369629
-38.265949	421.77762	21.379395
-38.264721	424.11105	21.38916
-38.264145	420.15555	21.398926
-38.263706	415.3772	21.408691
-38.262131	418.51361	21.418457
-38.261612	421.224	21.428223
-38.261353	425.815	21.437988
-38.260769	422.75317	21.447754
-38.258869	415.62177	21.45752
-38.258778	417.9444	21.467285
-38.256519	418.08502	21.477051
-38.257038	421.79428	21.486816
-38.256588	422.14856	21.496582
-38.255257	422.99765	21.506348
-38.255188	423.681	21.516113
-38.254017	415.25787	21.525879
-38.253601	417.4292	21.535645
-38.252178	420.23779	21.54541
-38.252029	423.06299	21.555176
-38.250828	425.66562	21.564941
-38.249306	420.5022	21.574707
-38.248955	419.82571	21.584473
-38.248367	419.15372	21.594238
-38.247158	418.215	21.604004
-38.245556	420.64127	21.61377
-38.244938	422.0451	21.623535
-38.244946	422.87827	21.633301
-38.245033	420.27612	21.643066
-38.243618	417.63748	21.652832
-38.242111	416.52991	21.662598
-38.241737	423.58844	21.672363
-38.239868	421.30664	21.682129
-38.240486	422.13379	21.691895
-38.23888	421.60144	21.70166
-38.239285	419.30817	21.711426
-38.237991	418.50827	21.721191
-38.236942	417.90628	21.730957
-38.235394	420.1723	21.740723
-38.233688	424.75311	21.750488
-38.234619	422.30469	21.760254
-38.233234	422.06219	21.77002
-38.232868	416.41977	21.779785
-38.23209	418.6864	21.789551
-38.231091	421.36267	21.799316
-38.230858	421.07483	21.809082
-38.228706	425.28571	21.818848
-38.227966	422.35358	21.828613
-38.228264	418.57553	21.838379
-38.226231	416.38409	21.848145
-38.225574	416.23868	21.85791
-38.225269	421.18277	21.867676
-38.224918	425.12555	21.877441
-38.224873	422.92099	21.887207
-38.222828	418.61475	21.896973
-38.221939	415.65845	21.906738
-38.220364	419.0051	21.916504
-38.220291	420.19476	21.92627
-38.219528	423.32819	21.936035
-38.218658	425.50229	21.945801
-38.217968	421.65308	21.955566
-38.217815	420.54324	21.965332
-38.216831	414.42029	21.975098
-38.215664	417.11838	21.984863
-38.214275	425.06952	21.994629
-38.212879	424.53607	22.004395
-38.212833	419.25702	22.01416
-38.21167	417.87628	22.023926
-38.211472	416.58643	22.033691
-38.209827	420.20148	22.043457
-38.211132	422.53479	22.053223
-38.208286	421.31729	22.062988
-38.207996	424.02802	22.072754
-38.207924	419.50296	22.08252
-38.206078	414.3956	22.092285
-38.205818	417.00012	22.102051
-38.205536	419.50439	22.111816
-38.20295	426.00903	22.121582
-38.203102	422.28946	22.131348
-38.202419	417.61432	22.141113
-38.201691	418.13571	22.150879
-38.200893	418.30344	22.160645
-38.200367	419.87021	22.17041
-38.200031	420.49954	22.180176
-38.197132	421.98737	22.189941
-38.19812	423.13538	22.199707
-38.196083	419.31024	22.209473
-38.196346	416.60965	22.219238
-38.195332	418.60074	22.229004
-38.195187	421.45059	22.23877
-38.193604	424.79434	22.248535
-38.192524	419.15894	22.258301
-38.19128	418.75525	22.268066
-38.190975	420.27881	22.277832
-38.190716	416.5889	22.287598
-38.188614	418.3576	22.297363
-38.188358	420.24973	22.307129
-38.1889	422.13495	22.316895
-38.187031	422.87527	22.32666
-38.185467	418.17276	22.336426
-38.185059	414.14023	22.346191
-38.18483	418.6825	22.355957
-38.184612	420.2822	22.365723
-38.182991	419.90082	22.375488
-38.182316	422.28522	22.385254
-38.181381	419.41373	22.39502
-38.181454	417.30582	22.404785
-38.178787	415.04254	22.414551
-38.178284	417.33008	22.424316
-38.177361	422.2673	22.434082
-38.17625	424.03265	22.443848
-38.176777	421.67786	22.453613
-38.175201	414.33197	22.463379
-38.174538	415.61688	22.473145
-38.174461	417.84445	22.48291
-38.172405	419.6373	22.492676
-38.173271	422.8038	22.502441
-38.171658	420.96509	22.512207
-38.171555	419.62488	22.521973
-38.170624	417.22888	22.531738
-38.168686	412.8739	22.541504
-38.167721	419.59738	22.55127
-38.167931	423.01895	22.561035
-38.167053	424.33411	22.570801
-38.16555	419.89185	22.580566
-38.164845	415.18433	22.590332
-38.164207	417.06012	22.600098
-38.163914	420.40601	22.609863
-38.161827	421.48413	22.619629
-38.162083	422.63525	22.629395
-38.160488	421.23309	22.63916
-38.159542	417.99741	22.648926
-38.159271	413.61591	22.658691
-38.158298	416.60022	22.668457
-38.157139	422.18784	22.678223
-38.157383	425.28369	22.687988
-38.155823	422.04221	22.697754
-38.155708	416.1608	22.70752
-38.154312	414.88712	22.717285
-38.153156	418.79572	22.727051
-38.151676	420.12964	22.736816
-38.151844	419.93326	22.746582
-38.151001	422.3895	22.756348
-38.150017	419.05673	22.766113
-38.149879	415.21716	22.775879
-38.150154	416.77051	22.785645
-38.147953	415.29681	22.79541
-38.146347	422.91071	22.805176
-38.145027	421.8591	22.814941
-38.145206	417.73248	22.824707
-38.143723	417.13214	22.834473
-38.143414	416.70438	22.844238
-38.14349	417.89172	22.854004
-38.141884	419.72198	22.86377
-38.141693	419.45126	22.873535
-38.140587	423.15552	22.883301
-38.139889	418.55685	22.893066
-38.137661	417.0661	22.902832
-38.139168	416.22549	22.912598
-38.137577	417.38596	22.922363
-38.136955	422.14166	22.932129
-38.134731	421.39182	22.941895
-38.1348	421.32269	22.95166
-38.133743	419.1123	22.961426
-38.13316	416.82684	22.971191
-38.131832	416.91968	22.980957
-38.131554	418.09402	22.990723
-38.130676	420.15521	23.000488
-38.130299	425.87814	23.010254
-38.129318	418.82001	23.02002
-38.128426	414.91254	23.029785
-38.128197	415.8237	23.039551
-38.126957	418.85364	23.049316
-38.126736	420.94699	23.059082
-38.125233	423.77582	23.068848
-38.124737	420.49203	23.078613
-38.123695	418.08923	23.088379
-38.123154	413.83206	23.098145
-38.120598	414.6156	23.10791
-38.12059	419.04321	23.117676
-38.119762	423.93445	23.127441
-38.120411	423.72107	23.137207
-38.117958	415.93802	23.146973
-38.117241	413.1568	23.156738
-38.117439	416.33179	23.166504
-38.116928	419.03668	23.17627
-38.114651	422.51718	23.186035
-38.114933	419.12085	23.195801
-38.113159	418.61987	23.205566
-38.112881	416.80975	23.215332
-38.111984	412.04007	23.225098
-38.111034	418.45709	23.234863
-38.111076	421.83749	23.244629
-38.109116	424.05466	23.254395
-38.108841	419.42508	23.26416
-38.107693	412.84073	23.273926
-38.106819	413.51184	23.283691
-38.105438	418.28894	23.293457
-38.105865	421.13559	23.303223
-38.105232	420.69675	23.312988
-38.104904	419.86218	23.322754
-38.102627	419.04819	23.33252
-38.103718	413.95581	23.342285
-38.100769	413.65591	23.352051
-38.101006	418.30951	23.361816
-38.100456	422.86905	23.371582
-38.099312	421.2485	23.381348
-38.099346	418.60605	23.391113
-38.096394	413.505	23.400879
-38.096336	418.6463	23.410645
-38.095982	416.12415	23.42041
-38.094795	418.57053	23.430176
-38.094097	420.7066	23.439941
-38.093292	419.76556	23.449707
-38.092491	417.92679	23.459473
-38.091942	416.76917	23.469238
-38.091564	413.76318	23.479004
-38.089924	419.07642	23.48877
-38.088963	420.85635	23.498535
-38.088123	418.42252	23.508301
-38.088039	416.73547	23.518066
-38.08596	416.00253	23.527832
-38.086617	416.92136	23.537598
-38.085293	415.31253	23.547363
-38.084541	416.3483	23.557129
-38.083012	421.3317	23.566895
-38.082146	419.54807	23.57666
-38.080585	418.04721	23.586426
-38.081585	412.13995	23.596191
-38.0797	414.26022	23.605957
-38.080208	417.56339	23.615723
-38.07917	418.4628	23.625488
-38.077679	420.78653	23.635254
-38.077061	416.72055	23.64502
-38.077042	414.41025	23.654785
-38.075359	414.82339	23.664551
-38.074177	415.69962	23.674316
-38.073799	418.00351	23.684082
-38.07177	423.06586	23.693848
-38.071892	418.78833	23.703613
-38.071434	413.49823	23.713379
-38.070404	411.6972	23.723145
-38.070816	415.35895	23.73291
-38.069401	419.04196	23.742676
-38.068184	421.73669	23.752441
-38.067657	418.01727	23.762207
-38.066788	417.92737	23.771973
-38.064594	414.28793	23.781738
-38.064499	411.81088	23.791504
-38.063278	416.71222	23.80127
-38.063366	420.11719	23.811035
-38.062267	422.12552	23.820801
-38.062523	415.37543	23.830566
-38.059944	413.16434	23.840332
-38.059689	412.7334	23.850098
-38.059212	416.59674	23.859863
-38.058342	419.80054	23.869629
-38.058002	418.5162	23.879395
-38.056438	417.6311	23.88916
-38.056862	415.51901	23.898926
-38.05592	409.00278	23.908691
-38.055935	413.97922	23.918457
-38.053085	416.96756	23.928223
-38.052639	421.58896	23.937988
-38.052452	418.88776	23.947754
-38.052277	412.37399	23.95752
-38.04932	413.04535	23.967285
-38.049618	414.36508	23.977051
-38.04895	416.39755	23.986816
-38.04739	418.11746	23.996582
-38.048958	418.03009	24.006348
-38.04567	418.90436	24.016113
-38.045143	413.30118	24.025879
-38.044796	413.86273	24.035645
-38.044151	414.67038	24.04541
-38.042637	419.22708	24.055176
-38.042439	418.59628	24.064941
-38.042053	416.36581	24.074707
-38.040489	414.97754	24.084473
-38.039719	414.66766	24.094238
-38.038689	415.45972	24.104004
-38.038097	413.75595	24.11377
-38.037685	416.70401	24.123535
-38.036461	417.7218	24.133301
-38.036037	417.63504	24.143066
-38.034164	413.71985	24.152832
-38.034092	411.09891	24.162598
-38.033501	414.30832	24.172363
-38.033638	417.08633	24.182129
-38.031181	418.07083	24.191895
-38.031708	418.82553	24.20166
-38.029243	412.72528	24.211426
-38.028854	414.39777	24.221191
-38.028259	413.10089	24.230957
-38.027695	413.59116	24.240723
-38.026093	417.76746	24.250488
-38.025509	418.18811	24.260254
-38.024773	417.26657	24.27002
-38.024006	411.50772	24.279785
-38.024002	410.09802	24.289551
-38.021557	415.37558	24.299316
-38.022316	416.70303	24.309082
-38.020393	419.96854	24.318848
-38.020016	415.89606	24.328613
-38.018799	413.30338	24.338379
-38.018749	411.73767	24.348145
-38.016975	411.12842	24.35791
-38.017258	415.10983	24.367676
-38.015434	420.89462	24.377441
-38.014648	417.82098	24.387207
-38.014748	413.39975	24.396973
-38.014359	407.62997	24.406738
-38.01292	411.89252	24.416504
-38.012089	415.22992	24.42627
-38.012032	418.6221	24.436035
-38.010906	415.27701	24.445801
-38.009533	415.61545	24.455566
-38.009602	410.18314	24.465332
-38.00729	407.82101	24.475098
-38.007423	412.13788	24.484863
-38.00787	415.60434	24.494629
-38.00568	420.4949	24.504395
-38.004963	414.43011	24.51416
-38.004486	409.08643	24.523926
-38.002846	409.2153	24.533691
-38.001953	412.72684	24.543457
-38.001694	415.93704	24.553223
-38.000217	414.10324	24.562988
-37.999371	416.48965	24.572754
-37.998817	413.15619	24.58252
-37.99889	408.87125	24.592285
-37.99778	411.65253	24.602051
-37.996655	412.7821	24.611816
-37.996372	416.87094	24.621582
-37.994949	417.03387	24.631348
-37.994209	411.63657	24.641113
-37.993652	410.13315	24.650879
-37.993149	410.23468	24.660645
-37.990963	412.69965	24.67041
-37.990509	412.92078	24.680176
-37.989555	412.51691	24.689941
-37.989082	414.48883	24.699707
-37.988972	412.31259	24.709473
-37.987747	409.41275	24.719238
-37.985203	408.51266	24.729004
-37.987217	412.90579	24.73877
-37.984543	415.35052	24.748535
-37.983341	414.42038	24.758301
-37.982265	409.80069	24.768066
-37.982613	409.26154	24.777832
-37.981873	409.55109	24.787598
-37.981312	408.0834	24.797363
-37.980095	410.10492	24.807129
-37.979424	410.53662	24.816895
-37.979134	412.7309	24.82666
-37.97813	407.76611	24.836426
-37.97617	401.47751	24.846191
-37.976326	404.96643	24.855957
-37.974838	405.49878	24.865723
-37.974087	405.12888	24.875488
-37.970554	34.604507	24.885254
-37.969891	-23.253679	24.89502
-37.96933	-36.770847	24.904785
-37.96973	-57.970299	24.914551
-37.968693	-39.915447	24.924316
-37.968971	-33.645126	24.934082
-37.967766	-35.644665	24.943848
-37.966125	-37.833591	24.953613
-37.965981	-41.754662	24.963379
-37.965523	-44.101341	24.973145
-37.964211	-40.887093	24.98291
-37.964985	-36.954647	24.992676
-37.964035	-35.397945	25.002441
-37.9627	-38.585297	25.012207
-37.961899	-43.192707	25.021973
-37.960243	-42.12611	25.031738
-37.96003	-42.806515	25.041504
-37.959213	-40.283371	25.05127
-37.958393	-35.667244	25.061035
-37.957386	-36.144661	25.070801
-37.956936	-39.708248	25.080566
-37.956772	-45.628136	25.090332
-37.954762	-43.174782	25.100098
-37.95475	-38.83321	25.109863
-37.954269	-36.826328	25.119629
-37.953236	-37.28175	25.129395
-37.951492	-36.812168	25.13916
-37.950409	-41.247284	25.148926
-37.950405	-44.644165	25.158691
-37.948803	-42.684914	25.168457
-37.949688	-40.65451	25.178223
-37.948238	-36.018082	25.187988
-37.948105	-37.660599	25.197754
-37.946095	-43.294224	25.20752
-37.945892	-45.053997	25.217285
-37.944618	-42.581188	25.227051
-37.944237	-38.278816	25.236816
-37.943123	-38.609917	25.246582
-37.942978	-40.836147	25.256348
-37.941097	-38.019382	25.266113
-37.941242	-42.23983	25.275879
-37.939724	-43.758343	25.285645
-37.93919	-43.693333	25.29541
-37.937893	-37.725964	25.305176
-37.937382	-35.159645	25.314941
-37.936577	-41.164604	25.324707
-37.935783	-39.555786	25.334473
-37.935123	-43.284958	25.344238
-37.93449	-41.187233	25.354004
-37.933647	-40.13644	25.36377
-37.932098	-40.438881	25.373535
-37.93132	-39.05262	25.383301
-37.931431	-38.04348	25.393066
-37.931236	-42.094357	25.402832
-37.929691	-44.40044	25.412598
-37.928631	-42.302879	25.422363
-37.92812	-37.332829	25.432129
-37.926651	-37.021038	25.441895
-37.927036	-39.198326	25.45166
-37.926128	-42.056396	25.461426
-37.924084	-41.536083	25.471191
-37.924049	-41.913849	25.480957
-37.922729	-41.855537	25.490723
-37.922802	-39.558861	25.500488
-37.92207	-34.857433	25.510254
-37.920547	-38.769516	25.52002
-37.919418	-46.818092	25.529785
-37.919067	-44.905289	25.539551
-37.918396	-41.551785	25.549316
-37.917168	-36.642471	25.559082
-37.916565	-35.926868	25.568848
-37.916534	-40.793655	25.578613
-37.915668	-41.605274	25.588379
-37.914673	-45.12558	25.598145
-37.914452	-43.235004	25.60791
-37.91259	-36.792572	25.617676
-37.911381	-36.905052	25.627441
-37.910835	-35.90099	25.637207
-37.90929	-40.778149	25.646973
-37.910614	-45.943253	25.656738
-37.909328	-42.990158	25.666504
-37.906387	-38.117638	25.67627
-37.907028	-36.632778	25.686035
-37.906616	-38.773201	25.695801
-37.905914	-41.746315	25.705566
-37.904716	-42.746887	25.715332
-37.903435	-45.08812	25.725098
-37.902222	-41.910149	25.734863
-37.902214	-39.074959	25.744629
-37.901093	-37.514797	25.754395
-37.899834	-38.222336	25.76416
-37.899654	-46.229122	25.773926
-37.899258	-45.431324	25.783691
-37.898289	-41.107021	25.793457
-37.897015	-40.390251	25.803223
-37.896469	-38.335152	25.812988
-37.895401	-40.288692	25.822754
-37.894379	-40.556671	25.83252
-37.893654	-43.807995	25.842285
-37.891571	-43.550537	25.852051
-37.891331	-40.143616	25.861816
-37.892719	-36.262634	25.871582
-37.891434	-37.012615	25.881348
-37.889584	-41.41732	25.891113
-37.889679	-43.561245	25.900879
-37.888271	-43.292061	25.910645
-37.887997	-41.399433	25.92041
-37.887085	-40.014198	25.930176
-37.885799	-39.241402	25.939941
-37.885254	-39.646523	25.949707
-37.883625	-40.685776	25.959473
-37.883183	-41.961952	25.969238
-37.882179	-46.51088	25.979004
-37.881611	-41.354805	25.98877
-37.87989	-37.605057	25.998535
-37.880196	-39.29493	26.008301
-37.879482	-38.658024	26.018066
-37.878361	-43.889721	26.027832
-37.878468	-43.687443	26.037598
-37.876217	-40.247391	26.047363
-37.874847	-42.080696	26.057129
-37.87468	-37.356346	26.066895
-37.874321	-37.048592	26.07666
-37.873402	-41.905354	26.086426
-37.873333	-45.98587	26.096191
-37.871296	-45.787598	26.105957
-37.871948	-38.85733	26.115723
-37.871826	-36.637825	26.125488
-37.869308	-38.707176	26.135254
-37.868599	-41.815456	26.14502
-37.867485	-43.70092	26.154785
-37.866135	-43.627789	26.164551
-37.866844	-42.19141	26.174316
-37.86602	-40.267227	26.184082
-37.864063	-35.953815	26.193848
-37.864002	-39.794449	26.203613
-37.864128	-43.642319	26.213379
-37.861725	-47.184246	26.223145
-37.860584	-44.31918	26.23291
-37.860737	-38.591297	26.242676
-37.858913	-34.387119	26.252441
-37.858028	-40.750683	26.262207
-37.857765	-42.801903	26.271973
-37.85746	-42.91613	26.281738
-37.856575	-46.325989	26.291504
-37.855724	-39.133007	26.30127
-37.854866	-37.316162	26.311035
-37.854332	-34.39994	26.320801
-37.853443	-40.879074	26.330566
-37.851551	-46.672279	26.340332
-37.852577	-45.027832	26.350098
-37.850391	-41.684868	26.359863
-37.850201	-35.719078	26.369629
-37.849548	-38.87674	26.379395
-37.84845	-41.782532	26.38916
-37.84795	-42.032455	26.398926
-37.846375	-44.657692	26.408691
-37.845482	-43.812481	26.418457
-37.844666	-38.752384	26.428223
-37.84409	-36.783325	26.437988
-37.84341	-35.508121	26.447754
-37.842773	-43.521797	26.45752
-37.842506	-45.105602	26.467285
-37.841068	-41.398853	26.477051
-37.840199	-41.809452	26.486816
-37.839985	-36.954556	26.496582
-37.838085	-39.96405	26.506348
-37.837135	-41.10067	26.516113
-37.836391	-41.247135	26.525879
-37.835201	-42.821548	26.535645
-37.835609	-43.493893	26.54541
-37.834488	-40.040485	26.555176
-37.833485	-37.400635	26.564941
-37.832653	-40.062111	26.574707
-37.832016	-41.919678	26.584473
-37.831993	-44.285042	26.594238
-37.830666	-41.361675	26.604004
-37.829914	-41.265957	26.61377
-37.829479	-39.399845	26.623535
-37.827259	-38.519066	26.633301
-37.826679	-39.594631	26.643066
-37.82634	-41.332653	26.652832
-37.824112	-48.009861	26.662598
-37.823658	-42.38097	26.672363
-37.823402	-38.426414	26.682129
-37.822563	-38.224075	26.691895

