MTS793|BTW|ENU|1|2|.|/|:|1|0|0|A

Data Header:			0.254_hd_uprint_typeiv_4545_r0			Time:	20.02002	s	4/13/2019 7:12:10 PM
Data Acquisition:	Timed
Station Name:	ft40.cfg
Test File Name:	monotonic_0.2540_typeiv_hd_4545_uprint.tst
Displacement	Force	Running Time
mm	N	s
-40.042789	-102.09778	0.023681641
-40.043163	-116.10047	0.033447266
-40.043095	-124.59717	0.043212891
-40.041912	-127.87947	0.052978516
-40.04229	-109.11392	0.062744141
-40.041855	-96.104393	0.072509766
-40.041103	-99.780685	0.082275391
-40.039383	-113.1226	0.092041016
-40.039425	-126.1079	0.10180664
-40.038841	-123.60403	0.11157227
-40.037544	-111.716	0.12133789
-40.036819	-99.461136	0.13110352
-40.03632	-95.45713	0.14086914
-40.0354	-104.03687	0.15063477
-40.035458	-115.68723	0.16040039
-40.034645	-122.79278	0.17016602
-40.033638	-113.35865	0.17993164
-40.032162	-99.24649	0.18969727
-40.03194	-89.997681	0.19946289
-40.030682	-96.464432	0.20922852
-40.030277	-110.26143	0.21899414
-40.029568	-117.69501	0.22875977
-40.028206	-114.42522	0.23852539
-40.027592	-102.35028	0.24829102
-40.026234	-92.798553	0.25805664
-40.026157	-90.706917	0.26782227
-40.02396	-97.510368	0.27758789
-40.025269	-113.61252	0.28735352
-40.024757	-112.87049	0.29711914
-40.023457	-106.10268	0.30688477
-40.02132	-91.548653	0.31665039
-40.021378	-84.618652	0.32641602
-40.021034	-95.911293	0.33618164
-40.019344	-102.34916	0.34594727
-40.018879	-108.73275	0.35571289
-40.017136	-106.12688	0.36547852
-40.018261	-93.860275	0.37524414
-40.016399	-85.206711	0.38500977
-40.015877	-82.494781	0.39477539
-40.014359	-94.474274	0.40454102
-40.014168	-105.60201	0.41430664
-40.012825	-107.09205	0.42407227
-40.01189	-96.421143	0.43383789
-40.010735	-83.23745	0.44360352
-40.010361	-81.556549	0.45336914
-40.009613	-88.108673	0.46313477
-40.007832	-97.636871	0.47290039
-40.00853	-103.53271	0.48266602
-40.008312	-98.431236	0.49243164
-40.006275	-87.040932	0.50219727
-40.006268	-78.055328	0.51196289
-40.004589	-77.883881	0.52172852
-40.0051	-91.9506	0.53149414
-40.00267	-102.84068	0.54125977
-40.002842	-100.33101	0.55102539
-40.002979	-86.925308	0.56079102
-40.001133	-78.598854	0.57055664
-39.999557	-71.595703	0.58032227
-39.999779	-82.926247	0.59008789
-39.998608	-93.145607	0.59985352
-39.998329	-96.929359	0.60961914
-39.996643	-93.514771	0.61938477
-39.996124	-76.313705	0.62915039
-39.995529	-69.161873	0.63891602
-39.99498	-73.645729	0.64868164
-39.993603	-86.568657	0.65844727
-39.992458	-96.642799	0.66821289
-39.99213	-89.119423	0.67797852
-39.990818	-79.229271	0.68774414
-39.990288	-67.081543	0.69750977
-39.989044	-68.361214	0.70727539
-39.988838	-78.998627	0.71704102
-39.987812	-87.006561	0.72680664
-39.987331	-93.405533	0.73657227
-39.986584	-80.244881	0.74633789
-39.984859	-65.028419	0.75610352
-39.984959	-62.091309	0.76586914
-39.984085	-70.234688	0.77563477
-39.981918	-85.037941	0.78540039
-39.982174	-89.586266	0.79516602
-39.981239	-80.670425	0.80493164
-39.980526	-68.387665	0.81469727
-39.980179	-60.530525	0.82446289
-39.97818	-64.753647	0.83422852
-39.979435	-73.126656	0.84399414
-39.976501	-84.874336	0.85375977
-39.977631	-81.962128	0.86352539
-39.97514	-71.798553	0.87329102
-39.976215	-58.320683	0.88305664
-39.973888	-56.091084	0.89282227
-39.973366	-67.320236	0.90258789
-39.972355	-78.705132	0.91235352
-39.971115	-79.88652	0.92211914
-39.9711	-72.376534	0.93188477
-39.969528	-61.764046	0.94165039
-39.968246	-55.433456	0.95141602
-39.967747	-57.166092	0.96118164
-39.96751	-71.447159	0.97094727
-39.966534	-75.987572	0.98071289
-39.965969	-75.126419	0.99047852
-39.965225	-60.949966	1.0002441
-39.964497	-49.992188	1.0100098
-39.96352	-56.079754	1.0197754
-39.962219	-61.659348	1.029541
-39.962257	-71.056664	1.0393066
-39.96104	-73.673233	1.0490723
-39.959064	-64.866615	1.0588379
-39.958923	-54.734818	1.0686035
-39.959236	-45.500488	1.0783691
-39.95652	-52.068878	1.0881348
-39.956608	-63.822834	1.0979004
-39.956764	-70.447746	1.107666
-39.955231	-68.230019	1.1174316
-39.95512	-52.058285	1.1271973
-39.953434	-45.662891	1.1369629
-39.952057	-46.848892	1.1467285
-39.952232	-57.075718	1.1564941
-39.951488	-65.132622	1.1662598
-39.94944	-66.206558	1.1760254
-39.949886	-57.995342	1.185791
-39.949337	-43.770462	1.1955566
-39.947495	-38.798859	1.2053223
-39.947559	-46.798248	1.2150879
-39.946461	-62.52718	1.2248535
-39.94643	-66.399307	1.2346191
-39.944912	-55.508358	1.2443848
-39.944542	-45.064381	1.2541504
-39.943577	-35.915359	1.263916
-39.942696	-42.162575	1.2736816
-39.941895	-52.328739	1.2834473
-39.939941	-60.618591	1.2932129
-39.94062	-60.349354	1.3029785
-39.938915	-45.664955	1.3127441
-39.938507	-33.779919	1.3225098
-39.937222	-32.504837	1.3322754
-39.936371	-44.456779	1.342041
-39.936363	-58.938572	1.3518066
-39.934143	-56.652061	1.3615723
-39.9342	-48.053112	1.3713379
-39.933128	-34.877411	1.3811035
-39.931824	-30.241894	1.3908691
-39.932556	-38.476074	1.4006348
-39.93095	-46.207817	1.4104004
-39.929981	-56.882729	1.420166
-39.92997	-49.616329	1.4299316
-39.928753	-36.5597	1.4396973
-39.928539	-26.204731	1.4494629
-39.926991	-28.731817	1.4592285
-39.925629	-43.626019	1.4689941
-39.925224	-51.066875	1.4787598
-39.924458	-46.758572	1.4885254
-39.924274	-39.399853	1.498291
-39.922943	-27.448772	1.5080566
-39.922871	-25.819923	1.5178223
-39.921253	-32.07988	1.5275879
-39.919865	-45.705513	1.5373535
-39.919407	-48.408806	1.5471191
-39.919815	-41.859383	1.5568848
-39.918102	-25.710327	1.5666504
-39.916595	-20.009312	1.576416
-39.91621	-26.296751	1.5861816
-39.914948	-35.924984	1.5959473
-39.913513	-44.915627	1.6057129
-39.914425	-39.801552	1.6154785
-39.913097	-30.985785	1.6252441
-39.912521	-19.160477	1.6350098
-39.91124	-17.36478	1.6447754
-39.910721	-27.648287	1.654541
-39.91066	-37.11977	1.6643066
-39.909313	-40.968124	1.6740723
-39.908436	-31.69911	1.6838379
-39.907833	-18.047832	1.6936035
-39.907192	-15.889824	1.7033691
-39.906525	-18.526949	1.7131348
-39.904781	-31.045614	1.7229004
-39.903778	-38.142483	1.732666
-39.903183	-32.191296	1.7424316
-39.902969	-24.315451	1.7521973
-39.901848	-10.975894	1.7619629
-39.902077	-12.722935	1.7717285
-39.8997	-24.152197	1.7814941
-39.900574	-33.4589	1.7912598
-39.898827	-35.427036	1.8010254
-39.898552	-22.666872	1.810791
-39.896183	-12.266954	1.8205566
-39.896961	-8.4488811	1.8303223
-39.894783	-15.430239	1.8400879
-39.894741	-25.809805	1.8498535
-39.894501	-30.360996	1.8596191
-39.893322	-27.916756	1.8693848
-39.891369	-11.268598	1.8791504
-39.890949	-2.0453088	1.888916
-39.890709	-7.2313328	1.8986816
-39.889076	-21.756052	1.9084473
-39.889149	-30.915253	1.9182129
-39.887188	-25.538425	1.9279785
-39.887348	-13.784779	1.9377441
-39.887417	-2.2835159	1.9475098
-39.885391	-3.2793968	1.9572754
-39.884365	-11.255601	1.967041
-39.88409	-21.432722	1.9768066
-39.883503	-27.862631	1.9865723
-39.882038	-14.296095	1.9963379
-39.881508	-2.0846441	2.0061035
-39.881588	3.8420272	2.0158691
-39.880409	-3.4430139	2.0256348
-39.879684	-18.476513	2.0354004
-39.877682	-20.648161	2.045166
-39.877701	-16.630739	2.0549316
-39.877159	-3.9040792	2.0646973
-39.876144	4.7199025	2.0744629
-39.8745	1.7575507	2.0842285
-39.873631	-5.8255391	2.0939941
-39.873711	-19.976336	2.1037598
-39.872868	-16.572834	2.1135254
-39.871189	-6.7609878	2.123291
-39.870399	5.1699376	2.1330566
-39.869427	10.061526	2.1428223
-39.869656	-2.7766249	2.1525879
-39.868202	-11.15283	2.1623535
-39.86771	-12.780953	2.1721191
-39.867706	-7.6271081	2.1818848
-39.866104	3.7005322	2.1916504
-39.864201	9.8735294	2.201416
-39.864254	7.186069	2.2111816
-39.863342	-2.2901855	2.2209473
-39.863056	-12.197957	2.2307129
-39.862141	-8.7904282	2.2404785
-39.861237	2.2595358	2.2502441
-39.859707	14.223469	2.2600098
-39.859222	11.399058	2.2697754
-39.858273	4.9154701	2.279541
-39.85815	-5.7247977	2.2893066
-39.856937	-6.5645189	2.2990723
-39.856228	0.19418833	2.3088379
-39.855637	10.022161	2.3186035
-39.855301	18.564785	2.3283691
-39.854172	13.496212	2.3381348
-39.852695	1.4946635	2.3479004
-39.851444	-7.5156484	2.357666
-39.851322	-2.292485	2.3674316
-39.849545	12.287539	2.3771973
-39.848331	19.718126	2.3869629
-39.848412	20.28611	2.3967285
-39.848167	7.8372231	2.4064941
-39.846825	-0.28434867	2.4162598
-39.846363	0.87076849	2.4260254
-39.844845	7.0266051	2.435791
-39.844524	21.27009	2.4455566
-39.844189	25.692934	2.4553223
-39.843098	17.900183	2.4650879
-39.840919	4.741631	2.4748535
-39.841785	-2.5737967	2.4846191
-39.840919	7.8863149	2.4943848
-39.839012	20.721272	2.5041504
-39.839924	28.122936	2.513916
-39.838249	24.653276	2.5236816
-39.836929	12.73135	2.5334473
-39.83622	4.1344004	2.5432129
-39.837139	3.7629943	2.5529785
-39.834873	17.45681	2.5627441
-39.834736	30.094154	2.5725098
-39.833775	32.311989	2.5822754
-39.832596	20.141693	2.592041
-39.832054	7.3821034	2.6018066
-39.831017	6.282105	2.6115723
-39.829575	16.731979	2.6213379
-39.829853	30.085648	2.6311035
-39.828117	32.713448	2.6408691
-39.827095	28.673527	2.6506348
-39.826824	17.600822	2.6604004
-39.825794	7.3526998	2.670166
-39.825905	15.772855	2.6799316
-39.824165	26.735634	2.6896973
-39.824154	38.485176	2.6994629
-39.823051	36.841965	2.7092285
-39.821831	21.769388	2.7189941
-39.821507	15.205134	2.7287598
-39.819595	14.356771	2.7385254
-39.818989	26.552929	2.748291
-39.818748	37.4939	2.7580566
-39.818737	36.908501	2.7678223
-39.816662	32.95113	2.7775879
-39.817265	20.513586	2.7873535
-39.815804	16.969467	2.7971191
-39.816044	21.483845	2.8068848
-39.813538	34.413227	2.8166504
-39.813538	45.080063	2.826416
-39.8125	38.381126	2.8361816
-39.81205	28.728516	2.8459473
-39.811188	20.575375	2.8557129
-39.811295	21.575865	2.8654785
-39.80883	33.981731	2.8752441
-39.808819	42.499001	2.8850098
-39.806881	46.174259	2.8947754
-39.80637	38.146156	2.904541
-39.806484	25.691566	2.9143066
-39.805511	22.061445	2.9240723
-39.803677	30.498699	2.9338379
-39.803009	44.4902	2.9436035
-39.803413	48.200886	2.9533691
-39.8004	46.115227	2.9631348
-39.80125	32.78381	2.9729004
-39.799847	27.1005	2.982666
-39.799316	30.594929	2.9924316
-39.797134	40.911572	3.0021973
-39.798328	53.669056	3.0119629
-39.796532	52.594032	3.0217285
-39.79615	43.491272	3.0314941
-39.795246	31.251856	3.0412598
-39.794525	27.173582	3.0510254
-39.792393	42.198303	3.060791
-39.792381	52.709122	3.0705566
-39.793064	57.792114	3.0803223
-39.792187	48.878815	3.0900879
-39.790909	37.782909	3.0998535
-39.788757	34.668686	3.1096191
-39.788956	35.887203	3.1193848
-39.788006	52.648567	3.1291504
-39.786762	61.26767	3.138916
-39.785721	56.729256	3.1486816
-39.78516	46.540913	3.1584473
-39.784634	33.147072	3.1682129
-39.783676	38.23666	3.1779785
-39.783321	52.006004	3.1877441
-39.78252	61.628269	3.1975098
-39.780628	62.444263	3.2072754
-39.78101	52.342098	3.217041
-39.779228	44.900978	3.2268066
-39.779533	37.955933	3.2365723
-39.778076	49.10125	3.2463379
-39.778011	61.799446	3.2561035
-39.775967	68.779808	3.2658691
-39.776218	60.539513	3.2756348
-39.775578	47.496933	3.2854004
-39.774883	41.978001	3.295166
-39.773193	49.378689	3.3049316
-39.771542	60.657867	3.3146973
-39.770981	68.83548	3.3244629
-39.770638	66.477089	3.3342285
-39.770432	58.000469	3.3439941
-39.76936	45.60463	3.3537598
-39.768784	46.586109	3.3635254
-39.76796	55.856567	3.373291
-39.767014	69.646156	3.3830566
-39.764542	73.278748	3.3928223
-39.764294	62.232319	3.4025879
-39.764359	53.835381	3.4123535
-39.764004	50.859818	3.4221191
-39.763313	58.180828	3.4318848
-39.761646	68.47332	3.4416504
-39.761459	73.819473	3.451416
-39.760105	74.154228	3.4611816
-39.759064	63.069424	3.4709473
-39.759285	53.223125	3.4807129
-39.757332	54.229691	3.4904785
-39.756832	63.941658	3.5002441
-39.755432	78.393272	3.5100098
-39.75502	75.583969	3.5197754
-39.754932	69.728989	3.529541
-39.754005	59.349743	3.5393066
-39.753246	55.267757	3.5490723
-39.752605	66.624252	3.5588379
-39.751518	74.945595	3.5686035
-39.750629	82.113518	3.5783691
-39.750011	78.469582	3.5881348
-39.748688	65.856361	3.5979004
-39.748207	57.674305	3.607666
-39.746498	60.974861	3.6174316
-39.747551	75.780205	3.6271973
-39.746605	84.469322	3.6369629
-39.744583	84.548378	3.6467285
-39.744839	73.00985	3.6564941
-39.743443	62.940971	3.6662598
-39.743614	63.341209	3.6760254
-39.742035	70.581871	3.685791
-39.741135	85.344337	3.6955566
-39.740196	89.172379	3.7053223
-39.738869	84.103088	3.7150879
-39.738285	69.378281	3.7248535
-39.738007	62.548271	3.7346191
-39.736275	71.820618	3.7443848
-39.73637	84.592155	3.7541504
-39.734276	93.015984	3.763916
-39.733475	89.398659	3.7736816
-39.73418	76.429657	3.7834473
-39.733044	70.956764	3.7932129
-39.732594	67.862587	3.8029785
-39.730968	82.839935	3.8127441
-39.730045	94.696762	3.8225098
-39.729675	95.601135	3.8322754
-39.728947	87.492424	3.842041
-39.728649	72.560013	3.8518066
-39.727272	71.70649	3.8615723
-39.726227	81.422417	3.8713379
-39.72567	92.495522	3.8811035
-39.724918	98.966316	3.8908691
-39.724319	92.37294	3.9006348
-39.722569	82.645363	3.9104004
-39.722752	75.290878	3.920166
-39.720989	78.333687	3.9299316
-39.720867	91.112976	3.9396973
-39.719978	101.76548	3.9494629
-39.719028	101.16699	3.9592285
-39.716949	89.416229	3.9689941
-39.717388	78.303635	3.9787598
-39.716179	80.494965	3.9885254
-39.715607	90.259926	3.998291
-39.71566	100.94298	4.0080566
-39.713764	103.39982	4.0178223
-39.713024	99.271217	4.0275879
-39.711819	87.409988	4.0373535
-39.711399	81.621613	4.0471191
-39.709991	86.276184	4.0568848
-39.710396	101.36296	4.0666504
-39.709682	109.26743	4.076416
-39.707985	102.03109	4.0861816
-39.706932	94.686775	4.0959473
-39.70673	85.5075	4.1057129
-39.705971	87.226257	4.1154785
-39.704697	98.891708	4.1252441
-39.703758	105.28033	4.1350098
-39.702152	111.27817	4.1447754
-39.701744	102.68484	4.154541
-39.701778	91.475243	4.1643066
-39.701279	87.947876	4.1740723
-39.700806	93.444824	4.1838379
-39.69817	109.33752	4.1936035
-39.698261	113.0658	4.2033691
-39.697449	110.2701	4.2131348
-39.69706	98.636391	4.2229004
-39.695511	90.278397	4.232666
-39.694332	96.766449	4.2424316
-39.69405	103.75588	4.2521973
-39.693264	115.11646	4.2619629
-39.693302	117.66785	4.2717285
-39.691734	107.07724	4.2814941
-39.691624	95.922516	4.2912598
-39.692265	92.947144	4.3010254
-39.690636	104.22771	4.310791
-39.688164	116.98581	4.3205566
-39.68837	120.88872	4.3303223
-39.686684	112.12746	4.3400879
-39.685982	101.15767	4.3498535
-39.686081	97.525208	4.3596191
-39.685223	100.76459	4.3693848
-39.684135	115.44847	4.3791504
-39.682896	121.82954	4.388916
-39.680866	122.53135	4.3986816
-39.681522	108.04679	4.4084473
-39.681507	97.908524	4.4182129
-39.680832	101.78673	4.4279785
-39.67952	113.3999	4.4377441
-39.677853	127.17876	4.4475098
-39.678154	127.60674	4.4572754
-39.676456	116.69889	4.467041
-39.674828	108.08013	4.4768066
-39.674393	100.73988	4.4865723
-39.674416	113.56682	4.4963379
-39.673576	124.5562	4.5061035
-39.672302	130.33028	4.5158691
-39.670769	124.9541	4.5256348
-39.671356	110.66391	4.5354004
-39.670372	106.6693	4.545166
-39.669369	112.17191	4.5549316
-39.66798	122.79109	4.5646973
-39.667339	132.39052	4.5744629
-39.66774	128.13765	4.5842285
-39.66544	122.71345	4.5939941
-39.666023	112.36554	4.6037598
-39.663269	111.30619	4.6135254
-39.663582	120.12012	4.623291
-39.663364	131.63103	4.6330566
-39.661354	136.87729	4.6428223
-39.660809	128.25778	4.6525879
-39.660328	117.80196	4.6623535
-39.65934	112.90831	4.6721191
-39.658474	118.64557	4.6818848
-39.658455	130.63907	4.6916504
-39.657028	136.76926	4.701416
-39.656006	136.51312	4.7111816
-39.656448	126.39269	4.7209473
-39.656197	118.42028	4.7307129
-39.653076	117.08404	4.7404785
-39.653313	127.51873	4.7502441
-39.652348	140.62666	4.7600098
-39.652367	140.38309	4.7697754
-39.65041	134.05069	4.779541
-39.6502	121.35947	4.7893066
-39.648743	120.89542	4.7990723
-39.647675	127.6177	4.8088379
-39.647022	135.34825	4.8186035
-39.647049	146.40129	4.8283691
-39.646065	142.44983	4.8381348
-39.644981	130.29926	4.8479004
-39.644173	121.20153	4.857666
-39.642677	122.49168	4.8674316
-39.64222	140.52388	4.8771973
-39.641598	147.13525	4.8869629
-39.640907	148.42567	4.8967285
-39.64024	137.94972	4.9064941
-39.639206	126.97665	4.9162598
-39.639671	127.28067	4.9260254
-39.637955	135.54132	4.935791
-39.636074	147.74553	4.9455566
-39.636105	153.05258	4.9553223
-39.634132	146.57339	4.9650879
-39.634007	133.21056	4.9748535
-39.633667	123.91443	4.9846191
-39.632492	134.61479	4.9943848
-39.632309	149.48857	5.0041504
-39.630482	156.20103	5.013916
-39.63023	151.92587	5.0236816
-39.629463	139.47171	5.0334473
-39.628006	134.29898	5.0432129
-39.626194	133.58084	5.0529785
-39.627918	146.28526	5.0627441
-39.627213	154.59946	5.0725098
-39.627121	158.99266	5.0822754
-39.624714	150.15405	5.092041
-39.624283	135.71371	5.1018066
-39.623314	135.23337	5.1115723
-39.622246	142.65089	5.1213379
-39.620846	156.15012	5.1311035
-39.619904	160.61754	5.1408691
-39.619987	153.58693	5.1506348
-39.617966	146.37328	5.1604004
-39.61758	138.43204	5.170166
-39.617432	142.7955	5.1799316
-39.616726	152.70918	5.1896973
-39.615833	163.67055	5.1994629
-39.614967	165.74263	5.2092285
-39.614433	150.10617	5.2189941
-39.612465	143.04836	5.2287598
-39.612133	143.80296	5.2385254
-39.612755	153.55798	5.248291
-39.609795	163.61583	5.2580566
-39.611004	165.61116	5.2678223
-39.609043	161.60489	5.2775879
-39.608524	151.58766	5.2873535
-39.607338	143.84378	5.2971191
-39.606022	150.37042	5.3068848
-39.605946	161.64372	5.3166504
-39.604214	170.55858	5.326416
-39.603626	165.85596	5.3361816
-39.603661	156.36736	5.3459473
-39.602356	150.40503	5.3557129
-39.600689	150.56837	5.3654785
-39.600422	160.60909	5.3752441
-39.59935	169.46196	5.3850098
-39.599262	172.70981	5.3947754
-39.599064	165.44078	5.404541
-39.597378	156.50299	5.4143066
-39.597126	149.93398	5.4240723
-39.596756	155.70726	5.4338379
-39.595455	170.9745	5.4436035
-39.593967	176.76746	5.4533691
-39.594227	172.6098	5.4631348
-39.593178	158.17503	5.4729004
-39.592731	152.07002	5.482666
-39.591679	158.80707	5.4924316
-39.590767	165.6898	5.5021973
-39.588821	179.33681	5.5119629
-39.589546	179.14223	5.5217285
-39.587715	171.07693	5.5314941
-39.587299	158.42848	5.5412598
-39.586193	154.05919	5.5510254
-39.58482	167.3154	5.560791
-39.58408	181.67816	5.5705566
-39.584358	184.84593	5.5803223
-39.582241	176.85117	5.5900879
-39.582203	162.70267	5.5998535
-39.582157	159.3868	5.6096191
-39.581043	162.49348	5.6193848
-39.580143	178.00937	5.6291504
-39.579029	188.54745	5.638916
-39.578548	183.74089	5.6486816
-39.578117	173.38683	5.6584473
-39.576511	162.27103	5.6682129
-39.576118	164.15236	5.6779785
-39.573807	178.94209	5.6877441
-39.573452	187.56302	5.6975098
-39.572834	188.60484	5.7072754
-39.572872	179.04854	5.717041
-39.571682	168.8056	5.7268066
-39.571236	165.14172	5.7365723
-39.57127	173.76799	5.7463379
-39.569515	184.14847	5.7561035
-39.568489	192.02481	5.7658691
-39.567425	188.64595	5.7756348
-39.567219	173.46358	5.7854004
-39.56604	170.97546	5.795166
-39.563999	174.08768	5.8049316
-39.564732	186.46791	5.8146973
-39.563332	196.33885	5.8244629
-39.56358	190.83258	5.8342285
-39.561943	185.70447	5.8439941
-39.562088	174.20407	5.8537598
-39.56036	173.65913	5.8635254
-39.560101	182.86017	5.873291
-39.558182	192.45131	5.8830566
-39.557041	200.84268	5.8928223
-39.557182	190.33144	5.9025879
-39.555794	180.84618	5.9123535
-39.555843	175.24286	5.9221191
-39.554546	182.19272	5.9318848
-39.553741	194.57877	5.9416504
-39.553024	198.5668	5.951416
-39.551765	198.84702	5.9611816
-39.551254	190.33029	5.9709473
-39.549149	181.06439	5.9807129
-39.550018	180.5522	5.9904785
-39.5495	189.99902	6.0002441
-39.547199	203.09415	6.0100098
-39.546555	205.23303	6.0197754
-39.547718	196.47694	6.029541
-39.546265	186.15698	6.0393066
-39.545288	183.144	6.0490723
-39.544182	189.62335	6.0588379
-39.543182	200.88869	6.0686035
-39.54324	208.60095	6.0783691
-39.540539	205.18715	6.0881348
-39.540512	195.01202	6.0979004
-39.539413	186.54619	6.107666
-39.539989	185.61884	6.1174316
-39.5378	200.07649	6.1271973
-39.538372	209.23553	6.1369629
-39.53677	211.41699	6.1467285
-39.535984	199.61072	6.1564941
-39.534939	188.03877	6.1662598
-39.533688	190.6266	6.1760254
-39.533443	195.03107	6.185791
-39.532227	212.01895	6.1955566
-39.531178	214.58836	6.2053223
-39.531651	209.11826	6.2150879
-39.529697	198.31432	6.2248535
-39.527946	186.5453	6.2346191
-39.529667	195.66035	6.2443848
-39.526501	209.81984	6.2541504
-39.525784	216.74597	6.263916
-39.527927	215.00725	6.2736816
-39.526638	202.98297	6.2834473
-39.524136	196.56242	6.2932129
-39.52322	195.87712	6.3029785
-39.522915	206.97679	6.3127441
-39.521702	218.93565	6.3225098
-39.520386	219.1163	6.3322754
-39.519955	213.54619	6.342041
-39.519287	199.03505	6.3518066
-39.518734	195.44109	6.3615723
-39.517628	206.31793	6.3713379
-39.517109	219.7681	6.3811035
-39.516418	222.9317	6.3908691
-39.515896	216.041	6.4006348
-39.514389	207.37656	6.4104004
-39.514168	201.91862	6.420166
-39.51339	204.03119	6.4299316
-39.512932	214.76161	6.4396973
-39.511734	224.68672	6.4494629
-39.509724	227.13232	6.4592285
-39.510021	212.69365	6.4689941
-39.508427	206.55504	6.4787598
-39.509056	204.41965	6.4885254
-39.50806	214.43527	6.498291
-39.506393	225.76942	6.5080566
-39.50639	227.83096	6.5178223
-39.504311	223.9313	6.5275879
-39.504463	213.11916	6.5373535
-39.503361	207.78732	6.5471191
-39.501778	212.28482	6.5568848
-39.502525	221.73	6.5666504
-39.500793	232.57951	6.576416
-39.500656	229.29333	6.5861816
-39.499634	219.61714	6.5959473
-39.498909	211.93948	6.6057129
-39.497616	212.23682	6.6154785
-39.496002	223.96333	6.6252441
-39.495174	230.45059	6.6350098
-39.494308	235.29762	6.6447754
-39.493996	228.2406	6.654541
-39.492886	217.14761	6.6643066
-39.493595	211.94762	6.6740723
-39.491837	217.06569	6.6838379
-39.492283	232.00716	6.6936035
-39.490459	238.99704	6.7033691
-39.49017	235.52599	6.7131348
-39.489674	222.72272	6.7229004
-39.488205	215.20474	6.732666
-39.487564	220.06107	6.7424316
-39.486378	228.54391	6.7521973
-39.484989	240.6701	6.7619629
-39.483368	240.3056	6.7717285
-39.483238	231.67055	6.7814941
-39.48336	220.38599	6.7912598
-39.482155	216.7803	6.8010254
-39.481113	229.61313	6.810791
-39.481186	240.91965	6.8205566
-39.480675	246.23009	6.8303223
-39.478809	238.21022	6.8400879
-39.478745	226.06506	6.8498535
-39.478352	222.16991	6.8596191
-39.476967	225.23007	6.8693848
-39.476448	241.60756	6.8791504
-39.475864	247.88602	6.888916
-39.474846	244.88608	6.8986816
-39.47361	235.80537	6.9084473
-39.471119	221.66872	6.9182129
-39.472565	227.79466	6.9279785
-39.470554	237.72102	6.9377441
-39.469383	249.03949	6.9475098
-39.469135	253.12474	6.9572754
-39.467823	238.1105	6.967041
-39.46806	231.56819	6.9768066
-39.467083	229.69531	6.9865723
-39.466526	236.31976	6.9963379
-39.464546	246.69847	7.0061035
-39.463783	252.25389	7.0158691
-39.462383	250.24313	7.0256348
-39.463116	236.69366	7.0354004
-39.461941	231.06017	7.045166
-39.461304	235.86035	7.0549316
-39.459843	248.25484	7.0646973
-39.459465	257.27036	7.0744629
-39.458458	252.78375	7.0842285
-39.458347	246.00792	7.0939941
-39.457188	238.40485	7.1037598
-39.456211	235.29604	7.1135254
-39.45525	243.59496	7.123291
-39.454109	256.08975	7.1330566
-39.45343	261.3179	7.1428223
-39.452694	253.84871	7.1525879
-39.452	244.20787	7.1623535
-39.451572	236.67642	7.1721191
-39.451256	243.7347	7.1818848
-39.449799	257.3035	7.1916504
-39.44812	260.38046	7.201416
-39.447689	262.61893	7.2111816
-39.448162	251.55542	7.2209473
-39.445683	243.31619	7.2307129
-39.445812	242.05614	7.2404785
-39.444859	249.81866	7.2502441
-39.444275	265.39166	7.2600098
-39.443932	266.79999	7.2697754
-39.442059	258.97681	7.279541
-39.441135	247.11702	7.2893066
-39.440571	241.81331	7.2990723
-39.439796	252.07607	7.3088379
-39.438728	260.59695	7.3186035
-39.438812	270.99069	7.3283691
-39.437515	266.52371	7.3381348
-39.436337	255.23204	7.3479004
-39.436546	248.35725	7.357666
-39.435143	246.32593	7.3674316
-39.434116	260.75449	7.3771973
-39.433548	272.58392	7.3869629
-39.432598	272.3093	7.3967285
-39.43222	261.96692	7.4064941
-39.430874	249.4351	7.4162598
-39.430187	250.78908	7.4260254
-39.429501	258.97882	7.435791
-39.428497	272.24472	7.4455566
-39.428085	276.7229	7.4553223
-39.426121	270.57477	7.4650879
-39.426956	258.85733	7.4748535
-39.423912	249.0433	7.4846191
-39.424168	257.56094	7.4943848
-39.423435	269.95456	7.5041504
-39.423378	279.33667	7.513916
-39.42234	276.29486	7.5236816
-39.419956	263.29559	7.5334473
-39.420002	256.26947	7.5432129
-39.420231	258.68561	7.5529785
-39.419399	269.16141	7.5627441
-39.417465	278.82001	7.5725098
-39.416634	279.89236	7.5822754
-39.416538	275.37964	7.592041
-39.415424	259.09644	7.6018066
-39.414452	259.62595	7.6115723
-39.413654	267.62708	7.6213379
-39.412468	278.97122	7.6311035
-39.411968	285.69406	7.6408691
-39.410896	277.74606	7.6506348
-39.409767	268.85425	7.6604004
-39.41069	264.58875	7.670166
-39.409794	265.66135	7.6799316
-39.408157	276.56287	7.6896973
-39.407299	284.69092	7.6994629
-39.405544	287.42303	7.7092285
-39.406052	277.29858	7.7189941
-39.406132	266.19745	7.7287598
-39.40456	266.4454	7.7385254
-39.403206	275.32101	7.748291
-39.402405	287.50497	7.7580566
-39.401546	287.90274	7.7678223
-39.400692	285.64133	7.7775879
-39.40033	275.77194	7.7873535
-39.398579	269.44928	7.7971191
-39.398281	272.28104	7.8068848
-39.397636	282.59467	7.8166504
-39.396286	293.93369	7.826416
-39.396637	292.12167	7.8361816
-39.395401	282.69632	7.8459473
-39.395138	269.59058	7.8557129
-39.392479	272.65619	7.8654785
-39.39296	283.09479	7.8752441
-39.391354	291.36703	7.8850098
-39.391376	296.63681	7.8947754
-39.389893	288.73331	7.904541
-39.389091	279.46234	7.9143066
-39.388996	274.46368	7.9240723
-39.388573	276.52444	7.9338379
-39.387135	293.56268	7.9436035
-39.385899	302.77826	7.9533691
-39.385242	296.67639	7.9631348
-39.383846	284.31592	7.9729004
-39.384762	273.4183	7.982666
-39.38279	281.14856	7.9924316
-39.382954	290.0379	8.0021973
-39.381233	300.64331	8.0119629
-39.380692	301.24326	8.0217285
-39.379128	291.05902	8.0314941
-39.379124	282.77518	8.0412598
-39.378258	278.34549	8.0510254
-39.377163	288.83719	8.060791
-39.375481	303.99207	8.0705566
-39.375706	306.96762	8.0803223
-39.374588	298.38879	8.0900879
-39.374172	285.59442	8.0998535
-39.372593	281.92764	8.1096191
-39.372856	288.63062	8.1193848
-39.37241	299.50851	8.1291504
-39.370148	306.56195	8.138916
-39.369743	304.0882	8.1486816
-39.368687	294.50537	8.1584473
-39.368572	284.65863	8.1682129
-39.367367	286.80704	8.1779785
-39.367058	296.7717	8.1877441
-39.36581	310.32108	8.1975098
-39.364388	310.06348	8.2072754
-39.364334	297.77643	8.217041
-39.363522	291.87326	8.2268066
-39.362598	289.82355	8.2365723
-39.361443	297.07007	8.2463379
-39.361767	307.33893	8.2561035
-39.359856	311.07944	8.2658691
-39.36047	311.43985	8.2756348
-39.357815	298.11145	8.2854004
-39.357307	291.4093	8.295166
-39.357117	294.14911	8.3049316
-39.356049	305.45529	8.3146973
-39.355022	315.75446	8.3244629
-39.354534	312.3782	8.3342285
-39.353584	305.61993	8.3439941
-39.352711	298.61154	8.3537598
-39.35257	295.00052	8.3635254
-39.350914	303.22839	8.373291
-39.350971	312.77112	8.3830566
-39.350086	319.59192	8.3928223
-39.349392	313.01138	8.4025879
-39.347153	301.9241	8.4123535
-39.346703	297.91367	8.4221191
-39.346588	301.94653	8.4318848
-39.346272	314.36478	8.4416504
-39.344231	320.72672	8.451416
-39.343517	321.59921	8.4611816
-39.344158	310.61325	8.4709473
-39.341934	303.22299	8.4807129
-39.341877	302.6333	8.4904785
-39.340652	308.62878	8.5002441
-39.339882	322.43274	8.5100098
-39.338657	325.7561	8.5197754
-39.338585	318.1221	8.529541
-39.337822	305.88828	8.5393066
-39.336773	301.59525	8.5490723
-39.335533	311.40451	8.5588379
-39.335323	320.34186	8.5686035
-39.333134	328.61951	8.5783691
-39.333225	325.39584	8.5881348
-39.333172	314.96683	8.5979004
-39.33149	308.89291	8.607666
-39.330227	306.06766	8.6174316
-39.331001	320.13977	8.6271973
-39.328995	331.78183	8.6369629
-39.328705	331.09232	8.6467285
-39.327736	319.07175	8.6564941
-39.327583	307.43192	8.6662598
-39.325695	310.62918	8.6760254
-39.324913	319.27484	8.685791
-39.32394	331.26474	8.6955566
-39.324936	333.21603	8.7053223
-39.322758	328.33276	8.7150879
-39.32185	317.58334	8.7248535
-39.320724	310.17062	8.7346191
-39.319553	316.8902	8.7443848
-39.320183	330.57452	8.7541504
-39.319313	338.38171	8.763916
-39.317978	334.70438	8.7736816
-39.315983	321.48825	8.7834473
-39.315842	313.55444	8.7932129
-39.315815	319.04785	8.8029785
-39.314533	328.496	8.8127441
-39.314362	336.51151	8.8225098
-39.313473	338.47049	8.8322754
-39.31345	331.561	8.842041
-39.311092	319.29803	8.8518066
-39.31081	318.71667	8.8615723
-39.309856	323.75812	8.8713379
-39.308193	338.04004	8.8811035
-39.308449	343.02408	8.8908691
-39.307083	335.91199	8.9006348
-39.306705	328.69089	8.9104004
-39.305721	322.02603	8.920166
-39.304646	325.50647	8.9299316
-39.304058	335.2601	8.9396973
-39.30315	341.78983	8.9494629
-39.302624	344.76508	8.9592285
-39.301521	335.16006	8.9689941
-39.300491	326.14725	8.9787598
-39.299259	323.80173	8.9885254
-39.298779	333.29559	8.998291
-39.297852	346.67166	9.0080566
-39.298119	345.37085	9.0178223
-39.296604	343.75729	9.0275879
-39.295307	332.45798	9.0373535
-39.295601	327.06519	9.0471191
-39.294182	332.62341	9.0568848
-39.2939	340.06784	9.0666504
-39.293396	350.98715	9.076416
-39.291943	351.72787	9.0861816
-39.291248	339.36676	9.0959473
-39.290413	328.44003	9.1057129
-39.291409	329.75128	9.1154785
-39.28767	343.35876	9.1252441
-39.287918	351.47012	9.1350098
-39.285393	354.5441	9.1447754
-39.286098	345.68759	9.154541
-39.284618	336.94766	9.1643066
-39.283703	331.15088	9.1740723
-39.283627	337.93759	9.1838379
-39.281799	351.71594	9.1936035
-39.281578	357.66806	9.2033691
-39.280914	354.03079	9.2131348
-39.280949	341.09485	9.2229004
-39.28088	331.53076	9.232666
-39.278625	339.40518	9.2424316
-39.279171	350.21667	9.2521973
-39.277229	360.58069	9.2619629
-39.276699	358.19168	9.2717285
-39.275909	349.08911	9.2814941
-39.274422	340.672	9.2912598
-39.273678	336.24017	9.3010254
-39.273277	349.25397	9.310791
-39.272415	361.00705	9.3205566
-39.271317	365.49222	9.3303223
-39.270973	357.56494	9.3400879
-39.268707	341.16592	9.3498535
-39.268909	340.34021	9.3596191
-39.269447	347.6575	9.3693848
-39.267876	359.62952	9.3791504
-39.266159	365.57074	9.388916
-39.267132	360.18527	9.3986816
-39.264324	354.71957	9.4084473
-39.263035	342.93802	9.4182129
-39.263821	346.1333	9.4279785
-39.263531	357.2041	9.4377441
-39.261322	368.24814	9.4475098
-39.261093	369.75766	9.4572754
-39.259598	357.76401	9.467041
-39.26009	347.58694	9.4768066
-39.259254	349.00171	9.4865723
-39.257076	356.94522	9.4963379
-39.257462	365.60852	9.5061035
-39.256931	370.49603	9.5158691
-39.255463	367.18872	9.5256348
-39.254906	357.26474	9.5354004
-39.252815	349.62701	9.545166
-39.253101	351.20172	9.5549316
-39.251019	365.33084	9.5646973
-39.250347	375.60342	9.5744629
-39.249973	370.06821	9.5842285
-39.249233	362.77634	9.5939941
-39.248993	354.09778	9.6037598
-39.248661	353.4935	9.6135254
-39.246681	362.88809	9.623291
-39.24609	369.45306	9.6330566
-39.244183	378.82742	9.6428223
-39.244637	372.01697	9.6525879
-39.24498	360.5347	9.6623535
-39.242699	353.65408	9.6721191
-39.242165	358.48904	9.6818848
-39.240047	374.54239	9.6916504
-39.240891	377.32886	9.701416
-39.239223	379.02106	9.7111816
-39.238522	366.42065	9.7209473
-39.2383	358.11298	9.7307129
-39.238182	360.52081	9.7404785
-39.236389	367.42014	9.7502441
-39.235668	381.02704	9.7600098
-39.234695	384.34918	9.7697754
-39.23288	376.15244	9.779541
-39.233299	362.52277	9.7893066
-39.230896	357.42377	9.7990723
-39.232407	369.63522	9.8088379
-39.230236	381.38217	9.8186035
-39.229492	386.71707	9.8283691
-39.229519	380.9903	9.8381348
-39.22805	369.78171	9.8479004
-39.227695	362.69412	9.857666
-39.227028	364.14142	9.8674316
-39.225174	378.44659	9.8771973
-39.224709	388.99744	9.8869629
-39.224648	389.12875	9.8967285
-39.222633	376.75885	9.9064941
-39.223328	364.0636	9.9162598
-39.221848	368.08963	9.9260254
-39.221504	378.54584	9.935791
-39.219959	388.71704	9.9455566
-39.220036	390.51031	9.9553223
-39.218273	382.23712	9.9650879
-39.217472	373.63879	9.9748535
-39.21756	364.76434	9.9846191
-39.216854	375.64249	9.9943848
-39.215446	387.64517	10.00415
-39.214863	395.35925	10.013916
-39.214066	391.61258	10.023682
-39.211918	376.38986	10.033447
-39.211735	372.60791	10.043213
-39.212101	376.14758	10.052979
-39.209747	385.88168	10.062744
-39.20932	395.94586	10.07251
-39.209339	392.73602	10.082275
-39.208691	388.46756	10.092041
-39.206772	377.07513	10.101807
-39.206993	374.02359	10.111572
-39.205185	384.16846	10.121338
-39.205151	395.54623	10.131104
-39.204388	401.54953	10.140869
-39.203236	391.77106	10.150635
-39.201176	384.87473	10.1604
-39.201233	377.87747	10.170166
-39.200508	383.53836	10.179932
-39.199772	392.28494	10.189697
-39.19957	399.99731	10.199463
-39.197327	400.70358	10.209229
-39.19701	392.09103	10.218994
-39.19651	383.20966	10.22876
-39.196419	379.18274	10.238525
-39.196323	390.28461	10.248291
-39.193707	402.92264	10.258057
-39.193069	402.2431	10.267822
-39.192177	398.41736	10.277588
-39.191418	385.49683	10.287354
-39.190632	382.53714	10.297119
-39.18969	389.73035	10.306885
-39.189392	397.51093	10.31665
-39.188244	408.16397	10.326416
-39.188164	406.57666	10.336182
-39.186989	394.92911	10.345947
-39.187134	384.27271	10.355713
-39.185894	385.33087	10.365479
-39.184093	399.26428	10.375244
-39.183548	409.17172	10.38501
-39.183277	409.15665	10.394775
-39.182014	399.58075	10.404541
-39.182575	390.53732	10.414307
-39.181213	388.70789	10.424072
-39.180809	393.28323	10.433838
-39.179527	408.69891	10.443604
-39.177414	416.20856	10.453369
-39.177143	408.38431	10.463135
-39.176395	396.36627	10.4729
-39.175842	387.93631	10.482666
-39.17485	393.85669	10.492432
-39.174274	408.37213	10.502197
-39.173378	416.79544	10.511963
-39.172607	413.75644	10.521729
-39.171001	403.76471	10.531494
-39.170986	393.60391	10.54126
-39.170498	392.49243	10.551025
-39.168869	405.57532	10.560791
-39.168079	415.39563	10.570557
-39.168182	418.42676	10.580322
-39.165325	411.3895	10.590088
-39.16552	396.36597	10.599854
-39.166016	395.16882	10.609619
-39.164127	402.68503	10.619385
-39.162189	417.20709	10.62915
-39.163097	421.03177	10.638916
-39.161072	415.08923	10.648682
-39.160458	408.63217	10.658447
-39.160965	396.2764	10.668213
-39.159763	401.39648	10.677979
-39.158443	412.11969	10.687744
-39.157787	422.30722	10.69751
-39.157639	425.64896	10.707275
-39.155853	410.61023	10.717041
-39.154655	404.15692	10.726807
-39.155445	402.46652	10.736572
-39.154343	410.00284	10.746338
-39.152653	423.02377	10.756104
-39.151993	425.16855	10.765869
-39.15115	422.3815	10.775635
-39.150455	412.19852	10.7854
-39.149857	403.39819	10.795166
-39.148495	408.73544	10.804932
-39.146988	418.65613	10.814697
-39.146629	430.07114	10.824463
-39.145821	426.76767	10.834229
-39.144581	417.0293	10.843994
-39.144646	409.03244	10.85376
-39.143692	410.12	10.863525
-39.142838	419.51682	10.873291
-39.14172	427.25168	10.883057
-39.140911	432.08487	10.892822
-39.140823	427.93146	10.902588
-39.140446	414.97333	10.912354
-39.138645	408.40002	10.922119
-39.138557	415.38177	10.931885
-39.136917	428.30051	10.94165
-39.136627	434.15234	10.951416
-39.136002	432.48093	10.961182
-39.134769	418.93726	10.970947
-39.132927	412.63348	10.980713
-39.132904	415.00287	10.990479
-39.132534	422.71426	11.000244
-39.131554	437.10391	11.01001
-39.130962	437.68613	11.019775
-39.131035	429.22882	11.029541
-39.129395	417.03497	11.039307
-39.128365	412.16986	11.049072
-39.127831	423.94928	11.058838
-39.12701	436.46814	11.068604
-39.125687	441.06866	11.078369
-39.124096	433.68726	11.088135
-39.123219	422.92941	11.0979
-39.122215	416.5863	11.107666
-39.122646	419.72159	11.117432
-39.120834	432.73184	11.127197
-39.121723	442.56406	11.136963
-39.120575	441.27783	11.146729
-39.121101	432.38815	11.156494
-39.119373	417.37448	11.16626
-39.117138	419.92123	11.176025
-39.117336	433.11905	11.185791
-39.116016	443.59738	11.195557
-39.115551	445.75833	11.205322
-39.114452	434.71979	11.215088
-39.113094	427.28381	11.224854
-39.113419	422.23349	11.234619
-39.111137	429.44629	11.244385
-39.111786	439.6423	11.25415
-39.111134	449.60577	11.263916
-39.109806	446.38062	11.273682
-39.109123	431.36978	11.283447
-39.10759	424.71222	11.293213
-39.107761	428.31305	11.302979
-39.10648	441.5701	11.312744
-39.106266	449.12967	11.32251
-39.105915	447.19958	11.332275
-39.10421	440.71265	11.342041
-39.103203	428.79083	11.351807
-39.102856	428.43854	11.361572
-39.101421	435.57657	11.371338
-39.100544	445.07742	11.381104
-39.098576	455.29352	11.390869
-39.098907	442.82086	11.400635
-39.09898	437.45944	11.4104
-39.096901	429.90875	11.420166
-39.096458	436.48651	11.429932
-39.095894	447.6441	11.439697
-39.094894	451.95248	11.449463
-39.093464	452.10226	11.459229
-39.093521	445.3862	11.468994
-39.09354	433.31741	11.47876
-39.091877	433.08209	11.488525
-39.091022	442.91727	11.498291
-39.090294	456.078	11.508057
-39.088974	457.38455	11.517822
-39.087883	449.97751	11.527588
-39.088032	439.07394	11.537354
-39.085667	435.84921	11.547119
-39.085674	440.7991	11.556885
-39.084522	451.33655	11.56665
-39.083313	460.54266	11.576416
-39.08186	457.85242	11.586182
-39.082245	446.39706	11.595947
-39.081673	436.58783	11.605713
-39.080746	437.45752	11.615479
-39.079395	451.44037	11.625244
-39.078442	461.9733	11.63501
-39.078655	463.78207	11.644775
-39.078148	450.01303	11.654541
-39.076962	442.55463	11.664307
-39.075851	441.95258	11.674072
-39.075886	446.12482	11.683838
-39.074623	461.97922	11.693604
-39.074013	465.88452	11.703369
-39.073452	460.46597	11.713135
-39.072456	449.85159	11.7229
-39.072582	438.06113	11.732666
-39.070148	447.20819	11.742432
-39.070862	460.68839	11.752197
-39.068668	469.00723	11.761963
-39.068634	465.39883	11.771729
-39.067307	452.36938	11.781494
-39.066742	445.70831	11.79126
-39.0667	444.60843	11.801025
-39.065723	456.72397	11.810791
-39.062614	468.25092	11.820557
-39.062946	470.25528	11.830322
-39.061962	463.72107	11.840088
-39.062027	448.13919	11.849854
-39.060627	444.89526	11.859619
-39.059547	455.96893	11.869385
-39.058357	467.42004	11.87915
-39.058945	472.62857	11.888916
-39.057556	466.3685	11.898682
-39.056435	457.84683	11.908447
-39.056847	451.81033	11.918213
-39.056171	454.01932	11.927979
-39.055126	462.97711	11.937744
-39.052906	472.99619	11.94751
-39.052364	476.48013	11.957275
-39.051357	462.39584	11.967041
-39.05014	455.84918	11.976807
-39.049763	451.78705	11.986572
-39.04884	463.50723	11.996338
-39.049038	473.44833	12.006104
-39.047314	474.38342	12.015869
-39.04668	471.76453	12.025635
-39.046341	460.48828	12.0354
-39.045273	455.80884	12.045166
-39.044083	459.3374	12.054932
-39.043839	470.44565	12.064697
-39.043209	482.19672	12.074463
-39.041515	476.0896	12.084229
-39.041656	468.09973	12.093994
-39.041058	456.92535	12.10376
-39.03857	457.96124	12.113525
-39.039356	470.56018	12.123291
-39.037712	476.58893	12.133057
-39.037308	483.34637	12.142822
-39.036007	476.34891	12.152588
-39.035835	464.99573	12.162354
-39.035175	459.91199	12.172119
-39.033615	465.20181	12.181885
-39.033161	478.65033	12.19165
-39.031754	487.55045	12.201416
-39.032391	481.55029	12.211182
-39.030796	468.75818	12.220947
-39.03022	461.72681	12.230713
-39.028194	464.68491	12.240479
-39.028877	476.13632	12.250244
-39.027351	487.1615	12.26001
-39.02668	487.50958	12.269775
-39.026234	479.26996	12.279541
-39.024918	466.76788	12.289307
-39.023891	462.77435	12.299072
-39.022541	474.02136	12.308838
-39.021866	487.03134	12.318604
-39.022854	491.35193	12.328369
-39.02113	483.11902	12.338135
-39.019073	472.33542	12.3479
-39.018612	467.13702	12.357666
-39.018494	470.53195	12.367432
-39.018154	484.82422	12.377197
-39.016846	491.28064	12.386963
-39.017166	490.86316	12.396729
-39.015919	480.99835	12.406494
-39.014492	467.05942	12.41626
-39.014435	471.05646	12.426025
-39.013317	482.25534	12.435791
-39.011452	494.01367	12.445557
-39.0098	493.99149	12.455322
-39.010017	483.1897	12.465088
-39.009727	475.62546	12.474854
-39.009277	473.0051	12.484619
-39.007942	479.66357	12.494385
-39.006084	491.95877	12.50415
-39.005688	497.74863	12.513916
-39.006092	494.70001	12.523682
-39.00404	479.75351	12.533447
-39.004013	473.92728	12.543213
-39.003075	478.54376	12.552979
-39.002373	489.42218	12.562744
-39.001976	499.07446	12.57251
-39.000774	495.19452	12.582275
-38.999435	488.43939	12.592041
-38.999153	479.86478	12.601807
-38.997364	478.30322	12.611572
-38.997311	483.75647	12.621338
-38.996651	496.69897	12.631104
-38.995548	502.1795	12.640869
-38.99456	491.87091	12.650635
-38.993317	484.80295	12.6604
-38.993599	477.99747	12.670166
-38.992489	483.94199	12.679932
-38.990818	496.22516	12.689697
-38.991333	499.53522	12.699463
-38.990101	500.87537	12.709229
-38.989666	491.83142	12.718994
-38.98888	482.61389	12.72876
-38.988976	482.06763	12.738525
-38.98568	489.26682	12.748291
-38.985279	504.0589	12.758057
-38.984909	505.52942	12.767822
-38.983593	498.17426	12.777588
-38.984016	484.582	12.787354
-38.982773	481.79474	12.797119
-38.982487	491.96515	12.806885
-38.981327	499.48996	12.81665
-38.980652	508.78806	12.826416
-38.979088	505.88715	12.836182
-38.979485	493.26669	12.845947
-38.977287	486.41205	12.855713
-38.977013	485.04175	12.865479
-38.97625	498.20496	12.875244
-38.976067	511.02322	12.88501
-38.974514	510.43594	12.894775
-38.974182	498.58707	12.904541
-38.972729	487.96741	12.914307
-38.973717	488.3233	12.924072
-38.971443	496.72916	12.933838
-38.970936	508.63461	12.943604
-38.969467	513.29871	12.953369
-38.969143	507.5159	12.963135
-38.968464	495.01797	12.9729
-38.9674	486.69299	12.982666
-38.966511	493.98511	12.992432
-38.966167	508.35483	13.002197
-38.964684	516.92255	13.011963
-38.964165	510.72913	13.021729
-38.963047	498.80136	13.031494
-38.961945	492.23068	13.04126
-38.961334	492.05658	13.051025
-38.959522	504.81433	13.060791
-38.960827	513.05023	13.070557
-38.959732	516.40125	13.080322
-38.959351	511.01242	13.090088
-38.956455	493.96039	13.099854
-38.957035	493.31201	13.109619
-38.956589	501.1207	13.119385
-38.954323	513.74377	13.12915
-38.955227	521.36267	13.138916
-38.952991	510.67847	13.148682
-38.951324	503.93051	13.158447
-38.952637	497.61771	13.168213
-38.951557	498.68457	13.177979
-38.949238	509.53101	13.187744
-38.949883	516.97992	13.19751
-38.948154	519.92163	13.207275
-38.947342	509.00232	13.217041
-38.946941	500.7872	13.226807
-38.946774	498.98865	13.236572
-38.945576	506.26373	13.246338
-38.944374	517.87927	13.256104
-38.944263	520.27905	13.265869
-38.942379	516.06165	13.275635
-38.942638	507.67087	13.2854
-38.941078	502.05682	13.295166
-38.940292	501.90048	13.304932
-38.939919	510.52975	13.314697
-38.939117	523.66187	13.324463
-38.939106	522.65991	13.334229
-38.936577	514.71661	13.343994
-38.935738	502.43753	13.35376
-38.937183	502.69061	13.363525
-38.935425	511.39075	13.373291
-38.933849	519.65179	13.383057
-38.932903	526.93231	13.392822
-38.932682	519.76306	13.402588
-38.932297	511.7619	13.412354
-38.930916	503.39563	13.422119
-38.930866	503.69327	13.431885
-38.929539	520.47528	13.44165
-38.929096	527.67743	13.451416
-38.927864	525.98901	13.461182
-38.927971	515.55035	13.470947
-38.926472	504.79495	13.480713
-38.923969	508.43262	13.490479
-38.924217	514.21112	13.500244
-38.923855	526.65985	13.51001
-38.921818	530.14374	13.519775
-38.921654	522.13708	13.529541
-38.920856	513.10352	13.539307
-38.919777	505.17453	13.549072
-38.920254	513.05927	13.558838
-38.919437	526.93658	13.568604
-38.918549	532.73193	13.578369
-38.916409	528.89618	13.588135
-38.916153	516.22833	13.5979
-38.914711	510.30743	13.607666
-38.913792	512.69647	13.617432
-38.913471	523.42938	13.627197
-38.913055	532.73071	13.636963
-38.912148	534.5365	13.646729
-38.909634	525.30768	13.656494
-38.909866	511.17563	13.66626
-38.909794	511.57309	13.676025
-38.908337	519.99658	13.685791
-38.908005	533.26428	13.695557
-38.906643	535.21375	13.705322
-38.905579	528.2868	13.715088
-38.905857	518.26776	13.724854
-38.905071	513.45294	13.734619
-38.904358	517.80957	13.744385
-38.902924	528.97992	13.75415
-38.902042	535.54645	13.763916
-38.900589	536.77594	13.773682
-38.900337	522.9209	13.783447
-38.899147	518.17957	13.793213
-38.900146	514.76385	13.802979
-38.896469	525.60022	13.812744
-38.897133	537.42719	13.82251
-38.896042	536.26813	13.832275
-38.896694	532.32574	13.842041
-38.895428	521.82507	13.851807
-38.89344	515.87506	13.861572
-38.892574	522.13831	13.871338
-38.892479	531.98505	13.881104
-38.891747	544.06207	13.890869
-38.891563	537.26654	13.900635
-38.890572	527.42322	13.9104
-38.889008	517.72516	13.920166
-38.888752	520.75507	13.929932
-38.886456	532.31543	13.939697
-38.885998	540.85364	13.949463
-38.884655	541.49487	13.959229
-38.884968	535.07935	13.968994
-38.88464	523.33545	13.97876
-38.883625	519.3996	13.988525
-38.883404	524.35284	13.998291
-38.881355	539.13416	14.008057
-38.88158	546.18799	14.017822
-38.880016	540.58936	14.027588
-38.878712	527.43878	14.037354
-38.878719	519.12408	14.047119
-38.87751	526.21887	14.056885
-38.877323	535.10803	14.06665
-38.876125	546.29425	14.076416
-38.874886	543.27551	14.086182
-38.874493	535.6001	14.095947
-38.875584	523.66235	14.105713
-38.873932	519.77228	14.115479
-38.871933	533.64734	14.125244
-38.871998	546.90466	14.13501
-38.869614	548.36017	14.144775
-38.870033	540.33069	14.154541
-38.868282	524.97266	14.164307
-38.868946	525.52209	14.174072
-38.867798	529.09589	14.183838
-38.865589	541.61188	14.193604
-38.865765	550.26917	14.203369
-38.865116	544.73181	14.213135
-38.863503	536.99921	14.2229
-38.86322	523.58374	14.232666
-38.862534	528.87714	14.242432
-38.86198	540.93121	14.252197
-38.859158	550.74219	14.261963
-38.860649	549.82727	14.271729
-38.858467	538.51996	14.281494
-38.857906	529.17096	14.29126
-38.85672	530.48108	14.301025
-38.856438	535.34088	14.310791
-38.855522	546.2149	14.320557
-38.855114	552.7312	14.330322
-38.854225	546.69897	14.340088
-38.853699	534.01477	14.349854
-38.852829	528.98718	14.359619
-38.852131	531.36108	14.369385
-38.851814	546.19202	14.37915
-38.850266	554.31592	14.388916
-38.849342	549.04224	14.398682
-38.847595	541.37543	14.408447
-38.846752	532.6449	14.418213
-38.846664	534.03943	14.427979
-38.845917	540.06396	14.437744
-38.843582	549.92297	14.44751
-38.843357	555.42297	14.457275
-38.843647	545.28125	14.467041
-38.841751	536.52393	14.476807
-38.842403	528.77606	14.486572
-38.841064	536.75824	14.496338
-38.841419	551.73193	14.506104
-38.839592	552.57153	14.515869
-38.839638	552.89172	14.525635
-38.837234	543.55103	14.5354
-38.8368	532.69757	14.545166
-38.836445	534.7738	14.554932
-38.835495	541.62219	14.564697
-38.834606	555.41498	14.574463
-38.83392	558.17188	14.584229
-38.832344	547.29529	14.593994
-38.832539	536.75269	14.60376
-38.830986	533.06891	14.613525
-38.829868	543.32562	14.623291
-38.829304	553.27844	14.633057
-38.829285	558.79962	14.642822
-38.828449	553.84918	14.652588
-38.826878	542.52106	14.662354
-38.825436	534.29736	14.672119
-38.825577	535.02625	14.681885
-38.824886	550.29303	14.69165
-38.825073	560.94879	14.701416
-38.823879	558.60742	14.711182
-38.822708	546.56604	14.720947
-38.822647	535.35791	14.730713
-38.820713	537.38245	14.740479
-38.819054	545.46222	14.750244
-38.818317	558.05255	14.76001
-38.818302	560.09052	14.769775
-38.817188	554.78558	14.779541
-38.816967	542.91522	14.789307
-38.816185	532.31976	14.799072
-38.815151	543.966	14.808838
-38.815014	557.06366	14.818604
-38.812855	562.93079	14.828369
-38.812706	558.13464	14.838135
-38.812813	542.85913	14.8479
-38.81036	538.31598	14.857666
-38.809662	541.73102	14.867432
-38.80946	551.19305	14.877197
-38.809074	561.54059	14.886963
-38.807644	560.55066	14.896729
-38.805317	553.89471	14.906494
-38.805874	539.08868	14.91626
-38.80545	539.51135	14.926025
-38.805202	548.15717	14.935791
-38.804993	559.74677	14.945557
-38.802494	564.8938	14.955322
-38.801632	555.43939	14.965088
-38.800278	544.8869	14.974854
-38.80088	541.39917	14.984619
-38.800304	544.74707	14.994385
-38.79837	553.672	15.00415
-38.797356	562.89563	15.013916
-38.796673	562.62665	15.023682
-38.79744	550.5224	15.033447
-38.795639	543.51062	15.043213
-38.793629	540.56488	15.052979
-38.793102	552.16705	15.062744
-38.793533	562.4007	15.07251
-38.791447	563.05219	15.082275
-38.790871	556.83453	15.092041
-38.790741	545.9328	15.101807
-38.789421	541.92377	15.111572
-38.788387	546.69666	15.121338
-38.788479	555.28259	15.131104
-38.787846	567.01465	15.140869
-38.78614	561.79431	15.150635
-38.78447	551.65753	15.1604
-38.785191	541.59247	15.170166
-38.784325	542.8515	15.179932
-38.78289	556.52734	15.189697
-38.782246	563.29388	15.199463
-38.781475	567.42529	15.209229
-38.780025	556.4613	15.218994
-38.780289	544.6825	15.22876
-38.77948	543.66943	15.238525
-38.777313	547.41766	15.248291
-38.777878	562.56274	15.258057
-38.776299	569.22406	15.267822
-38.776421	562.31616	15.277588
-38.774734	550.74347	15.287354
-38.775032	539.55029	15.297119
-38.772743	546.85657	15.306885
-38.773312	558.71497	15.31665
-38.772114	568.28094	15.326416
-38.770428	566.47583	15.336182
-38.769726	555.08746	15.345947
-38.768303	544.32593	15.355713
-38.768841	541.73895	15.365479
-38.768112	553.49359	15.375244
-38.767517	567.12463	15.38501
-38.766788	570.09528	15.394775
-38.76548	558.73035	15.404541
-38.765778	546.36847	15.414307
-38.764133	544.46973	15.424072
-38.763535	550.16925	15.433838
-38.763477	562.41736	15.443604
-38.76144	568.69867	15.453369
-38.759987	564.96808	15.463135
-38.760143	555.81567	15.4729
-38.758503	543.39948	15.482666
-38.758202	548.53308	15.492432
-38.756557	558.85742	15.502197
-38.756161	568.38013	15.511963
-38.755032	569.64954	15.521729
-38.755165	555.9574	15.531494
-38.754368	548.8338	15.54126
-38.753479	545.60815	15.551025
-38.752945	553.80853	15.560791
-38.750954	565.63971	15.570557
-38.752396	566.96362	15.580322
-38.751312	565.2984	15.590088
-38.749725	552.1806	15.599854
-38.748077	544.42413	15.609619
-38.746933	549.70197	15.619385
-38.746277	562.42419	15.62915
-38.745766	570.53839	15.638916
-38.744934	565.36755	15.648682
-38.743004	556.46167	15.658447
-38.74279	549.82495	15.668213
-38.74239	547.43951	15.677979
-38.742237	554.96063	15.687744
-38.740913	566.39703	15.69751
-38.739517	569.33289	15.707275
-38.739445	563.14722	15.717041
-38.738785	552.67596	15.726807
-38.738239	544.10754	15.736572
-38.737446	551.45856	15.746338
-38.73597	564.33875	15.756104
-38.735268	568.72742	15.765869
-38.733669	568.39758	15.775635
-38.733349	555.35571	15.7854
-38.733196	548.78381	15.795166
-38.73151	548.55054	15.804932
-38.731503	556.31537	15.814697
-38.729794	570.2981	15.824463
-38.729179	570.75928	15.834229
-38.728256	561.81519	15.843994
-38.727993	547.97821	15.85376
-38.727135	544.1322	15.863525
-38.726471	555.63403	15.873291
-38.725525	565.42743	15.883057
-38.723862	571.81659	15.892822
-38.724171	565.17542	15.902588
-38.723526	551.77332	15.912354
-38.72163	548.41864	15.922119
-38.721756	546.50769	15.931885
-38.7202	561.05664	15.94165
-38.720707	571.48566	15.951416
-38.718475	569.37036	15.961182
-38.716255	557.79132	15.970947
-38.717037	544.16241	15.980713
-38.716194	546.44983	15.990479
-38.714691	557.88831	16.000244
-38.714725	566.54852	16.01001
-38.713581	570.4455	16.019775
-38.713783	562.12103	16.029541
-38.712864	552.02942	16.039307
-38.712086	543.98517	16.049072
-38.710434	552.1571	16.058838
-38.709507	564.46014	16.068604
-38.709679	571.39874	16.078369
-38.708241	565.90918	16.088135
-38.706604	552.68854	16.0979
-38.707546	545.53033	16.107666
-38.70496	548.45746	16.117432
-38.70578	561.32861	16.127197
-38.703732	568.03015	16.136963
-38.703403	566.67682	16.146729
-38.703293	562.1283	16.156494
-38.701355	546.82239	16.16626
-38.700542	546.82434	16.176025
-38.70013	553.17889	16.185791
-38.6996	566.79779	16.195557
-38.697304	571.53729	16.205322
-38.698021	560.28168	16.215088
-38.69722	553.57635	16.224854
-38.696239	546.85559	16.234619
-38.696468	550.30426	16.244385
-38.69511	561.11877	16.25415
-38.693996	566.78229	16.263916
-38.692909	567.55188	16.273682
-38.691765	557.93304	16.283447
-38.691116	546.26251	16.293213
-38.689671	545.01111	16.302979
-38.689766	554.71606	16.312744
-38.689575	568.29248	16.32251
-38.687412	566.79407	16.332275
-38.686951	561.80365	16.342041
-38.687614	550.59058	16.351807
-38.686035	545.08453	16.361572
-38.685013	551.00055	16.371338
-38.683685	560.24243	16.381104
-38.683369	568.92542	16.390869
-38.681938	565.82153	16.400635
-38.681381	553.60193	16.4104
-38.681339	542.79034	16.420166
-38.680359	545.34088	16.429932
-38.678238	558.2384	16.439697
-38.67857	565.83661	16.449463
-38.677219	567.54663	16.459229
-38.677017	557.60901	16.468994
-38.675507	547.8736	16.47876
-38.675587	545.14783	16.488525
-38.675201	547.70361	16.498291
-38.671898	564.58264	16.508057
-38.673	570.49463	16.517822
-38.671581	564.03992	16.527588
-38.670834	550.05908	16.537354
-38.670368	539.69128	16.547119
-38.668423	547.43414	16.556885
-38.668324	560.84802	16.56665
-38.667027	568.83142	16.576416
-38.666943	565.5564	16.586182
-38.665974	553.72906	16.595947
-38.665283	546.40057	16.605713
-38.665447	540.422	16.615479
-38.663723	554.47437	16.625244
-38.662289	566.09991	16.63501
-38.6614	568.15588	16.644775
-38.660912	560.72748	16.654541
-38.660637	544.69763	16.664307
-38.65937	541.99799	16.674072
-38.658428	550.51227	16.683838
-38.657726	560.49286	16.693604
-38.656845	566.81219	16.703369
-38.656937	561.81915	16.713135
-38.655373	551.92944	16.7229
-38.654972	541.15588	16.732666
-38.654068	545.31079	16.742432
-38.651409	554.92407	16.752197
-38.651173	567.82654	16.761963
-38.651478	567.12482	16.771729
-38.651245	553.78986	16.781494
-38.649006	544.22388	16.79126
-38.649216	541.66962	16.801025
-38.648472	550.14209	16.810791
-38.64822	562.26563	16.820557
-38.646164	564.43695	16.830322
-38.645313	561.7771	16.840088
-38.644115	547.38428	16.849854
-38.644478	542.31195	16.859619
-38.643917	544.52319	16.869385
-38.64225	556.86597	16.87915
-38.641434	568.45251	16.888916
-38.642075	562.11096	16.898682
-38.638577	553.37854	16.908447
-38.638977	542.71002	16.918213
-38.637817	543.18695	16.927979
-38.636623	553.08429	16.937744
-38.637459	559.67249	16.94751
-38.635136	567.06543	16.957275
-38.634472	559.79047	16.967041
-38.63451	546.05579	16.976807
-38.633572	540.97461	16.986572
-38.633118	544.45581	16.996338
-38.631496	559.72473	17.006104
-38.630638	564.49158	17.015869
-38.629517	561.64258	17.025635
-38.628868	549.70795	17.0354
-38.629105	540.86975	17.045166
-38.627785	541.75598	17.054932
-38.626659	550.88129	17.064697
-38.626278	563.12183	17.074463
-38.624992	565.07147	17.084229
-38.623798	554.49896	17.093994
-38.622597	541.26917	17.10376
-38.62191	536.66547	17.113525
-38.621094	547.53815	17.123291
-38.621387	560.21021	17.133057
-38.619507	564.27002	17.142822
-38.620693	556.73291	17.152588
-38.61964	544.83112	17.162354
-38.618198	539.76941	17.172119
-38.616302	540.17523	17.181885
-38.615814	557.11395	17.19165
-38.615608	563.72632	17.201416
-38.614395	562.49005	17.211182
-38.6138	551.66443	17.220947
-38.612934	537.42041	17.230713
-38.612789	539.10693	17.240479
-38.611755	551.76031	17.250244
-38.611076	562.46826	17.26001
-38.609764	564.17957	17.269775
-38.608189	553.08154	17.279541
-38.609142	544.7915	17.289307
-38.608223	537.69116	17.299072
-38.606243	545.65308	17.308838
-38.605927	557.11914	17.318604
-38.60574	563.4494	17.328369
-38.60434	560.09772	17.338135
-38.603195	545.42566	17.3479
-38.602688	537.70099	17.357666
-38.60043	543.354	17.367432
-38.600838	551.61621	17.377197
-38.599915	560.63361	17.386963
-38.599415	559.73389	17.396729
-38.598339	552.71741	17.406494
-38.59613	542.52527	17.41626
-38.597595	538.11267	17.426025
-38.595341	544.34583	17.435791
-38.594742	558.59357	17.445557
-38.592262	563.1217	17.455322
-38.593418	554.45532	17.465088
-38.592197	544.05219	17.474854
-38.592419	538.84161	17.484619
-38.59161	543.20148	17.494385
-38.589474	554.43561	17.50415
-38.588833	559.17279	17.513916
-38.589138	560.10455	17.523682
-38.5877	549.13019	17.533447
-38.586296	540.02222	17.543213
-38.586807	536.92456	17.552979
-38.58556	545.23846	17.562744
-38.584549	559.72992	17.57251
-38.584351	559.21741	17.582275
-38.583015	553.909	17.592041
-38.580986	541.74878	17.601807
-38.581192	536.66888	17.611572
-38.580887	543.32446	17.621338
-38.580082	550.66205	17.631104
-38.578777	561.6535	17.640869
-38.578331	557.15985	17.650635
-38.577129	545.37354	17.6604
-38.576363	535.3067	17.670166
-38.575863	535.01074	17.679932
-38.575958	548.98895	17.689697
-38.575169	559.80402	17.699463
-38.572269	558.60004	17.709229
-38.572903	549.52173	17.718994
-38.572182	536.76477	17.72876
-38.569935	535.54938	17.738525
-38.570396	541.42053	17.748291
-38.568352	554.64679	17.758057
-38.567795	561.84576	17.767822
-38.567455	555.11243	17.777588
-38.566166	539.94159	17.787354
-38.565403	532.34558	17.797119
-38.565086	537.34253	17.806885
-38.563866	552.78357	17.81665
-38.563694	559.21948	17.826416
-38.562408	555.79968	17.836182
-38.560715	544.96686	17.845947
-38.562366	536.32324	17.855713
-38.560902	532.86115	17.865479
-38.559418	547.51166	17.875244
-38.558132	557.23212	17.88501
-38.557594	561.26147	17.894775
-38.557407	551.43732	17.904541
-38.555908	535.45947	17.914307
-38.554493	533.32562	17.924072
-38.553486	542.19714	17.933838
-38.553841	552.93677	17.943604
-38.553326	557.763	17.953369
-38.552677	551.26489	17.963135
-38.552544	543.65436	17.9729
-38.551411	535.05762	17.982666
-38.549973	535.62244	17.992432
-38.548267	547.68323	18.002197
-38.548588	557.32288	18.011963
-38.546806	559.21576	18.021729
-38.546963	545.60986	18.031494
-38.546082	535.94409	18.04126
-38.543999	535.17645	18.051025
-38.543556	542.25079	18.060791
-38.543297	553.07385	18.070557
-38.541859	556.07153	18.080322
-38.542381	550.19098	18.090088
-38.540527	542.12549	18.099854
-38.539738	533.15649	18.109619
-38.538284	536.06818	18.119385
-38.538342	547.62054	18.12915
-38.535881	558.31488	18.138916
-38.536503	554.32324	18.148682
-38.536053	544.6452	18.158447
-38.534611	532.83673	18.168213
-38.534634	534.44556	18.177979
-38.533337	544.5451	18.187744
-38.533119	551.39661	18.19751
-38.531441	558.51917	18.207275
-38.530602	549.13251	18.217041
-38.530003	539.49756	18.226807
-38.529018	531.11505	18.236572
-38.52713	536.4408	18.246338
-38.527031	551.59167	18.256104
-38.526939	557.15643	18.265869
-38.526485	554.91595	18.275635
-38.525356	541.56738	18.2854
-38.524467	531.01984	18.295166
-38.52433	536.01984	18.304932
-38.522816	542.82666	18.314697
-38.52216	555.49139	18.324463
-38.521008	557.56219	18.334229
-38.519646	545.1626	18.343994
-38.519173	534.54492	18.35376
-38.51881	528.23297	18.363525
-38.516933	539.52039	18.373291
-38.517548	553.92676	18.383057
-38.51498	556.18317	18.392822
-38.515762	549.48566	18.402588
-38.514603	537.20117	18.412354
-38.514225	530.96381	18.422119
-38.51268	533.19482	18.431885
-38.511307	547.32794	18.44165
-38.511749	556.29767	18.451416
-38.510376	553.73303	18.461182
-38.508396	543.32623	18.470947
-38.508595	528.90997	18.480713
-38.509071	532.02631	18.490479
-38.506912	541.56342	18.500244
-38.506653	554.51227	18.51001
-38.506287	555.07538	18.519775
-38.505291	545.12036	18.529541
-38.504215	535.95056	18.539307
-38.50275	529.07532	18.549072
-38.502689	536.80615	18.558838
-38.501648	547.42609	18.568604
-38.501511	555.54663	18.578369
-38.499519	551.28241	18.588135
-38.498734	536.80597	18.5979
-38.498039	531.31268	18.607666
-38.497665	533.65692	18.617432
-38.496777	543.01135	18.627197
-38.496105	554.82428	18.636963
-38.493851	550.10651	18.646729
-38.493752	545.19794	18.656494
-38.492264	534.67548	18.66626
-38.491821	530.6947	18.676025
-38.491516	539.05078	18.685791
-38.490379	548.36133	18.695557
-38.488049	555.06641	18.705322
-38.489582	546.73639	18.715088
-38.487629	537.20764	18.724854
-38.488174	529.91235	18.734619
-38.486202	534.33014	18.744385
-38.486294	546.66962	18.75415
-38.485275	551.18689	18.763916
-38.484089	551.13824	18.773682
-38.48378	542.98987	18.783447
-38.482918	531.71155	18.793213
-38.48214	529.73517	18.802979
-38.481567	538.42242	18.812744
-38.480461	551.20123	18.82251
-38.479401	554.76947	18.832275
-38.478432	545.9447	18.842041
-38.47789	532.40332	18.851807
-38.47673	529.11414	18.861572
-38.47578	535.0752	18.871338
-38.475075	543.08673	18.881104
-38.476006	554.81946	18.890869
-38.473385	549.69965	18.900635
-38.472355	539.3717	18.9104
-38.471619	528.41278	18.920166
-38.471573	528.88354	18.929932
-38.470139	542.05585	18.939697
-38.46941	551.21747	18.949463
-38.469505	553.25299	18.959229
-38.468815	541.89606	18.968994
-38.46711	529.58777	18.97876
-38.466011	529.93109	18.988525
-38.465504	534.77942	18.998291
-38.465347	548.46082	19.008057
-38.463375	554.21869	19.017822
-38.462421	547.36023	19.027588
-38.462749	534.80798	19.037354
-38.462418	522.6615	19.047119
-38.460812	531.81976	19.056885
-38.460342	546.67114	19.06665
-38.458809	553.4707	19.076416
-38.457741	550.55139	19.086182
-38.456631	536.586	19.095947
-38.458385	528.0705	19.105713
-38.455757	529.98254	19.115479
-38.455032	540.69348	19.125244
-38.453491	549.28552	19.13501
-38.452484	552.52246	19.144775
-38.451546	544.66547	19.154541
-38.452286	529.56195	19.164307
-38.45116	527.9939	19.174072
-38.450653	533.28076	19.183838
-38.449638	546.24573	19.193604
-38.448685	551.43982	19.203369
-38.448254	544.42126	19.213135
-38.447426	536.43915	19.2229
-38.446388	527.92908	19.232666
-38.446198	530.1759	19.242432
-38.445091	538.74213	19.252197
-38.444229	548.91742	19.261963
-38.442165	552.84882	19.271729
-38.442238	537.44177	19.281494
-38.441883	530.08502	19.29126
-38.43935	526.5163	19.301025
-38.439407	535.59473	19.310791
-38.438931	546.64905	19.320557
-38.437939	547.78735	19.330322
-38.43708	545.10779	19.340088
-38.435925	534.42163	19.349854
-38.435993	526.84625	19.359619
-38.435638	530.12292	19.369385
-38.434113	539.26764	19.37915
-38.43412	551.25446	19.388916
-38.432289	547.79199	19.398682
-38.430668	537.88043	19.408447
-38.431015	527.81915	19.418213
-38.429981	527.33099	19.427979
-38.428802	538.90845	19.437744
-38.427769	546.01471	19.44751
-38.426521	550.20905	19.457275
-38.426716	544.0506	19.467041
-38.42654	532.80164	19.476807
-38.425213	524.05389	19.486572
-38.425442	530.08154	19.496338
-38.423527	543.79993	19.506104
-38.422485	551.48181	19.515869
-38.421562	547.51324	19.525635
-38.420395	533.02509	19.5354
-38.420708	524.60236	19.545166
-38.420033	527.28766	19.554932
-38.418571	535.27008	19.564697
-38.417847	550.0282	19.574463
-38.416473	548.11902	19.584229
-38.415146	540.49951	19.593994
-38.415443	527.77179	19.60376
-38.413486	521.53699	19.613525
-38.412136	532.79022	19.623291
-38.412273	545.98883	19.633057
-38.411072	550.76978	19.642822
-38.411484	542.45624	19.652588
-38.410553	529.04504	19.662354
-38.410198	524.35107	19.672119
-38.408829	526.9812	19.681885
-38.407501	540.23773	19.69165
-38.407562	548.84082	19.701416
-38.40543	546.52283	19.711182
-38.4048	538.21173	19.720947
-38.405212	523.4411	19.730713
-38.403786	524.6427	19.740479
-38.403347	536.65851	19.750244
-38.402287	547.21893	19.76001
-38.400879	550.15845	19.769775
-38.399933	537.59149	19.779541
-38.399014	529.00214	19.789307
-38.398582	524.68933	19.799072
-38.398277	531.78754	19.808838
-38.397049	541.55103	19.818604
-38.3974	548.0954	19.828369
-38.395607	545.18311	19.838135
-38.394943	530.67224	19.8479
-38.393559	525.65259	19.857666
-38.39307	526.54041	19.867432
-38.391788	539.53235	19.877197
-38.391232	546.52155	19.886963
-38.390621	545.07318	19.896729
-38.39072	538.15985	19.906494
-38.389343	527.26855	19.91626
-38.38755	525.28357	19.926025
-38.387444	530.52435	19.935791
-38.386108	542.25519	19.945557
-38.386021	549.58093	19.955322
-38.384914	542.1084	19.965088
-38.384506	530.92065	19.974854
-38.383671	522.70715	19.984619
-38.382511	527.33887	19.994385
-38.381142	541.51385	20.00415
-38.380486	545.86816	20.013916


Data Header:			0.254_hd_uprint_typeiv_4545_r0			Time:	28.466064	s	4/13/2019 7:12:18 PM
Data Acquisition:	Timed
Station Name:	ft40.cfg
Test File Name:	monotonic_0.2540_typeiv_hd_4545_uprint.tst
Displacement	Force	Running Time
mm	N	s
-38.380024	546.43353	20.023682
-38.379341	535.66864	20.033447
-38.377258	525.45868	20.043213
-38.377712	525.5379	20.052979
-38.377251	530.6568	20.062744
-38.375633	544.27673	20.07251
-38.374897	547.91168	20.082275
-38.374519	538.95703	20.092041
-38.373142	527.87366	20.101807
-38.373135	519.93512	20.111572
-38.371502	530.5993	20.121338
-38.371273	538.63116	20.131104
-38.369476	546.76422	20.140869
-38.370064	544.89838	20.150635
-38.368805	532.54211	20.1604
-38.368259	523.82574	20.170166
-38.367836	521.08228	20.179932
-38.365818	534.35956	20.189697
-38.365807	547.75922	20.199463
-38.363758	548.05597	20.209229
-38.364677	534.66675	20.218994
-38.363602	522.79797	20.22876
-38.361084	523.6098	20.238525
-38.360878	528.86438	20.248291
-38.360115	543.52521	20.258057
-38.359993	545.46198	20.267822
-38.358425	542.74615	20.277588
-38.357304	529.74811	20.287354
-38.357418	518.22882	20.297119
-38.356548	526.92865	20.306885
-38.356644	537.60425	20.31665
-38.354706	547.41943	20.326416
-38.353615	545.04071	20.336182
-38.353664	530.31042	20.345947
-38.352692	523.91614	20.355713
-38.350792	523.34491	20.365479
-38.350224	532.74072	20.375244
-38.349972	545.53436	20.38501
-38.348839	544.07672	20.394775
-38.349033	539.50391	20.404541
-38.348217	524.50116	20.414307
-38.346806	522.09753	20.424072
-38.346745	528.37256	20.433838
-38.345078	539.82947	20.443604
-38.34409	547.7019	20.453369
-38.343288	539.74298	20.463135
-38.34288	530.72754	20.4729
-38.34235	523.25519	20.482666
-38.341171	524.80688	20.492432
-38.339882	534.23578	20.502197
-38.339516	542.34875	20.511963
-38.338203	545.19269	20.521729
-38.338585	535.28699	20.531494
-38.336006	524.11005	20.54126
-38.336948	521.4682	20.551025
-38.334949	529.26837	20.560791
-38.333839	542.95966	20.570557
-38.334087	542.44708	20.580322
-38.332489	540.34125	20.590088
-38.331623	527.61945	20.599854
-38.331043	521.94373	20.609619
-38.330387	524.4101	20.619385
-38.33025	532.79681	20.62915
-38.328186	546.50232	20.638916
-38.32872	544.83075	20.648682
-38.326366	534.58179	20.658447
-38.327477	521.94873	20.668213
-38.32576	519.84442	20.677979
-38.324593	533.03693	20.687744
-38.32444	540.70935	20.69751
-38.323193	546.15009	20.707275
-38.322376	537.72028	20.717041
-38.321033	524.5769	20.726807
-38.320339	522.09656	20.736572
-38.321114	522.05707	20.746338
-38.318691	538.32361	20.756104
-38.317883	548.93127	20.765869
-38.317841	542.79303	20.775635
-38.316841	530.72559	20.7854
-38.315464	519.09631	20.795166
-38.314846	523.58594	20.804932
-38.313824	534.95593	20.814697
-38.313198	544.04346	20.824463
-38.312759	544.39331	20.834229
-38.31089	535.53766	20.843994
-38.310875	524.18524	20.85376
-38.310326	517.43585	20.863525
-38.307858	527.33368	20.873291
-38.308563	541.18402	20.883057
-38.307446	546.41711	20.892822
-38.307278	538.16229	20.902588
-38.306751	524.04596	20.912354
-38.305153	520.00525	20.922119
-38.304848	525.22327	20.931885
-38.303486	537.69049	20.94165
-38.303005	544.34082	20.951416
-38.301983	541.67114	20.961182
-38.300751	532.08173	20.970947
-38.300701	518.5163	20.980713
-38.298668	521.82635	20.990479
-38.297756	530.55347	21.000244
-38.297615	542.67792	21.01001
-38.298409	546.19818	21.019775
-38.296993	531.88617	21.029541
-38.295189	524.83685	21.039307
-38.295204	522.36877	21.049072
-38.293488	526.64227	21.058838
-38.291985	537.99969	21.068604
-38.292461	542.47534	21.078369
-38.291073	540.52893	21.088135
-38.291126	528.87061	21.0979
-38.289368	520.87238	21.107666
-38.289326	522.42566	21.117432
-38.287792	533.27216	21.127197
-38.287277	544.2359	21.136963
-38.286369	540.38116	21.146729
-38.285645	532.86285	21.156494
-38.28537	524.54761	21.16626
-38.283405	521.7583	21.176025
-38.283749	526.95874	21.185791
-38.282608	537.30994	21.195557
-38.281673	544.21112	21.205322
-38.281147	539.13116	21.215088
-38.280281	526.20581	21.224854
-38.279793	517.63123	21.234619
-38.27858	521.63495	21.244385
-38.277493	535.54877	21.25415
-38.27726	541.03259	21.263916
-38.276497	541.27802	21.273682
-38.274849	530.24048	21.283447
-38.27319	521.09314	21.293213
-38.273605	520.4444	21.302979
-38.272511	526.28711	21.312744
-38.270775	541.71356	21.32251
-38.270878	544.68903	21.332275
-38.270157	537.2171	21.342041
-38.268532	523.4942	21.351807
-38.268456	515.86011	21.361572
-38.267895	525.86902	21.371338
-38.267303	535.62982	21.381104
-38.265282	543.7702	21.390869
-38.265526	538.2901	21.400635
-38.264111	528.43921	21.4104
-38.26453	520.5639	21.420166
-38.26366	517.70044	21.429932
-38.262112	531.94275	21.439697
-38.261257	543.69269	21.449463
-38.260403	542.24158	21.459229
-38.259411	534.49561	21.468994
-38.259651	518.64673	21.47876
-38.258442	518.51361	21.488525
-38.256363	528.49084	21.498291
-38.256176	539.42731	21.508057
-38.255524	541.92938	21.517822
-38.255459	535.13	21.527588
-38.253368	525.97046	21.537354
-38.251968	516.57599	21.547119
-38.252617	521.77356	21.556885
-38.252258	534.91125	21.56665
-38.250454	544.42798	21.576416
-38.249832	540.61475	21.586182
-38.250038	526.28992	21.595947
-38.248093	519.50055	21.605713
-38.247707	520.7572	21.615479
-38.246964	530.7738	21.625244
-38.245743	540.07404	21.63501
-38.244614	540.72974	21.644775
-38.243412	534.91113	21.654541
-38.243832	520.84277	21.664307
-38.243389	518.59741	21.674072
-38.241112	523.24231	21.683838
-38.241207	536.26886	21.693604
-38.239174	543.21973	21.703369
-38.238037	534.1814	21.713135
-38.238663	526.24841	21.7229
-38.23774	518.34967	21.732666
-38.236233	521.49371	21.742432
-38.235123	531.64709	21.752197
-38.235535	538.59045	21.761963
-38.233711	542.27808	21.771729
-38.233955	533.0423	21.781494
-38.232784	521.0307	21.79126
-38.231842	518.43127	21.801025
-38.231071	524.7558	21.810791
-38.2304	539.04437	21.820557
-38.230026	541.04572	21.830322
-38.228416	535.67554	21.840088
-38.226643	525.06244	21.849854
-38.226974	517.79974	21.859619
-38.226696	521.08313	21.869385
-38.225414	528.72534	21.87915
-38.223831	540.31696	21.888916
-38.223217	540.96283	21.898682
-38.222588	529.61621	21.908447
-38.222191	517.84912	21.918213
-38.221771	515.74402	21.927979
-38.220627	528.28595	21.937744
-38.219769	538.72699	21.94751
-38.21804	544.68951	21.957275
-38.218716	532.74323	21.967041
-38.218521	523.67413	21.976807
-38.215691	517.89087	21.986572
-38.215725	520.35168	21.996338
-38.215145	535.47717	22.006104
-38.214413	544.08777	22.015869
-38.212906	539.93628	22.025635
-38.211922	527.10132	22.0354
-38.211987	513.65784	22.045166
-38.211128	521.40009	22.054932
-38.209774	531.32031	22.064697
-38.208904	540.48273	22.074463
-38.207943	541.64264	22.084229
-38.208618	530.26721	22.093994
-38.207016	522.44562	22.10376
-38.206032	514.28021	22.113525
-38.20483	525.31244	22.123291
-38.203949	538.64203	22.133057
-38.204216	542.68317	22.142822
-38.20174	537.20032	22.152588
-38.203316	520.03943	22.162354
-38.202446	516.5896	22.172119
-38.198734	523.32306	22.181885
-38.19973	532.71503	22.19165
-38.19838	541.32465	22.201416
-38.198509	537.26361	22.211182
-38.196083	527.74365	22.220947
-38.196247	517.18323	22.230713
-38.195515	517.79889	22.240479
-38.195072	527.56653	22.250244
-38.194042	540.16479	22.26001
-38.193058	541.04755	22.269775
-38.192421	531.43445	22.279541
-38.190926	520.79456	22.289307
-38.190918	516.61292	22.299072
-38.191013	525.64911	22.308838
-38.188255	533.73907	22.318604
-38.188686	539.29871	22.328369
-38.187626	536.76221	22.338135
-38.186226	526.02069	22.3479
-38.184444	518.69604	22.357666
-38.185562	516.91644	22.367432
-38.184486	529.41089	22.377197
-38.183086	541.2583	22.386963
-38.183254	537.43079	22.396729
-38.181385	532.77393	22.406494
-38.18037	519.71283	22.41626
-38.178871	517.08246	22.426025
-38.178284	525.45862	22.435791
-38.178886	534.18353	22.445557
-38.177681	540.92365	22.455322
-38.177208	536.617	22.465088
-38.175735	524.09406	22.474854
-38.175301	516.22968	22.484619
-38.17437	518.87671	22.494385
-38.172981	533.185	22.50415
-38.171646	540.49359	22.513916
-38.172295	538.50488	22.523682
-38.171017	527.78577	22.533447
-38.17004	517.31256	22.543213
-38.170616	517.54205	22.552979
-38.169441	524.72333	22.562744
-38.168076	536.94519	22.57251
-38.165718	542.82465	22.582275
-38.165787	532.99768	22.592041
-38.165154	520.00177	22.601807
-38.164677	514.05853	22.611572
-38.163822	522.771	22.621338
-38.161816	535.02722	22.631104
-38.160789	542.02209	22.640869
-38.161591	535.40857	22.650635
-38.160179	524.66321	22.6604
-38.160015	518.50568	22.670166
-38.158352	514.22247	22.679932
-38.157581	528.57849	22.689697
-38.156582	539.37439	22.699463
-38.156075	539.35602	22.709229
-38.155712	529.66803	22.718994
-38.154011	513.93488	22.72876
-38.152752	515.92322	22.738525
-38.153503	525.32556	22.748291
-38.152027	536.49707	22.758057
-38.152718	540.94537	22.767822
-38.15144	530.59515	22.777588
-38.150673	523.46167	22.787354
-38.149586	515.15753	22.797119
-38.148926	518.8894	22.806885
-38.146442	530.91882	22.81665
-38.14658	539.74237	22.826416
-38.145737	539.51947	22.836182
-38.144604	523.53894	22.845947
-38.145332	515.89447	22.855713
-38.142895	517.66901	22.865479
-38.142151	527.39838	22.875244
-38.141327	537.51495	22.88501
-38.140823	536.86145	22.894775
-38.139271	529.89569	22.904541
-38.138657	520.67657	22.914307
-38.138432	515.23309	22.924072
-38.137375	519.70258	22.933838
-38.136288	532.71667	22.943604
-38.136227	539.31677	22.953369
-38.13393	532.9696	22.963135
-38.135277	526.21472	22.9729
-38.134182	516.65076	22.982666
-38.132938	519.47552	22.992432
-38.132008	529.00836	23.002197
-38.130959	536.32013	23.011963
-38.129517	538.96124	23.021729
-38.129025	529.33081	23.031494
-38.127819	519.11633	23.04126
-38.12862	513.52197	23.051025
-38.126781	520.97668	23.060791
-38.12656	536.78387	23.070557
-38.125195	537.55188	23.080322
-38.124142	534.85339	23.090088
-38.124355	522.93353	23.099854
-38.12233	514.60455	23.109619
-38.121948	521.1629	23.119385
-38.121803	527.33795	23.12915
-38.119549	539.7038	23.138916
-38.119011	539.06567	23.148682
-38.118938	527.31793	23.158447
-38.117676	516.33533	23.168213
-38.116856	513.46191	23.177979
-38.116928	524.81573	23.187744
-38.115368	537.4281	23.19751
-38.114578	540.02155	23.207275
-38.113361	530.93542	23.217041
-38.112495	519.95697	23.226807
-38.112797	516.70172	23.236572
-38.111465	519.33276	23.246338
-38.109829	532.65802	23.256104
-38.110245	541.40717	23.265869
-38.10775	537.54169	23.275635
-38.108356	523.55768	23.2854
-38.107517	511.29877	23.295166
-38.106163	515.72504	23.304932
-38.105301	529.0459	23.314697
-38.104809	540.04468	23.324463
-38.104137	536.70404	23.334229
-38.103363	527.64966	23.343994
-38.101608	517.52167	23.35376
-38.101547	512.25806	23.363525
-38.10099	524.20428	23.373291
-38.100269	534.45093	23.383057
-38.098476	539.84473	23.392822
-38.097843	533.55151	23.402588
-38.09827	517.54211	23.412354
-38.096077	514.81268	23.422119
-38.095146	518.38708	23.431885
-38.095913	531.84027	23.44165
-38.094296	538.57227	23.451416
-38.093704	532.90442	23.461182
-38.09259	527.53674	23.470947
-38.092266	515.95374	23.480713
-38.091595	514.27393	23.490479
-38.089844	525.58575	23.500244
-38.089314	534.46057	23.51001
-38.088055	539.4635	23.519775
-38.088112	529.02631	23.529541
-38.08638	518.02673	23.539307
-38.086308	513.62372	23.549072
-38.0853	520.47058	23.558838
-38.08429	531.90735	23.568604
-38.083447	536.68225	23.578369
-38.081886	531.92798	23.588135
-38.081673	524.30688	23.5979
-38.081364	513.89545	23.607666
-38.080338	515.46368	23.617432
-38.0798	524.98499	23.627197
-38.080456	536.98804	23.636963
-38.077614	535.89178	23.646729
-38.078316	528.71655	23.656494
-38.076962	514.72723	23.66626
-38.076847	514.72986	23.676025
-38.075714	522.7959	23.685791
-38.073719	531.22644	23.695557
-38.073643	538.18842	23.705322
-38.072849	532.59839	23.715088
-38.071434	520.34857	23.724854
-38.070385	512.69666	23.734619
-38.068829	513.67743	23.744385
-38.069279	529.68298	23.75415
-38.06744	536.83038	23.763916
-38.067955	536.07446	23.773682
-38.066631	524.46112	23.783447
-38.065727	513.49438	23.793213
-38.065033	515.41644	23.802979
-38.063747	520.36206	23.812744
-38.064209	535.17615	23.82251
-38.063313	539.54742	23.832275
-38.06184	530.69568	23.842041
-38.061314	520.20477	23.851807
-38.059685	510.33084	23.861572
-38.058678	518.58759	23.871338
-38.058777	532.66504	23.881104
-38.058132	540.02423	23.890869
-38.056313	533.28101	23.900635
-38.056263	521.75836	23.9104
-38.054665	513.93463	23.920166
-38.054714	514.04187	23.929932
-38.053902	528.3205	23.939697
-38.052139	535.6662	23.949463
-38.052731	536.64221	23.959229
-38.051239	527.87036	23.968994
-38.050312	512.60291	23.97876
-38.049248	512.53967	23.988525
-38.048702	521.18829	23.998291
-38.04929	534.09705	24.008057
-38.047092	535.70532	24.017822
-38.046494	527.94135	24.027588
-38.046574	520.01105	24.037354
-38.045067	513.00665	24.047119
-38.043961	516.41064	24.056885
-38.043339	527.88782	24.06665
-38.042194	536.93689	24.076416
-38.043087	537.44714	24.086182
-38.040562	520.69501	24.095947
-38.039883	513.36517	24.105713
-38.038792	514.61145	24.115479
-38.037384	523.61865	24.125244
-38.037605	534.7854	24.13501
-38.036854	532.32019	24.144775
-38.035828	529.49603	24.154541
-38.033886	518.32001	24.164307
-38.034252	512.66351	24.174072
-38.033417	518.45435	24.183838
-38.032333	527.91687	24.193604
-38.032364	539.17847	24.203369
-38.031738	531.48279	24.213135
-38.029976	520.95862	24.2229
-38.029095	512.41644	24.232666
-38.029293	515.95966	24.242432
-38.027332	525.86877	24.252197
-38.027023	533.07727	24.261963
-38.026299	533.90057	24.271729
-38.02478	528.88586	24.281494
-38.024597	515.0686	24.29126
-38.023216	510.62375	24.301025
-38.02235	518.51019	24.310791
-38.021679	531.68628	24.320557
-38.02235	537.06244	24.330322
-38.019749	532.16772	24.340088
-38.019314	517.18665	24.349854
-38.017956	512.60504	24.359619
-38.017284	516.76379	24.369385
-38.016186	526.04083	24.37915
-38.015987	535.68347	24.388916
-38.014896	534.36969	24.398682
-38.015533	524.93304	24.408447
-38.013721	513.20764	24.418213
-38.011734	509.25058	24.427979
-38.012024	523.06018	24.437744
-38.012356	533.96515	24.44751
-38.010483	537.78986	24.457275
-38.009602	526.33228	24.467041
-38.010124	514.3291	24.476807
-38.007774	512.87939	24.486572
-38.007141	515.96198	24.496338
-38.006741	530.57312	24.506104
-38.005032	537.77838	24.515869
-38.005295	530.9668	24.525635
-38.005489	520.79175	24.5354
-38.00301	509.55414	24.545166
-38.002399	513.21161	24.554932
-38.002415	525.92938	24.564697
-38.001049	535.56104	24.574463
-38.000679	534.91608	24.584229
-37.999046	523.04443	24.593994
-37.998547	514.599	24.60376
-37.998779	511.93237	24.613525
-37.996502	519.61865	24.623291
-37.995506	532.13959	24.633057
-37.995316	535.95135	24.642822
-37.994926	530.61292	24.652588
-37.994225	516.96832	24.662354
-37.993004	510.99509	24.672119
-37.993427	516.11993	24.681885
-37.991737	527.51471	24.69165
-37.990379	534.50391	24.701416
-37.989792	530.44519	24.711182
-37.987682	522.26691	24.720947
-37.987621	513.4035	24.730713
-37.987522	513.38928	24.740479
-37.986237	521.52716	24.750244
-37.9846	531.07941	24.76001
-37.98476	538.526	24.769775
-37.982471	524.51318	24.779541
-37.983612	517.02625	24.789307
-37.981926	509.98068	24.799072
-37.980801	517.95081	24.808838
-37.980434	529.1521	24.818604
-37.979248	532.18915	24.828369
-37.97842	531.10284	24.838135
-37.979095	521.38812	24.8479
-37.977325	510.1362	24.857666
-37.97718	512.22571	24.867432
-37.976086	520.09821	24.877197
-37.974899	535.06537	24.886963
-37.973618	534.99774	24.896729
-37.972893	524.60181	24.906494
-37.970863	513.76489	24.91626
-37.972225	509.4827	24.926025
-37.97134	519.86798	24.935791
-37.970081	528.25848	24.945557
-37.969776	534.66461	24.955322
-37.967541	530.70129	24.965088
-37.967014	519.3595	24.974854
-37.965775	509.31744	24.984619
-37.965775	511.27487	24.994385
-37.964516	525.31641	25.00415
-37.964195	536.79504	25.013916
-37.962452	532.97705	25.023682
-37.963055	520.55328	25.033447
-37.961704	511.12671	25.043213
-37.960552	511.92874	25.052979
-37.960499	520.30566	25.062744
-37.958511	532.86157	25.07251
-37.958466	534.44391	25.082275
-37.957745	527.43378	25.092041
-37.957573	515.88495	25.101807
-37.955448	507.26068	25.111572
-37.95425	516.12604	25.121338
-37.954124	529.41943	25.131104
-37.953316	536.0025	25.140869
-37.951889	531.92017	25.150635
-37.951675	516.37848	25.1604
-37.950344	512.81775	25.170166
-37.950348	512.70599	25.179932
-37.950424	522.94293	25.189697
-37.948051	533.10956	25.199463
-37.94854	532.46387	25.209229
-37.947571	525.98309	25.218994
-37.947403	510.1987	25.22876
-37.945831	509.63855	25.238525
-37.943962	519.58313	25.248291
-37.944065	530.15155	25.258057
-37.942547	535.56665	25.267822
-37.942387	524.7749	25.277588
-37.940586	515.15936	25.287354
-37.939713	509.97238	25.297119
-37.93969	514.76776	25.306885
-37.938816	523.73871	25.31665
-37.938171	533.09979	25.326416
-37.937408	532.95367	25.336182
-37.937031	519.37048	25.345947
-37.936256	510.94275	25.355713
-37.93475	510.64301	25.365479
-37.934349	522.3681	25.375244
-37.932487	531.08923	25.38501
-37.932053	532.03949	25.394775
-37.931583	525.48792	25.404541
-37.929955	515.11853	25.414307
-37.930283	511.45966	25.424072
-37.928982	513.20807	25.433838
-37.928276	524.4494	25.443604
-37.929474	535.0459	25.453369
-37.926159	529.4787	25.463135
-37.926334	519.53094	25.4729
-37.925568	508.31198	25.482666
-37.924236	510.28192	25.492432
-37.923565	523.34857	25.502197
-37.923069	528.85553	25.511963
-37.922344	532.40161	25.521729
-37.920727	523.11578	25.531494
-37.919949	513.28357	25.54126
-37.919445	509.9209	25.551025
-37.920063	513.55817	25.560791
-37.917534	528.24103	25.570557
-37.916981	535.39203	25.580322
-37.915794	527.47192	25.590088
-37.914848	514.65601	25.599854
-37.913258	506.61188	25.609619
-37.913944	515.5022	25.619385
-37.91227	522.76581	25.62915
-37.911907	533.66241	25.638916
-37.910751	533.26929	25.648682
-37.91016	520.70508	25.658447
-37.909451	509.93536	25.668213
-37.907597	506.92438	25.677979
-37.90794	517.84595	25.687744
-37.907497	531.20276	25.69751
-37.905479	533.84955	25.707275
-37.905224	523.0224	25.717041
-37.904232	511.53851	25.726807
-37.904682	508.70602	25.736572
-37.902962	513.35736	25.746338
-37.901253	526.21783	25.756104
-37.90065	531.86371	25.765869
-37.900703	529.01074	25.775635
-37.900318	518.42029	25.7854
-37.899998	504.99927	25.795166
-37.897614	511.41702	25.804932
-37.89576	521.00433	25.814697
-37.895958	532.86859	25.824463
-37.895847	531.03479	25.834229
-37.895527	518.21558	25.843994
-37.893887	511.44522	25.85376
-37.893112	508.08121	25.863525
-37.892906	516.56018	25.873291
-37.892315	527.28503	25.883057
-37.890396	529.07495	25.892822
-37.89061	526.25012	25.902588
-37.889473	510.93542	25.912354
-37.88789	507.44479	25.922119
-37.887619	511.68674	25.931885
-37.885513	522.83136	25.94165
-37.886826	532.6889	25.951416
-37.885426	526.95447	25.961182
-37.883442	516.6745	25.970947
-37.883568	508.5675	25.980713
-37.882969	506.11835	25.990479
-37.882687	516.41534	26.000244
-37.880829	524.8186	26.01001
-37.879757	531.14441	26.019775
-37.879875	523.69385	26.029541
-37.878315	510.60956	26.039307
-37.878445	505.33389	26.049072
-37.876896	512.56268	26.058838
-37.876396	523.90063	26.068604
-37.876106	527.4101	26.078369
-37.874905	525.90283	26.088135
-37.873672	514.13202	26.0979
-37.873215	507.2251	26.107666
-37.872147	505.50092	26.117432
-37.870621	514.47668	26.127197
-37.869896	528.11365	26.136963
-37.87064	527.25793	26.146729
-37.869156	518.38977	26.156494
-37.86784	504.4278	26.16626
-37.866909	500.20663	26.176025
-37.867867	511.70731	26.185791
-37.864742	519.14221	26.195557
-37.864079	527.21381	26.205322
-37.865112	519.13922	26.215088
-37.863586	508.91208	26.224854
-37.862682	501.44016	26.234619
-37.862183	501.00421	26.244385
-37.861225	515.25	26.25415
-37.860226	526.16827	26.263916
-37.858742	522.38763	26.273682
-37.856575	510.58609	26.283447
-37.857376	496.50372	26.293213
-37.85622	499.04083	26.302979
-37.855907	509.26221	26.312744
-37.853584	519.56256	26.32251
-37.853355	520.50378	26.332275
-37.853477	512.94867	26.342041
-37.853531	501.50662	26.351807
-37.851322	493.38004	26.361572
-37.850761	501.63043	26.371338
-37.850338	514.13843	26.381104
-37.850204	520.32849	26.390869
-37.848442	513.19196	26.400635
-37.847263	499.79114	26.4104
-37.846817	492.91644	26.420166
-37.845043	494.87357	26.429932
-37.844112	506.59393	26.439697
-37.843529	514.72882	26.449463
-37.843521	512.85815	26.459229
-37.841892	504.29355	26.468994
-37.84185	487.70743	26.47876
-37.841026	489.58621	26.488525
-37.840317	496.04657	26.498291
-37.840462	509.17642	26.508057
-37.838184	510.48892	26.517822
-37.837379	499.92398	26.527588
-37.835365	490.99979	26.537354
-37.83773	482.95526	26.547119
-37.835896	486.23215	26.556885
-37.835102	495.8548	26.56665
-37.83287	499.70859	26.576416
-37.832153	500.46497	26.586182
-37.832062	486.84521	26.595947
-37.831394	475.63361	26.605713
-37.831497	473.16092	26.615479
-37.829502	480.95004	26.625244
-37.828987	490.09036	26.63501
-37.827229	487.61731	26.644775
-37.822765	-152.37585	26.654541
-37.822948	-17.306202	26.664307
-37.822807	-56.275631	26.674072
-37.823376	-43.462044	26.683838
-37.822117	-39.11417	26.693604
-37.822777	-28.470474	26.703369
-37.820114	-33.65979	26.713135
-37.8209	-46.32077	26.7229
-37.819305	-55.951225	26.732666
-37.818565	-53.622734	26.742432
-37.818596	-38.503944	26.752197
-37.816135	-32.986492	26.761963
-37.815922	-31.281448	26.771729
-37.815849	-41.80566	26.781494
-37.815979	-51.350281	26.79126
-37.81506	-53.318687	26.801025
-37.812958	-47.939003	26.810791
-37.813206	-34.363434	26.820557
-37.810955	-30.048189	26.830322
-37.812126	-35.562763	26.840088
-37.81002	-49.370968	26.849854
-37.809803	-56.349953	26.859619
-37.808788	-48.304886	26.869385
-37.807884	-38.25732	26.87915
-37.80756	-28.300859	26.888916
-37.8064	-34.612782	26.898682
-37.805782	-46.168526	26.908447
-37.805145	-52.553307	26.918213
-37.803349	-53.98489	26.927979
-37.802719	-41.555988	26.937744
-37.802773	-30.966436	26.94751
-37.801022	-31.308596	26.957275
-37.799927	-41.170837	26.967041
-37.801228	-52.838348	26.976807
-37.799484	-53.328362	26.986572
-37.798073	-44.265518	26.996338
-37.79763	-34.221573	27.006104
-37.796715	-30.965288	27.015869
-37.795448	-38.945251	27.025635
-37.794876	-47.852325	27.0354
-37.794819	-55.01004	27.045166
-37.793411	-49.019154	27.054932
-37.792194	-36.873802	27.064697
-37.792866	-29.275986	27.074463
-37.790146	-33.563442	27.084229
-37.789845	-47.167679	27.093994
-37.789536	-52.684765	27.10376
-37.788166	-50.401169	27.113525
-37.787708	-41.915379	27.123291
-37.786453	-34.616837	27.133057
-37.785706	-32.725956	27.142822
-37.786148	-38.193687	27.152588
-37.784565	-51.194576	27.162354
-37.78421	-52.139885	27.172119
-37.782169	-47.749969	27.181885
-37.782673	-35.863018	27.19165
-37.780788	-29.99824	27.201416
-37.780487	-38.575211	27.211182
-37.78088	-44.860321	27.220947
-37.778236	-51.637981	27.230713
-37.778194	-50.083092	27.240479
-37.777794	-40.485424	27.250244
-37.776428	-35.595531	27.26001
-37.775772	-32.228374	27.269775
-37.775375	-42.09618	27.279541
-37.773911	-50.592815	27.289307
-37.772053	-53.024979	27.299072
-37.772701	-47.316471	27.308838
-37.772797	-33.287403	27.318604
-37.770523	-32.358871	27.328369
-37.77	-38.914181	27.338135
-37.769428	-47.417183	27.3479
-37.768528	-53.423393	27.357666
-37.76725	-47.298008	27.367432
-37.766624	-41.437763	27.377197
-37.765232	-31.497929	27.386963
-37.765091	-31.064949	27.396729
-37.763912	-43.64584	27.406494
-37.763805	-54.547359	27.41626
-37.763474	-53.395111	27.426025
-37.761131	-42.018265	27.435791
-37.759651	-33.169956	27.445557
-37.759911	-30.909039	27.455322
-37.760094	-39.924881	27.465088
-37.758595	-49.110275	27.474854
-37.757408	-51.608482	27.484619
-37.756432	-51.109631	27.494385
-37.755051	-36.240341	27.50415
-37.755238	-31.17351	27.513916
-37.754517	-32.920872	27.523682
-37.752377	-45.511185	27.533447
-37.75248	-57.70731	27.543213
-37.752106	-49.969582	27.552979
-37.751537	-39.478657	27.562744
-37.749966	-30.69253	27.57251
-37.749527	-32.164753	27.582275
-37.748676	-44.192215	27.592041
-37.747868	-50.54784	27.601807
-37.746841	-56.252155	27.611572
-37.746758	-43.631214	27.621338
-37.746063	-33.09441	27.631104
-37.744312	-30.980833	27.640869
-37.744305	-37.394432	27.650635
-37.742851	-51.654835	27.6604
-37.74181	-55.590385	27.670166
-37.741348	-45.833199	27.679932
-37.740993	-36.400444	27.689697
-37.739838	-30.187481	27.699463
-37.739033	-36.294682	27.709229
-37.738674	-43.748135	27.718994
-37.737732	-52.556301	27.72876
-37.737297	-51.225037	27.738525
-37.735878	-41.10651	27.748291
-37.73497	-31.690784	27.758057
-37.734692	-30.353262	27.767822
-37.733589	-41.67741	27.777588
-37.732296	-49.909004	27.787354
-37.732063	-51.69857	27.797119
-37.731827	-44.362808	27.806885
-37.730038	-37.048923	27.81665
-37.727722	-33.391396	27.826416
-37.728081	-36.181385	27.836182
-37.727859	-46.870808	27.845947
-37.726986	-52.887741	27.855713
-37.725182	-52.190559	27.865479
-37.725418	-39.226025	27.875244
-37.723896	-30.135334	27.88501
-37.722206	-35.930119	27.894775
-37.722607	-41.056644	27.904541
-37.721764	-50.739941	27.914307
-37.720798	-52.148903	27.924072
-37.72031	-42.699306	27.933838
-37.718109	-38.576775	27.943604
-37.718098	-31.002033	27.953369
-37.718578	-36.951355	27.963135
-37.717846	-47.348724	27.9729
-37.715782	-53.753208	27.982666
-37.715137	-52.355419	27.992432
-37.714802	-36.848618	28.002197
-37.713543	-30.801897	28.011963
-37.711361	-33.912727	28.021729
-37.711872	-44.639069	28.031494
-37.710854	-54.323772	28.04126
-37.711239	-51.523506	28.051025
-37.709846	-44.980988	28.060791
-37.709106	-33.223724	28.070557
-37.707241	-29.911627	28.080322
-37.706543	-38.785641	28.090088
-37.706619	-50.48534	28.099854
-37.706955	-55.867542	28.109619
-37.704247	-46.430725	28.119385
-37.703705	-34.249393	28.12915
-37.702904	-29.433834	28.138916
-37.702244	-37.698311	28.148682
-37.700985	-47.267216	28.158447
-37.699787	-52.435272	28.168213
-37.700157	-53.907162	28.177979
-37.699223	-37.610069	28.187744
-37.698685	-31.395126	28.19751
-37.697083	-30.768581	28.207275
-37.69619	-41.87014	28.217041
-37.695961	-55.82098	28.226807
-37.695469	-52.047501	28.236572
-37.69426	-42.015041	28.246338
-37.693405	-32.516884	28.256104
-37.692223	-30.857897	28.265869
-37.692093	-39.722054	28.275635
-37.691013	-47.099178	28.2854
-37.689739	-54.447685	28.295166
-37.688713	-47.089451	28.304932
-37.688877	-36.832966	28.314697
-37.68821	-30.123734	28.324463
-37.686546	-31.538858	28.334229
-37.685509	-47.931099	28.343994
-37.685341	-52.334946	28.35376
-37.684013	-49.77615	28.363525
-37.683537	-41.841816	28.373291
-37.68288	-31.629358	28.383057
-37.682281	-34.263168	28.392822
-37.68092	-39.617313	28.402588
-37.679283	-49.464108	28.412354
-37.679932	-53.448967	28.422119
-37.678257	-47.456558	28.431885
-37.677624	-36.912132	28.44165
-37.677395	-31.364511	28.451416
-37.676682	-40.127472	28.461182

