MTS793|BTW|ENU|1|2|.|/|:|1|0|0|A

Data Header:			0.254_solid_dimension_typeiv_090_r0			Time:	20.017578	s	4/14/2019 1:43:05 AM
Data Acquisition:	Timed
Station Name:	ft40.cfg
Test File Name:	monotonic_0.2540_typeiv_solid_090_dimension.tst
Displacement	Force	Running Time
mm	N	s
-40.042393	-308.50439	0.022705078
-40.040924	-310.9519	0.032470703
-40.042271	-313.14325	0.042236328
-40.040367	-313.2243	0.052001953
-40.040707	-311.6846	0.061767578
-40.040287	-309.83051	0.071533203
-40.040447	-311.86319	0.081298828
-40.040314	-310.22281	0.091064453
-40.040604	-307.36041	0.10083008
-40.039284	-309.98294	0.1105957
-40.038063	-309.01529	0.12036133
-40.036968	-312.66595	0.13012695
-40.036499	-308.94815	0.13989258
-40.035538	-306.55707	0.1496582
-40.033035	-308.60938	0.15942383
-40.033138	-307.6185	0.16918945
-40.031715	-307.04935	0.17895508
-40.032124	-307.69778	0.1887207
-40.031349	-309.64658	0.19848633
-40.029987	-306.92261	0.20825195
-40.030098	-303.91254	0.21801758
-40.028111	-299.71854	0.2277832
-40.027905	-304.59106	0.23754883
-40.027054	-307.19617	0.24731445
-40.026695	-306.2988	0.25708008
-40.025505	-303.50516	0.2668457
-40.024372	-302.3877	0.27661133
-40.02346	-300.50839	0.28637695
-40.021767	-299.51749	0.29614258
-40.022774	-301.58572	0.3059082
-40.020947	-305.69113	0.31567383
-40.018486	-304.31729	0.32543945
-40.020542	-300.3688	0.33520508
-40.019215	-294.29495	0.3449707
-40.01791	-294.08716	0.35473633
-40.017616	-301.61487	0.36450195
-40.016979	-300.8327	0.37426758
-40.015141	-300.65479	0.3840332
-40.014107	-297.58868	0.39379883
-40.012863	-293.31097	0.40356445
-40.013332	-296.21097	0.41333008
-40.012035	-292.61212	0.4230957
-40.011337	-296.95874	0.43286133
-40.010262	-300.93835	0.44262695
-40.011162	-295.04718	0.45239258
-40.009186	-291.51154	0.4621582
-40.00861	-288.18964	0.47192383
-40.007732	-290.67526	0.48168945
-40.00531	-297.6734	0.49145508
-40.005611	-295.56827	0.5012207
-40.004238	-293.61649	0.51098633
-40.00412	-288.87646	0.52075195
-40.003956	-289.42789	0.53051758
-40.002357	-287.69055	0.5402832
-40.002598	-287.64218	0.55004883
-40.002029	-295.2424	0.55981445
-40.000355	-292.95358	0.56958008
-39.998577	-289.16458	0.5793457
-39.998455	-285.08316	0.58911133
-39.997578	-286.18652	0.59887695
-39.997948	-288.14301	0.60864258
-39.996975	-291.25995	0.6184082
-39.99511	-289.1026	0.62817383
-39.994427	-286.13226	0.63793945
-39.993965	-284.86652	0.64770508
-39.993568	-283.82135	0.6574707
-39.993122	-283.21191	0.66723633
-39.990074	-286.42368	0.67700195
-39.989922	-286.85733	0.68676758
-39.989349	-286.17844	0.6965332
-39.988636	-281.85526	0.70629883
-39.986988	-281.15152	0.71606445
-39.987152	-281.98544	0.72583008
-39.985554	-282.66403	0.7355957
-39.985916	-283.12747	0.74536133
-39.985352	-282.8165	0.75512695
-39.984234	-282.07019	0.76489258
-39.983559	-280.18979	0.7746582
-39.982746	-276.78394	0.78442383
-39.982395	-277.58124	0.79418945
-39.981388	-278.9313	0.80395508
-39.979309	-282.22922	0.8137207
-39.979275	-279.84937	0.82348633
-39.977425	-277.46228	0.83325195
-39.977711	-276.84738	0.84301758
-39.976494	-274.13766	0.8527832
-39.97567	-274.28125	0.86254883
-39.975506	-277.09772	0.87231445
-39.975101	-277.85303	0.88208008
-39.97345	-278.89609	0.8918457
-39.972919	-273.48868	0.90161133
-39.972485	-269.5134	0.91137695
-39.971394	-271.65875	0.92114258
-39.970631	-275.31305	0.9309082
-39.96978	-275.77164	0.94067383
-39.968094	-273.14398	0.95043945
-39.967216	-270.58362	0.96020508
-39.966606	-268.02017	0.9699707
-39.965679	-268.10574	0.97973633
-39.964455	-269.48227	0.98950195
-39.964893	-272.46402	0.99926758
-39.964317	-273.87662	1.0090332
-39.962959	-269.82703	1.0187988
-39.961662	-264.5036	1.0285645
-39.960342	-264.28876	1.0383301
-39.961788	-269.20071	1.0480957
-39.959599	-270.06406	1.0578613
-39.958961	-271.00815	1.067627
-39.957954	-267.54501	1.0773926
-39.957092	-262.96536	1.0871582
-39.955952	-263.21472	1.0969238
-39.955551	-261.2756	1.1066895
-39.954773	-265.55228	1.1164551
-39.954185	-269.8313	1.1262207
-39.953129	-265.50354	1.1359863
-39.953075	-261.68756	1.145752
-39.952034	-258.00238	1.1555176
-39.951809	-260.8949	1.1652832
-39.950562	-263.63043	1.1750488
-39.950172	-262.724	1.1848145
-39.947666	-262.48071	1.1945801
-39.947235	-259.66629	1.2043457
-39.946201	-257.67752	1.2141113
-39.946281	-257.49429	1.223877
-39.945396	-255.98238	1.2336426
-39.943459	-261.5473	1.2434082
-39.943554	-260.28165	1.2531738
-39.942322	-259.00833	1.2629395
-39.941395	-254.58849	1.2727051
-39.940659	-253.15073	1.2824707
-39.939739	-256.02051	1.2922363
-39.939144	-257.25452	1.302002
-39.938171	-255.05888	1.3117676
-39.938374	-257.77954	1.3215332
-39.936226	-255.9281	1.3312988
-39.936565	-251.86363	1.3410645
-39.935654	-251.72246	1.3508301
-39.933743	-251.08672	1.3605957
-39.934002	-254.61972	1.3703613
-39.932579	-256.04004	1.380127
-39.931236	-250.65231	1.3898926
-39.931824	-249.87595	1.3996582
-39.931049	-249.24995	1.4094238
-39.92902	-248.25636	1.4191895
-39.927929	-249.95616	1.4289551
-39.929451	-249.79852	1.4387207
-39.927067	-251.99086	1.4484863
-39.925396	-249.8951	1.458252
-39.924633	-246.35982	1.4680176
-39.924282	-244.6174	1.4777832
-39.923393	-243.75801	1.4875488
-39.923138	-249.67303	1.4973145
-39.922188	-249.15814	1.5070801
-39.921692	-244.11363	1.5168457
-39.920681	-244.10509	1.5266113
-39.919922	-241.81351	1.536377
-39.918381	-241.74324	1.5461426
-39.918888	-243.43137	1.5559082
-39.917351	-245.82614	1.5656738
-39.915802	-247.4716	1.5754395
-39.915356	-241.03143	1.5852051
-39.914639	-236.22818	1.5949707
-39.914959	-238.2515	1.6047363
-39.912937	-241.48682	1.614502
-39.912254	-245.12041	1.6242676
-39.911758	-242.39316	1.6340332
-39.910049	-237.64128	1.6437988
-39.909801	-236.2099	1.6535645
-39.909004	-235.49504	1.6633301
-39.908943	-235.29297	1.6730957
-39.907478	-238.47971	1.6828613
-39.906666	-240.43324	1.692627
-39.90604	-238.99013	1.7023926
-39.904774	-232.91772	1.7121582
-39.905128	-229.01103	1.7219238
-39.903652	-233.64233	1.7316895
-39.902004	-236.87321	1.7414551
-39.901756	-237.87059	1.7512207
-39.901245	-234.41434	1.7609863
-39.901363	-229.95984	1.770752
-39.900475	-232.1601	1.7805176
-39.898094	-227.65707	1.7902832
-39.896587	-231.21698	1.8000488
-39.896679	-233.27594	1.8098145
-39.89608	-230.99216	1.8195801
-39.895168	-231.36542	1.8293457
-39.893883	-225.01877	1.8391113
-39.893604	-225.4113	1.848877
-39.893143	-229.29216	1.8586426
-39.892967	-229.76933	1.8684082
-39.891823	-229.76819	1.8781738
-39.890877	-226.50562	1.8879395
-39.889267	-227.09528	1.8977051
-39.889107	-225.45412	1.9074707
-39.888393	-222.01888	1.9172363
-39.887276	-225.4753	1.927002
-39.88644	-227.91907	1.9367676
-39.885555	-227.1008	1.9465332
-39.883846	-224.4568	1.9562988
-39.884029	-219.68941	1.9660645
-39.882149	-221.54025	1.9758301
-39.882061	-221.50951	1.9855957
-39.882	-221.14175	1.9953613
-39.881729	-223.3232	2.005127
-39.880272	-223.79349	2.0148926
-39.877647	-220.48302	2.0246582
-39.879181	-217.44525	2.0344238
-39.87775	-215.22975	2.0441895
-39.87632	-217.72908	2.0539551
-39.876087	-223.64494	2.0637207
-39.874992	-221.95	2.0734863
-39.874798	-216.19989	2.083252
-39.873459	-214.74042	2.0930176
-39.872963	-214.3858	2.1027832
-39.871521	-215.46605	2.1125488
-39.871731	-214.97723	2.1223145
-39.870571	-220.22441	2.1320801
-39.868256	-217.20091	2.1418457
-39.868416	-213.40503	2.1516113
-39.868057	-210.17908	2.161377
-39.867107	-208.95088	2.1711426
-39.866489	-216.48244	2.1809082
-39.865383	-216.771	2.1906738
-39.864094	-211.71155	2.2004395
-39.863331	-209.47115	2.2102051
-39.861641	-206.35469	2.2199707
-39.861355	-208.23679	2.2297363
-39.861557	-209.76508	2.239502
-39.860714	-208.97458	2.2492676
-39.859917	-213.03302	2.2590332
-39.858688	-208.31117	2.2687988
-39.859119	-204.93588	2.2785645
-39.857185	-203.46609	2.2883301
-39.855293	-205.49861	2.2980957
-39.856323	-211.87761	2.3078613
-39.854595	-209.73207	2.317627
-39.853596	-204.05681	2.3273926
-39.852955	-202.84195	2.3371582
-39.851917	-202.46855	2.3469238
-39.85199	-202.50352	2.3566895
-39.849915	-205.04059	2.3664551
-39.850128	-206.81161	2.3762207
-39.848976	-204.98122	2.3859863
-39.848648	-199.50792	2.395752
-39.847641	-196.90871	2.4055176
-39.846676	-199.73358	2.4152832
-39.846252	-201.64249	2.4250488
-39.844612	-204.19824	2.4348145
-39.843864	-198.76979	2.4445801
-39.843014	-197.22267	2.4543457
-39.842663	-198.90125	2.4641113
-39.842617	-195.7762	2.473877
-39.84053	-194.61917	2.4836426
-39.839748	-198.63734	2.4934082
-39.83783	-196.80441	2.5031738
-39.838776	-199.18481	2.5129395
-39.837948	-193.00806	2.5227051
-39.838058	-190.95795	2.5324707
-39.835644	-194.98782	2.5422363
-39.835419	-194.71928	2.552002
-39.834362	-193.97214	2.5617676
-39.834461	-192.65881	2.5715332
-39.832165	-192.19409	2.5812988
-39.831562	-191.48026	2.5910645
-39.831787	-187.65646	2.6008301
-39.830425	-189.10959	2.6105957
-39.829762	-191.48607	2.6203613
-39.828102	-193.85455	2.630127
-39.82896	-190.26791	2.6398926
-39.827698	-187.24557	2.6496582
-39.827312	-187.06673	2.6594238
-39.825897	-185.13536	2.6691895
-39.825066	-187.19063	2.6789551
-39.824379	-189.03302	2.6887207
-39.823151	-189.41759	2.6984863
-39.822193	-187.61693	2.708252
-39.821255	-184.16548	2.7180176
-39.82085	-179.10684	2.7277832
-39.818996	-184.16754	2.7375488
-39.819233	-186.15121	2.7473145
-39.817726	-186.63449	2.7570801
-39.817909	-185.71065	2.7668457
-39.816353	-180.16481	2.7766113
-39.81601	-177.80795	2.786377
-39.81638	-180.90958	2.7961426
-39.814049	-180.05626	2.8059082
-39.813755	-185.10138	2.8156738
-39.812443	-183.69171	2.8254395
-39.811668	-179.36285	2.8352051
-39.811039	-176.46559	2.8449707
-39.809586	-174.31944	2.8547363
-39.808475	-179.87572	2.864502
-39.808319	-182.48949	2.8742676
-39.807621	-178.9621	2.8840332
-39.806381	-176.27362	2.8937988
-39.806496	-172.21611	2.9035645
-39.80547	-173.38354	2.9133301
-39.804722	-173.34314	2.9230957
-39.803677	-175.84422	2.9328613
-39.802197	-179.60951	2.942627
-39.802338	-173.77353	2.9523926
-39.801514	-172.11159	2.9621582
-39.800591	-168.68813	2.9719238
-39.798504	-170.10825	2.9816895
-39.797855	-176.33368	2.9914551
-39.798389	-176.43388	3.0012207
-39.796501	-171.71954	3.0109863
-39.796364	-169.65678	3.020752
-39.795631	-168.34499	3.0305176
-39.794464	-168.55563	3.0402832
-39.795517	-169.13583	3.0500488
-39.793774	-171.8625	3.0598145
-39.792145	-172.11137	3.0695801
-39.790813	-169.26694	3.0793457
-39.790665	-163.18338	3.0891113
-39.789745	-163.97714	3.098877
-39.788536	-165.42673	3.1086426
-39.787743	-168.76677	3.1184082
-39.787857	-167.59601	3.1281738
-39.785629	-164.03249	3.1379395
-39.78561	-164.99051	3.1477051
-39.784374	-162.36159	3.1574707
-39.783752	-160.76018	3.1672363
-39.783634	-162.29518	3.177002
-39.782455	-163.41396	3.1867676
-39.780846	-165.57076	3.1965332
-39.780758	-159.31129	3.2062988
-39.77932	-157.65579	3.2160645
-39.77985	-159.79964	3.2258301
-39.779812	-157.67685	3.2355957
-39.777737	-161.61917	3.2453613
-39.777061	-159.409	3.255127
-39.776146	-160.72983	3.2648926
-39.776184	-159.35988	3.2746582
-39.773808	-153.47353	3.2844238
-39.773342	-154.41266	3.2941895
-39.773464	-155.83398	3.3039551
-39.77203	-159.81882	3.3137207
-39.771473	-159.74062	3.3234863
-39.76984	-152.79935	3.333252
-39.769993	-152.66531	3.3430176
-39.768974	-149.99947	3.3527832
-39.768547	-152.17188	3.3625488
-39.76701	-154.16338	3.3723145
-39.765869	-155.49149	3.3820801
-39.765385	-155.86771	3.3918457
-39.764072	-151.63055	3.4016113
-39.76453	-146.06758	3.411377
-39.763424	-147.73018	3.4211426
-39.762566	-151.58655	3.4309082
-39.762665	-153.84265	3.4406738
-39.760689	-150.20354	3.4504395
-39.760921	-147.54855	3.4602051
-39.758499	-144.10284	3.4699707
-39.757999	-146.78302	3.4797363
-39.757298	-146.08505	3.489502
-39.757458	-149.74376	3.4992676
-39.755184	-149.72459	3.5090332
-39.754631	-145.76782	3.5187988
-39.754131	-141.96683	3.5285645
-39.753071	-138.74609	3.5383301
-39.752228	-144.00497	3.5480957
-39.752445	-147.03056	3.5578613
-39.750843	-144.50406	3.567627
-39.750343	-143.28589	3.5773926
-39.749302	-138.54492	3.5871582
-39.747097	-137.1322	3.5969238
-39.747749	-139.07008	3.6066895
-39.745663	-139.41959	3.6164551
-39.745739	-143.56624	3.6262207
-39.745609	-139.76262	3.6359863
-39.744625	-137.96591	3.645752
-39.743324	-133.67892	3.6555176
-39.743008	-133.59595	3.6652832
-39.741463	-138.86446	3.6750488
-39.741001	-140.37863	3.6848145
-39.73893	-136.82631	3.6945801
-39.740086	-136.37761	3.7043457
-39.739925	-134.03087	3.7141113
-39.737148	-133.96812	3.723877
-39.735764	-133.25381	3.7336426
-39.73671	-134.14803	3.7434082
-39.735657	-135.79613	3.7531738
-39.733704	-133.37074	3.7629395
-39.733551	-131.24165	3.7727051
-39.73283	-129.905	3.7824707
-39.731758	-129.3598	3.7922363
-39.731556	-131.99062	3.802002
-39.730453	-130.43713	3.8117676
-39.730232	-130.35605	3.8215332
-39.729561	-130.45036	3.8312988
-39.726997	-127.06619	3.8410645
-39.728065	-125.25421	3.8508301
-39.727161	-125.91351	3.8605957
-39.724998	-127.12157	3.8703613
-39.725403	-131.181	3.880127
-39.724434	-127.82334	3.8898926
-39.722775	-123.90273	3.8996582
-39.721554	-122.46563	3.9094238
-39.721512	-121.3346	3.9191895
-39.721081	-124.68407	3.9289551
-39.718403	-124.33256	3.9387207
-39.718914	-123.70595	3.9484863
-39.718342	-125.89336	3.958252
-39.718121	-120.0274	3.9680176
-39.716442	-118.43826	3.9777832
-39.716084	-118.33548	3.9875488
-39.715576	-122.71055	3.9973145
-39.714283	-124.30988	4.0070801
-39.713646	-120.35829	4.0168457
-39.712875	-117.00458	4.0266113
-39.71183	-113.83216	4.036377
-39.709881	-115.57238	4.0461426
-39.709259	-118.48753	4.0559082
-39.709251	-119.94035	4.0656738
-39.707592	-120.64552	4.0754395
-39.707874	-116.11431	4.0852051
-39.706959	-109.78662	4.0949707
-39.707054	-111.29907	4.1047363
-39.705479	-114.30862	4.114502
-39.7047	-118.0362	4.1242676
-39.703003	-116.64549	4.1340332
-39.702423	-110.13548	4.1437988
-39.701344	-108.34168	4.1535645
-39.701645	-109.33612	4.1633301
-39.700195	-110.99446	4.1730957
-39.699615	-112.27162	4.1828613
-39.699001	-114.27301	4.192627
-39.696907	-111.31359	4.2023926
-39.697487	-106.91101	4.2121582
-39.696766	-101.85741	4.2219238
-39.695393	-105.90313	4.2316895
-39.693752	-111.06702	4.2414551
-39.694584	-110.44252	4.2512207
-39.692024	-108.82478	4.2609863
-39.692558	-102.70771	4.270752
-39.690868	-102.44002	4.2805176
-39.689846	-104.82409	4.2902832
-39.690155	-104.49982	4.3000488
-39.688969	-106.21252	4.3098145
-39.688217	-105.27714	4.3195801
-39.68766	-104.74387	4.3293457
-39.686813	-99.246094	4.3391113
-39.6861	-98.265816	4.348877
-39.683865	-103.13718	4.3586426
-39.683578	-101.92592	4.3684082
-39.684044	-103.21613	4.3781738
-39.681969	-100.90128	4.3879395
-39.681839	-98.622589	4.3977051
-39.681309	-98.456917	4.4074707
-39.680367	-95.184227	4.4172363
-39.679344	-96.684807	4.427002
-39.677803	-99.700485	4.4367676
-39.677425	-100.58649	4.4465332
-39.676685	-96.606369	4.4562988
-39.676048	-92.898354	4.4660645
-39.67577	-93.682655	4.4758301
-39.674507	-93.722984	4.4855957
-39.672997	-95.245354	4.4953613
-39.673203	-94.588089	4.505127
-39.672005	-95.093025	4.5148926
-39.670773	-93.598663	4.5246582
-39.669807	-89.804733	4.5344238
-39.669666	-89.657768	4.5441895
-39.668774	-89.756882	4.5539551
-39.669338	-95.422371	4.5637207
-39.667267	-93.512993	4.5734863
-39.667416	-89.378998	4.583252
-39.665104	-85.864479	4.5930176
-39.663601	-85.032227	4.6027832
-39.664295	-90.056915	4.6125488
-39.662899	-88.590103	4.6223145
-39.662334	-90.586624	4.6320801
-39.661926	-89.909782	4.6418457
-39.659306	-84.739021	4.6516113
-39.659687	-81.726517	4.661377
-39.659027	-81.379143	4.6711426
-39.658707	-88.413139	4.6809082
-39.657269	-90.663864	4.6906738
-39.657398	-86.025917	4.7004395
-39.655739	-82.271278	4.7102051
-39.655029	-78.377426	4.7199707
-39.655594	-80.512962	4.7297363
-39.652824	-81.094765	4.739502
-39.6516	-82.705833	4.7492676
-39.651455	-84.353348	4.7590332
-39.650578	-80.256859	4.7687988
-39.649761	-75.976364	4.7785645
-39.648575	-74.83889	4.7883301
-39.648079	-77.469688	4.7980957
-39.647762	-81.411575	4.8078613
-39.646748	-83.155899	4.817627
-39.646633	-75.685501	4.8273926
-39.644463	-72.917641	4.8371582
-39.644333	-75.101692	4.8469238
-39.644005	-75.813744	4.8566895
-39.641346	-76.656593	4.8664551
-39.642731	-78.039505	4.8762207
-39.64106	-76.120361	4.8859863
-39.639481	-73.898865	4.895752
-39.638809	-69.259888	4.9055176
-39.638359	-69.770683	4.9152832
-39.638012	-74.553329	4.9250488
-39.637196	-74.531296	4.9348145
-39.635658	-73.535858	4.9445801
-39.634037	-69.436958	4.9543457
-39.634457	-70.067184	4.9641113
-39.633949	-67.680962	4.973877
-39.633606	-67.401535	4.9836426
-39.631317	-68.722862	4.9934082
-39.630222	-68.719337	5.0031738
-39.630329	-70.503517	5.0129395
-39.629089	-66.792511	5.0227051
-39.628036	-62.757835	5.0324707
-39.62756	-67.019554	5.0422363
-39.626106	-64.905945	5.052002
-39.626637	-66.895775	5.0617676
-39.625713	-66.50547	5.0715332
-39.625179	-64.636345	5.0812988
-39.623592	-65.197441	5.0910645
-39.623768	-60.511604	5.1008301
-39.6222	-59.359158	5.1105957
-39.621334	-63.554367	5.1203613
-39.620487	-67.178841	5.130127
-39.620003	-64.3172	5.1398926
-39.618443	-59.624874	5.1496582
-39.618595	-57.518894	5.1594238
-39.618244	-57.66098	5.1691895
-39.616058	-59.263493	5.1789551
-39.616901	-59.605198	5.1887207
-39.615097	-61.285103	5.1984863
-39.612915	-58.424465	5.208252
-39.613754	-54.701851	5.2180176
-39.611694	-51.80336	5.2277832
-39.611885	-54.126385	5.2375488
-39.610809	-58.286678	5.2473145
-39.610043	-59.826107	5.2570801
-39.610397	-55.858006	5.2668457
-39.60881	-50.181988	5.2766113
-39.608532	-48.315659	5.286377
-39.606117	-53.153194	5.2961426
-39.605747	-53.122135	5.3059082
-39.606846	-53.684296	5.3156738
-39.603352	-56.204048	5.3254395
-39.604767	-48.587296	5.3352051
-39.602467	-47.210148	5.3449707
-39.602448	-45.448433	5.3547363
-39.60099	-49.472515	5.364502
-39.600166	-55.565063	5.3742676
-39.599297	-51.028484	5.3840332
-39.598183	-47.404819	5.3937988
-39.598358	-44.305576	5.4035645
-39.596725	-44.993675	5.4133301
-39.596554	-46.713768	5.4230957
-39.595612	-46.332825	5.4328613
-39.594513	-49.455544	5.442627
-39.593796	-45.91584	5.4523926
-39.593243	-42.271366	5.4621582
-39.592068	-39.943481	5.4719238
-39.590656	-41.540741	5.4816895
-39.591892	-46.107689	5.4914551
-39.589931	-46.217758	5.5012207
-39.589458	-41.834148	5.5109863
-39.588139	-39.806812	5.520752
-39.587597	-39.95509	5.5305176
-39.5868	-38.584152	5.5402832
-39.585899	-40.043198	5.5500488
-39.584522	-40.740711	5.5598145
-39.583492	-41.235199	5.5695801
-39.582413	-40.074661	5.5793457
-39.58173	-34.379662	5.5891113
-39.581245	-33.467213	5.598877
-39.581032	-35.139294	5.6086426
-39.580757	-36.191818	5.6184082
-39.579712	-37.698204	5.6281738
-39.578777	-33.61396	5.6379395
-39.57695	-34.049496	5.6477051
-39.57716	-32.703785	5.6574707
-39.57502	-30.490126	5.6672363
-39.574951	-32.338966	5.677002
-39.57439	-32.010029	5.6867676
-39.573505	-35.630363	5.6965332
-39.573593	-32.732018	5.7062988
-39.572372	-26.612511	5.7160645
-39.571953	-27.882713	5.7258301
-39.569839	-27.193983	5.7355957
-39.569073	-29.893076	5.7453613
-39.569111	-30.55493	5.755127
-39.567158	-26.986631	5.7648926
-39.567265	-28.52408	5.7746582
-39.565197	-24.184696	5.7844238
-39.564796	-22.900957	5.7941895
-39.564762	-25.643744	5.8039551
-39.563557	-29.101723	5.8137207
-39.562916	-29.676237	5.8234863
-39.561771	-25.154333	5.833252
-39.562313	-19.855597	5.8430176
-39.561134	-20.204559	5.8527832
-39.559814	-22.889202	5.8625488
-39.559757	-25.37978	5.8723145
-39.558548	-25.134966	5.8820801
-39.557468	-22.957443	5.8918457
-39.55452	-19.252394	5.9016113
-39.554344	-17.280663	5.911377
-39.55439	-16.283073	5.9211426
-39.554482	-21.468279	5.9309082
-39.553257	-22.77247	5.9406738
-39.552277	-22.103411	5.9504395
-39.55175	-15.399438	5.9602051
-39.550564	-12.14462	5.9699707
-39.548035	-16.025261	5.9797363
-39.549164	-17.094124	5.989502
-39.547298	-18.396133	5.9992676
-39.547703	-18.33946	6.0090332
-39.546097	-14.21237	6.0187988
-39.54623	-12.629485	6.0285645
-39.545311	-8.3929853	6.0383301
-39.543728	-11.931528	6.0480957
-39.544365	-16.094475	6.0578613
-39.541767	-16.650438	6.067627
-39.541615	-12.192054	6.0773926
-39.540768	-8.3434591	6.0871582
-39.540432	-9.1711864	6.0969238
-39.539211	-10.717573	6.1066895
-39.539303	-10.188817	6.1164551
-39.537083	-12.280025	6.1262207
-39.537075	-11.591772	6.1359863
-39.535866	-9.6479006	6.145752
-39.53619	-5.4179564	6.1555176
-39.534096	-4.0220432	6.1652832
-39.533066	-8.8863115	6.1750488
-39.532799	-10.238768	6.1848145
-39.531994	-8.5659132	6.1945801
-39.532162	-6.3754449	6.2043457
-39.530567	-3.1738713	6.2141113
-39.528767	-3.352951	6.223877
-39.529659	-4.3061829	6.2336426
-39.527302	-0.77509636	6.2434082
-39.52676	-5.0855851	6.2531738
-39.524868	-7.1778193	6.2629395
-39.524586	-0.83706129	6.2727051
-39.525661	0.48224264	6.2824707
-39.523785	1.3013016	6.2922363
-39.523048	1.3393836	6.302002
-39.522621	-2.5926464	6.3117676
-39.520954	0.18111801	6.3215332
-39.519905	-0.41891488	6.3312988
-39.519485	0.3979381	6.3410645
-39.520004	4.1377044	6.3508301
-39.517933	6.0146189	6.3605957
-39.516941	4.5780554	6.3703613
-39.516571	-1.7063404	6.380127
-39.516052	0.53228682	6.3898926
-39.514874	5.8360052	6.3996582
-39.51429	9.0959606	6.4094238
-39.513466	9.680768	6.4191895
-39.512398	3.076751	6.4289551
-39.5117	3.9668269	6.4387207
-39.510109	5.5808859	6.4484863
-39.509815	5.35461	6.458252
-39.509094	11.690448	6.4680176
-39.508675	12.268401	6.4777832
-39.508308	10.331612	6.4875488
-39.506359	7.7866406	6.4973145
-39.506065	5.2580328	6.5070801
-39.505177	8.2137041	6.5168457
-39.504467	15.303793	6.5266113
-39.504288	16.727552	6.536377
-39.502651	13.102207	6.5461426
-39.502098	11.143143	6.5559082
-39.500759	11.047528	6.5656738
-39.501438	12.984346	6.5754395
-39.498684	15.692611	6.5852051
-39.499146	19.378023	6.5949707
-39.49818	20.26874	6.6047363
-39.498013	15.15567	6.614502
-39.495628	12.017983	6.6242676
-39.496365	13.083223	6.6340332
-39.494637	18.143656	6.6437988
-39.493565	22.907312	6.6535645
-39.49305	20.144491	6.6633301
-39.491936	18.729563	6.6730957
-39.490158	17.455469	6.6828613
-39.491093	18.368797	6.692627
-39.489525	21.471132	6.7023926
-39.488346	21.380798	6.7121582
-39.487854	26.190165	6.7219238
-39.48716	25.38574	6.7316895
-39.485733	19.368279	6.7414551
-39.485569	20.500805	6.7512207
-39.485481	21.836096	6.7609863
-39.483566	27.239799	6.770752
-39.483597	26.891739	6.7805176
-39.482327	24.306053	6.7902832
-39.480751	25.404865	6.8000488
-39.481812	24.957554	6.8098145
-39.480129	24.007288	6.8195801
-39.478966	26.217789	6.8293457
-39.4786	27.993904	6.8391113
-39.478722	33.256233	6.848877
-39.475983	30.327019	6.8586426
-39.47599	27.251808	6.8684082
-39.474743	28.610456	6.8781738
-39.474941	29.740761	6.8879395
-39.473076	31.373806	6.8977051
-39.472858	32.672836	6.9074707
-39.471848	33.620037	6.9172363
-39.470623	36.246471	6.927002
-39.470436	31.105053	6.9367676
-39.46981	30.377455	6.9465332
-39.467129	32.651634	6.9562988
-39.469517	35.279655	6.9660645
-39.467251	39.371437	6.9758301
-39.466293	37.084633	6.9855957
-39.465435	33.464649	6.9953613
-39.466232	35.19949	7.005127
-39.464695	35.46019	7.0148926
-39.462784	37.669994	7.0246582
-39.462418	40.948994	7.0344238
-39.461353	42.206535	7.0441895
-39.460049	41.365513	7.0539551
-39.459187	36.67271	7.0637207
-39.458263	36.158241	7.0734863
-39.458118	40.096321	7.083252
-39.457619	45.051373	7.0930176
-39.45702	46.731731	7.1027832
-39.45631	41.130386	7.1125488
-39.454967	39.851276	7.1223145
-39.453743	41.880527	7.1320801
-39.45314	40.943783	7.1418457
-39.452202	48.050522	7.1516113
-39.452595	49.447868	7.161377
-39.45097	47.676712	7.1711426
-39.449413	44.710289	7.1809082
-39.44833	41.814255	7.1906738
-39.44836	44.094505	7.2004395
-39.447617	50.574589	7.2102051
-39.446289	52.130718	7.2199707
-39.445114	51.687309	7.2297363
-39.445648	48.046288	7.239502
-39.443802	46.771412	7.2492676
-39.442989	49.068718	7.2590332
-39.442532	50.066776	7.2687988
-39.442665	52.98946	7.2785645
-39.440887	55.939873	7.2883301
-39.440353	52.756165	7.2980957
-39.438713	50.035091	7.3078613
-39.438095	48.692398	7.317627
-39.437603	53.206661	7.3273926
-39.437172	57.27718	7.3371582
-39.436085	56.17067	7.3469238
-39.43515	56.009899	7.3566895
-39.434933	53.262291	7.3664551
-39.433628	54.712635	7.3762207
-39.431461	56.363808	7.3859863
-39.43235	54.755619	7.395752
-39.431358	60.974518	7.4055176
-39.429062	61.112995	7.4152832
-39.429146	57.297386	7.4250488
-39.428753	57.857952	7.4348145
-39.428055	56.539764	7.4445801
-39.427132	60.553535	7.4543457
-39.425945	62.633648	7.4641113
-39.424942	59.988525	7.473877
-39.423496	61.10984	7.4836426
-39.423901	64.790855	7.4934082
-39.423325	60.615948	7.5031738
-39.422039	61.881935	7.5129395
-39.422688	62.722244	7.5227051
-39.420021	66.685364	7.5324707
-39.420006	68.027374	7.5422363
-39.4189	64.790688	7.552002
-39.418571	62.330418	7.5617676
-39.416706	63.019356	7.5715332
-39.416691	67.615082	7.5812988
-39.414742	67.962982	7.5910645
-39.414799	68.860214	7.6008301
-39.414528	71.479797	7.6105957
-39.412636	67.068947	7.6203613
-39.412426	65.612335	7.630127
-39.412365	66.24308	7.6398926
-39.410454	69.799156	7.6496582
-39.409943	76.209892	7.6594238
-39.409039	74.717491	7.6691895
-39.408634	70.968727	7.6789551
-39.407017	70.69886	7.6887207
-39.406525	71.107491	7.6984863
-39.405994	71.604996	7.708252
-39.404793	76.548141	7.7180176
-39.404545	75.80854	7.7277832
-39.403679	77.126236	7.7375488
-39.402546	72.825058	7.7473145
-39.401993	70.964203	7.7570801
-39.401337	73.888641	7.7668457
-39.400074	79.491341	7.7766113
-39.399204	81.9422	7.786377
-39.399525	79.407478	7.7961426
-39.397652	74.626678	7.8059082
-39.396893	76.08316	7.8156738
-39.397091	76.503601	7.8254395
-39.395939	83.161682	7.8352051
-39.39463	81.511406	7.8449707
-39.393097	84.436119	7.8547363
-39.39241	80.993576	7.864502
-39.391357	76.770943	7.8742676
-39.391209	78.940178	7.8840332
-39.389847	84.366943	7.8937988
-39.38921	85.877129	7.9035645
-39.388641	86.861702	7.9133301
-39.38702	83.005348	7.9230957
-39.387165	82.168999	7.9328613
-39.386971	83.661064	7.942627
-39.385983	84.031517	7.9523926
-39.384014	88.497566	7.9621582
-39.383705	90.130585	7.9719238
-39.3834	89.434448	7.9816895
-39.382313	86.706619	7.9914551
-39.38147	85.355057	8.0012207
-39.381401	86.880257	8.0109863
-39.380398	92.000465	8.020752
-39.379883	92.671425	8.0305176
-39.378132	91.170059	8.0402832
-39.377914	90.033707	8.0500488
-39.377216	90.001625	8.0598145
-39.376137	90.971954	8.0695801
-39.374619	91.167091	8.0793457
-39.374214	94.270943	8.0891113
-39.373905	97.003349	8.098877
-39.372879	95.777725	8.1086426
-39.372684	94.124649	8.1184082
-39.370144	90.435898	8.1281738
-39.369919	95.265541	8.1379395
-39.370369	97.029282	8.1477051
-39.368092	97.597343	8.1574707
-39.367546	100.51408	8.1672363
-39.366833	99.738121	8.177002
-39.366035	96.293739	8.1867676
-39.364765	95.845467	8.1965332
-39.363804	96.184792	8.2062988
-39.363873	103.09331	8.2160645
-39.363598	104.51123	8.2258301
-39.36171	102.91494	8.2355957
-39.359947	98.022377	8.2453613
-39.360641	99.048965	8.255127
-39.359718	102.61768	8.2648926
-39.359219	104.17691	8.2746582
-39.357845	106.26611	8.2844238
-39.358273	108.48722	8.2941895
-39.355621	105.80087	8.3039551
-39.355358	102.7031	8.3137207
-39.354645	101.988	8.3234863
-39.354408	105.04322	8.333252
-39.353954	111.67086	8.3430176
-39.352448	112.21	8.3527832
-39.350487	107.14442	8.3625488
-39.350731	105.32708	8.3723145
-39.349056	103.32473	8.3820801
-39.349377	106.78309	8.3918457
-39.348259	111.6509	8.4016113
-39.347198	112.65817	8.411377
-39.345737	114.12895	8.4211426
-39.346554	109.0286	8.4309082
-39.345963	105.80212	8.4406738
-39.344372	110.52284	8.4504395
-39.34309	114.41409	8.4602051
-39.342583	118.33547	8.4699707
-39.341061	115.09406	8.4797363
-39.341438	111.11111	8.489502
-39.340466	113.39412	8.4992676
-39.339088	113.22529	8.5090332
-39.339043	115.84557	8.5187988
-39.337814	117.69543	8.5285645
-39.337078	119.58651	8.5383301
-39.335804	118.83227	8.5480957
-39.334663	113.00071	8.5578613
-39.333981	116.00925	8.567627
-39.33445	117.77563	8.5773926
-39.332668	120.88898	8.5871582
-39.333363	123.04265	8.5969238
-39.331081	119.77817	8.6066895
-39.330353	117.68	8.6164551
-39.329712	120.93096	8.6262207
-39.329102	117.70788	8.6359863
-39.328289	122.59193	8.645752
-39.327187	124.69065	8.6555176
-39.325214	124.86741	8.6652832
-39.32645	123.74709	8.6750488
-39.325108	121.28043	8.6848145
-39.324657	120.42222	8.6945801
-39.323051	126.36691	8.7043457
-39.321491	126.74865	8.7141113
-39.320881	126.99454	8.723877
-39.32127	126.92314	8.7336426
-39.320385	127.41877	8.7434082
-39.318619	126.64362	8.7531738
-39.318027	125.06534	8.7629395
-39.316734	127.20965	8.7727051
-39.316822	129.90173	8.7824707
-39.316219	133.27444	8.7922363
-39.314537	131.66931	8.802002
-39.314262	128.07861	8.8117676
-39.313461	128.925	8.8215332
-39.312359	132.21695	8.8312988
-39.310593	132.98244	8.8410645
-39.310406	135.98145	8.8508301
-39.310555	134.40366	8.8605957
-39.308701	133.49277	8.8703613
-39.308464	130.83897	8.880127
-39.307056	129.60614	8.8898926
-39.307224	135.66888	8.8996582
-39.305466	140.69392	8.9094238
-39.304996	138.0264	8.9191895
-39.304626	134.89024	8.9289551
-39.303123	132.62274	8.9387207
-39.30267	134.74904	8.9484863
-39.302063	137.83228	8.958252
-39.301075	142.45724	8.9680176
-39.299648	141.73064	8.9777832
-39.300262	138.87035	8.9875488
-39.299995	137.95444	8.9973145
-39.297081	135.31667	9.0070801
-39.296623	138.132	9.0168457
-39.296585	145.58583	9.0266113
-39.296391	145.21695	9.036377
-39.294651	143.21489	9.0461426
-39.294266	139.92729	9.0559082
-39.293644	138.80107	9.0656738
-39.292347	141.71973	9.0754395
-39.291199	145.82886	9.0852051
-39.290333	146.70465	9.0949707
-39.289547	148.48857	9.1047363
-39.289928	145.01329	9.114502
-39.287865	141.9628	9.1242676
-39.286972	144.62186	9.1340332
-39.286972	147.05051	9.1437988
-39.286224	152.46048	9.1535645
-39.284279	150.93896	9.1633301
-39.283554	146.31621	9.1730957
-39.282932	145.81216	9.1828613
-39.282448	145.84964	9.192627
-39.282333	150.67403	9.2023926
-39.280697	150.28984	9.2121582
-39.279114	153.25264	9.2219238
-39.279823	153.64932	9.2316895
-39.278606	151.17461	9.2414551
-39.277401	150.97887	9.2512207
-39.277031	150.65941	9.2609863
-39.276009	155.11087	9.270752
-39.275997	158.40898	9.2805176
-39.274239	155.55611	9.2902832
-39.274143	153.68057	9.3000488
-39.27248	155.16133	9.3098145
-39.271717	154.4567	9.3195801
-39.271378	154.66576	9.3293457
-39.269451	158.3121	9.3391113
-39.268776	160.51944	9.348877
-39.268791	160.29846	9.3586426
-39.268631	156.00783	9.3684082
-39.266991	156.38373	9.3781738
-39.26664	159.57297	9.3879395
-39.264717	161.32033	9.3977051
-39.264973	162.86871	9.4074707
-39.264534	163.60907	9.4172363
-39.26318	161.17642	9.427002
-39.261833	162.46696	9.4367676
-39.260525	160.25661	9.4465332
-39.260548	161.10312	9.4562988
-39.259106	165.13416	9.4660645
-39.258308	168.44785	9.4758301
-39.258915	167.88487	9.4855957
-39.256207	162.59346	9.4953613
-39.256245	162.32317	9.505127
-39.255497	166.03954	9.5148926
-39.255276	165.67325	9.5246582
-39.253685	172.38559	9.5344238
-39.25285	168.92168	9.5441895
-39.252251	168.67908	9.5539551
-39.251457	165.58917	9.5637207
-39.250374	163.10603	9.5734863
-39.248703	169.46991	9.583252
-39.248394	173.51524	9.5930176
-39.248394	174.01561	9.6027832
-39.247288	170.94685	9.6125488
-39.246452	165.94025	9.6223145
-39.245445	169.50879	9.6320801
-39.244453	172.98978	9.6418457
-39.243286	175.22336	9.6516113
-39.24292	177.18018	9.661377
-39.24324	175.45886	9.6711426
-39.24168	173.15962	9.6809082
-39.241367	170.72719	9.6906738
-39.240768	173.54881	9.7004395
-39.239258	178.41786	9.7102051
-39.238461	180.26038	9.7199707
-39.237217	178.25688	9.7297363
-39.236607	174.02164	9.739502
-39.234863	174.24713	9.7492676
-39.235329	177.57542	9.7590332
-39.235104	179.55588	9.7687988
-39.233097	180.27585	9.7785645
-39.232864	183.69678	9.7883301
-39.231701	179.72215	9.7980957
-39.230358	177.597	9.8078613
-39.22974	179.65685	9.817627
-39.228199	179.07892	9.8273926
-39.229073	185.67375	9.8371582
-39.228729	186.04504	9.8469238
-39.226543	183.17194	9.8566895
-39.22562	182.41925	9.8664551
-39.226189	183.25526	9.8762207
-39.224579	184.43069	9.8859863
-39.223682	184.2478	9.895752
-39.22266	186.0043	9.9055176
-39.221577	190.19283	9.9152832
-39.220997	186.05469	9.9250488
-39.221642	186.22267	9.9348145
-39.220413	183.01703	9.9445801
-39.21944	187.23285	9.9543457
-39.219116	190.45525	9.9641113
-39.217197	190.13144	9.973877
-39.216515	190.66788	9.9836426
-39.215549	189.93909	9.9934082
-39.214424	188.48201	10.003174
-39.213932	189.87477	10.012939
-39.213123	189.97957	10.022705
-39.211563	193.38097	10.032471
-39.212219	196.28441	10.042236
-39.210499	194.0696	10.052002
-39.209499	189.87024	10.061768
-39.208817	189.7149	10.071533
-39.208183	194.89539	10.081299
-39.208324	197.47803	10.091064
-39.205757	199.3082	10.10083
-39.204933	196.86862	10.110596
-39.205151	196.80891	10.120361
-39.204151	192.60507	10.130127
-39.203949	193.23322	10.139893
-39.201763	198.18311	10.149658
-39.201717	203.72919	10.159424
-39.20134	203.50688	10.169189
-39.200344	195.49019	10.178955
-39.199203	194.12044	10.188721
-39.198715	197.37857	10.198486
-39.199024	200.49809	10.208252
-39.19725	205.56108	10.218018
-39.196087	203.79259	10.227783
-39.194687	204.03366	10.237549
-39.193359	200.56519	10.247314
-39.192562	197.82144	10.25708
-39.19239	202.60081	10.266846
-39.191959	207.37393	10.276611
-39.190907	209.49783	10.286377
-39.190018	205.99199	10.296143
-39.190239	202.21288	10.305908
-39.188831	203.05704	10.315674
-39.187611	205.4823	10.325439
-39.187614	210.16135	10.335205
-39.185261	211.59026	10.344971
-39.184605	210.25917	10.354736
-39.184834	209.63945	10.364502
-39.183731	205.20979	10.374268
-39.183533	207.06496	10.384033
-39.182766	210.85132	10.393799
-39.181076	215.99419	10.403564
-39.180054	213.71904	10.41333
-39.179256	210.7608	10.423096
-39.177795	207.55106	10.432861
-39.177448	211.54112	10.442627
-39.177616	213.69888	10.452393
-39.176994	213.62148	10.462158
-39.174709	216.65041	10.471924
-39.177452	216.07845	10.481689
-39.174126	215.55148	10.491455
-39.173229	213.61237	10.501221
-39.172997	212.15868	10.510986
-39.170715	218.75027	10.520752
-39.170326	219.70256	10.530518
-39.170219	219.8073	10.540283
-39.169533	218.7511	10.550049
-39.168484	216.43095	10.559814
-39.166328	218.54314	10.56958
-39.167019	218.42035	10.579346
-39.165863	219.49234	10.589111
-39.165955	224.71416	10.598877
-39.163914	222.78397	10.608643
-39.162643	220.58589	10.618408
-39.163063	216.60205	10.628174
-39.161449	218.29985	10.637939
-39.161503	224.05019	10.647705
-39.159439	224.93376	10.657471
-39.160275	227.10065	10.667236
-39.15834	224.38579	10.677002
-39.157654	222.27023	10.686768
-39.156448	221.52338	10.696533
-39.15683	223.25691	10.706299
-39.155136	227.25629	10.716064
-39.154945	232.9187	10.72583
-39.15324	228.29091	10.735596
-39.153366	224.18456	10.745361
-39.150578	224.30406	10.755127
-39.151909	226.99799	10.764893
-39.150379	231.93864	10.774658
-39.149513	234.35446	10.784424
-39.148491	231.30838	10.794189
-39.149155	230.36433	10.803955
-39.146671	227.62013	10.813721
-39.146614	226.44591	10.823486
-39.146603	230.43176	10.833252
-39.144978	236.63544	10.843018
-39.144043	237.48689	10.852783
-39.144077	232.02881	10.862549
-39.143307	229.47412	10.872314
-39.142635	230.82957	10.88208
-39.140709	235.81241	10.891846
-39.140057	238.01912	10.901611
-39.138958	238.04477	10.911377
-39.139618	237.27449	10.921143
-39.137272	236.06021	10.930908
-39.136902	232.44031	10.940674
-39.135216	237.02843	10.950439
-39.135746	239.97295	10.960205
-39.134254	244.12659	10.969971
-39.133274	241.80795	10.979736
-39.131954	236.4866	10.989502
-39.13113	236.38695	10.999268
-39.130314	239.9547	11.009033
-39.130688	242.54623	11.018799
-39.129002	243.57358	11.028564
-39.127201	241.99245	11.03833
-39.128883	243.48917	11.048096
-39.126289	240.82516	11.057861
-39.125999	239.6192	11.067627
-39.124546	243.04533	11.077393
-39.124344	245.98785	11.087158
-39.123756	248.79549	11.096924
-39.122967	245.05734	11.106689
-39.12096	243.25674	11.116455
-39.121349	244.98714	11.126221
-39.120636	244.91879	11.135986
-39.119339	246.4579	11.145752
-39.120205	248.18851	11.155518
-39.118481	249.13005	11.165283
-39.117321	250.84224	11.175049
-39.116112	247.83934	11.184814
-39.114643	244.35181	11.19458
-39.114346	248.89551	11.204346
-39.114105	252.08473	11.214111
-39.113064	252.64818	11.223877
-39.110851	253.46559	11.233643
-39.111668	248.3007	11.243408
-39.110249	251.07547	11.253174
-39.110306	250.46074	11.262939
-39.108932	250.90686	11.272705
-39.109165	256.66339	11.282471
-39.106628	256.51981	11.292236
-39.106251	254.82962	11.302002
-39.106174	251.13397	11.311768
-39.10424	251.24159	11.321533
-39.104008	256.02231	11.331299
-39.102703	258.2215	11.341064
-39.101746	260.1748	11.35083
-39.101719	258.73856	11.360596
-39.100853	255.45773	11.370361
-39.100044	256.7576	11.380127
-39.099575	255.39073	11.389893
-39.098171	261.17703	11.399658
-39.09766	262.97513	11.409424
-39.09618	263.31134	11.419189
-39.095684	260.42242	11.428955
-39.095226	253.94606	11.438721
-39.094212	258.12967	11.448486
-39.093781	265.44861	11.458252
-39.093102	265.98477	11.468018
-39.091793	263.9017	11.477783
-39.090168	264.94949	11.487549
-39.090691	261.63705	11.497314
-39.089111	259.77118	11.50708
-39.088474	263.74973	11.516846
-39.087296	268.64423	11.526611
-39.086628	272.92636	11.536377
-39.085602	266.40103	11.546143
-39.085541	263.68784	11.555908
-39.084251	262.68198	11.565674
-39.083725	268.01718	11.575439
-39.082798	271.20898	11.585205
-39.081974	269.79544	11.594971
-39.081268	270.03018	11.604736
-39.080288	269.24557	11.614502
-39.079582	265.42114	11.624268
-39.078869	269.35809	11.634033
-39.0784	268.96222	11.643799
-39.077221	275.23889	11.653564
-39.075706	275.98215	11.66333
-39.076443	268.60422	11.673096
-39.073715	271.41611	11.682861
-39.075516	271.52863	11.692627
-39.073864	273.07431	11.702393
-39.072323	275.4108	11.712158
-39.071346	276.23523	11.721924
-39.070305	278.67416	11.731689
-39.068832	276.44031	11.741455
-39.069408	275.20401	11.751221
-39.067932	272.24179	11.760986
-39.067989	278.26694	11.770752
-39.067345	282.72369	11.780518
-39.064983	280.59421	11.790283
-39.064762	279.47781	11.800049
-39.063549	277.43622	11.809814
-39.064159	279.5564	11.81958
-39.06266	277.76349	11.829346
-39.062626	280.44434	11.839111
-39.060181	282.96872	11.848877
-39.059761	284.73798	11.858643
-39.060139	281.64453	11.868408
-39.057793	277.91925	11.878174
-39.057877	280.62448	11.887939
-39.057846	284.18301	11.897705
-39.055962	287.47186	11.907471
-39.05481	288.00934	11.917236
-39.054474	282.42621	11.927002
-39.052975	284.33984	11.936768
-39.053139	282.98886	11.946533
-39.052109	282.54803	11.956299
-39.050713	288.39853	11.966064
-39.049816	290.51416	11.97583
-39.04932	290.866	11.985596
-39.049061	284.38742	11.995361
-39.047821	281.9733	12.005127
-39.046314	288.88538	12.014893
-39.0467	291.15613	12.024658
-39.045364	294.68768	12.034424
-39.045231	290.97635	12.044189
-39.043194	287.93512	12.053955
-39.04306	289.2265	12.063721
-39.042179	287.00195	12.073486
-39.041416	293.25931	12.083252
-39.040878	298.04785	12.093018
-39.038891	295.14392	12.102783
-39.039181	294.51733	12.112549
-39.037712	288.88937	12.122314
-39.037144	289.47937	12.13208
-39.036034	296.47812	12.141846
-39.035324	298.50015	12.151611
-39.034042	297.46936	12.161377
-39.034512	294.74652	12.171143
-39.033794	296.64505	12.180908
-39.032974	293.71912	12.190674
-39.030663	295.67068	12.200439
-39.031025	299.29434	12.210205
-39.030407	303.00385	12.219971
-39.029476	301.50027	12.229736
-39.029335	296.47864	12.239502
-39.02734	296.3941	12.249268
-39.026012	297.80643	12.259033
-39.025806	300.95734	12.268799
-39.024979	301.74576	12.278564
-39.024265	303.10587	12.28833
-39.024239	302.17487	12.298096
-39.022533	299.35437	12.307861
-39.022888	300.46893	12.317627
-39.021492	300.41891	12.327393
-39.019936	306.89917	12.337158
-39.018826	307.55737	12.346924
-39.018673	306.33905	12.356689
-39.0177	303.97299	12.366455
-39.016762	302.1463	12.376221
-39.016212	305.8674	12.385986
-39.015507	307.48096	12.395752
-39.014538	307.09482	12.405518
-39.013115	310.58981	12.415283
-39.011734	309.68396	12.425049
-39.012325	307.29828	12.434814
-39.012394	303.3627	12.44458
-39.010574	306.78641	12.454346
-39.009422	311.84528	12.464111
-39.009724	312.2648	12.473877
-39.008865	313.08325	12.483643
-39.007233	309.74506	12.493408
-39.005386	309.25183	12.503174
-39.005894	310.33334	12.512939
-39.004578	311.7749	12.522705
-39.003757	314.41861	12.532471
-39.003735	318.41327	12.542236
-39.00145	314.91574	12.552002
-39.001839	308.44113	12.561768
-39.000759	311.51953	12.571533
-39.000645	315.17453	12.581299
-38.999554	318.27863	12.591064
-38.997871	319.02032	12.60083
-38.99659	315.64328	12.610596
-38.996468	316.05988	12.620361
-38.996944	312.64371	12.630127
-38.99535	312.4805	12.639893
-38.993999	319.63031	12.649658
-38.992954	321.35223	12.659424
-38.992508	322.76889	12.669189
-38.991043	316.85449	12.678955
-38.99155	314.07129	12.688721
-38.990204	317.27399	12.698486
-38.988522	321.91354	12.708252
-38.988026	326.45511	12.718018
-38.988346	324.40799	12.727783
-38.987206	322.20996	12.737549
-38.98518	320.77521	12.747314
-38.985119	318.00507	12.75708
-38.984322	322.94409	12.766846
-38.983917	326.88126	12.776611
-38.983177	329.24484	12.786377
-38.981716	326.18848	12.796143
-38.981426	321.99997	12.805908
-38.98035	320.47504	12.815674
-38.979496	327.88135	12.825439
-38.97842	329.18179	12.835205
-38.977818	329.00424	12.844971
-38.978222	326.61124	12.854736
-38.977592	326.58676	12.864502
-38.975079	326.3949	12.874268
-38.975441	325.71118	12.884033
-38.974705	328.08759	12.893799
-38.972218	332.82162	12.903564
-38.972729	332.7616	12.91333
-38.972446	330.74725	12.923096
-38.970531	327.96432	12.932861
-38.969654	327.4707	12.942627
-38.968513	331.1507	12.952393
-38.968174	332.14975	12.962158
-38.968037	332.64352	12.971924
-38.966549	334.77051	12.981689
-38.965672	332.97873	12.991455
-38.965858	332.42404	13.001221
-38.963608	328.26477	13.010986
-38.9641	335.74551	13.020752
-38.962574	339.68359	13.030518
-38.961819	336.94785	13.040283
-38.960953	336.62405	13.050049
-38.960041	333.29068	13.059814
-38.960205	334.4986	13.06958
-38.958008	337.28091	13.079346
-38.958473	335.43384	13.089111
-38.956886	340.64676	13.098877
-38.956654	342.38495	13.108643
-38.954964	338.40457	13.118408
-38.954315	334.17047	13.128174
-38.954796	334.73688	13.137939
-38.95245	341.99036	13.147705
-38.952702	344.44937	13.157471
-38.951633	345.28867	13.167236
-38.950695	340.66568	13.177002
-38.949165	338.44547	13.186768
-38.948631	338.57516	13.196533
-38.947456	341.93561	13.206299
-38.94611	345.09967	13.216064
-38.94709	347.97217	13.22583
-38.945999	344.74579	13.235596
-38.94516	340.27353	13.245361
-38.943851	339.78659	13.255127
-38.942032	342.83041	13.264893
-38.942265	349.76733	13.274658
-38.941116	349.87369	13.284424
-38.941273	346.22449	13.294189
-38.939693	347.99911	13.303955
-38.9384	342.94711	13.313721
-38.938152	344.6813	13.323486
-38.936996	350.66599	13.333252
-38.936672	350.76016	13.343018
-38.936329	354.73972	13.352783
-38.935478	349.74155	13.362549
-38.934246	345.04172	13.372314
-38.934135	346.09824	13.38208
-38.932114	351.55783	13.391846
-38.931522	355.11499	13.401611
-38.93021	354.21313	13.411377
-38.930222	352.40146	13.421143
-38.929966	352.00797	13.430908
-38.928421	348.91428	13.440674
-38.927216	352.98831	13.450439
-38.926525	352.961	13.460205
-38.926247	357.71091	13.469971
-38.924725	359.08667	13.479736
-38.924973	352.69077	13.489502
-38.923168	352.75668	13.499268
-38.921562	353.67618	13.509033
-38.921875	358.40634	13.518799
-38.921459	358.06049	13.528564
-38.919773	357.6373	13.53833
-38.918583	357.19293	13.548096
-38.919186	357.74396	13.557861
-38.918949	355.2438	13.567627
-38.917213	355.92313	13.577393
-38.915993	361.20419	13.587158
-38.915699	361.96863	13.596924
-38.914421	361.44925	13.606689
-38.914845	359.36261	13.616455
-38.913036	359.10718	13.626221
-38.91164	359.80884	13.635986
-38.911736	362.89758	13.645752
-38.909931	364.52359	13.655518
-38.909615	364.79907	13.665283
-38.908722	366.71335	13.675049
-38.907795	362.42657	13.684814
-38.906979	356.99353	13.69458
-38.906178	363.24066	13.704346
-38.906338	366.43723	13.714111
-38.904026	366.5253	13.723877
-38.903809	368.0979	13.733643
-38.903423	364.94742	13.743408
-38.902454	364.37039	13.753174
-38.901436	363.53494	13.762939
-38.900814	363.61514	13.772705
-38.900295	369.78754	13.782471
-38.899731	371.30716	13.792236
-38.898335	369.28491	13.802002
-38.897869	365.68079	13.811768
-38.896412	363.05637	13.821533
-38.896217	369.28314	13.831299
-38.895622	372.55038	13.841064
-38.894684	374.06134	13.85083
-38.893589	373.4502	13.860596
-38.892792	369.28778	13.870361
-38.891422	367.76675	13.880127
-38.892273	369.77325	13.889893
-38.88995	374.49771	13.899658
-38.889858	376.76376	13.909424
-38.888378	376.36011	13.919189
-38.886494	373.50977	13.928955
-38.888016	368.79565	13.938721
-38.885441	371.23859	13.948486
-38.884972	377.23398	13.958252
-38.883957	381.00101	13.968018
-38.882267	377.03128	13.977783
-38.882442	376.02625	13.987549
-38.881344	373.38226	13.997314
-38.881435	374.70331	14.00708
-38.881027	377.69498	14.016846
-38.879448	378.20563	14.026611
-38.878754	383.1062	14.036377
-38.877689	380.74374	14.046143
-38.877571	375.16751	14.055908
-38.875389	377.05508	14.065674
-38.876225	378.66959	14.075439
-38.874561	383.10413	14.085205
-38.87336	383.20438	14.094971
-38.874725	380.40201	14.104736
-38.872215	381.84045	14.114502
-38.871986	379.09311	14.124268
-38.870304	381.52148	14.134033
-38.869656	381.43793	14.143799
-38.868675	385.32016	14.153564
-38.868629	388.66589	14.16333
-38.867142	384.07907	14.173096
-38.866631	382.74658	14.182861
-38.866211	383.95126	14.192627
-38.864956	385.77768	14.202393
-38.863979	388.75262	14.212158
-38.86356	386.61078	14.221924
-38.861637	387.96509	14.231689
-38.860832	387.98077	14.241455
-38.861408	385.03467	14.251221
-38.85989	383.17471	14.260986
-38.85947	388.92307	14.270752
-38.858391	392.63037	14.280518
-38.856014	393.02356	14.290283
-38.857819	389.54984	14.300049
-38.854996	386.84775	14.309814
-38.854649	389.63647	14.31958
-38.85416	390.48444	14.329346
-38.853703	391.91464	14.339111
-38.852047	394.19275	14.348877
-38.851967	393.76251	14.358643
-38.851097	393.41034	14.368408
-38.850269	388.4025	14.378174
-38.849373	390.54401	14.387939
-38.848087	394.23178	14.397705
-38.847198	398.07208	14.407471
-38.847725	399.01971	14.417236
-38.846123	393.01108	14.427002
-38.845318	391.34644	14.436768
-38.844746	393.36646	14.446533
-38.845417	393.32266	14.456299
-38.843216	398.67233	14.466064
-38.842255	399.81192	14.47583
-38.840939	399.94104	14.485596
-38.840603	395.66116	14.495361
-38.838917	391.14377	14.505127
-38.839355	396.1434	14.514893
-38.836674	401.33301	14.524658
-38.837627	402.81659	14.534424
-38.837421	400.74918	14.544189
-38.834892	398.01675	14.553955
-38.835194	396.66263	14.563721
-38.833832	399.37311	14.573486
-38.833523	401.39688	14.583252
-38.831635	404.63821	14.593018
-38.831802	404.9425	14.602783
-38.831818	403.61685	14.612549
-38.829792	396.86371	14.622314
-38.828568	399.23639	14.63208
-38.826981	403.76456	14.641846
-38.828011	406.70486	14.651611
-38.827202	406.77451	14.661377
-38.825569	404.17639	14.671143
-38.825382	402.47189	14.680908
-38.824528	402.33374	14.690674
-38.823391	404.20071	14.700439
-38.823055	404.13925	14.710205
-38.821148	410.48801	14.719971
-38.822517	410.34973	14.729736
-38.819351	403.82574	14.739502
-38.820553	404.05673	14.749268
-38.817738	404.82861	14.759033
-38.817219	410.24554	14.768799
-38.817791	409.66919	14.778564
-38.815495	408.82623	14.78833
-38.815029	409.7916	14.798096
-38.814846	409.849	14.807861
-38.81398	407.57849	14.817627
-38.813183	408.23746	14.827393
-38.812359	410.61087	14.837158
-38.811848	415.40225	14.846924
-38.810539	412.84158	14.856689
-38.809765	411.51004	14.866455
-38.810349	409.07321	14.876221
-38.807957	410.65054	14.885986
-38.806934	413.40283	14.895752
-38.806149	413.76364	14.905518
-38.805786	415.33167	14.915283
-38.804554	416.35513	14.925049
-38.803646	412.00821	14.934814
-38.802998	411.46716	14.94458
-38.801361	411.82358	14.954346
-38.801617	416.21057	14.964111
-38.800133	421.397	14.973877
-38.798962	417.84613	14.983643
-38.798531	412.63123	14.993408
-38.798584	413.0643	15.003174
-38.797497	412.19052	15.012939
-38.797409	416.43393	15.022705
-38.794838	420.7858	15.032471
-38.794823	420.46609	15.042236
-38.793514	420.29221	15.052002
-38.793339	413.73834	15.061768
-38.792774	414.05292	15.071533
-38.791714	417.87451	15.081299
-38.791698	422.86899	15.091064
-38.790718	425.27628	15.10083
-38.789303	419.60791	15.110596
-38.788181	418.2663	15.120361
-38.786678	418.34421	15.130127
-38.787228	419.05148	15.139893
-38.786388	425.04385	15.149658
-38.78508	425.78571	15.159424
-38.784714	424.54095	15.169189
-38.783367	420.96774	15.178955
-38.78249	415.58621	15.188721
-38.781815	420.61185	15.198486
-38.780739	425.38654	15.208252
-38.779716	428.25888	15.218018
-38.77898	426.96854	15.227783
-38.778637	422.85031	15.237549
-38.778091	421.55988	15.247314
-38.775536	422.47809	15.25708
-38.777534	424.12076	15.266846
-38.774181	428.06943	15.276611
-38.775486	429.83469	15.286377
-38.774765	429.67902	15.296143
-38.772732	423.7312	15.305908
-38.771973	423.59769	15.315674
-38.771435	427.09061	15.325439
-38.770443	430.09314	15.335205
-38.769314	431.87952	15.344971
-38.768288	429.09949	15.354736
-38.767002	426.8317	15.364502
-38.767094	427.90567	15.374268
-38.766464	429.41519	15.384033
-38.766026	426.93228	15.393799
-38.765217	432.75858	15.403564
-38.76458	433.46722	15.41333
-38.76384	431.57092	15.423096
-38.763432	430.45541	15.432861
-38.76075	427.29797	15.442627
-38.760639	434.01126	15.452393
-38.760338	432.51691	15.462158
-38.758232	433.62872	15.471924
-38.758549	435.11734	15.481689
-38.757374	433.04953	15.491455
-38.756428	431.4086	15.501221
-38.755573	429.17279	15.510986
-38.755871	432.36618	15.520752
-38.753677	438.66382	15.530518
-38.753731	438.31332	15.540283
-38.754219	437.85828	15.550049
-38.751507	431.61261	15.559814
-38.751564	433.336	15.56958
-38.751076	435.51633	15.579346
-38.750023	436.64224	15.589111
-38.748322	439.59915	15.598877
-38.746361	440.17847	15.608643
-38.746483	436.86865	15.618408
-38.746246	433.95486	15.628174
-38.745937	433.88577	15.637939
-38.744148	439.2243	15.647705
-38.743759	443.64731	15.657471
-38.742634	442.21228	15.667236
-38.742813	437.18387	15.677002
-38.741863	434.41772	15.686768
-38.740467	435.87723	15.696533
-38.738724	438.83945	15.706299
-38.737938	443.59283	15.716064
-38.737831	444.2179	15.72583
-38.736942	443.43942	15.735596
-38.736588	438.10892	15.745361
-38.735882	435.11914	15.755127
-38.734596	437.19565	15.764893
-38.733799	444.272	15.774658
-38.733677	447.82831	15.784424
-38.732712	442.90472	15.794189
-38.73251	440.62524	15.803955
-38.730522	440.46863	15.813721
-38.730328	440.37534	15.823486
-38.728809	446.46774	15.833252
-38.728062	446.66989	15.843018
-38.728146	447.44238	15.852783
-38.725796	447.40128	15.862549
-38.725124	439.68475	15.872314
-38.72543	442.83405	15.88208
-38.723808	444.73785	15.891846
-38.722965	450.5249	15.901611
-38.723274	448.79633	15.911377
-38.720337	445.2276	15.921143
-38.721161	444.10382	15.930908
-38.72094	444.01364	15.940674
-38.718945	446.20547	15.950439
-38.719528	447.35345	15.960205
-38.717239	449.98486	15.969971
-38.717403	451.94653	15.979736
-38.716789	448.12741	15.989502
-38.716267	445.1207	15.999268
-38.714176	446.62643	16.009033
-38.712112	450.47836	16.018799
-38.713135	452.58661	16.028564
-38.712238	452.63647	16.03833
-38.710346	449.54376	16.048096
-38.71051	450.20135	16.057861
-38.709694	449.34576	16.067627
-38.709415	447.90393	16.077393
-38.707119	452.57239	16.087158
-38.70842	455.69574	16.096924
-38.706768	455.38843	16.106689
-38.70612	452.81836	16.116455
-38.704075	447.56799	16.126221
-38.703915	452.0675	16.135986
-38.703831	454.15063	16.145752
-38.702038	453.97369	16.155518
-38.701286	456.47012	16.165283
-38.70116	454.68317	16.175049
-38.699608	453.39273	16.184814
-38.699383	450.98306	16.19458
-38.697781	451.38928	16.204346
-38.69767	456.65933	16.214111
-38.696766	460.55621	16.223877
-38.694901	459.66629	16.233643
-38.695408	452.88443	16.243408
-38.693951	450.63892	16.253174
-38.693138	456.18155	16.262939
-38.692986	456.54562	16.272705
-38.691612	459.82959	16.282471
-38.690411	460.59729	16.292236
-38.690052	457.2251	16.302002
-38.688305	455.51358	16.311768
-38.688255	453.74838	16.321533
-38.686947	456.22809	16.331299
-38.687504	462.84143	16.341064
-38.686092	463.1087	16.35083
-38.68576	458.6608	16.360596
-38.684597	455.19934	16.370361
-38.683121	455.595	16.380127
-38.683022	458.37964	16.389893
-38.681377	461.17349	16.399658
-38.680981	462.28738	16.409424
-38.680336	464.45728	16.419189
-38.679558	458.58578	16.428955
-38.677395	454.47641	16.438721
-38.67762	459.01358	16.448486
-38.676746	461.50882	16.458252
-38.676392	465.9054	16.468018
-38.675621	462.9899	16.477783
-38.674278	459.05353	16.487549
-38.673687	459.03427	16.497314
-38.672146	460.15393	16.50708
-38.671936	462.90131	16.516846
-38.671124	462.1084	16.526611
-38.670856	466.20807	16.536377
-38.670368	464.78809	16.546143
-38.669685	460.78033	16.555908
-38.667713	460.5065	16.565674
-38.667919	460.25677	16.575439
-38.666298	466.3996	16.585205
-38.665192	466.98718	16.594971
-38.663876	463.12485	16.604736
-38.663841	463.42255	16.614502
-38.662762	463.84354	16.624268
-38.663063	463.09729	16.634033
-38.661251	464.06128	16.643799
-38.660732	465.44739	16.653564
-38.659725	469.27957	16.66333
-38.657867	466.42612	16.673096
-38.657463	463.37299	16.682861
-38.657898	463.55304	16.692627
-38.656761	465.28644	16.702393
-38.655243	468.86761	16.712158
-38.654961	466.87872	16.721924
-38.654427	469.67612	16.731689
-38.652733	468.35043	16.741455
-38.65295	466.4252	16.751221
-38.652218	462.97006	16.760986
-38.650539	468.15799	16.770752
-38.648998	469.73834	16.780518
-38.648289	473.46356	16.790283
-38.647518	469.26376	16.800049
-38.647099	462.91702	16.809814
-38.646858	465.59052	16.81958
-38.646019	467.59128	16.829346
-38.644901	469.51572	16.839111
-38.644451	473.10269	16.848877
-38.64397	470.51349	16.858643
-38.643013	468.92944	16.868408
-38.642136	465.63226	16.878174
-38.641479	463.71729	16.887939
-38.640854	470.53922	16.897705
-38.639847	474.66833	16.907471
-38.638969	475.04715	16.917236
-38.637882	468.40314	16.927002
-38.63694	466.29477	16.936768
-38.635971	467.97943	16.946533
-38.635773	471.32269	16.956299
-38.635639	475.11282	16.966064
-38.633274	474.33633	16.97583
-38.632713	473.15765	16.985596
-38.63139	471.49655	16.995361
-38.632488	466.2005	17.005127
-38.630257	468.08096	17.014893
-38.629173	475.0817	17.024658
-38.629818	476.20331	17.034424
-38.62822	474.24493	17.044189
-38.627125	468.21851	17.053955
-38.626865	466.4639	17.063721
-38.625198	472.03683	17.073486
-38.624649	473.09152	17.083252
-38.623749	474.7529	17.093018
-38.623215	475.1785	17.102783
-38.622898	473.53333	17.112549
-38.622227	468.8486	17.122314
-38.621098	469.21667	17.13208
-38.619572	473.11618	17.141846
-38.619518	476.78976	17.151611
-38.618935	476.85196	17.161377
-38.617096	475.47083	17.171143
-38.617279	471.40836	17.180908
-38.615746	472.38196	17.190674
-38.615002	474.7446	17.200439
-38.614674	474.06137	17.210205
-38.613735	476.98572	17.219971
-38.61132	477.84103	17.229736
-38.612835	473.37332	17.239502
-38.612728	473.40704	17.249268
-38.609875	471.38022	17.259033
-38.610855	475.15091	17.268799
-38.608246	478.17291	17.278564
-38.608257	474.99405	17.28833
-38.606762	474.44717	17.298096
-38.60664	474.60306	17.307861
-38.604679	472.91364	17.317627
-38.604919	473.9548	17.327393
-38.603809	475.13971	17.337158
-38.602966	479.84631	17.346924
-38.601112	478.58252	17.356689
-38.600842	475.49863	17.366455
-38.601254	472.0105	17.376221
-38.59927	472.32657	17.385986
-38.598858	477.28818	17.395752
-38.598553	478.30023	17.405518
-38.59779	478.75702	17.415283
-38.596138	479.07489	17.425049
-38.595646	475.19397	17.434814
-38.594551	474.2486	17.44458
-38.59444	473.92609	17.454346
-38.593334	477.8338	17.464111
-38.592255	483.56366	17.473877
-38.593399	479.14209	17.483643
-38.590153	474.4548	17.493408
-38.59008	473.89627	17.503174
-38.589653	474.94489	17.512939
-38.588959	478.5239	17.522705
-38.58873	482.44815	17.532471
-38.586861	480.58383	17.542236
-38.585209	478.98557	17.552002
-38.584507	475.10461	17.561768
-38.583588	472.82758	17.571533
-38.583321	478.01456	17.581299
-38.583454	481.45618	17.591064
-38.581429	484.23264	17.60083
-38.580502	478.54483	17.610596
-38.580299	475.17807	17.620361
-38.578674	476.45129	17.630127
-38.5784	478.31485	17.639893
-38.578278	480.74329	17.649658
-38.576313	481.4437	17.659424
-38.576042	480.3566	17.669189
-38.574677	478.61411	17.678955
-38.574982	471.797	17.688721
-38.574696	476.14371	17.698486
-38.572739	480.81509	17.708252
-38.572849	483.35492	17.718018
-38.571323	482.85168	17.727783
-38.571304	476.32248	17.737549
-38.56958	474.32883	17.747314
-38.568127	478.08954	17.75708
-38.566929	479.83704	17.766846
-38.567348	480.8475	17.776611
-38.566494	481.11127	17.786377
-38.565266	480.32303	17.796143
-38.564083	478.88489	17.805908
-38.5634	476.38144	17.815674
-38.562824	476.5675	17.825439
-38.562988	482.22864	17.835205
-38.561039	481.98669	17.844971
-38.561291	481.34653	17.854736
-38.560184	478.07306	17.864502
-38.558277	477.95013	17.874268
-38.558842	478.09897	17.884033
-38.55703	477.10422	17.893799
-38.556362	479.50067	17.903564
-38.555763	481.7652	17.91333
-38.555264	480.7034	17.923096
-38.554138	478.72192	17.932861
-38.552631	474.42883	17.942627
-38.552551	478.28796	17.952393
-38.550926	481.58624	17.962158
-38.550591	479.08221	17.971924
-38.550079	481.61783	17.981689
-38.550892	480.28888	17.991455
-38.548454	476.30423	18.001221
-38.548824	476.26306	18.010986
-38.547863	477.74918	18.020752
-38.545368	483.06979	18.030518
-38.544716	484.5546	18.040283
-38.54314	479.88702	18.050049
-38.542416	476.10767	18.059814
-38.542248	474.52258	18.06958
-38.541687	479.04886	18.079346
-38.541817	481.05588	18.089111
-38.540577	482.92386	18.098877
-38.539143	481.42133	18.108643
-38.538948	479.31705	18.118408
-38.537971	476.07071	18.128174
-38.538136	474.61725	18.137939
-38.536148	478.20657	18.147705
-38.535389	484.88141	18.157471
-38.535168	483.63718	18.167236
-38.533012	478.08768	18.177002
-38.532368	474.72058	18.186768
-38.532455	476.13736	18.196533
-38.531277	480.56729	18.206299
-38.530281	482.63885	18.216064
-38.529583	482.12186	18.22583
-38.528183	480.95465	18.235596
-38.528652	477.77423	18.245361
-38.527176	474.58951	18.255127
-38.526157	478.34207	18.264893
-38.525703	481.04715	18.274658
-38.525059	484.61581	18.284424
-38.52433	481.26376	18.294189
-38.522472	475.46832	18.303955
-38.521698	476.73535	18.313721
-38.522274	477.60059	18.323486
-38.521847	480.29092	18.333252
-38.5187	481.68228	18.343018
-38.51926	480.43533	18.352783
-38.519299	479.49805	18.362549
-38.518456	475.36038	18.372314
-38.515446	476.40793	18.38208
-38.515743	479.18796	18.391846
-38.51487	482.95941	18.401611
-38.514072	483.33316	18.411377
-38.514214	478.1315	18.421143
-38.51231	476.83243	18.430908
-38.510601	478.45233	18.440674
-38.510616	477.35703	18.450439
-38.510361	479.61783	18.460205
-38.509758	481.31644	18.469971
-38.508926	480.10876	18.479736
-38.508217	480.69809	18.489502
-38.506866	476.65335	18.499268
-38.506584	475.27499	18.509033
-38.504944	479.75659	18.518799
-38.504196	481.35287	18.528564
-38.504742	479.70773	18.53833
-38.502598	480.68219	18.548096
-38.501919	478.79282	18.557861
-38.501045	477.93768	18.567627
-38.501247	475.38834	18.577393
-38.499416	477.83643	18.587158
-38.499352	482.2666	18.596924
-38.498425	482.07092	18.606689
-38.497066	478.49835	18.616455
-38.496185	473.37772	18.626221
-38.495609	475.45956	18.635986
-38.494392	479.49942	18.645752
-38.49337	479.06509	18.655518
-38.492256	482.99377	18.665283
-38.492249	478.31778	18.675049
-38.491566	477.55023	18.684814
-38.489872	474.6774	18.69458
-38.490479	474.33981	18.704346
-38.489204	478.79553	18.714111
-38.488392	482.86801	18.723877
-38.487675	480.92612	18.733643
-38.487057	475.30588	18.743408
-38.485504	472.95786	18.753174
-38.484138	475.06311	18.762939
-38.484379	480.19034	18.772705
-38.483494	480.51196	18.782471
-38.482044	480.5145	18.792236
-38.482281	476.66837	18.802002
-38.480888	475.26868	18.811768
-38.480934	470.45322	18.821533
-38.479462	474.91721	18.831299
-38.478271	481.57831	18.841064
-38.478115	483.31277	18.85083
-38.476505	476.66489	18.860596
-38.475281	473.42435	18.870361
-38.473827	473.15488	18.880127
-38.47435	476.35287	18.889893
-38.473354	480.32825	18.899658
-38.472969	479.1004	18.909424
-38.471848	479.31577	18.919189
-38.471642	475.95517	18.928955
-38.469475	471.82877	18.938721
-38.469433	474.09723	18.948486
-38.469452	475.90375	18.958252
-38.468163	481.61865	18.968018
-38.466396	478.87741	18.977783
-38.46669	474.41656	18.987549
-38.465214	473.89871	18.997314
-38.465752	474.52109	19.00708
-38.463524	476.77115	19.016846
-38.463722	477.61191	19.026611
-38.462906	477.79514	19.036377
-38.460335	480.50708	19.046143
-38.461006	472.79504	19.055908
-38.459927	473.42722	19.065674
-38.458672	473.67935	19.075439
-38.457748	476.97147	19.085205
-38.4575	481.54355	19.094971
-38.456989	475.84491	19.104736
-38.455238	473.40616	19.114502
-38.455635	474.65756	19.124268
-38.453751	473.46585	19.134033
-38.451992	474.60062	19.143799
-38.452045	477.23456	19.153564
-38.451427	477.88199	19.16333
-38.450748	478.5173	19.173096
-38.450401	474.32584	19.182861
-38.450165	471.10519	19.192627
-38.448837	473.93259	19.202393
-38.446869	475.58087	19.212158
-38.447117	477.16635	19.221924
-38.445595	478.3161	19.231689
-38.44516	474.47903	19.241455
-38.444286	474.5191	19.251221
-38.443645	470.65671	19.260986
-38.442158	472.12137	19.270752
-38.441605	477.68121	19.280518
-38.440094	478.45886	19.290283
-38.439465	476.9234	19.300049
-38.43951	469.37555	19.309814
-38.439285	470.97986	19.31958
-38.436714	474.20575	19.329346
-38.436836	475.52722	19.339111
-38.436199	480.04678	19.348877
-38.435204	474.72772	19.358643
-38.434116	473.76218	19.368408
-38.43269	471.60217	19.378174
-38.432926	467.44247	19.387939
-38.431576	475.35339	19.397705
-38.431778	478.47388	19.407471
-38.430748	477.69791	19.417236
-38.429703	472.02475	19.427002
-38.429695	468.08813	19.436768
-38.428108	470.13409	19.446533
-38.426964	474.03085	19.456299
-38.426224	476.5556	19.466064
-38.425175	474.65659	19.47583
-38.425209	474.40753	19.485596
-38.424576	470.478	19.495361
-38.42345	466.17081	19.505127
-38.422909	470.39572	19.514893
-38.421505	475.52954	19.524658
-38.421284	478.45441	19.534424
-38.419468	472.34033	19.544189
-38.418903	469.03912	19.553955
-38.4184	466.88828	19.563721
-38.416851	471.62131	19.573486
-38.416828	474.18332	19.583252
-38.416687	473.66235	19.593018
-38.415638	475.32172	19.602783
-38.413887	472.0314	19.612549
-38.412956	470.40982	19.622314
-38.412594	468.77097	19.63208
-38.41066	469.90625	19.641846
-38.410885	475.55624	19.651611
-38.40974	473.52121	19.661377
-38.408615	471.5788	19.671143
-38.408226	469.89117	19.680908
-38.408291	469.44083	19.690674
-38.406422	470.28055	19.700439
-38.405975	470.29053	19.710205
-38.405464	472.01251	19.719971
-38.404362	474.37274	19.729736
-38.403255	471.53674	19.739502
-38.403084	469.40878	19.749268
-38.401966	465.56033	19.759033
-38.401329	471.36646	19.768799
-38.399857	474.82373	19.778564
-38.399448	471.35098	19.78833
-38.39819	471.43387	19.798096
-38.398315	470.18326	19.807861
-38.396584	469.08249	19.817627
-38.396301	468.7431	19.827393
-38.396755	469.89496	19.837158
-38.39444	474.19196	19.846924
-38.392979	474.1676	19.856689
-38.393578	469.9512	19.866455
-38.391525	465.88086	19.876221
-38.391884	467.216	19.885986
-38.389973	471.12033	19.895752
-38.389721	475.66821	19.905518
-38.388672	473.06857	19.915283
-38.388184	470.17618	19.925049
-38.38789	469.05768	19.934814
-38.386604	466.31461	19.94458
-38.385639	468.21381	19.954346
-38.384102	471.56903	19.964111
-38.383728	473.93414	19.973877
-38.382988	473.67844	19.983643
-38.383293	467.28369	19.993408
-38.381607	465.22534	20.003174
-38.380806	467.02005	20.012939


Data Header:			0.254_solid_dimension_typeiv_090_r0			Time:	29.595215	s	4/14/2019 1:43:15 AM
Data Acquisition:	Timed
Station Name:	ft40.cfg
Test File Name:	monotonic_0.2540_typeiv_solid_090_dimension.tst
Displacement	Force	Running Time
mm	N	s
-38.379253	470.17361	20.022705
-38.379162	475.64285	20.032471
-38.37822	470.26804	20.042236
-38.376556	471.10306	20.052002
-38.376144	467.34109	20.061768
-38.375412	464.02847	20.071533
-38.375805	469.85544	20.081299
-38.374107	472.72943	20.091064
-38.374443	474.87976	20.10083
-38.372837	471.84552	20.110596
-38.371571	463.71295	20.120361
-38.371147	465.68118	20.130127
-38.369614	469.7103	20.139893
-38.369137	471.07156	20.149658
-38.369774	471.98718	20.159424
-38.368114	469.27402	20.169189
-38.366753	469.09531	20.178955
-38.365612	464.79715	20.188721
-38.365009	466.05496	20.198486
-38.365051	469.26492	20.208252
-38.363628	471.08582	20.218018
-38.363613	471.40948	20.227783
-38.361568	465.29166	20.237549
-38.362488	463.68997	20.247314
-38.36039	466.26926	20.25708
-38.360222	468.43704	20.266846
-38.359543	467.97513	20.276611
-38.357407	469.60025	20.286377
-38.356857	468.43887	20.296143
-38.356571	467.93933	20.305908
-38.355762	464.84766	20.315674
-38.354443	464.28098	20.325439
-38.353916	470.36572	20.335205
-38.353344	470.42548	20.344971
-38.35236	468.18521	20.354736
-38.352154	468.17148	20.364502
-38.350677	464.83987	20.374268
-38.34996	466.6485	20.384033
-38.348694	466.81387	20.393799
-38.34882	467.12509	20.403564
-38.346798	471.85074	20.41333
-38.347111	468.54883	20.423096
-38.345596	467.36563	20.432861
-38.344589	463.67957	20.442627
-38.344067	465.7543	20.452393
-38.34304	470.08908	20.462158
-38.342442	468.22626	20.471924
-38.341625	471.49005	20.481689
-38.340778	465.65027	20.491455
-38.340672	465.1167	20.501221
-38.339558	464.57816	20.510986
-38.339394	464.8201	20.520752
-38.338078	468.60553	20.530518
-38.337555	472.30249	20.540283
-38.336334	467.79279	20.550049
-38.334564	463.04163	20.559814
-38.33387	462.30118	20.56958
-38.332397	464.76895	20.579346
-38.332901	470.44037	20.589111
-38.332123	471.2832	20.598877
-38.330914	467.83691	20.608643
-38.331551	465.75403	20.618408
-38.330479	462.63724	20.628174
-38.330288	462.90948	20.637939
-38.327538	466.59232	20.647705
-38.328461	471.88678	20.657471
-38.327026	471.53363	20.667236
-38.325527	465.34296	20.677002
-38.325466	462.05838	20.686768
-38.323849	462.60522	20.696533
-38.322739	467.55304	20.706299
-38.322712	470.85812	20.716064
-38.321087	466.70596	20.72583
-38.320488	467.38724	20.735596
-38.319622	464.77945	20.745361
-38.319408	461.58664	20.755127
-38.318363	466.22568	20.764893
-38.317814	466.97211	20.774658
-38.316956	471.56696	20.784424
-38.315678	466.53571	20.794189
-38.314293	462.14035	20.803955
-38.314777	460.94836	20.813721
-38.31332	464.30334	20.823486
-38.311852	467.43863	20.833252
-38.311722	467.59634	20.843018
-38.310493	466.13657	20.852783
-38.310211	466.99771	20.862549
-38.308571	464.93668	20.872314
-38.309624	462.45685	20.88208
-38.308025	463.69885	20.891846
-38.306213	468.76752	20.901611
-38.306107	469.73846	20.911377
-38.305084	465.27609	20.921143
-38.304901	463.07794	20.930908
-38.302776	463.14139	20.940674
-38.302784	464.73438	20.950439
-38.301239	464.77612	20.960205
-38.30101	466.47708	20.969971
-38.3004	466.95755	20.979736
-38.298294	466.9234	20.989502
-38.298676	462.52963	20.999268
-38.297794	459.24634	21.009033
-38.296471	465.18503	21.018799
-38.297661	466.22974	21.028564
-38.295742	466.95987	21.03833
-38.296104	465.43832	21.048096
-38.292835	462.00485	21.057861
-38.292339	463.27304	21.067627
-38.291866	462.0719	21.077393
-38.29113	462.7175	21.087158
-38.290058	467.15424	21.096924
-38.289379	468.30698	21.106689
-38.288548	465.87064	21.116455
-38.287743	459.84439	21.126221
-38.286617	460.97842	21.135986
-38.285904	465.76517	21.145752
-38.285954	465.16428	21.155518
-38.285362	469.18527	21.165283
-38.283466	464.72928	21.175049
-38.282726	461.11063	21.184814
-38.282452	460.85159	21.19458
-38.281563	461.18466	21.204346
-38.280693	466.49924	21.214111
-38.279922	470.46225	21.223877
-38.278435	466.76315	21.233643
-38.278763	462.9397	21.243408
-38.276802	458.82477	21.253174
-38.276394	460.72076	21.262939
-38.27562	467.39514	21.272705
-38.274712	467.90338	21.282471
-38.274265	466.21387	21.292236
-38.274147	464.07535	21.302002
-38.272743	459.85934	21.311768
-38.272442	459.71631	21.321533
-38.270981	462.22693	21.331299
-38.269257	466.6149	21.341064
-38.268509	468.88632	21.35083
-38.268673	462.66254	21.360596
-38.267498	460.3801	21.370361
-38.26635	457.84692	21.380127
-38.267345	464.74969	21.389893
-38.265614	466.82413	21.399658
-38.264149	466.64526	21.409424
-38.262924	465.42316	21.419189
-38.262165	463.13602	21.428955
-38.262081	460.32043	21.438721
-38.261147	460.92969	21.448486
-38.259918	461.14151	21.458252
-38.259514	467.95786	21.468018
-38.259075	466.17905	21.477783
-38.256798	459.68384	21.487549
-38.256561	460.57327	21.497314
-38.256954	459.79111	21.50708
-38.255138	464.38812	21.516846
-38.25489	464.44589	21.526611
-38.25423	463.79605	21.536377
-38.25251	465.30692	21.546143
-38.252052	462.80014	21.555908
-38.250599	460.19684	21.565674
-38.250378	460.61554	21.575439
-38.249279	462.01672	21.585205
-38.248642	467.13538	21.594971
-38.24786	463.44461	21.604736
-38.247124	462.66425	21.614502
-38.24585	461.04105	21.624268
-38.245682	461.25354	21.634033
-38.244987	461.73172	21.643799
-38.243752	464.78119	21.653564
-38.243393	464.39926	21.66333
-38.242329	465.85825	21.673096
-38.240963	461.73169	21.682861
-38.24028	456.49683	21.692627
-38.239922	461.43594	21.702393
-38.239079	462.13474	21.712158
-38.2384	465.07874	21.721924
-38.238689	464.90768	21.731689
-38.236359	461.88538	21.741455
-38.23513	459.41769	21.751221
-38.235649	459.77475	21.760986
-38.23473	459.96375	21.770752
-38.233444	463.66507	21.780518
-38.233162	465.02914	21.790283
-38.232235	463.94229	21.800049
-38.229923	458.23593	21.809814
-38.230976	457.03177	21.81958
-38.228973	460.5379	21.829346
-38.228794	464.81827	21.839111
-38.228329	466.13605	21.848877
-38.226814	463.88486	21.858643
-38.22525	459.89392	21.868408
-38.226147	458.29297	21.878174
-38.225109	457.38501	21.887939
-38.223057	462.30453	21.897705
-38.222515	467.10022	21.907471
-38.22213	466.63467	21.917236
-38.220631	461.48907	21.927002
-38.221817	456.05746	21.936768
-38.219761	457.12781	21.946533
-38.218525	464.11627	21.956299
-38.217751	464.8623	21.966064
-38.21727	465.84708	21.97583
-38.216164	460.95175	21.985596
-38.215435	459.47052	21.995361
-38.215115	458.07068	22.005127
-38.213806	459.42499	22.014893
-38.214191	463.62234	22.024658
-38.211651	465.99417	22.034424
-38.211456	463.00623	22.044189
-38.210945	458.23444	22.053955
-38.209938	456.51907	22.063721
-38.207844	461.0072	22.073486
-38.208946	463.40564	22.083252
-38.206875	462.15967	22.093018
-38.206795	464.43243	22.102783
-38.205544	461.09128	22.112549
-38.205284	459.16205	22.122314
-38.203335	459.08319	22.13208
-38.203697	458.17584	22.141846
-38.203156	465.35132	22.151611
-38.201172	466.20212	22.161377
-38.200943	460.44638	22.171143
-38.200901	460.07709	22.180908
-38.199188	458.8447	22.190674
-38.198219	459.27924	22.200439
-38.197994	461.94827	22.210205
-38.19812	461.37726	22.219971
-38.196087	464.62051	22.229736
-38.195915	463.09723	22.239502
-38.194489	459.27155	22.249268
-38.192856	455.64828	22.259033
-38.193481	461.67886	22.268799
-38.193672	464.32944	22.278564
-38.190712	463.59335	22.28833
-38.189152	462.71704	22.298096
-38.189735	460.04965	22.307861
-38.189594	460.07501	22.317627
-38.187294	459.53207	22.327393
-38.188637	461.21417	22.337158
-38.18626	463.177	22.346924
-38.185257	465.97424	22.356689
-38.183811	461.37503	22.366455
-38.184853	456.82031	22.376221
-38.182064	456.44629	22.385986
-38.180363	461.36588	22.395752
-38.181084	466.12085	22.405518
-38.180473	465.96167	22.415283
-38.179829	461.44159	22.425049
-38.179268	460.03815	22.434814
-38.177441	457.62488	22.44458
-38.177193	458.91946	22.454346
-38.176769	462.64398	22.464111
-38.175461	466.24432	22.473877
-38.174778	464.32736	22.483643
-38.17437	457.53836	22.493408
-38.172836	455.69339	22.503174
-38.171852	457.91794	22.512939
-38.171909	462.4975	22.522705
-38.171314	464.97375	22.532471
-38.170364	463.5412	22.542236
-38.169914	462.1235	22.552002
-38.16893	459.05099	22.561768
-38.167961	455.79474	22.571533
-38.166519	460.77576	22.581299
-38.166557	464.48087	22.591064
-38.165428	466.10022	22.60083
-38.16394	461.58789	22.610596
-38.162479	456.80197	22.620361
-38.162312	456.46469	22.630127
-38.163219	459.52054	22.639893
-38.161366	462.57254	22.649658
-38.160324	463.63947	22.659424
-38.16024	460.57758	22.669189
-38.158398	459.0885	22.678955
-38.159573	457.56982	22.688721
-38.158054	457.75763	22.698486
-38.15609	461.46344	22.708252
-38.155369	464.64349	22.718018
-38.155819	463.15695	22.727783
-38.154049	459.66412	22.737549
-38.152996	457.12796	22.747314
-38.15274	458.22141	22.75708
-38.152218	461.22635	22.766846
-38.150627	460.52145	22.776611
-38.148819	463.72922	22.786377
-38.148911	460.34256	22.796143
-38.147762	459.86154	22.805908
-38.146618	459.19879	22.815674
-38.147575	456.25656	22.825439
-38.145264	460.70523	22.835205
-38.144581	464.01031	22.844971
-38.143982	460.22137	22.854736
-38.142788	461.65204	22.864502
-38.142143	457.18903	22.874268
-38.142834	460.51306	22.884033
-38.140774	457.8421	22.893799
-38.140423	458.81366	22.903564
-38.13953	463.33237	22.91333
-38.138763	461.97012	22.923096
-38.137772	459.00192	22.932861
-38.137089	456.44418	22.942627
-38.135418	456.89606	22.952393
-38.133884	462.77985	22.962158
-38.134987	463.87497	22.971924
-38.132782	462.05707	22.981689
-38.132095	459.21143	22.991455
-38.131607	457.01913	23.001221
-38.13007	457.96585	23.010986
-38.130177	459.32758	23.020752
-38.129093	462.06503	23.030518
-38.128258	464.44073	23.040283
-38.127289	460.2236	23.050049
-38.126972	456.24591	23.059814
-38.12653	453.55765	23.06958
-38.125755	458.20432	23.079346
-38.123692	464.34738	23.089111
-38.12405	463.76041	23.098877
-38.122906	460.06201	23.108643
-38.122704	458.20895	23.118408
-38.120346	455.20355	23.128174
-38.120689	456.52365	23.137939
-38.119827	462.13351	23.147705
-38.118546	463.16238	23.157471
-38.117676	465.59491	23.167236
-38.11668	458.15866	23.177002
-38.11515	453.60715	23.186768
-38.116127	456.63599	23.196533
-38.11528	458.90027	23.206299
-38.11367	462.98853	23.216064
-38.113354	461.19958	23.22583
-38.112335	459.23657	23.235596
-38.111927	457.98856	23.245361
-38.111233	453.60522	23.255127
-38.110046	457.34259	23.264893
-38.108601	459.69623	23.274658
-38.109016	463.07074	23.284424
-38.106964	462.28931	23.294189
-38.105888	454.59164	23.303955
-38.105896	453.98425	23.313721
-38.105736	458.32086	23.323486
-38.104279	460.57764	23.333252
-38.102421	462.07886	23.343018
-38.104191	459.09274	23.352783
-38.101437	460.54434	23.362549
-38.100639	457.00824	23.372314
-38.099941	455.42407	23.38208
-38.099361	457.15909	23.391846
-38.098415	461.96201	23.401611
-38.097492	462.15649	23.411377
-38.095776	461.14929	23.421143
-38.096008	457.09988	23.430908
-38.095444	455.64542	23.440674
-38.093861	458.30048	23.450439
-38.093189	459.72473	23.460205
-38.093197	459.49976	23.469971
-38.091949	460.64166	23.479736
-38.090702	458.7142	23.489502
-38.090969	458.27057	23.499268
-38.08992	453.91287	23.509033
-38.088749	459.68085	23.518799
-38.087425	463.27954	23.528564
-38.085804	461.15182	23.53833
-38.0854	460.77618	23.548096
-38.084362	456.20483	23.557861
-38.084866	456.79132	23.567627
-38.083168	457.23709	23.577393
-38.083344	457.6619	23.587158
-38.082451	461.78244	23.596924
-38.080772	463.34473	23.606689
-38.080807	458.59821	23.616455
-38.079876	453.88846	23.626221
-38.078426	454.17102	23.635986
-38.078636	459.75421	23.645752
-38.076694	462.64203	23.655518
-38.075867	463.9711	23.665283
-38.075077	458.27371	23.675049
-38.074917	455.63092	23.684814
-38.074638	456.64343	23.69458
-38.072609	456.25534	23.704346
-38.07225	460.97891	23.714111
-38.072296	463.99188	23.723877
-38.071754	462.86319	23.733643
-38.069977	457.68137	23.743408
-38.070671	453.43262	23.753174
-38.068195	455.07291	23.762939
-38.067245	462.21344	23.772705
-38.066223	463.3688	23.782471
-38.065701	461.38312	23.792236
-38.064907	458.33771	23.802002
-38.064522	455.48029	23.811768
-38.062305	455.12347	23.821533
-38.061913	460.11224	23.831299
-38.061256	461.14355	23.841064
-38.061836	463.90762	23.85083
-38.061436	458.26147	23.860596
-38.058113	454.65652	23.870361
-38.058914	454.78381	23.880127
-38.058678	457.24225	23.889893
-38.056965	462.1232	23.899658
-38.056492	459.98557	23.909424
-38.05526	459.31055	23.919189
-38.054977	456.88184	23.928955
-38.052887	456.18509	23.938721
-38.051968	456.71771	23.948486
-38.051643	458.02963	23.958252
-38.051147	460.64377	23.968018
-38.050037	462.86148	23.977783
-38.050137	456.2442	23.987549
-38.04932	455.12369	23.997314
-38.048313	455.67981	24.00708
-38.047943	458.24124	24.016846
-38.044945	459.79355	24.026611
-38.045399	458.63327	24.036377
-38.044006	459.65976	24.046143
-38.04409	459.73572	24.055908
-38.042931	454.25937	24.065674
-38.041801	455.56046	24.075439
-38.04092	458.15781	24.085205
-38.040867	461.15002	24.094971
-38.039936	461.46387	24.104736
-38.040279	457.31564	24.114502
-38.037758	455.68069	24.124268
-38.037296	456.62259	24.134033
-38.036201	456.62015	24.143799
-38.03561	459.24271	24.153564
-38.035069	461.3905	24.16333
-38.03413	459.633	24.173096
-38.03344	456.88177	24.182861
-38.033478	450.84012	24.192627
-38.032227	453.43207	24.202393
-38.030926	459.77209	24.212158
-38.029488	461.19623	24.221924
-38.029331	461.51242	24.231689
-38.028522	455.65472	24.241455
-38.027809	456.68277	24.251221
-38.027157	456.41858	24.260986
-38.026611	456.19138	24.270752
-38.024754	462.47009	24.280518
-38.023891	460.9866	24.290283
-38.023029	460.68069	24.300049
-38.022747	455.18823	24.309814
-38.021122	451.08868	24.31958
-38.02142	456.62411	24.329346
-38.019516	461.94781	24.339111
-38.018646	463.26642	24.348877
-38.018814	458.76007	24.358643
-38.018391	456.12268	24.368408
-38.018234	456.9003	24.378174
-38.016453	453.77039	24.387939
-38.015377	459.13751	24.397705
-38.013897	462.66852	24.407471
-38.01503	462.24374	24.417236
-38.013268	457.26532	24.427002
-38.011459	451.77368	24.436768
-38.010891	453.87094	24.446533
-38.009022	459.19638	24.456299
-38.01038	461.55276	24.466064
-38.009029	461.02454	24.47583
-38.008549	457.1348	24.485596
-38.008038	454.55289	24.495361
-38.005951	454.58627	24.505127
-38.00602	458.08228	24.514893
-38.003883	458.55136	24.524658
-38.004604	463.03204	24.534424
-38.002869	459.96545	24.544189
-38.002754	455.39697	24.553955
-38.00087	454.42386	24.563721
-38.001324	454.71753	24.573486
-38.000023	459.40463	24.583252
-37.999187	460.48672	24.593018
-37.998108	458.76617	24.602783
-37.997551	458.03668	24.612549
-37.996922	455.29715	24.622314
-37.996212	455.58807	24.63208
-37.995255	453.95767	24.641846
-37.993912	459.63461	24.651611
-37.994343	462.79922	24.661377
-37.99194	457.0188	24.671143
-37.99226	455.44577	24.680908
-37.989937	453.14645	24.690674
-37.989498	455.31851	24.700439
-37.989895	459.74246	24.710205
-37.987556	458.53864	24.719971
-37.988144	458.40967	24.729736
-37.98661	459.66968	24.739502
-37.986698	456.84998	24.749268
-37.985043	454.60092	24.759033
-37.98526	455.29556	24.768799
-37.981815	460.38568	24.778564
-37.982082	461.43796	24.78833
-37.981808	458.67639	24.798096
-37.980625	454.47638	24.807861
-37.979927	454.35419	24.817627
-37.979294	456.31845	24.827393
-37.978233	457.1644	24.837158
-37.97802	459.43524	24.846924
-37.976898	460.24902	24.856689
-37.976879	457.3699	24.866455
-37.9748	452.31305	24.876221
-37.974926	452.97784	24.885986
-37.975071	456.3204	24.895752
-37.973103	462.44955	24.905518
-37.972687	460.16708	24.915283
-37.971176	454.9498	24.925049
-37.970375	453.48865	24.934814
-37.968815	452.95139	24.94458
-37.968369	454.04111	24.954346
-37.967991	460.20856	24.964111
-37.967133	459.29272	24.973877
-37.966923	460.90164	24.983643
-37.966263	453.72266	24.993408
-37.965084	449.09799	25.003174
-37.963871	454.81119	25.012939
-37.963444	458.78882	25.022705
-37.962414	462.71725	25.032471
-37.961372	459.07059	25.042236
-37.960598	454.20749	25.052002
-37.959225	455.15781	25.061768
-37.959209	452.82388	25.071533
-37.958309	457.28763	25.081299
-37.957195	459.17389	25.091064
-37.956989	460.14462	25.10083
-37.955502	457.55249	25.110596
-37.954113	453.62534	25.120361
-37.954613	454.02908	25.130127
-37.952675	455.31265	25.139893
-37.9538	458.31201	25.149658
-37.952393	460.45499	25.159424
-37.950981	456.45868	25.169189
-37.951378	455.89557	25.178955
-37.94936	455.77075	25.188721
-37.948284	453.80719	25.198486
-37.947479	456.14252	25.208252
-37.946392	459.79245	25.218018
-37.946705	457.12463	25.227783
-37.945412	455.82251	25.237549
-37.945263	453.58331	25.247314
-37.943775	452.00906	25.25708
-37.943138	456.81573	25.266846
-37.941483	458.36243	25.276611
-37.940952	457.60474	25.286377
-37.940582	457.0903	25.296143
-37.940662	454.14709	25.305908
-37.938766	455.62411	25.315674
-37.938492	453.0509	25.325439
-37.936436	455.23441	25.335205
-37.936771	458.89856	25.344971
-37.935658	458.11368	25.354736
-37.933865	457.09198	25.364502
-37.935207	452.80267	25.374268
-37.932655	452.36157	25.384033
-37.932697	456.09116	25.393799
-37.930565	455.12573	25.403564
-37.931381	459.67929	25.41333
-37.929935	458.47873	25.423096
-37.928814	455.60831	25.432861
-37.927185	451.66687	25.442627
-37.928013	453.14935	25.452393
-37.927063	456.68082	25.462158
-37.92606	462.60303	25.471924
-37.924316	459.12845	25.481689
-37.925064	454.15585	25.491455
-37.923206	453.31738	25.501221
-37.922665	454.23419	25.510986
-37.921047	456.65237	25.520752
-37.921993	458.78271	25.530518
-37.920185	461.07422	25.540283
-37.919994	457.49213	25.550049
-37.918152	453.21909	25.559814
-37.916981	452.76941	25.56958
-37.917465	455.63794	25.579346
-37.915314	460.48361	25.589111
-37.915405	462.28192	25.598877
-37.915348	456.50223	25.608643
-37.914036	454.30234	25.618408
-37.913525	452.25482	25.628174
-37.9114	453.79199	25.637939
-37.9119	458.39398	25.647705
-37.911209	457.62921	25.657471
-37.910492	460.83813	25.667236
-37.907589	456.88028	25.677002
-37.907883	449.75787	25.686768
-37.907394	452.13599	25.696533
-37.906635	457.57498	25.706299
-37.905899	462.64117	25.716064
-37.904621	459.08813	25.72583
-37.90379	454.41882	25.735596
-37.902599	453.8923	25.745361
-37.903294	452.85538	25.755127
-37.901505	454.52325	25.764893
-37.900627	456.81415	25.774658
-37.899849	459.24374	25.784424
-37.898289	459.61899	25.794189
-37.898739	453.06848	25.803955
-37.897167	453.5199	25.813721
-37.896732	455.61002	25.823486
-37.894753	456.78726	25.833252
-37.894779	458.19336	25.843018
-37.893929	456.36768	25.852783
-37.892498	454.90549	25.862549
-37.891991	455.66919	25.872314
-37.891613	453.07144	25.88208
-37.891026	452.23923	25.891846
-37.889893	457.53485	25.901611
-37.889359	459.86951	25.911377
-37.889343	457.71774	25.921143
-37.887501	454.6571	25.930908
-37.886066	451.73489	25.940674
-37.885521	454.53055	25.950439
-37.885059	455.68021	25.960205
-37.885674	456.77051	25.969971
-37.884308	457.95898	25.979736
-37.882179	456.95554	25.989502
-37.880569	455.29312	25.999268
-37.881901	450.12701	26.009033
-37.879467	452.0361	26.018799
-37.87999	458.90234	26.028564
-37.878227	460.62109	26.03833
-37.876865	458.45831	26.048096
-37.876701	451.58606	26.057861
-37.87656	452.11514	26.067627
-37.876003	454.53912	26.077393
-37.875259	455.11804	26.087158
-37.873154	460.19089	26.096924
-37.872704	457.47623	26.106689
-37.872051	456.10336	26.116455
-37.871704	451.2533	26.126221
-37.871082	451.35751	26.135986
-37.870075	455.74625	26.145752
-37.868729	461.45404	26.155518
-37.867336	459.17065	26.165283
-37.867359	456.45303	26.175049
-37.866516	452.03177	26.184814
-37.867142	452.87518	26.19458
-37.864407	456.25281	26.204346
-37.864574	457.96466	26.214111
-37.863167	459.93369	26.223877
-37.861443	458.59415	26.233643
-37.860832	453.40723	26.243408
-37.85994	449.46466	26.253174
-37.859604	452.02319	26.262939
-37.859207	459.87009	26.272705
-37.859303	459.75662	26.282471
-37.857803	457.50809	26.292236
-37.85659	452.43378	26.302002
-37.856789	453.23703	26.311768
-37.854767	451.65289	26.321533
-37.853889	456.54074	26.331299
-37.853779	455.63007	26.341064
-37.851719	460.46002	26.35083
-37.851871	455.63953	26.360596
-37.851398	452.00372	26.370361
-37.849667	452.31931	26.380127
-37.849133	454.0108	26.389893
-37.848595	459.23203	26.399658
-37.848625	458.41028	26.409424
-37.845509	455.16138	26.419189
-37.846699	454.93607	26.428955
-37.843967	451.98288	26.438721
-37.844372	454.03064	26.448486
-37.842896	453.99084	26.458252
-37.842667	458.90686	26.468018
-37.841232	459.65729	26.477783
-37.841805	454.97989	26.487549
-37.839314	452.46323	26.497314
-37.839321	451.64432	26.50708
-37.838516	454.20322	26.516846
-37.837563	458.68042	26.526611
-37.837158	455.91095	26.536377
-37.836353	455.22772	26.546143
-37.836037	454.81512	26.555908
-37.834541	453.17352	26.565674
-37.832825	452.7515	26.575439
-37.832905	455.09125	26.585205
-37.83189	457.33658	26.594971
-37.831257	460.52463	26.604736
-37.830833	455.31018	26.614502
-37.830109	451.198	26.624268
-37.828529	452.3259	26.634033
-37.828327	454.19244	26.643799
-37.826828	456.86026	26.653564
-37.82687	458.04883	26.66333
-37.825996	455.94739	26.673096
-37.825417	454.77646	26.682861
-37.824223	450.71024	26.692627
-37.82267	451.61584	26.702393
-37.822704	457.06656	26.712158
-37.822952	459.94791	26.721924
-37.820427	460.57196	26.731689
-37.820114	450.68134	26.741455
-37.819759	450.82016	26.751221
-37.817394	452.99017	26.760986
-37.816727	452.86804	26.770752
-37.816719	459.46347	26.780518
-37.815411	458.76086	26.790283
-37.815624	456.28918	26.800049
-37.814804	453.17151	26.809814
-37.81377	448.19937	26.81958
-37.812477	452.95444	26.829346
-37.811573	459.33813	26.839111
-37.81081	460.04526	26.848877
-37.809586	457.078	26.858643
-37.809528	450.37738	26.868408
-37.808655	451.64005	26.878174
-37.807526	453.45395	26.887939
-37.807034	455.65021	26.897705
-37.80537	458.68274	26.907471
-37.805626	458.79095	26.917236
-37.804523	454.81491	26.927002
-37.803917	450.69937	26.936768
-37.802628	449.9747	26.946533
-37.801498	456.32483	26.956299
-37.800835	459.05872	26.966064
-37.800484	455.84958	26.97583
-37.799458	456.00119	26.985596
-37.79847	451.27191	26.995361
-37.798695	454.13208	27.005127
-37.796848	454.36414	27.014893
-37.797173	453.79044	27.024658
-37.79599	458.9874	27.034424
-37.796295	456.97815	27.044189
-37.794518	452.33881	27.053955
-37.79303	451.66147	27.063721
-37.793037	450.8475	27.073486
-37.791435	457.61041	27.083252
-37.790031	456.98294	27.093018
-37.790325	455.27316	27.102783
-37.789722	454.88861	27.112549
-37.789158	453.42917	27.122314
-37.787804	452.2627	27.13208
-37.787861	451.50201	27.141846
-37.785751	455.39285	27.151611
-37.785789	459.91821	27.161377
-37.784515	456.60004	27.171143
-37.783875	453.49249	27.180908
-37.782925	450.93613	27.190674
-37.782127	453.84143	27.200439
-37.781338	455.18631	27.210205
-37.7798	456.1062	27.219971
-37.779552	456.70737	27.229736
-37.778419	456.62515	27.239502
-37.778961	452.41394	27.249268
-37.776627	451.25256	27.259033
-37.776718	453.31604	27.268799
-37.77618	456.31274	27.278564
-37.773956	460.27386	27.28833
-37.773121	455.96735	27.298096
-37.772995	450.42853	27.307861
-37.771919	450.90924	27.317627
-37.771099	452.74908	27.327393
-37.771439	453.90433	27.337158
-37.769199	458.11801	27.346924
-37.768917	456.43674	27.356689
-37.766769	456.13123	27.366455
-37.766129	450.27051	27.376221
-37.766415	450.66403	27.385986
-37.766033	453.55951	27.395752
-37.764252	458.77774	27.405518
-37.763126	460.71552	27.415283
-37.763901	452.26822	27.425049
-37.762283	450.66647	27.434814
-37.761654	450.4296	27.44458
-37.760559	452.10751	27.454346
-37.76017	457.40176	27.464111
-37.759335	455.70026	27.473877
-37.757122	456.69876	27.483643
-37.756721	453.87692	27.493408
-37.757442	447.85144	27.503174
-37.756134	452.1337	27.512939
-37.754005	456.61954	27.522705
-37.753693	459.92548	27.532471
-37.753883	455.69083	27.542236
-37.753094	451.0076	27.552002
-37.751049	451.52039	27.561768
-37.750294	452.5791	27.571533
-37.750881	456.18048	27.581299
-37.749142	455.87927	27.591064
-37.749416	457.67642	27.60083
-37.748043	454.85922	27.610596
-37.746536	451.96133	27.620361
-37.746822	450.38684	27.630127
-37.74477	453.40875	27.639893
-37.744591	456.4653	27.649658
-37.743637	455.32724	27.659424
-37.742886	453.61127	27.669189
-37.741421	451.34116	27.678955
-37.740932	453.66315	27.688721
-37.740067	452.435	27.698486
-37.739586	451.57208	27.708252
-37.738804	457.23285	27.718018
-37.737705	455.88596	27.727783
-37.736908	453.8782	27.737549
-37.734901	452.47211	27.747314
-37.735981	448.83047	27.75708
-37.734684	455.11783	27.766846
-37.733303	457.77719	27.776611
-37.732765	454.52753	27.786377
-37.732323	454.59641	27.796143
-37.731857	452.72638	27.805908
-37.731041	452.84152	27.815674
-37.729889	451.3157	27.825439
-37.73035	452.103	27.835205
-37.727966	457.13821	27.844971
-37.726017	456.55759	27.854736
-37.726791	455.08047	27.864502
-37.725613	449.06415	27.874268
-37.72504	449.6503	27.884033
-37.723858	452.67377	27.893799
-37.723541	454.62823	27.903564
-37.722473	456.30728	27.91333
-37.721821	456.10074	27.923096
-37.720474	452.48923	27.932861
-37.719761	449.98932	27.942627
-37.719425	447.9549	27.952393
-37.718014	453.79556	27.962158
-37.717758	459.37689	27.971924
-37.717659	456.55634	27.981689
-37.715427	451.16281	27.991455
-37.715393	449.18707	28.001221
-37.714771	449.6037	28.010986
-37.713966	452.72125	28.020752
-37.711857	457.57935	28.030518
-37.710728	456.25873	28.040283
-37.710243	454.87903	28.050049
-37.710308	450.44168	28.059814
-37.709633	447.41113	28.06958
-37.708874	449.57782	28.079346
-37.706787	456.31891	28.089111
-37.707207	459.43982	28.098877
-37.705444	453.66177	28.108643
-37.705032	450.48169	28.118408
-37.705154	448.39932	28.128174
-37.70472	451.57523	28.137939
-37.703278	455.05753	28.147705
-37.702148	454.04953	28.157471
-37.701199	456.45557	28.167236
-37.701199	451.99741	28.177002
-37.698639	447.35236	28.186768
-37.699005	449.9241	28.196533
-37.69725	453.31958	28.206299
-37.69804	456.93777	28.216064
-37.695877	455.84277	28.22583
-37.694092	450.10953	28.235596
-37.694195	449.42212	28.245361
-37.693592	451.23755	28.255127
-37.694168	451.23172	28.264893
-37.69268	453.74142	28.274658
-37.690994	456.17239	28.284424
-37.690865	455.30463	28.294189
-37.6903	451.1033	28.303955
-37.689209	449.94089	28.313721
-37.68716	449.43555	28.323486
-37.688095	455.47751	28.333252
-37.687008	455.31302	28.343018
-37.685028	453.37674	28.352783
-37.685074	451.90253	28.362549
-37.684853	451.49725	28.372314
-37.683933	450.28311	28.38208
-37.68351	448.7074	28.391846
-37.682106	454.2312	28.401611
-37.680969	454.66867	28.411377
-37.679527	454.73819	28.421143
-37.679276	450.85364	28.430908
-37.678387	447.32074	28.440674
-37.677017	449.32608	28.450439
-37.675915	451.18094	28.460205
-37.676102	452.47665	28.469971
-37.675022	454.3685	28.479736
-37.674946	451.84296	28.489502
-37.672848	450.13513	28.499268
-37.673016	447.67767	28.509033
-37.672142	447.43805	28.518799
-37.670177	454.85989	28.528564
-37.670609	455.4903	28.53833
-37.669468	453.91367	28.548096
-37.668251	447.74521	28.557861
-37.666878	447.67349	28.567627
-37.667202	451.72467	28.577393
-37.666985	452.29315	28.587158
-37.665554	455.14023	28.596924
-37.665379	454.23544	28.606689
-37.664543	451.59012	28.616455
-37.664856	447.62314	28.626221
-37.661926	443.36682	28.635986
-37.659958	450.53546	28.645752
-37.660831	456.45697	28.655518
-37.660294	455.69675	28.665283
-37.657993	450.63309	28.675049
-37.658512	446.90292	28.684814
-37.656319	447.85556	28.69458
-37.656158	450.41858	28.704346
-37.655754	453.21548	28.714111
-37.656658	452.7778	28.723877
-37.654053	454.86557	28.733643
-37.652901	449.54791	28.743408
-37.651127	446.37579	28.753174
-37.651768	448.24667	28.762939
-37.651554	451.8519	28.772705
-37.649723	455.62653	28.782471
-37.648926	451.4538	28.792236
-37.647545	447.29855	28.802002
-37.646957	445.48395	28.811768
-37.646599	448.01077	28.821533
-37.645794	451.89658	28.831299
-37.644848	450.82745	28.841064
-37.644196	452.32922	28.85083
-37.643749	450.71188	28.860596
-37.642117	446.57568	28.870361
-37.641335	446.82919	28.880127
-37.640083	447.02039	28.889893
-37.639935	451.40759	28.899658
-37.639908	451.64325	28.909424
-37.637875	447.19174	28.919189
-37.637806	446.79333	28.928955
-37.635124	444.80408	28.938721
-37.63623	446.3313	28.948486
-37.634537	446.47284	28.958252
-37.635773	447.64447	28.968018
-37.633976	450.49036	28.977783
-37.632607	445.75012	28.987549
-37.632172	440.46292	28.997314
-37.630966	438.35056	29.00708
-37.630424	440.77673	29.016846
-37.630093	440.849	29.026611
-37.628136	405.38223	29.036377
-37.624134	-25.279631	29.046143
-37.623188	-27.556349	29.055908
-37.622746	-53.35136	29.065674
-37.623825	-48.536247	29.075439
-37.623116	-39.972233	29.085205
-37.622391	-35.203423	29.094971
-37.621384	-39.047543	29.104736
-37.621201	-40.402313	29.114502
-37.620502	-47.777538	29.124268
-37.621029	-42.857086	29.134033
-37.6199	-42.611721	29.143799
-37.618301	-41.895622	29.153564
-37.617256	-36.512081	29.16333
-37.617367	-41.227512	29.173096
-37.616554	-41.49794	29.182861
-37.61573	-46.41338	29.192627
-37.613293	-47.137196	29.202393
-37.613548	-40.379692	29.212158
-37.611908	-38.179138	29.221924
-37.611317	-38.761303	29.231689
-37.61058	-45.293442	29.241455
-37.610237	-47.313644	29.251221
-37.609695	-44.06757	29.260986
-37.608501	-41.73484	29.270752
-37.606514	-37.721889	29.280518
-37.607304	-38.349785	29.290283
-37.606842	-41.235432	29.300049
-37.606544	-43.505814	29.309814
-37.605064	-47.764011	29.31958
-37.603024	-43.945961	29.329346
-37.603306	-37.460953	29.339111
-37.60191	-37.827114	29.348877
-37.601498	-40.315872	29.358643
-37.600967	-45.358486	29.368408
-37.600552	-45.702042	29.378174
-37.598583	-40.970539	29.387939
-37.598316	-41.149162	29.397705
-37.596649	-39.124973	29.407471
-37.596081	-38.171947	29.417236
-37.595818	-42.771561	29.427002
-37.595608	-44.905167	29.436768
-37.59462	-44.942711	29.446533
-37.593193	-42.978985	29.456299
-37.592556	-36.705017	29.466064
-37.590881	-40.969109	29.47583
-37.59193	-42.342579	29.485596
-37.590549	-46.002441	29.495361
-37.589058	-44.731369	29.505127
-37.589397	-41.542702	29.514893
-37.588814	-41.419704	29.524658
-37.586956	-38.438835	29.534424
-37.58746	-38.397312	29.544189
-37.585743	-43.649384	29.553955
-37.585007	-43.038525	29.563721
-37.582912	-44.849304	29.573486
-37.582672	-40.353333	29.583252

