MTS793|BTW|ENU|1|2|.|/|:|1|0|0|A

Data Header:			0.254_solid_dimension_typeiv_090_r0			Time:	20.017334	s	4/14/2019 1:41:41 AM
Data Acquisition:	Timed
Station Name:	ft40.cfg
Test File Name:	monotonic_0.2540_typeiv_solid_090_dimension.tst
Displacement	Force	Running Time
mm	N	s
-40.041595	-126.1864	0.022460938
-40.041393	-119.27596	0.032226563
-40.040916	-117.69901	0.041992188
-40.040997	-117.26526	0.051757813
-40.041706	-119.4463	0.061523438
-40.04166	-126.47919	0.071289063
-40.039753	-124.43606	0.081054688
-40.039974	-120.42389	0.090820313
-40.040188	-119.74135	0.10058594
-40.039284	-116.9678	0.11035156
-40.037617	-116.79851	0.12011719
-40.036755	-118.20888	0.12988281
-40.036266	-119.83871	0.13964844
-40.035526	-119.88185	0.14941406
-40.035175	-118.3804	0.15917969
-40.033169	-114.524	0.16894531
-40.031864	-113.58015	0.17871094
-40.032673	-115.60285	0.18847656
-40.032112	-117.29457	0.19824219
-40.031097	-117.74049	0.20800781
-40.031155	-114.80923	0.21777344
-40.02895	-114.26027	0.22753906
-40.028606	-111.69242	0.23730469
-40.02631	-109.04507	0.24707031
-40.026993	-112.91428	0.25683594
-40.025417	-112.44037	0.26660156
-40.025703	-114.41351	0.27636719
-40.024559	-111.21056	0.28613281
-40.024292	-105.56935	0.29589844
-40.021667	-108.7718	0.30566406
-40.022434	-105.44811	0.31542969
-40.020344	-109.06931	0.32519531
-40.020863	-108.99596	0.33496094
-40.019241	-108.28265	0.34472656
-40.018162	-108.57494	0.35449219
-40.017521	-102.78519	0.36425781
-40.016727	-103.6729	0.37402344
-40.017227	-105.36544	0.38378906
-40.015636	-106.92996	0.39355469
-40.014431	-110.2391	0.40332031
-40.014393	-102.62296	0.41308594
-40.012863	-100.86488	0.42285156
-40.011303	-100.68689	0.43261719
-40.011074	-100.68289	0.44238281
-40.010796	-103.59267	0.45214844
-40.00906	-104.48089	0.46191406
-40.00946	-105.1912	0.47167969
-40.008141	-99.653419	0.48144531
-40.00729	-94.200989	0.49121094
-40.005058	-97.320595	0.50097656
-40.005905	-101.70586	0.51074219
-40.003613	-103.7863	0.52050781
-40.004383	-102.39287	0.53027344
-40.002533	-95.404144	0.54003906
-40.002411	-93.370644	0.54980469
-40.001347	-94.176094	0.55957031
-40.001282	-95.49044	0.56933594
-39.999569	-96.80497	0.57910156
-39.999371	-97.544006	0.58886719
-39.997997	-93.656059	0.59863281
-39.997536	-91.790169	0.60839844
-39.996239	-88.259781	0.61816406
-39.995701	-92.162682	0.62792969
-39.994255	-97.967644	0.63769531
-39.994183	-94.286064	0.64746094
-39.993023	-91.647873	0.65722656
-39.991714	-86.104462	0.66699219
-39.99324	-87.801765	0.67675781
-39.991409	-88.052124	0.68652344
-39.992088	-87.224945	0.69628906
-39.989418	-92.227272	0.70605469
-39.989189	-90.097809	0.71582031
-39.987595	-86.919998	0.72558594
-39.986839	-84.323982	0.73535156
-39.985535	-82.036179	0.74511719
-39.985535	-88.143188	0.75488281
-39.983677	-88.420433	0.76464844
-39.983871	-86.675728	0.77441406
-39.981743	-84.408493	0.78417969
-39.982323	-81.766487	0.79394531
-39.982849	-81.669014	0.80371094
-39.980492	-80.73101	0.81347656
-39.980556	-80.364677	0.82324219
-39.979076	-84.855453	0.83300781
-39.977821	-81.34803	0.84277344
-39.976242	-78.430618	0.85253906
-39.975746	-76.755859	0.86230469
-39.976276	-78.318726	0.87207031
-39.974449	-78.062553	0.88183594
-39.973606	-81.979668	0.89160156
-39.973267	-77.530838	0.90136719
-39.972282	-79.328758	0.91113281
-39.970741	-75.537292	0.92089844
-39.97049	-73.597733	0.93066406
-39.970203	-73.398277	0.94042969
-39.969776	-74.804031	0.95019531
-39.969036	-79.439079	0.95996094
-39.966282	-75.73159	0.96972656
-39.965473	-70.902031	0.97949219
-39.964958	-71.675774	0.98925781
-39.964874	-69.697159	0.99902344
-39.963573	-72.927521	1.0087891
-39.962242	-73.076553	1.0185547
-39.962193	-71.821495	1.0283203
-39.962948	-73.511124	1.0380859
-39.960358	-67.254478	1.0478516
-39.959705	-65.192642	1.0576172
-39.959282	-67.795609	1.0673828
-39.959023	-71.344505	1.0771484
-39.957577	-74.197449	1.0869141
-39.956448	-66.945412	1.0966797
-39.955856	-64.961212	1.1064453
-39.955605	-63.91164	1.1162109
-39.955032	-64.477409	1.1259766
-39.952095	-66.249504	1.1357422
-39.953255	-66.731979	1.1455078
-39.952915	-68.888069	1.1552734
-39.950382	-63.648285	1.1650391
-39.950207	-58.357841	1.1748047
-39.949543	-59.4692	1.1845703
-39.948524	-61.638863	1.1943359
-39.94912	-67.312393	1.2041016
-39.947338	-66.63501	1.2138672
-39.946304	-60.541752	1.2236328
-39.945141	-56.889523	1.2333984
-39.943771	-57.504902	1.2431641
-39.943871	-58.222954	1.2529297
-39.94371	-59.861919	1.2626953
-39.9431	-62.903343	1.2724609
-39.940937	-59.86718	1.2822266
-39.940346	-56.186722	1.2919922
-39.940933	-51.124844	1.3017578
-39.938343	-54.672428	1.3115234
-39.937572	-59.631733	1.3212891
-39.935734	-58.790298	1.3310547
-39.936497	-54.586758	1.3408203
-39.935863	-53.220432	1.3505859
-39.934334	-52.349415	1.3603516
-39.934101	-53.36314	1.3701172
-39.932961	-51.534973	1.3798828
-39.932625	-55.461048	1.3896484
-39.931496	-54.107983	1.3994141
-39.93082	-52.731571	1.4091797
-39.929897	-47.336864	1.4189453
-39.928692	-46.247383	1.4287109
-39.928753	-52.126286	1.4384766
-39.927185	-51.13295	1.4482422
-39.92598	-50.904842	1.4580078
-39.925194	-49.130367	1.4677734
-39.925056	-47.300316	1.4775391
-39.923637	-47.572742	1.4873047
-39.923767	-45.210361	1.4970703
-39.923477	-44.589058	1.5068359
-39.922695	-48.216244	1.5166016
-39.921917	-49.969643	1.5263672
-39.920296	-45.668476	1.5361328
-39.919617	-41.323933	1.5458984
-39.918179	-41.920826	1.5556641
-39.918274	-42.865639	1.5654297
-39.916111	-43.433586	1.5751953
-39.915226	-43.402485	1.5849609
-39.915493	-42.905338	1.5947266
-39.915081	-42.929279	1.6044922
-39.912674	-40.105858	1.6142578
-39.912533	-35.097855	1.6240234
-39.91214	-37.356422	1.6337891
-39.912193	-43.154675	1.6435547
-39.909927	-44.004059	1.6533203
-39.909355	-38.666779	1.6630859
-39.908344	-34.926163	1.6728516
-39.909386	-33.470852	1.6826172
-39.907856	-36.069988	1.6923828
-39.906193	-37.271027	1.7021484
-39.905273	-39.089439	1.7119141
-39.903633	-39.621124	1.7216797
-39.903824	-32.489098	1.7314453
-39.903217	-29.273024	1.7412109
-39.900749	-29.375835	1.7509766
-39.901035	-35.064579	1.7607422
-39.90102	-40.08873	1.7705078
-39.901188	-34.209354	1.7802734
-39.899837	-29.439415	1.7900391
-39.897778	-28.383724	1.7998047
-39.895679	-29.524033	1.8095703
-39.896347	-31.816721	1.8193359
-39.895695	-30.01594	1.8291016
-39.894806	-34.614201	1.8388672
-39.893993	-29.363346	1.8486328
-39.893211	-24.324606	1.8583984
-39.892246	-24.123796	1.8681641
-39.890488	-26.672913	1.8779297
-39.89085	-31.635479	1.8876953
-39.889423	-30.98333	1.8974609
-39.888996	-25.517691	1.9072266
-39.887341	-23.592432	1.9169922
-39.887363	-22.605436	1.9267578
-39.886642	-22.863237	1.9365234
-39.88665	-24.588457	1.9462891
-39.883938	-26.62986	1.9560547
-39.883743	-24.278942	1.9658203
-39.88274	-23.379961	1.9755859
-39.882935	-17.952717	1.9853516
-39.882267	-18.732355	1.9951172
-39.880955	-22.414217	2.0048828
-39.880707	-23.014158	2.0146484
-39.878971	-22.195637	2.0244141
-39.87904	-18.350864	2.0341797
-39.877113	-19.088455	2.0439453
-39.876625	-17.72559	2.0537109
-39.877319	-16.847954	2.0634766
-39.875786	-16.871246	2.0732422
-39.874077	-19.074007	2.0830078
-39.873997	-20.847292	2.0927734
-39.872856	-15.097029	2.1025391
-39.872978	-12.70626	2.1123047
-39.871902	-16.557383	2.1220703
-39.870598	-14.388488	2.1318359
-39.869324	-16.675533	2.1416016
-39.869438	-17.052801	2.1513672
-39.868912	-14.602563	2.1611328
-39.867619	-13.476652	2.1708984
-39.866116	-10.232647	2.1806641
-39.865665	-7.5324779	2.1904297
-39.864079	-12.247266	2.2001953
-39.862789	-15.066404	2.2099609
-39.863003	-14.735804	2.2197266
-39.862251	-8.2544413	2.2294922
-39.861847	-6.2071671	2.2392578
-39.860516	-6.8793564	2.2490234
-39.860577	-9.1082163	2.2587891
-39.859699	-9.1299772	2.2685547
-39.859547	-10.810122	2.2783203
-39.857925	-9.1380453	2.2880859
-39.856625	-3.3551466	2.2978516
-39.856564	-0.60467488	2.3076172
-39.854755	-2.8921034	2.3173828
-39.853954	-7.9810944	2.3271484
-39.854305	-8.829463	2.3369141
-39.852409	-4.2772355	2.3466797
-39.851257	-0.49640465	2.3564453
-39.850128	1.9982951	2.3662109
-39.850323	-1.942072	2.3759766
-39.849716	-2.3058348	2.3857422
-39.848835	-3.1326406	2.3955078
-39.847511	-5.5754218	2.4052734
-39.846458	2.6445506	2.4150391
-39.845894	2.7447009	2.4248047
-39.844776	3.5888753	2.4345703
-39.844791	2.4936724	2.4443359
-39.843605	-4.1896682	2.4541016
-39.842232	0.0046791765	2.4638672
-39.841419	4.2288437	2.4736328
-39.84045	7.0649772	2.4833984
-39.840019	5.6048617	2.4931641
-39.839355	2.9678493	2.5029297
-39.839684	3.4073305	2.5126953
-39.838093	0.60285819	2.5224609
-39.837967	4.8315902	2.5322266
-39.836475	8.6726875	2.5419922
-39.835831	12.386531	2.5517578
-39.8349	11.876612	2.5615234
-39.832973	4.0809898	2.5712891
-39.832428	3.9680073	2.5810547
-39.83176	9.4589672	2.5908203
-39.831833	11.34916	2.6005859
-39.830517	10.838289	2.6103516
-39.829929	12.480032	2.6201172
-39.828693	12.879681	2.6298828
-39.829159	9.8385649	2.6396484
-39.827946	9.9673738	2.6494141
-39.825848	10.408616	2.6591797
-39.825058	16.789795	2.6689453
-39.82394	16.994814	2.6787109
-39.824833	13.991331	2.6884766
-39.823605	14.473327	2.6982422
-39.822353	12.96268	2.7080078
-39.821804	15.781688	2.7177734
-39.821392	15.964005	2.7275391
-39.820198	18.505932	2.7373047
-39.820225	19.9193	2.7470703
-39.819012	18.605289	2.7568359
-39.817444	16.823502	2.7666016
-39.816006	14.573259	2.7763672
-39.814938	16.873671	2.7861328
-39.815422	24.778065	2.7958984
-39.813126	21.102766	2.8056641
-39.813953	23.169888	2.8154297
-39.812561	19.65818	2.8251953
-39.811272	21.05748	2.8349609
-39.811356	21.346447	2.8447266
-39.810822	20.601128	2.8544922
-39.809696	25.362562	2.8642578
-39.809345	28.028181	2.8740234
-39.808403	23.823221	2.8837891
-39.806454	21.953157	2.8935547
-39.805916	19.639906	2.9033203
-39.806427	26.322247	2.9130859
-39.804001	30.303953	2.9228516
-39.803497	28.968906	2.9326172
-39.802452	27.105709	2.9423828
-39.80275	26.651112	2.9521484
-39.800972	24.721294	2.9619141
-39.80064	26.768438	2.9716797
-39.801079	31.646111	2.9814453
-39.799847	35.592247	2.9912109
-39.797947	34.084019	3.0009766
-39.7966	30.096905	3.0107422
-39.796989	26.539972	3.0205078
-39.795914	27.258778	3.0302734
-39.794556	33.843151	3.0400391
-39.794426	37.910694	3.0498047
-39.793827	36.366726	3.0595703
-39.791012	34.064754	3.0693359
-39.791462	32.103088	3.0791016
-39.790287	30.955303	3.0888672
-39.7906	37.90995	3.0986328
-39.788967	37.262985	3.1083984
-39.788555	41.622585	3.1181641
-39.787361	38.312298	3.1279297
-39.786842	31.023466	3.1376953
-39.785503	33.640522	3.1474609
-39.785339	38.070721	3.1572266
-39.784531	42.05547	3.1669922
-39.783894	42.707119	3.1767578
-39.783245	38.494976	3.1865234
-39.78159	39.726814	3.1962891
-39.781845	37.456902	3.2060547
-39.780518	39.697495	3.2158203
-39.779106	43.84383	3.2255859
-39.777958	45.560383	3.2353516
-39.77837	45.415905	3.2451172
-39.777195	43.251118	3.2548828
-39.776047	41.866005	3.2646484
-39.774414	42.398533	3.2744141
-39.7742	45.523651	3.2841797
-39.774029	46.492317	3.2939453
-39.772842	46.235714	3.3037109
-39.772156	46.484428	3.3134766
-39.770756	48.084656	3.3232422
-39.77076	44.505356	3.3330078
-39.76981	44.471901	3.3427734
-39.768749	50.256996	3.3525391
-39.768337	51.370224	3.3623047
-39.767593	51.321365	3.3720703
-39.766144	50.463417	3.3818359
-39.765263	47.869709	3.3916016
-39.764694	49.68465	3.4013672
-39.764996	49.842438	3.4111328
-39.763161	51.724625	3.4208984
-39.76252	54.836075	3.4306641
-39.762474	55.358467	3.4404297
-39.762039	53.53516	3.4501953
-39.760418	48.148968	3.4599609
-39.759312	51.29277	3.4697266
-39.757332	58.177784	3.4794922
-39.756405	57.349979	3.4892578
-39.756329	59.86293	3.4990234
-39.755833	55.223763	3.5087891
-39.755276	53.270054	3.5185547
-39.754002	55.910759	3.5283203
-39.754009	54.693687	3.5380859
-39.75259	61.257526	3.5478516
-39.752186	63.714684	3.5576172
-39.750862	61.637543	3.5673828
-39.750362	57.911739	3.5771484
-39.748573	55.183662	3.5869141
-39.74929	59.508694	3.5966797
-39.746937	65.736359	3.6064453
-39.747257	65.901192	3.6162109
-39.746414	63.896976	3.6259766
-39.745007	60.094883	3.6357422
-39.744064	59.459389	3.6455078
-39.743866	60.159958	3.6552734
-39.743874	63.957066	3.6650391
-39.742188	68.219658	3.6748047
-39.740952	70.799507	3.6845703
-39.740513	66.073906	3.6943359
-39.738804	62.854572	3.7041016
-39.738949	61.696156	3.7138672
-39.737961	70.760841	3.7236328
-39.737083	72.652351	3.7333984
-39.735577	70.099442	3.7431641
-39.73484	70.371704	3.7529297
-39.734886	67.455269	3.7626953
-39.734482	67.201141	3.7724609
-39.733837	69.736839	3.7822266
-39.732407	70.112778	3.7919922
-39.731884	76.087021	3.8017578
-39.730686	74.486702	3.8115234
-39.729698	67.867615	3.8212891
-39.728489	68.686623	3.8310547
-39.728203	70.439529	3.8408203
-39.727993	75.879463	3.8505859
-39.726574	75.181885	3.8603516
-39.725559	75.108032	3.8701172
-39.72588	77.02227	3.8798828
-39.72366	74.166801	3.8896484
-39.722595	74.080742	3.8994141
-39.72213	75.458504	3.9091797
-39.722382	78.792641	3.9189453
-39.722298	82.008194	3.9287109
-39.721092	78.147881	3.9384766
-39.719563	78.313576	3.9482422
-39.717903	78.655998	3.9580078
-39.717564	77.629669	3.9677734
-39.717384	81.843391	3.9775391
-39.716305	81.226349	3.9873047
-39.715317	82.102089	3.9970703
-39.714401	85.12249	4.0068359
-39.713406	80.39106	4.0166016
-39.713253	79.81971	4.0263672
-39.712536	81.000229	4.0361328
-39.710888	85.931114	4.0458984
-39.712029	87.144051	4.0556641
-39.709454	85.715111	4.0654297
-39.70863	83.070313	4.0751953
-39.707905	83.610802	4.0849609
-39.708015	85.450844	4.0947266
-39.705437	85.666862	4.1044922
-39.704914	91.441322	4.1142578
-39.703503	90.15863	4.1240234
-39.70401	90.788971	4.1337891
-39.703285	83.439529	4.1435547
-39.702427	85.039322	4.1533203
-39.702465	91.376869	4.1630859
-39.701027	92.841011	4.1728516
-39.700405	95.121979	4.1826172
-39.698864	91.219498	4.1923828
-39.698257	89.91983	4.2021484
-39.698074	89.790886	4.2119141
-39.697098	90.064827	4.2216797
-39.695946	97.000786	4.2314453
-39.69492	99.040276	4.2412109
-39.69339	97.32579	4.2509766
-39.693684	94.458031	4.2607422
-39.693352	88.000832	4.2705078
-39.691284	94.029739	4.2802734
-39.689293	99.489891	4.2900391
-39.689686	100.14638	4.2998047
-39.689526	100.36951	4.3095703
-39.688599	97.999931	4.3193359
-39.687992	96.607285	4.3291016
-39.686592	95.203239	4.3388672
-39.684566	99.037506	4.3486328
-39.683804	102.86806	4.3583984
-39.684612	105.05321	4.3681641
-39.684078	102.33701	4.3779297
-39.68277	97.520386	4.3876953
-39.681942	96.920624	4.3974609
-39.681412	102.05518	4.4072266
-39.680233	105.93681	4.4169922
-39.679928	104.03394	4.4267578
-39.678787	103.92101	4.4365234
-39.676125	104.37457	4.4462891
-39.676205	102.11929	4.4560547
-39.6763	103.23919	4.4658203
-39.674957	104.54996	4.4755859
-39.674469	110.56108	4.4853516
-39.673988	110.83811	4.4951172
-39.673367	106.69422	4.5048828
-39.67205	106.55306	4.5146484
-39.672276	106.25544	4.5244141
-39.670055	110.51578	4.5341797
-39.669529	113.25786	4.5439453
-39.669041	110.16478	4.5537109
-39.668095	111.85728	4.5634766
-39.668316	111.53214	4.5732422
-39.66626	108.54248	4.5830078
-39.666084	110.22421	4.5927734
-39.665127	112.44061	4.6025391
-39.664467	118.89834	4.6123047
-39.663475	115.66553	4.6220703
-39.663223	115.60815	4.6318359
-39.661125	113.09653	4.6416016
-39.660065	112.99501	4.6513672
-39.659729	116.01691	4.6611328
-39.659264	115.33341	4.6708984
-39.657948	118.13296	4.6806641
-39.657684	121.17283	4.6904297
-39.655235	116.18303	4.7001953
-39.655811	114.23692	4.7099609
-39.654942	115.26022	4.7197266
-39.65411	119.70504	4.7294922
-39.653217	123.90554	4.7392578
-39.652367	122.76518	4.7490234
-39.651096	119.04831	4.7587891
-39.650116	120.09784	4.7685547
-39.649906	117.44313	4.7783203
-39.649334	119.83121	4.7880859
-39.649036	126.53753	4.7978516
-39.647659	126.4976	4.8076172
-39.648144	125.73355	4.8173828
-39.645367	121.36694	4.8271484
-39.645428	118.80067	4.8369141
-39.645115	122.68468	4.8466797
-39.6436	128.24109	4.8564453
-39.643734	131.87755	4.8662109
-39.64143	126.34988	4.8759766
-39.642227	124.35665	4.8857422
-39.639236	125.4818	4.8955078
-39.638622	123.33929	4.9052734
-39.638832	130.01031	4.9150391
-39.63681	132.11447	4.9248047
-39.635769	130.92793	4.9345703
-39.636486	130.94777	4.9443359
-39.63652	124.06009	4.9541016
-39.635036	127.54889	4.9638672
-39.634399	132.72784	4.9736328
-39.631924	135.24228	4.9833984
-39.632519	134.8846	4.9931641
-39.631138	132.67415	5.0029297
-39.63105	133.09047	5.0126953
-39.629913	131.8474	5.0224609
-39.629154	131.82903	5.0322266
-39.628033	135.90817	5.0419922
-39.626816	137.65977	5.0517578
-39.624752	139.54639	5.0615234
-39.625298	134.45181	5.0712891
-39.624931	134.5006	5.0810547
-39.623974	134.76114	5.0908203
-39.623833	139.52859	5.1005859
-39.622574	140.10129	5.1103516
-39.622662	139.6881	5.1201172
-39.620148	138.16608	5.1298828
-39.619755	138.83769	5.1396484
-39.62019	138.68553	5.1494141
-39.618271	138.20557	5.1591797
-39.617157	143.1674	5.1689453
-39.616386	145.15697	5.1787109
-39.616199	142.64557	5.1884766
-39.614269	142.98572	5.1982422
-39.61422	139.25143	5.2080078
-39.612907	143.01201	5.2177734
-39.613194	144.96066	5.2275391
-39.611443	144.95799	5.2373047
-39.610863	148.11874	5.2470703
-39.609661	147.16774	5.2568359
-39.608906	144.41016	5.2666016
-39.609104	143.99309	5.2763672
-39.607601	144.56581	5.2861328
-39.60828	151.18149	5.2958984
-39.605946	151.20924	5.3056641
-39.604321	150.12991	5.3154297
-39.604443	147.40443	5.3251953
-39.604061	145.97713	5.3349609
-39.6022	148.99361	5.3447266
-39.602524	149.89717	5.3544922
-39.601665	153.99979	5.3642578
-39.601055	154.7896	5.3740234
-39.599403	152.58694	5.3837891
-39.599026	148.92752	5.3935547
-39.598572	147.11621	5.4033203
-39.598923	152.92772	5.4130859
-39.59483	158.45824	5.4228516
-39.595936	157.87361	5.4326172
-39.595009	154.76537	5.4423828
-39.593681	151.74719	5.4521484
-39.595638	151.45621	5.4619141
-39.592587	152.84062	5.4716797
-39.591793	158.0011	5.4814453
-39.591297	159.92082	5.4912109
-39.589054	160.46609	5.5009766
-39.588692	156.65575	5.5107422
-39.588085	153.68469	5.5205078
-39.587566	156.16757	5.5302734
-39.586361	162.62845	5.5400391
-39.586178	164.61555	5.5498047
-39.585358	161.87132	5.5595703
-39.584694	158.42284	5.5693359
-39.583862	160.50589	5.5791016
-39.582523	158.00066	5.5888672
-39.582207	162.00725	5.5986328
-39.58176	163.55736	5.6083984
-39.581272	168.1265	5.6181641
-39.579041	165.32985	5.6279297
-39.579681	159.06116	5.6376953
-39.577805	161.32164	5.6474609
-39.577164	164.08424	5.6572266
-39.576645	168.85461	5.6669922
-39.575146	168.94516	5.6767578
-39.573147	165.9207	5.6865234
-39.57312	166.95193	5.6962891
-39.572193	165.08902	5.7060547
-39.573223	166.97954	5.7158203
-39.571651	166.81006	5.7255859
-39.571083	171.61981	5.7353516
-39.569855	172.52782	5.7451172
-39.569862	168.61493	5.7548828
-39.567173	168.29492	5.7646484
-39.566273	168.9202	5.7744141
-39.566326	171.15428	5.7841797
-39.565647	174.79822	5.7939453
-39.56432	173.56589	5.8037109
-39.563625	173.00873	5.8134766
-39.563828	174.95883	5.8232422
-39.562439	172.05453	5.8330078
-39.560913	170.56757	5.8427734
-39.560028	174.71307	5.8525391
-39.560368	177.27336	5.8623047
-39.55912	177.29483	5.8720703
-39.558369	178.62392	5.8818359
-39.557121	172.12527	5.8916016
-39.556271	177.31087	5.9013672
-39.555695	176.27235	5.9111328
-39.555431	176.81195	5.9208984
-39.555016	181.82861	5.9306641
-39.553299	182.19279	5.9404297
-39.553173	178.85019	5.9501953
-39.551941	177.15935	5.9599609
-39.55051	174.45547	5.9697266
-39.550339	182.0802	5.9794922
-39.548634	184.60353	5.9892578
-39.548866	184.2731	5.9990234
-39.547924	182.05385	6.0087891
-39.545811	179.38429	6.0185547
-39.545593	181.54193	6.0283203
-39.545135	182.31554	6.0380859
-39.544407	188.0024	6.0478516
-39.543903	189.36893	6.0576172
-39.542702	187.44119	6.0673828
-39.542149	184.19624	6.0771484
-39.540798	179.24103	6.0869141
-39.54118	184.77084	6.0966797
-39.540276	189.97832	6.1064453
-39.538651	193.85725	6.1162109
-39.537952	188.20827	6.1259766
-39.536739	186.85023	6.1357422
-39.536701	185.80786	6.1455078
-39.535091	186.27928	6.1552734
-39.533695	189.61008	6.1650391
-39.535198	194.82109	6.1748047
-39.533646	195.18915	6.1845703
-39.531696	191.85817	6.1943359
-39.53159	185.61462	6.2041016
-39.531399	189.42938	6.2138672
-39.530186	192.5713	6.2236328
-39.529263	196.90564	6.2333984
-39.527363	196.49083	6.2431641
-39.527542	193.18358	6.2529297
-39.526073	194.14011	6.2626953
-39.525593	192.82726	6.2724609
-39.524887	194.83533	6.2822266
-39.524895	195.22458	6.2919922
-39.523197	201.09174	6.3017578
-39.522171	202.43335	6.3115234
-39.521065	194.27783	6.3212891
-39.520798	197.31186	6.3310547
-39.52058	196.61044	6.3408203
-39.519524	200.01062	6.3505859
-39.518177	202.84825	6.3603516
-39.516899	200.08261	6.3701172
-39.516525	200.10883	6.3798828
-39.516048	200.02954	6.3896484
-39.514717	198.62221	6.3994141
-39.51453	201.21413	6.4091797
-39.51244	201.97777	6.4189453
-39.512039	207.22797	6.4287109
-39.512184	204.24919	6.4384766
-39.510757	202.59128	6.4482422
-39.510872	202.1954	6.4580078
-39.509598	204.23643	6.4677734
-39.508389	205.64519	6.4775391
-39.507736	206.32452	6.4873047
-39.507942	206.22894	6.4970703
-39.505871	209.58261	6.5068359
-39.505764	207.13803	6.5166016
-39.50507	202.78326	6.5263672
-39.505165	205.23581	6.5361328
-39.502502	210.69109	6.5458984
-39.500603	211.78786	6.5556641
-39.502216	211.71284	6.5654297
-39.499706	207.8398	6.5751953
-39.500137	208.80916	6.5849609
-39.498913	207.40968	6.5947266
-39.498199	210.55086	6.6044922
-39.49828	214.53261	6.6142578
-39.496006	215.11667	6.6240234
-39.4949	213.61713	6.6337891
-39.495441	209.62285	6.6435547
-39.492947	206.86382	6.6533203
-39.493034	214.10005	6.6630859
-39.492786	217.50696	6.6728516
-39.492641	220.53229	6.6826172
-39.492096	216.14848	6.6923828
-39.490627	213.23172	6.7021484
-39.490688	215.74219	6.7119141
-39.487762	215.67099	6.7216797
-39.487782	219.87567	6.7314453
-39.48653	222.57715	6.7412109
-39.486534	220.32176	6.7509766
-39.485794	218.30377	6.7607422
-39.484154	212.25752	6.7705078
-39.483418	216.61592	6.7802734
-39.483131	222.9817	6.7900391
-39.48196	223.15547	6.7998047
-39.480938	224.28471	6.8095703
-39.480907	219.36201	6.8193359
-39.481224	219.91136	6.8291016
-39.478638	220.55701	6.8388672
-39.477802	223.10907	6.8486328
-39.47681	224.09686	6.8583984
-39.476475	227.63922	6.8681641
-39.475258	227.103	6.8779297
-39.474926	221.57411	6.8876953
-39.475121	221.6987	6.8974609
-39.473396	223.12451	6.9072266
-39.473289	230.05492	6.9169922
-39.471455	228.72485	6.9267578
-39.470089	229.51941	6.9365234
-39.469555	226.51329	6.9462891
-39.467754	226.77643	6.9560547
-39.467033	227.92126	6.9658203
-39.467213	226.9648	6.9755859
-39.465397	232.39578	6.9853516
-39.466404	234.04643	6.9951172
-39.465309	229.19572	7.0048828
-39.463528	231.04738	7.0146484
-39.464268	227.17824	7.0244141
-39.461937	232.55309	7.0341797
-39.462349	234.40369	7.0439453
-39.461308	232.73807	7.0537109
-39.459961	235.13057	7.0634766
-39.45879	235.46109	7.0732422
-39.458717	232.64157	7.0830078
-39.457619	232.62346	7.0927734
-39.457108	234.01891	7.1025391
-39.456161	239.53294	7.1123047
-39.455002	240.84116	7.1220703
-39.454243	237.67244	7.1318359
-39.453362	234.68044	7.1416016
-39.452915	234.12346	7.1513672
-39.45208	238.37598	7.1611328
-39.451134	238.65216	7.1708984
-39.449463	241.73991	7.1806641
-39.450413	242.42738	7.1904297
-39.448971	238.96326	7.2001953
-39.447346	236.99271	7.2099609
-39.44709	237.64893	7.2197266
-39.446251	242.45795	7.2294922
-39.445854	247.81206	7.2392578
-39.444935	245.95091	7.2490234
-39.443554	241.57866	7.2587891
-39.443272	240.73526	7.2685547
-39.443069	241.64018	7.2783203
-39.441048	242.35538	7.2880859
-39.440697	249.37317	7.2978516
-39.437737	247.69414	7.3076172
-39.438889	248.10892	7.3173828
-39.437801	242.75291	7.3271484
-39.436852	239.15303	7.3369141
-39.437416	244.35547	7.3466797
-39.435863	248.35027	7.3564453
-39.435009	254.39066	7.3662109
-39.433113	249.02719	7.3759766
-39.432568	244.79662	7.3857422
-39.432281	248.1032	7.3955078
-39.430859	246.61552	7.4052734
-39.430939	250.34198	7.4150391
-39.429825	253.7133	7.4248047
-39.427818	255.11595	7.4345703
-39.428181	252.60121	7.4443359
-39.427132	246.38025	7.4541016
-39.427624	247.77829	7.4638672
-39.426151	254.6635	7.4736328
-39.424992	257.42105	7.4833984
-39.424667	255.63268	7.4931641
-39.42234	254.42699	7.5029297
-39.42276	252.90239	7.5126953
-39.42104	254.21671	7.5224609
-39.421444	253.94267	7.5322266
-39.420731	255.34805	7.5419922
-39.418457	260.54587	7.5517578
-39.418343	260.23608	7.5615234
-39.417229	256.10611	7.5712891
-39.417664	257.21402	7.5810547
-39.416039	255.48285	7.5908203
-39.415039	260.21246	7.6005859
-39.414345	262.15857	7.6103516
-39.413712	261.60641	7.6201172
-39.412193	260.84955	7.6298828
-39.410828	261.2135	7.6396484
-39.4114	259.56815	7.6494141
-39.410053	259.53928	7.6591797
-39.410122	262.11246	7.6689453
-39.409843	266.65869	7.6787109
-39.408104	264.88071	7.6884766
-39.407822	264.31848	7.6982422
-39.40646	260.03879	7.7080078
-39.405071	262.9071	7.7177734
-39.405434	266.90594	7.7275391
-39.404289	266.01825	7.7373047
-39.402599	268.55161	7.7470703
-39.402557	268.13919	7.7568359
-39.401669	266.65533	7.7666016
-39.400669	265.18689	7.7763672
-39.399895	264.12561	7.7861328
-39.399704	272.11273	7.7958984
-39.398277	273.42154	7.8056641
-39.397194	272.36237	7.8154297
-39.395809	268.43735	7.8251953
-39.39547	266.5928	7.8349609
-39.395912	269.32129	7.8447266
-39.394852	270.61612	7.8544922
-39.394447	274.86603	7.8642578
-39.392109	276.9353	7.8740234
-39.391109	273.27832	7.8837891
-39.390339	268.25748	7.8935547
-39.38924	268.89325	7.9033203
-39.389515	274.16589	7.9130859
-39.389568	279.41327	7.9228516
-39.387577	280.24576	7.9326172
-39.386463	273.73175	7.9423828
-39.386005	272.97952	7.9521484
-39.384663	270.55405	7.9619141
-39.385269	275.55801	7.9716797
-39.382961	279.34909	7.9814453
-39.383434	280.84564	7.9912109
-39.38118	281.3667	8.0009766
-39.380856	277.37851	8.0107422
-39.378597	272.91367	8.0205078
-39.379341	276.56522	8.0302734
-39.378857	281.18588	8.0400391
-39.377396	284.19397	8.0498047
-39.377396	283.49719	8.0595703
-39.376163	279.4458	8.0693359
-39.374783	278.85751	8.0791016
-39.375233	279.50424	8.0888672
-39.374008	282.57208	8.0986328
-39.372417	284.26581	8.1083984
-39.372444	285.93848	8.1181641
-39.370724	285.84357	8.1279297
-39.371944	279.57764	8.1376953
-39.369267	281.84058	8.1474609
-39.369537	284.82239	8.1572266
-39.367588	288.28455	8.1669922
-39.366997	289.13452	8.1767578
-39.367069	288.37286	8.1865234
-39.365318	285.60889	8.1962891
-39.365742	288.19229	8.2060547
-39.36385	286.91864	8.2158203
-39.363525	288.15125	8.2255859
-39.362034	290.64508	8.2353516
-39.36026	292.76068	8.2451172
-39.35973	290.79404	8.2548828
-39.359604	288.88849	8.2646484
-39.358456	287.73746	8.2744141
-39.359371	291.36722	8.2841797
-39.357018	294.01871	8.2939453
-39.355705	294.54645	8.3037109
-39.356094	294.72034	8.3134766
-39.354324	292.41187	8.3232422
-39.354294	292.47461	8.3330078
-39.353943	289.37628	8.3427734
-39.35313	293.54886	8.3525391
-39.351555	299.02451	8.3623047
-39.350815	297.83508	8.3720703
-39.350693	298.52594	8.3818359
-39.349091	292.34317	8.3916016
-39.3489	294.66312	8.4013672
-39.346893	297.71463	8.4111328
-39.345943	297.73508	8.4208984
-39.345955	301.89606	8.4306641
-39.345959	299.26376	8.4404297
-39.344082	298.24841	8.4501953
-39.343464	296.24368	8.4599609
-39.342003	294.12057	8.4697266
-39.343136	301.72815	8.4794922
-39.340431	305.8541	8.4892578
-39.338879	302.79004	8.4990234
-39.340004	299.56284	8.5087891
-39.339172	296.25546	8.5185547
-39.338375	298.11893	8.5283203
-39.337929	303.17746	8.5380859
-39.336689	307.36362	8.5478516
-39.335835	308.37289	8.5576172
-39.334621	306.38019	8.5673828
-39.334164	302.78766	8.5771484
-39.332516	299.82028	8.5869141
-39.332588	303.88574	8.5966797
-39.332157	308.35373	8.6064453
-39.330814	312.29065	8.6162109
-39.329414	306.89203	8.6259766
-39.328686	303.12836	8.6357422
-39.327496	303.49359	8.6455078
-39.327755	306.97443	8.6552734
-39.32719	309.18744	8.6650391
-39.325584	310.12662	8.6748047
-39.324986	312.69724	8.6845703
-39.323917	310.41428	8.6943359
-39.32259	306.06503	8.7041016
-39.322353	308.66443	8.7138672
-39.322182	308.88736	8.7236328
-39.321323	316.52274	8.7333984
-39.31916	314.17279	8.7431641
-39.319397	310.96686	8.7529297
-39.318962	310.64413	8.7626953
-39.317429	311.97739	8.7724609
-39.315434	314.74838	8.7822266
-39.315609	313.26385	8.7919922
-39.314598	316.28012	8.8017578
-39.315216	317.82654	8.8115234
-39.313293	314.52142	8.8212891
-39.312428	313.43448	8.8310547
-39.311787	313.63068	8.8408203
-39.310806	315.36072	8.8505859
-39.310207	320.46002	8.8603516
-39.309795	318.88867	8.8701172
-39.308453	317.12137	8.8798828
-39.307541	318.24301	8.8896484
-39.307217	316.43732	8.8994141
-39.306515	316.8132	8.9091797
-39.306599	319.23645	8.9189453
-39.30407	322.37766	8.9287109
-39.304192	322.84238	8.9384766
-39.302101	319.36362	8.9482422
-39.300797	317.31635	8.9580078
-39.30106	320.91595	8.9677734
-39.300568	321.53857	8.9775391
-39.299	323.44086	8.9873047
-39.298954	325.79956	8.9970703
-39.298542	324.38809	9.0068359
-39.296425	322.33218	9.0166016
-39.296719	319.77805	9.0263672
-39.295597	321.40607	9.0361328
-39.295372	327.46292	9.0458984
-39.294415	330.3808	9.0556641
-39.292763	329.63742	9.0654297
-39.292416	322.83456	9.0751953
-39.290852	322.47427	9.0849609
-39.290466	326.44351	9.0947266
-39.287857	327.53973	9.1044922
-39.289104	333.34314	9.1142578
-39.288734	331.20865	9.1240234
-39.287056	330.54108	9.1337891
-39.286476	326.41061	9.1435547
-39.284836	323.99448	9.1533203
-39.284714	330.18677	9.1630859
-39.285202	335.67178	9.1728516
-39.284214	335.37515	9.1826172
-39.282845	332.38904	9.1923828
-39.281742	326.35416	9.2021484
-39.279732	328.66333	9.2119141
-39.279659	330.90698	9.2216797
-39.27927	334.53934	9.2314453
-39.278999	337.7468	9.2412109
-39.278046	336.18054	9.2509766
-39.27536	333.93237	9.2607422
-39.276814	329.41693	9.2705078
-39.275894	331.12338	9.2802734
-39.273838	338.61224	9.2900391
-39.274483	340.98557	9.2998047
-39.273346	339.92578	9.3095703
-39.272106	334.52316	9.3193359
-39.271671	333.71408	9.3291016
-39.270218	335.22583	9.3388672
-39.269302	337.05835	9.3486328
-39.26807	339.24011	9.3583984
-39.267807	341.76968	9.3681641
-39.266178	341.92484	9.3779297
-39.26635	335.5105	9.3876953
-39.264816	338.50089	9.3974609
-39.265511	337.3223	9.4072266
-39.265179	344.38052	9.4169922
-39.262459	346.12686	9.4267578
-39.26236	341.38965	9.4365234
-39.260132	341.93665	9.4462891
-39.26046	341.78851	9.4560547
-39.259876	341.58926	9.4658203
-39.258671	341.07568	9.4755859
-39.258179	343.9415	9.4853516
-39.257828	349.7796	9.4951172
-39.255703	344.763	9.5048828
-39.25581	344.01443	9.5146484
-39.255024	342.3735	9.5244141
-39.253532	344.5856	9.5341797
-39.253883	349.36981	9.5439453
-39.251957	347.4361	9.5537109
-39.252216	348.14459	9.5634766
-39.251492	348.99442	9.5732422
-39.249012	343.45084	9.5830078
-39.249252	347.65054	9.5927734
-39.249111	345.61789	9.6025391
-39.246807	350.94928	9.6123047
-39.247471	354.25818	9.6220703
-39.246719	352.28967	9.6318359
-39.244968	346.4454	9.6416016
-39.244431	347.58496	9.6513672
-39.243393	351.44373	9.6611328
-39.243835	352.84537	9.6708984
-39.241566	356.15738	9.6806641
-39.241341	354.75568	9.6904297
-39.239803	353.56674	9.7001953
-39.240005	348.61179	9.7099609
-39.238171	348.99631	9.7197266
-39.23819	354.02774	9.7294922
-39.236488	358.63708	9.7392578
-39.236488	359.32608	9.7490234
-39.235786	353.82394	9.7587891
-39.234589	351.30106	9.7685547
-39.23362	354.55109	9.7783203
-39.23349	357.05795	9.7880859
-39.230904	362.45447	9.7978516
-39.232052	358.94659	9.8076172
-39.229858	360.95615	9.8173828
-39.22963	356.93768	9.8271484
-39.229298	352.11392	9.8369141
-39.227844	358.00336	9.8466797
-39.226398	362.85507	9.8564453
-39.227039	363.59076	9.8662109
-39.225182	363.38934	9.8759766
-39.224476	357.24347	9.8857422
-39.224224	359.03305	9.8955078
-39.22345	359.8002	9.9052734
-39.222878	362.9136	9.9150391
-39.221291	364.31436	9.9248047
-39.220707	364.31766	9.9345703
-39.219772	363.83017	9.9443359
-39.219601	357.74487	9.9541016
-39.217926	361.59006	9.9638672
-39.217457	364.5387	9.9736328
-39.216785	368.08688	9.9833984
-39.215626	367.92825	9.9931641
-39.215725	364.46136	10.00293
-39.214043	363.20688	10.012695
-39.214077	364.47717	10.022461
-39.212742	366.15195	10.032227
-39.210945	367.85309	10.041992
-39.209671	370.37888	10.051758
-39.210674	370.21582	10.061523
-39.209709	368.15228	10.071289
-39.209484	366.74438	10.081055
-39.208138	364.19409	10.09082
-39.208118	370.74344	10.100586
-39.2061	372.5947	10.110352
-39.206711	370.05396	10.120117
-39.205376	372.05008	10.129883
-39.203003	369.1723	10.139648
-39.203281	371.01895	10.149414
-39.202629	369.25372	10.15918
-39.201527	372.16843	10.168945
-39.200577	376.7431	10.178711
-39.199299	375.61703	10.188477
-39.199066	372.5903	10.198242
-39.198456	369.63779	10.208008
-39.197659	369.77798	10.217773
-39.19738	376.83383	10.227539
-39.19545	375.73563	10.237305
-39.19413	379.10492	10.24707
-39.193691	376.0853	10.256836
-39.194195	373.46301	10.266602
-39.192375	372.54938	10.276367
-39.19133	374.83179	10.286133
-39.190792	377.92001	10.295898
-39.190166	385.32492	10.305664
-39.189201	380.64371	10.31543
-39.188435	376.2952	10.325195
-39.186768	373.95987	10.334961
-39.185276	377.16095	10.344727
-39.185688	381.00308	10.354492
-39.185013	382.98697	10.364258
-39.183769	383.2999	10.374023
-39.183079	381.78323	10.383789
-39.181229	376.77106	10.393555
-39.180927	376.66461	10.40332
-39.18084	381.49866	10.413086
-39.180626	385.76166	10.422852
-39.179081	388.47202	10.432617
-39.179329	382.41956	10.442383
-39.178009	379.40106	10.452148
-39.176937	379.9939	10.461914
-39.176422	384.42502	10.47168
-39.175243	388.79431	10.481445
-39.174351	387.50766	10.491211
-39.173668	387.26962	10.500977
-39.172482	386.90955	10.510742
-39.171207	380.52625	10.520508
-39.170658	385.74368	10.530273
-39.170372	388.18982	10.540039
-39.169258	391.94269	10.549805
-39.168549	391.39401	10.55957
-39.168015	385.44998	10.569336
-39.167202	386.19022	10.579102
-39.16642	387.41733	10.588867
-39.165806	389.66193	10.598633
-39.164959	392.64929	10.608398
-39.164261	391.36499	10.618164
-39.161125	393.82349	10.62793
-39.161446	388.77286	10.637695
-39.160553	388.25256	10.647461
-39.160534	389.48273	10.657227
-39.159073	394.6936	10.666992
-39.159664	395.46725	10.676758
-39.159592	392.90524	10.686523
-39.156475	392.01498	10.696289
-39.156174	392.85907	10.706055
-39.155857	392.30862	10.71582
-39.154434	393.75552	10.725586
-39.154194	396.0712	10.735352
-39.152828	398.26572	10.745117
-39.153187	396.67612	10.754883
-39.151917	393.17258	10.764648
-39.150513	393.0798	10.774414
-39.150738	396.53055	10.78418
-39.149837	399.12988	10.793945
-39.148521	399.89978	10.803711
-39.147495	398.35672	10.813477
-39.145969	396.75922	10.823242
-39.145954	397.60141	10.833008
-39.144699	396.11325	10.842773
-39.143566	396.06522	10.852539
-39.142757	402.46017	10.862305
-39.142868	402.52728	10.87207
-39.141659	401.08578	10.881836
-39.141296	396.56247	10.891602
-39.140091	395.41919	10.901367
-39.138374	400.99539	10.911133
-39.139027	403.44992	10.920898
-39.137581	403.63989	10.930664
-39.137379	402.41974	10.94043
-39.135773	399.43109	10.950195
-39.135323	399.88312	10.959961
-39.133896	396.4173	10.969727
-39.13382	403.92465	10.979492
-39.133053	408.5545	10.989258
-39.132603	407.2782	10.999023
-39.130608	403.21094	11.008789
-39.130676	399.33743	11.018555
-39.130432	402.66403	11.02832
-39.128052	406.13641	11.038086
-39.128262	409.10739	11.047852
-39.126648	408.88242	11.057617
-39.127003	406.59482	11.067383
-39.124485	402.67847	11.077148
-39.126152	402.65622	11.086914
-39.124519	406.71545	11.09668
-39.123093	411.30487	11.106445
-39.121971	414.96722	11.116211
-39.122177	410.66101	11.125977
-39.120605	405.96729	11.135742
-39.119476	405.36746	11.145508
-39.119301	406.19727	11.155273
-39.118	412.88916	11.165039
-39.117928	411.2146	11.174805
-39.116676	411.17444	11.18457
-39.117039	410.87064	11.194336
-39.115299	405.62222	11.204102
-39.11375	407.87717	11.213867
-39.113125	411.39389	11.223633
-39.113266	415.04071	11.233398
-39.112652	417.30215	11.243164
-39.111626	410.26511	11.25293
-39.110001	410.92267	11.262695
-39.109474	410.54379	11.272461
-39.10881	412.17926	11.282227
-39.108116	415.78522	11.291992
-39.106441	414.43964	11.301758
-39.106251	416.85959	11.311523
-39.105572	415.39441	11.321289
-39.103386	411.9765	11.331055
-39.103661	412.55716	11.34082
-39.102383	414.98273	11.350586
-39.101555	419.67465	11.360352
-39.101288	416.78632	11.370117
-39.100655	417.00006	11.379883
-39.100967	415.53265	11.389648
-39.098522	412.9743	11.399414
-39.097832	416.44199	11.40918
-39.096668	417.10269	11.418945
-39.096748	419.13113	11.428711
-39.095749	423.87442	11.438477
-39.094261	418.22311	11.448242
-39.094097	415.04758	11.458008
-39.092503	417.20084	11.467773
-39.092056	421.452	11.477539
-39.091465	421.29541	11.487305
-39.091198	424.01828	11.49707
-39.090103	419.7356	11.506836
-39.0895	419.29761	11.516602
-39.088226	417.87726	11.526367
-39.088863	418.32782	11.536133
-39.086086	422.84671	11.545898
-39.08519	427.64359	11.555664
-39.084457	425.2594	11.56543
-39.084187	421.21164	11.575195
-39.082767	418.8313	11.584961
-39.082783	421.58679	11.594727
-39.081161	426.00864	11.604492
-39.079906	428.74417	11.614258
-39.080921	427.77737	11.624023
-39.079544	422.68329	11.633789
-39.077652	422.03589	11.643555
-39.076988	421.07977	11.65332
-39.076214	425.39752	11.663086
-39.076733	430.33264	11.672852
-39.075207	429.51984	11.682617
-39.073898	426.01535	11.692383
-39.073341	422.11966	11.702148
-39.071529	422.77274	11.711914
-39.072102	428.58673	11.72168
-39.071251	430.51886	11.731445
-39.070332	430.3483	11.741211
-39.069294	429.39514	11.750977
-39.068394	428.57422	11.760742
-39.066994	425.82547	11.770508
-39.06749	427.60138	11.780273
-39.066906	429.13028	11.790039
-39.065998	434.85477	11.799805
-39.063946	433.0032	11.80957
-39.06424	428.81433	11.819336
-39.063137	427.18781	11.829102
-39.061928	428.40182	11.838867
-39.061161	433.01028	11.848633
-39.059872	431.63989	11.858398
-39.059807	433.14343	11.868164
-39.059147	433.05026	11.87793
-39.058105	430.52863	11.887695
-39.057056	431.40668	11.897461
-39.055782	430.35626	11.907227
-39.055763	434.83932	11.916992
-39.054432	437.21439	11.926758
-39.053135	433.65729	11.936523
-39.05344	434.80319	11.946289
-39.052048	431.59018	11.956055
-39.050991	434.90732	11.96582
-39.049992	435.26349	11.975586
-39.049751	434.98734	11.985352
-39.048431	437.45865	11.995117
-39.04797	438.88651	12.004883
-39.04734	433.0361	12.014648
-39.04678	432.28741	12.024414
-39.046425	433.45145	12.03418
-39.04512	439.6759	12.043945
-39.043606	440.10965	12.053711
-39.043381	438.25034	12.063477
-39.041908	435.9299	12.073242
-39.042561	434.93652	12.083008
-39.04044	433.89227	12.092773
-39.039722	436.66135	12.102539
-39.038906	441.1254	12.112305
-39.039158	442.84079	12.12207
-39.038265	440.99115	12.131836
-39.037441	434.83099	12.141602
-39.036293	434.29721	12.151367
-39.034077	438.60739	12.161133
-39.034081	443.47934	12.170898
-39.032887	445.15182	12.180664
-39.031971	440.1709	12.19043
-39.032238	438.92654	12.200195
-39.030113	438.63327	12.209961
-39.03046	434.70755	12.219727
-39.029408	442.62369	12.229492
-39.028938	445.71127	12.239258
-39.026791	446.44339	12.249023
-39.026218	440.69815	12.258789
-39.026134	434.78271	12.268555
-39.025768	438.2644	12.27832
-39.024445	443.01062	12.288086
-39.023605	447.17688	12.297852
-39.022995	444.60126	12.307617
-39.022869	442.39334	12.317383
-39.022446	441.85419	12.327148
-39.02039	438.16574	12.336914
-39.021511	442.78125	12.34668
-39.019238	446.06976	12.356445
-39.017834	448.64136	12.366211
-39.017151	447.02664	12.375977
-39.017296	440.85306	12.385742
-39.014736	440.35294	12.395508
-39.014431	446.91531	12.405273
-39.014347	447.99292	12.415039
-39.012321	447.7146	12.424805
-39.012608	447.17746	12.43457
-39.011974	446.40283	12.444336
-39.009937	443.71088	12.454102
-39.010582	443.33701	12.463867
-39.00864	446.25928	12.473633
-39.008221	450.6727	12.483398
-39.007118	451.46127	12.493164
-39.007328	446.03549	12.50293
-39.005417	445.19775	12.512695
-39.004932	445.01898	12.522461
-39.003395	447.78909	12.532227
-39.003815	448.49594	12.541992
-39.003155	449.61484	12.551758
-39.002365	451.31558	12.561523
-39.000912	449.4238	12.571289
-39.000034	448.37601	12.581055
-38.999893	445.17075	12.59082
-38.998798	449.16998	12.600586
-38.99892	453.42603	12.610352
-38.996998	451.96109	12.620117
-38.996178	451.85965	12.629883
-38.995544	448.36508	12.639648
-38.99477	448.87939	12.649414
-38.992512	450.44089	12.65918
-38.992775	450.14996	12.668945
-38.992096	453.67542	12.678711
-38.99028	454.99438	12.688477
-38.990326	450.83765	12.698242
-38.990093	447.35938	12.708008
-38.988323	447.71588	12.717773
-38.988583	453.79254	12.727539
-38.986477	455.89359	12.737305
-38.98666	454.58105	12.74707
-38.985424	452.09833	12.756836
-38.984627	449.44644	12.766602
-38.984482	449.68137	12.776367
-38.982151	448.74945	12.786133
-38.982124	454.8815	12.795898
-38.982567	457.34302	12.805664
-38.980347	456.67636	12.81543
-38.980717	449.96198	12.825195
-38.97974	447.87204	12.834961
-38.978436	450.51587	12.844727
-38.978168	456.38895	12.854492
-38.976139	458.41663	12.864258
-38.97588	454.90213	12.874023
-38.974827	451.99481	12.883789
-38.973915	452.49387	12.893555
-38.973042	449.06598	12.90332
-38.973251	455.11166	12.913086
-38.971249	457.02826	12.922852
-38.970886	460.77844	12.932617
-38.968723	456.5976	12.942383
-38.969669	450.1026	12.952148
-38.968689	453.01532	12.961914
-38.967606	456.24258	12.97168
-38.967319	459.19897	12.981445
-38.965805	458.68915	12.991211
-38.9655	457.10669	13.000977
-38.963158	455.27869	13.010742
-38.96386	452.24432	13.020508
-38.963402	455.56207	13.030273
-38.962788	457.45258	13.040039
-38.959919	459.15497	13.049805
-38.959785	461.38599	13.05957
-38.959015	454.21475	13.069336
-38.958023	454.17093	13.079102
-38.958691	455.99539	13.088867
-38.957127	457.16412	13.098633
-38.95602	460.02087	13.108398
-38.956757	458.19516	13.118164
-38.954723	458.75085	13.12793
-38.953636	457.91956	13.137695
-38.952751	455.88135	13.147461
-38.952072	455.12585	13.157227
-38.951611	459.66571	13.166992
-38.950371	461.87369	13.176758
-38.950058	460.31754	13.186523
-38.948772	458.0531	13.196289
-38.947922	455.02237	13.206055
-38.945526	456.56058	13.21582
-38.945969	458.63989	13.225586
-38.946243	459.54065	13.235352
-38.944595	460.90576	13.245117
-38.945114	460.19598	13.254883
-38.942505	459.63651	13.264648
-38.941586	453.51785	13.274414
-38.942844	455.36667	13.28418
-38.940861	462.74133	13.293945
-38.939899	463.27856	13.303711
-38.938396	462.05112	13.313477
-38.938305	457.0119	13.323242
-38.936996	456.259	13.333008
-38.93618	457.98471	13.342773
-38.935596	458.78314	13.352539
-38.934818	463.04358	13.362305
-38.934307	465.17862	13.37207
-38.932877	460.09775	13.381836
-38.93203	457.69229	13.391602
-38.931839	455.57303	13.401367
-38.931629	457.8219	13.411133
-38.930534	464.17715	13.420898
-38.929691	464.28128	13.430664
-38.928635	461.48703	13.44043
-38.928131	459.08298	13.450195
-38.927376	458.83582	13.459961
-38.926189	457.92062	13.469727
-38.923901	460.80243	13.479492
-38.924728	464.026	13.489258
-38.923969	463.44373	13.499023
-38.923843	458.93463	13.508789
-38.922535	454.90506	13.518555
-38.921223	456.89291	13.52832
-38.920181	462.70636	13.538086
-38.919868	465.0896	13.547852
-38.918392	464.41388	13.557617
-38.918224	461.05707	13.567383
-38.916611	457.80548	13.577148
-38.915588	458.38043	13.586914
-38.916229	460.76413	13.59668
-38.915104	461.3089	13.606445
-38.913872	466.2933	13.616211
-38.912788	463.72104	13.625977
-38.913219	457.14828	13.635742
-38.911758	457.80966	13.645508
-38.910797	460.12631	13.655273
-38.909328	464.33493	13.665039
-38.908878	464.46265	13.674805
-38.907677	462.28342	13.68457
-38.907875	461.10257	13.694336
-38.906372	459.18463	13.704102
-38.90538	459.14996	13.713867
-38.905182	459.57513	13.723633
-38.904652	464.27856	13.733398
-38.903023	468.6586	13.743164
-38.901897	460.5773	13.75293
-38.901588	459.75961	13.762695
-38.901665	459.28479	13.772461
-38.900715	462.54242	13.782227
-38.898685	463.34622	13.791992
-38.898598	463.64307	13.801758
-38.896633	463.52103	13.811523
-38.896961	464.03317	13.821289
-38.89587	458.99658	13.831055
-38.895767	458.5495	13.84082
-38.895164	462.87601	13.850586
-38.894001	467.15115	13.860352
-38.893581	466.71045	13.870117
-38.891632	464.17929	13.879883
-38.89072	459.96368	13.889648
-38.889931	461.56729	13.899414
-38.888981	461.04181	13.90918
-38.887543	463.19827	13.918945
-38.886982	465.56934	13.928711
-38.887489	465.05322	13.938477
-38.887062	463.02106	13.948242
-38.886017	459.00656	13.958008
-38.885479	457.30273	13.967773
-38.884144	464.60318	13.977539
-38.882244	467.55502	13.987305
-38.883133	467.09241	13.99707
-38.880943	462.36896	14.006836
-38.880169	460.46909	14.016602
-38.880154	460.43423	14.026367
-38.879333	459.61581	14.036133
-38.878342	466.93024	14.045898
-38.876736	468.60388	14.055664
-38.876553	466.30099	14.06543
-38.876171	462.29568	14.075195
-38.876179	456.12994	14.084961
-38.872948	462.69403	14.094727
-38.873325	464.94064	14.104492
-38.872292	468.42126	14.114258
-38.872154	463.42532	14.124023
-38.871456	461.44577	14.133789
-38.869766	460.2757	14.143555
-38.869713	459.79547	14.15332
-38.867706	464.52396	14.163086
-38.86652	467.68307	14.172852
-38.865726	467.36792	14.182617
-38.86544	464.81525	14.192383
-38.863976	459.48428	14.202148
-38.864235	458.56293	14.211914
-38.863628	464.23581	14.22168
-38.860996	467.6322	14.231445
-38.862038	464.8844	14.241211
-38.860577	463.60434	14.250977
-38.859596	460.7395	14.260742
-38.85865	461.58221	14.270508
-38.858192	463.46799	14.280273
-38.858055	463.38776	14.290039
-38.85783	467.91348	14.299805
-38.856926	464.21896	14.30957
-38.854481	461.17053	14.319336
-38.856052	460.43546	14.329102
-38.853825	459.26169	14.338867
-38.854122	464.79758	14.348633
-38.851494	466.479	14.358398
-38.851398	464.54721	14.368164
-38.851067	464.9212	14.37793
-38.849533	462.71832	14.387695
-38.848713	461.90167	14.397461
-38.848606	460.27313	14.407227
-38.84708	462.61304	14.416992
-38.846462	467.84229	14.426758
-38.845402	464.36444	14.436523
-38.844517	461.21481	14.446289
-38.84428	458.99927	14.456055
-38.843254	459.50119	14.46582
-38.842693	463.37061	14.475586
-38.841267	462.40424	14.485352
-38.840519	464.64563	14.495117
-38.839886	465.69766	14.504883
-38.839752	461.81769	14.514648
-38.838982	458.10834	14.524414
-38.83812	458.14188	14.53418
-38.837078	465.58652	14.543945
-38.836113	468.1315	14.553711
-38.834312	464.49521	14.563477
-38.834545	460.43686	14.573242
-38.833061	459.84506	14.583008
-38.833008	459.28885	14.592773
-38.830494	460.61383	14.602539
-38.831448	466.13318	14.612305
-38.829597	466.64902	14.62207
-38.830105	463.20178	14.631836
-38.828724	459.96332	14.641602
-38.82795	458.08157	14.651367
-38.827427	460.48984	14.661133
-38.825993	465.62787	14.670898
-38.824947	467.19656	14.680664
-38.825268	462.4332	14.69043
-38.823624	459.30911	14.700195
-38.823048	460.13373	14.709961
-38.82143	457.8934	14.719727
-38.820404	464.61246	14.729492
-38.821331	465.68552	14.739258
-38.819538	464.62732	14.749023
-38.818562	461.91034	14.758789
-38.819134	455.1839	14.768555
-38.818008	458.86972	14.77832
-38.817173	463.07321	14.788086
-38.816849	465.89215	14.797852
-38.814888	465.34192	14.807617
-38.813667	459.1756	14.817383
-38.812248	458.6705	14.827148
-38.811272	459.77466	14.836914
-38.812023	460.66782	14.84668
-38.810474	462.46896	14.856445
-38.809505	465.37122	14.866211
-38.809181	464.05161	14.875977
-38.809135	459.41507	14.885742
-38.808979	456.63556	14.895508
-38.806549	459.77957	14.905273
-38.805241	464.75778	14.915039
-38.804333	463.82388	14.924805
-38.803776	462.74786	14.93457
-38.803112	461.05429	14.944336
-38.802189	459.05707	14.954102
-38.802006	458.13812	14.963867
-38.80027	458.50848	14.973633
-38.799442	463.49951	14.983398
-38.798393	465.32715	14.993164
-38.797932	460.88425	15.00293
-38.798561	460.75269	15.012695
-38.797615	456.90811	15.022461
-38.797146	459.03125	15.032227
-38.79575	461.61877	15.041992
-38.793388	461.18314	15.051758
-38.792828	461.10535	15.061523
-38.792347	460.72217	15.071289
-38.791454	459.18625	15.081055
-38.790787	456.09375	15.09082
-38.789349	456.7041	15.100586
-38.78857	463.62494	15.110352
-38.788284	463.42502	15.120117
-38.78812	461.67953	15.129883
-38.787163	457.48358	15.139648
-38.787338	456.40195	15.149414
-38.785896	459.13898	15.15918
-38.783844	458.95987	15.168945
-38.783951	464.09622	15.178711
-38.783314	462.56134	15.188477
-38.781548	458.83325	15.198242
-38.781761	455.47803	15.208008
-38.780128	453.71597	15.217773
-38.77853	458.27313	15.227539
-38.77951	462.9639	15.237305
-38.777309	462.5065	15.24707
-38.777992	457.33368	15.256836
-38.776066	455.84958	15.266602
-38.77552	456.022	15.276367
-38.774609	456.72037	15.286133
-38.774124	461.9075	15.295898
-38.773399	461.80972	15.305664
-38.772755	461.49197	15.31543
-38.771442	456.48047	15.325195
-38.770969	452.29343	15.334961
-38.770969	456.20984	15.344727
-38.769711	458.97913	15.354492
-38.767593	463.8345	15.364258
-38.767574	460.45276	15.374023
-38.767113	456.19421	15.383789
-38.765831	455.1048	15.393555
-38.764977	455.19232	15.40332
-38.763744	459.03049	15.413086
-38.763126	461.22025	15.422852
-38.761944	461.75476	15.432617
-38.761456	458.55487	15.442383
-38.760899	452.54715	15.452148
-38.759983	453.81973	15.461914
-38.759212	456.51236	15.47168
-38.758854	459.79205	15.481445
-38.757751	461.39636	15.491211
-38.756527	455.44638	15.500977
-38.755577	454.50919	15.510742
-38.755157	455.01776	15.520508
-38.75383	456.96573	15.530273
-38.753429	456.91425	15.540039
-38.752811	460.7016	15.549805
-38.752216	459.52997	15.55957
-38.751823	456.82858	15.569336
-38.750507	452.34674	15.579102
-38.74929	454.88345	15.588867
-38.748116	456.36432	15.598633
-38.747723	458.32413	15.608398
-38.746296	457.28827	15.618164
-38.746265	456.35471	15.62793
-38.74509	456.98413	15.637695
-38.744995	455.22791	15.647461
-38.743591	452.53043	15.657227
-38.742214	457.08252	15.666992
-38.742565	459.67572	15.676758
-38.740723	460.62167	15.686523
-38.740257	457.58618	15.696289
-38.739632	450.31119	15.706055
-38.738491	453.2612	15.71582
-38.739422	455.36801	15.725586
-38.738094	455.06091	15.735352
-38.736115	458.31516	15.745117
-38.735722	456.62021	15.754883
-38.734776	454.36337	15.764648
-38.734821	450.74799	15.774414
-38.73341	450.79468	15.78418
-38.731865	456.62518	15.793945
-38.731354	459.89963	15.803711
-38.730427	456.91519	15.813477
-38.73	452.93564	15.823242
-38.728878	449.89297	15.833008
-38.728249	454.04739	15.842773
-38.728432	453.18015	15.852539
-38.727127	459.00064	15.862305
-38.725861	459.31686	15.87207
-38.724541	455.73953	15.881836
-38.724262	452.80978	15.891602
-38.724682	448.19037	15.901367
-38.723087	452.72778	15.911133
-38.72131	458.97244	15.920898
-38.72123	458.33926	15.930664
-38.720074	455.59692	15.94043
-38.719822	450.45782	15.950195
-38.718658	449.80069	15.959961
-38.718304	452.38318	15.969727
-38.717041	456.03595	15.979492
-38.715687	457.05133	15.989258
-38.715023	457.2681	15.999023
-38.713913	451.72327	16.008789
-38.714466	447.68451	16.018555
-38.712833	449.88614	16.02832
-38.711708	454.55844	16.038086
-38.711987	458.40039	16.047852
-38.711941	456.46967	16.057617
-38.708183	451.80145	16.067383
-38.708828	450.6153	16.077148
-38.708454	450.79327	16.086914
-38.708492	452.53622	16.09668
-38.706486	454.49069	16.106445
-38.706211	456.35025	16.116211
-38.703457	456.72284	16.125977
-38.704376	449.01578	16.135742
-38.703732	449.76321	16.145508
-38.701851	450.9837	16.155273
-38.702343	455.26642	16.165039
-38.700695	456.78613	16.174805
-38.699543	451.28464	16.18457
-38.699066	451.85626	16.194336
-38.698795	452.10944	16.204102
-38.698502	449.95691	16.213867
-38.696327	452.25406	16.223633
-38.697441	452.8764	16.233398
-38.695885	456.45132	16.243164
-38.69453	455.2088	16.25293
-38.693123	450.48633	16.262695
-38.692886	450.35388	16.272461
-38.691998	450.40536	16.282227
-38.690304	453.08566	16.291992
-38.689705	454.18845	16.301758
-38.689743	453.34146	16.311523
-38.689476	452.74136	16.321289
-38.687756	451.83154	16.331055
-38.686932	447.93704	16.34082
-38.685295	448.61349	16.350586
-38.684761	453.82208	16.360352
-38.684505	455.63156	16.370117
-38.682686	455.33917	16.379883
-38.682644	448.30539	16.389648
-38.681396	448.57703	16.399414
-38.681152	451.02295	16.40918
-38.681034	451.40741	16.418945
-38.679653	455.96957	16.428711
-38.67939	454.50562	16.438477
-38.678719	452.23041	16.448242
-38.676563	446.74832	16.458008
-38.676228	447.07498	16.467773
-38.675423	452.07239	16.477539
-38.675121	455.79306	16.487305
-38.672691	455.09637	16.49707
-38.672279	451.35782	16.506836
-38.672466	446.71521	16.516602
-38.671921	449.68863	16.526367
-38.669823	450.18027	16.536133
-38.669971	454.34903	16.545898
-38.669064	455.14355	16.555664
-38.667805	452.36331	16.56543
-38.667973	449.55923	16.575195
-38.666821	443.7861	16.584961
-38.666458	448.60913	16.594727
-38.665401	454.00369	16.604492
-38.664211	456.67203	16.614258
-38.663353	452.83783	16.624023
-38.66124	449.90323	16.633789
-38.661808	448.27893	16.643555
-38.66095	449.64789	16.65332
-38.660107	452.32581	16.663086
-38.658398	451.98151	16.672852
-38.658848	454.05719	16.682617
-38.657997	453.50488	16.692383
-38.656555	445.37589	16.702148
-38.655357	446.95575	16.711914
-38.655785	449.70895	16.72168
-38.653645	453.92419	16.731445
-38.654415	453.39392	16.741211
-38.652569	448.90515	16.750977
-38.652622	449.07056	16.760742
-38.651844	448.20059	16.770508
-38.650486	450.18903	16.780273
-38.650928	450.50714	16.790039
-38.648235	451.89612	16.799805
-38.648384	456.24298	16.80957
-38.647606	449.31613	16.819336
-38.64703	447.2395	16.829102
-38.645267	446.60809	16.838867
-38.645123	451.01114	16.848633
-38.642288	452.83615	16.858398
-38.642479	449.00809	16.868164
-38.642128	450.30444	16.87793
-38.640755	449.64532	16.887695
-38.640289	446.66995	16.897461
-38.63921	446.65616	16.907227
-38.63866	446.72412	16.916992
-38.637199	453.13004	16.926758
-38.63792	452.72678	16.936523
-38.6371	449.63422	16.946289
-38.635693	445.43555	16.956055
-38.634792	447.01797	16.96582
-38.634384	450.60385	16.975586
-38.634602	451.5611	16.985352
-38.631973	452.34207	16.995117
-38.630882	451.98376	17.004883
-38.631149	447.21335	17.014648
-38.629108	444.01099	17.024414
-38.628284	445.77087	17.03418
-38.627495	449.20712	17.043945
-38.627438	454.78302	17.053711
-38.626652	452.84875	17.063477
-38.626011	445.77603	17.073242
-38.625492	444.10382	17.083008
-38.624187	445.20673	17.092773
-38.62318	449.7572	17.102539
-38.623592	453.16376	17.112305
-38.621563	450.34158	17.12207
-38.621063	451.10657	17.131836
-38.618835	446.03806	17.141602
-38.619583	443.02542	17.151367
-38.619007	447.0715	17.161133
-38.61734	451.88983	17.170898
-38.616653	454.19098	17.180664
-38.6161	449.353	17.19043
-38.615681	443.21005	17.200195
-38.614452	445.26035	17.209961
-38.613461	445.08572	17.219727
-38.612904	450.91373	17.229492
-38.612278	450.96387	17.239258
-38.611134	449.53601	17.249023
-38.610756	447.98947	17.258789
-38.609791	442.92825	17.268555
-38.609955	445.31567	17.27832
-38.60833	450.09204	17.288086
-38.60733	451.34897	17.297852
-38.607059	449.98557	17.307617
-38.605156	447.94598	17.317383
-38.604328	444.7691	17.327148
-38.60363	447.52756	17.336914
-38.60339	447.74088	17.34668
-38.602478	448.10739	17.356445
-38.601753	451.75305	17.366211
-38.601254	450.87448	17.375977
-38.598648	447.33054	17.385742
-38.600658	445.49179	17.395508
-38.59874	444.68274	17.405273
-38.597534	451.52475	17.415039
-38.596909	451.56812	17.424805
-38.596455	448.88583	17.43457
-38.595055	447.85205	17.444336
-38.593334	446.19254	17.454102
-38.593479	446.33475	17.463867
-38.592819	445.84055	17.473633
-38.592766	446.85495	17.483398
-38.590282	452.1106	17.493164
-38.589165	448.63928	17.50293
-38.589256	446.26096	17.512695
-38.588406	442.81442	17.522461
-38.587391	443.54776	17.532227
-38.587997	448.59689	17.541992
-38.586155	449.37082	17.551758
-38.585258	450.02603	17.561523
-38.58363	446.68701	17.571289
-38.583618	444.35651	17.581055
-38.582897	443.42532	17.59082
-38.582939	443.46713	17.600586
-38.580132	448.90909	17.610352
-38.580173	453.15286	17.620117
-38.579498	448.59235	17.629883
-38.579628	444.6915	17.639648
-38.57859	441.79251	17.649414
-38.578106	445.21082	17.65918
-38.575653	448.7662	17.668945
-38.574829	449.81992	17.678711
-38.574753	448.74084	17.688477
-38.573414	446.89948	17.698242
-38.572704	442.70688	17.708008
-38.573444	442.53815	17.717773
-38.570759	446.71057	17.727539
-38.570793	452.26849	17.737305
-38.569653	452.02005	17.74707
-38.569454	446.07172	17.756836
-38.568031	440.95273	17.766602
-38.56842	444.32181	17.776367
-38.567104	447.85886	17.786133
-38.565334	451.01251	17.795898
-38.564739	450.23807	17.805664
-38.564247	449.66772	17.81543
-38.563026	445.42099	17.825195
-38.562233	439.72617	17.834961
-38.561661	443.3168	17.844727
-38.560638	448.35342	17.854492
-38.559917	451.66534	17.864258
-38.559589	449.37082	17.874023
-38.558247	443.84482	17.883789
-38.558868	443.15573	17.893555
-38.556744	443.98944	17.90332
-38.55603	447.68857	17.913086
-38.554893	447.90277	17.922852
-38.554455	446.85077	17.932617
-38.553532	448.20834	17.942383
-38.553288	443.57782	17.952148
-38.551476	442.32159	17.961914
-38.551575	445.49573	17.97168
-38.548599	447.71991	17.981445
-38.549458	450.17151	17.991211
-38.548393	444.96442	18.000977
-38.548378	444.3801	18.010742
-38.547081	446.03473	18.020508
-38.546741	444.40802	18.030273
-38.544651	445.12766	18.040039
-38.544388	448.59363	18.049805
-38.543354	447.36234	18.05957
-38.543011	447.80719	18.069336
-38.542526	444.02966	18.079102
-38.541985	440.71466	18.088867
-38.540028	446.76678	18.098633
-38.538944	447.02823	18.108398
-38.539284	446.64969	18.118164
-38.538189	447.4801	18.12793
-38.537521	445.43689	18.137695
-38.535732	446.07187	18.147461
-38.535412	441.91431	18.157227
-38.534893	444.94086	18.166992
-38.533966	448.88232	18.176758
-38.532845	448.16116	18.186523
-38.532322	446.6123	18.196289
-38.530449	441.51712	18.206055
-38.529972	441.77979	18.21582
-38.528782	446.52121	18.225586
-38.528343	446.64191	18.235352
-38.528767	450.4783	18.245117
-38.52792	446.50125	18.254883
-38.526176	444.02914	18.264648
-38.527332	443.7858	18.274414
-38.525154	439.94672	18.28418
-38.524372	448.12924	18.293945
-38.523933	450.117	18.303711
-38.521927	447.73428	18.313477
-38.520752	444.40613	18.323242
-38.521683	439.66077	18.333008
-38.51825	442.53604	18.342773
-38.518658	447.0611	18.352539
-38.518845	448.30319	18.362305
-38.517284	449.04153	18.37207
-38.516724	445.69415	18.381836
-38.515957	441.54074	18.391602
-38.514477	441.1149	18.401367
-38.514954	444.49042	18.411133
-38.514042	450.37711	18.420898
-38.51329	451.17709	18.430664
-38.511829	446.3259	18.44043
-38.511604	441.70291	18.450195
-38.510338	441.10291	18.459961
-38.509869	445.03555	18.469727
-38.50811	448.01233	18.479492
-38.508373	447.04111	18.489258
-38.507202	447.76639	18.499023
-38.505283	445.97299	18.508789
-38.506611	439.74155	18.518555
-38.503757	443.29437	18.52832
-38.504276	444.72015	18.538086
-38.502728	450.97229	18.547852
-38.501942	449.28009	18.557617
-38.500744	441.79575	18.567383
-38.500034	442.82721	18.577148
-38.500153	443.01825	18.586914
-38.498798	443.62082	18.59668
-38.497765	446.92789	18.606445
-38.498753	446.0946	18.616211
-38.496716	448.47379	18.625977
-38.495369	443.13803	18.635742
-38.493855	441.54272	18.645508
-38.493546	441.27911	18.655273
-38.493099	443.58676	18.665039
-38.493031	448.98651	18.674805
-38.490604	445.01349	18.68457
-38.490456	443.71136	18.694336
-38.489231	443.87473	18.704102
-38.489681	442.3222	18.713867
-38.488068	442.69781	18.723633
-38.487469	445.38541	18.733398
-38.487087	447.18378	18.743164
-38.485279	447.62506	18.75293
-38.485001	443.65515	18.762695
-38.48489	439.70673	18.772461
-38.482483	442.40082	18.782227
-38.483093	447.04327	18.791992
-38.483276	446.39182	18.801758
-38.480701	448.37085	18.811523
-38.479347	443.13159	18.821289
-38.47929	443.10254	18.831055
-38.478451	441.90027	18.84082
-38.478073	441.6138	18.850586
-38.476349	447.05328	18.860352
-38.476295	448.17355	18.870117
-38.475445	447.3317	18.879883
-38.474113	441.30719	18.889648
-38.473877	438.48984	18.899414
-38.473042	444.0473	18.90918
-38.473125	446.323	18.918945
-38.471012	448.69904	18.928711
-38.470821	445.04922	18.938477
-38.469345	442.17477	18.948242
-38.468292	441.82016	18.958008
-38.467083	438.00735	18.967773
-38.467438	444.75299	18.977539
-38.466785	448.9783	18.987305
-38.465694	448.63739	18.99707
-38.464504	444.03076	19.006836
-38.463421	439.51608	19.016602
-38.463051	441.35046	19.026367
-38.463779	444.18741	19.036133
-38.461716	447.4704	19.045898
-38.46067	447.35825	19.055664
-38.459183	445.58438	19.06543
-38.4589	442.79779	19.075195
-38.458977	440.56042	19.084961
-38.457474	440.27502	19.094727
-38.45726	446.23618	19.104492
-38.455921	448.76007	19.114258
-38.455093	446.41861	19.124023
-38.454651	441.5636	19.133789
-38.453682	439.75769	19.143555
-38.452034	441.62299	19.15332
-38.451939	444.84494	19.163086
-38.451122	444.32394	19.172852
-38.451118	445.30344	19.182617
-38.44894	444.52655	19.192383
-38.448689	440.08823	19.202148
-38.448025	440.32797	19.211914
-38.447079	441.28882	19.22168
-38.445892	448.30466	19.231445
-38.444836	448.6459	19.241211
-38.445137	442.61823	19.250977
-38.443123	442.08545	19.260742
-38.441597	440.45007	19.270508
-38.442059	443.96671	19.280273
-38.441898	443.72906	19.290039
-38.440716	444.15942	19.299805
-38.439445	447.59641	19.30957
-38.438694	444.56595	19.319336
-38.437855	442.229	19.329102
-38.436749	440.0701	19.338867
-38.435913	442.36023	19.348633
-38.435692	447.13437	19.358398
-38.434734	445.56006	19.368164
-38.433197	444.45712	19.37793
-38.432926	443.92267	19.387695
-38.432461	442.23984	19.397461
-38.431797	440.68961	19.407227
-38.430611	441.09778	19.416992
-38.430115	446.09988	19.426758
-38.430466	448.439	19.436523
-38.42775	443.2699	19.446289
-38.427101	437.91302	19.456055
-38.42696	438.46484	19.46582
-38.426586	443.68045	19.475586
-38.423622	446.07526	19.485352
-38.424164	447.28265	19.495117
-38.423363	443.71335	19.504883
-38.423073	442.58441	19.514648
-38.422089	440.59415	19.524414
-38.42234	440.71521	19.53418
-38.420715	444.3826	19.543945
-38.41851	447.80762	19.553711
-38.417664	447.9213	19.563477
-38.418297	440.10751	19.573242
-38.417408	437.29834	19.583008
-38.416824	441.45963	19.592773
-38.414806	445.39456	19.602539
-38.414219	448.3313	19.612305
-38.41325	446.31326	19.62207
-38.412033	443.35336	19.631836
-38.412373	441.25638	19.641602
-38.410381	437.69733	19.651367
-38.409462	443.41483	19.661133
-38.409054	447.86633	19.670898
-38.408993	449.05136	19.680664
-38.407436	445.00601	19.69043
-38.407753	437.80313	19.700195
-38.406368	439.40213	19.709961
-38.405357	442.59183	19.719727
-38.40427	444.55515	19.729492
-38.40247	448.11005	19.739258
-38.403107	443.93793	19.749023
-38.401844	442.07846	19.758789
-38.401478	439.99179	19.768555
-38.399899	438.77518	19.77832
-38.39851	443.68417	19.788086
-38.398365	446.65295	19.797852
-38.397598	445.87277	19.807617
-38.397156	442.87448	19.817383
-38.39698	440.55185	19.827148
-38.397232	440.88535	19.836914
-38.395927	443.07382	19.84668
-38.394817	444.36975	19.856445
-38.392952	445.7811	19.866211
-38.392338	445.38141	19.875977
-38.3918	443.42972	19.885742
-38.390491	440.9978	19.895508
-38.389538	439.13235	19.905273
-38.388348	441.95261	19.915039
-38.387753	446.87234	19.924805
-38.388386	444.20364	19.93457
-38.386299	443.89151	19.944336
-38.385468	440.64236	19.954102
-38.384785	442.42953	19.963867
-38.38443	442.28513	19.973633
-38.383011	442.31509	19.983398
-38.382362	447.01794	19.993164
-38.382362	444.60251	20.00293
-38.381733	442.18576	20.012695


Data Header:			0.254_solid_dimension_typeiv_090_r0			Time:	30.874023	s	4/14/2019 1:41:51 AM
Data Acquisition:	Timed
Station Name:	ft40.cfg
Test File Name:	monotonic_0.2540_typeiv_solid_090_dimension.tst
Displacement	Force	Running Time
mm	N	s
-38.379814	438.67416	20.022461
-38.379639	438.1333	20.032227
-38.377285	444.84708	20.041992
-38.377071	445.75345	20.051758
-38.376263	446.80414	20.061523
-38.376167	441.9101	20.071289
-38.375507	441.12198	20.081055
-38.374851	440.67529	20.09082
-38.375069	442.19162	20.100586
-38.372826	444.95792	20.110352
-38.37112	449.52847	20.120117
-38.370438	444.78607	20.129883
-38.369625	441.01364	20.139648
-38.369968	438.65442	20.149414
-38.368496	440.79376	20.15918
-38.368221	447.0968	20.168945
-38.367165	446.6842	20.178711
-38.365585	444.84976	20.188477
-38.365437	443.33093	20.198242
-38.365387	439.67984	20.208008
-38.362854	437.97528	20.217773
-38.362595	444.16583	20.227539
-38.362614	446.78455	20.237305
-38.362225	448.4921	20.24707
-38.360424	443.14969	20.256836
-38.359905	436.42126	20.266602
-38.359592	439.03571	20.276367
-38.3592	441.96707	20.286133
-38.357689	447.5015	20.295898
-38.356064	445.58466	20.305664
-38.356182	441.96274	20.31543
-38.355133	442.82385	20.325195
-38.354557	437.70377	20.334961
-38.354099	441.31769	20.344727
-38.352577	444.69891	20.354492
-38.351402	447.23285	20.364258
-38.351189	446.19647	20.374023
-38.349068	439.44629	20.383789
-38.347866	438.43356	20.393555
-38.348431	442.67599	20.40332
-38.347874	443.48792	20.413086
-38.346771	445.3306	20.422852
-38.347027	441.81433	20.432617
-38.344528	443.61884	20.442383
-38.343487	440.10254	20.452148
-38.344746	438.5647	20.461914
-38.34272	439.41803	20.47168
-38.341831	445.53763	20.481445
-38.340878	445.66333	20.491211
-38.341381	444.1875	20.500977
-38.339821	440.55118	20.510742
-38.338448	440.50055	20.520508
-38.337074	442.29285	20.530273
-38.336517	443.85098	20.540039
-38.335403	442.7579	20.549805
-38.335541	443.95398	20.55957
-38.334667	445.69156	20.569336
-38.332222	441.23123	20.579102
-38.332619	437.72311	20.588867
-38.333424	441.25757	20.598633
-38.3302	446.68195	20.608398
-38.330482	444.89066	20.618164
-38.329201	443.79871	20.62793
-38.32909	440.22955	20.637695
-38.328625	438.13834	20.647461
-38.327648	441.33655	20.657227
-38.327137	441.72278	20.666992
-38.324844	446.42728	20.676758
-38.325397	445.78433	20.686523
-38.323734	444.81284	20.696289
-38.32267	438.24652	20.706055
-38.321655	436.21198	20.71582
-38.320431	444.77124	20.725586
-38.320591	445.56528	20.735352
-38.319191	445.50992	20.745117
-38.31979	441.59598	20.754883
-38.318268	440.7937	20.764648
-38.31765	439.02887	20.774414
-38.316429	438.86624	20.78418
-38.315613	442.10287	20.793945
-38.314449	446.5556	20.803711
-38.313911	446.23715	20.813477
-38.313477	440.47678	20.823242
-38.311913	436.79572	20.833008
-38.311993	438.85898	20.842773
-38.31094	445.41556	20.852539
-38.310204	447.18134	20.862305
-38.308575	443.94043	20.87207
-38.308769	442.11102	20.881836
-38.308777	439.4931	20.891602
-38.307343	436.93558	20.901367
-38.305847	442.95398	20.911133
-38.305714	445.33429	20.920898
-38.305752	447.8175	20.930664
-38.304203	445.11334	20.94043
-38.303402	437.47162	20.950195
-38.300945	437.72256	20.959961
-38.301746	442.44977	20.969727
-38.29977	445.1376	20.979492
-38.299171	444.12646	20.989258
-38.298252	442.73874	20.999023
-38.297287	442.10315	21.008789
-38.298046	438.61322	21.018555
-38.296143	438.51132	21.02832
-38.295479	441.22415	21.038086
-38.294605	444.90698	21.047852
-38.293369	446.72391	21.057617
-38.292801	439.92612	21.067383
-38.293072	441.11356	21.077148
-38.291851	438.47144	21.086914
-38.290993	442.02386	21.09668
-38.289639	445.4527	21.106445
-38.288242	443.56628	21.116211
-38.289482	442.21411	21.125977
-38.28717	443.29379	21.135742
-38.285847	439.57843	21.145508
-38.286201	439.96149	21.155273
-38.285866	442.05215	21.165039
-38.283333	446.09573	21.174805
-38.283894	444.01608	21.18457
-38.282318	440.65967	21.194336
-38.281845	438.13031	21.204102
-38.280884	439.4704	21.213867
-38.280571	439.38998	21.223633
-38.279671	443.25821	21.233398
-38.279129	444.76343	21.243164
-38.277538	444.16916	21.25293
-38.278122	441.72546	21.262695
-38.275475	436.78836	21.272461
-38.275974	436.57724	21.282227
-38.273899	444.535	21.291992
-38.273777	443.9913	21.301758
-38.2728	445.97159	21.311523
-38.270962	439.52817	21.321289
-38.270573	439.51114	21.331055
-38.269794	438.45236	21.34082
-38.269035	438.87079	21.350586
-38.268082	445.18082	21.360352
-38.268024	445.61069	21.370117
-38.266346	444.34906	21.379883
-38.265625	439.70514	21.389648
-38.265018	434.7384	21.399414
-38.26405	439.35245	21.40918
-38.263786	444.79758	21.418945
-38.263252	446.23383	21.428711
-38.262573	444.16025	21.438477
-38.261578	438.93604	21.448242
-38.26157	438.78824	21.458008
-38.260059	436.84335	21.467773
-38.259274	442.23291	21.477539
-38.257526	445.2681	21.487305
-38.256882	445.26077	21.49707
-38.255188	441.05554	21.506836
-38.255573	436.87302	21.516602
-38.255215	436.04337	21.526367
-38.253754	442.5993	21.536133
-38.252861	444.28647	21.545898
-38.251873	442.90518	21.555664
-38.25172	442.19888	21.56543
-38.250015	439.48868	21.575195
-38.248562	438.17136	21.584961
-38.249207	439.72675	21.594727
-38.248161	442.75781	21.604492
-38.247501	447.22684	21.614258
-38.246559	443.54163	21.624023
-38.246368	438.3573	21.633789
-38.244427	438.06281	21.643555
-38.244637	440.33231	21.65332
-38.244396	444.19882	21.663086
-38.243259	443.68405	21.672852
-38.241428	443.62106	21.682617
-38.240757	442.31854	21.692383
-38.239971	441.14365	21.702148
-38.239178	440.02664	21.711914
-38.239143	439.29419	21.72168
-38.237858	442.3504	21.731445
-38.237335	447.21378	21.741211
-38.236443	441.2648	21.750977
-38.235237	441.28146	21.760742
-38.23489	437.31152	21.770508
-38.233154	439.63315	21.780273
-38.232758	444.17111	21.790039
-38.231506	441.9935	21.799805
-38.230675	443.44424	21.80957
-38.230785	443.95047	21.819336
-38.229935	438.93079	21.829102
-38.229416	437.79718	21.838867
-38.228966	438.87384	21.848633
-38.227459	443.79733	21.858398
-38.226665	445.72791	21.868164
-38.226124	443.54938	21.87793
-38.224533	440.67316	21.887695
-38.223385	438.7467	21.897461
-38.224148	438.9371	21.907227
-38.221897	440.09814	21.916992
-38.220871	444.12057	21.926758
-38.219879	445.67813	21.936523
-38.219582	442.20938	21.946289
-38.219719	436.50894	21.956055
-38.218109	435.69055	21.96582
-38.216785	440.60123	21.975586
-38.217525	444.63382	21.985352
-38.216248	445.34082	21.995117
-38.215408	440.75577	22.004883
-38.214729	438.14523	22.014648
-38.212872	436.8262	22.024414
-38.212898	438.65964	22.03418
-38.210941	445.17615	22.043945
-38.212284	445.68341	22.053711
-38.21032	446.81439	22.063477
-38.209568	440.37003	22.073242
-38.208656	432.39111	22.083008
-38.207684	438.62677	22.092773
-38.20583	442.60699	22.102539
-38.207401	446.31076	22.112305
-38.204628	444.38867	22.12207
-38.204121	438.76575	22.131836
-38.20269	440.11325	22.141602
-38.202995	437.74225	22.151367
-38.20237	440.16675	22.161133
-38.201565	444.31381	22.170898
-38.200535	445.62711	22.180664
-38.199398	443.48373	22.19043
-38.198029	437.29395	22.200195
-38.197533	436.59009	22.209961
-38.19709	441.52896	22.219727
-38.197521	441.66568	22.229492
-38.196423	443.08981	22.239258
-38.194412	442.23587	22.249023
-38.194073	439.37946	22.258789
-38.193687	439.66937	22.268555
-38.191956	438.93637	22.27832
-38.190434	440.0712	22.288086
-38.189968	444.41586	22.297852
-38.188507	444.72638	22.307617
-38.188782	439.50272	22.317383
-38.187946	438.56552	22.327148
-38.187214	436.5553	22.336914
-38.187069	442.30869	22.34668
-38.186394	442.62991	22.356445
-38.184452	441.15808	22.366211
-38.184452	442.24661	22.375977
-38.183598	441.41367	22.385742
-38.181511	439.78217	22.395508
-38.182014	438.47638	22.405273
-38.180061	440.18646	22.415039
-38.179089	445.44537	22.424805
-38.17831	441.92484	22.43457
-38.178493	443.04318	22.444336
-38.17828	438.08575	22.454102
-38.177628	438.08594	22.463867
-38.175045	440.83319	22.473633
-38.174854	441.97852	22.483398
-38.173908	444.26785	22.493164
-38.172546	447.10541	22.50293
-38.173439	439.63327	22.512695
-38.171486	437.26028	22.522461
-38.171471	437.60263	22.532227
-38.169399	442.82779	22.541992
-38.169243	445.99084	22.551758
-38.168556	444.16238	22.561523
-38.167862	440.78625	22.571289
-38.166477	437.93494	22.581055
-38.165798	437.71375	22.59082
-38.166271	440.1962	22.600586
-38.164532	443.30383	22.610352
-38.163616	444.9519	22.620117
-38.16333	444.0723	22.629883
-38.161919	437.87747	22.639648
-38.161343	436.51099	22.649414
-38.159824	439.76102	22.65918
-38.159595	445.01242	22.668945
-38.159557	446.83704	22.678711
-38.157658	442.54013	22.688477
-38.156445	438.66043	22.698242
-38.156448	438.86307	22.708008
-38.155308	438.32022	22.717773
-38.15506	443.23849	22.727539
-38.153786	444.58997	22.737305
-38.153599	444.76633	22.74707
-38.152832	441.41391	22.756836
-38.150681	435.19608	22.766602
-38.150967	438.79498	22.776367
-38.149181	441.47958	22.786133
-38.149128	446.90741	22.795898
-38.148972	443.76279	22.805664
-38.147709	440.38687	22.81543
-38.146896	441.41016	22.825195
-38.145523	438.12509	22.834961
-38.144787	439.5582	22.844727
-38.144539	442.59021	22.854492
-38.142876	443.50067	22.864258
-38.142834	444.64029	22.874023
-38.141773	438.96039	22.883789
-38.140751	437.11407	22.893555
-38.138458	439.02563	22.90332
-38.138683	441.90775	22.913086
-38.138271	442.59064	22.922852
-38.137608	441.49042	22.932617
-38.136299	439.8519	22.942383
-38.136658	440.5928	22.952148
-38.134422	438.67276	22.961914
-38.134254	439.23169	22.97168
-38.132717	441.71762	22.981445
-38.132751	443.73898	22.991211
-38.132065	443.76102	23.000977
-38.131573	440.5784	23.010742
-38.130737	437.35858	23.020508
-38.12986	439.5177	23.030273
-38.128864	440.15286	23.040039
-38.127552	442.27393	23.049805
-38.126648	442.86459	23.05957
-38.126266	441.43689	23.069336
-38.126106	439.71051	23.079102
-38.124493	435.87784	23.088867
-38.12294	437.53372	23.098633
-38.122574	444.09174	23.108398
-38.122902	444.57697	23.118164
-38.120865	443.06757	23.12793
-38.121109	438.48535	23.137695
-38.12006	437.10712	23.147461
-38.119118	438.04779	23.157227
-38.117424	438.08521	23.166992
-38.117008	444.81366	23.176758
-38.117352	443.90768	23.186523
-38.115509	440.60504	23.196289
-38.115097	437.08936	23.206055
-38.114342	433.87079	23.21582
-38.113503	439.07599	23.225586
-38.113476	444.90881	23.235352
-38.112423	446.34818	23.245117
-38.110447	440.35263	23.254883
-38.110664	437.63153	23.264648
-38.108444	436.97467	23.274414
-38.107487	438.92212	23.28418
-38.108063	441.94263	23.293945
-38.106995	444.05435	23.303711
-38.105968	444.9718	23.313477
-38.104218	438.31213	23.323242
-38.106262	434.61505	23.333008
-38.103355	434.86667	23.342773
-38.102451	442.46317	23.352539
-38.101597	445.62424	23.362305
-38.10091	443.44229	23.37207
-38.100479	438.75702	23.381836
-38.098518	438.43338	23.391602
-38.098251	438.61316	23.401367
-38.098152	441.34698	23.411133
-38.09676	443.06818	23.420898
-38.095482	445.18011	23.430664
-38.095615	441.46057	23.44043
-38.094193	437.147	23.450195
-38.093609	437.47964	23.459961
-38.093765	438.60342	23.469727
-38.0924	443.54608	23.479492
-38.090763	444.11771	23.489258
-38.090023	438.40796	23.499023
-38.08976	440.79639	23.508789
-38.089787	438.45166	23.518555
-38.088326	437.62909	23.52832
-38.087971	439.31998	23.538086
-38.08596	441.72729	23.547852
-38.085583	445.42184	23.557617
-38.085007	438.81543	23.567383
-38.083382	438.14423	23.577148
-38.083698	437.85602	23.586914
-38.083466	440.03778	23.59668
-38.080536	442.91226	23.606445
-38.081387	441.30914	23.616211
-38.079533	439.77673	23.625977
-38.078873	440.54861	23.635742
-38.077385	437.80908	23.645508
-38.078407	436.47046	23.655273
-38.077087	439.37784	23.665039
-38.075886	443.20074	23.674805
-38.075516	443.30667	23.68457
-38.074181	441.39349	23.694336
-38.074001	436.08212	23.704102
-38.072655	438.57269	23.713867
-38.071648	438.43707	23.723633
-38.070751	439.79358	23.733398
-38.069057	442.12552	23.743164
-38.069092	442.15002	23.75293
-38.068707	439.16962	23.762695
-38.067287	433.93762	23.772461
-38.066601	434.52585	23.782227
-38.065369	439.8588	23.791992
-38.065514	444.3493	23.801758
-38.065174	444.95264	23.811523
-38.064274	437.66354	23.821289
-38.063622	435.40735	23.831055
-38.061256	438.51636	23.84082
-38.061584	438.71625	23.850586
-38.060856	443.63742	23.860352
-38.059452	443.80466	23.870117
-38.058037	441.57068	23.879883
-38.058491	439.35153	23.889648
-38.056343	432.75885	23.899414
-38.057899	438.00156	23.90918
-38.056423	443.70383	23.918945
-38.054653	444.14722	23.928711
-38.053932	441.32089	23.938477
-38.051701	436.23007	23.948242
-38.052235	435.9982	23.958008
-38.051228	438.62775	23.967773
-38.050762	440.21997	23.977539
-38.050331	441.93167	23.987305
-38.048367	443.51288	23.99707
-38.048443	439.59369	24.006836
-38.04776	435.27026	24.016602
-38.046879	435.5498	24.026367
-38.045887	439.14777	24.036133
-38.044472	445.12012	24.045898
-38.044086	442.37399	24.055664
-38.042789	439.0578	24.06543
-38.043007	436.35812	24.075195
-38.041977	437.44504	24.084961
-38.040607	439.90472	24.094727
-38.03989	440.71609	24.104492
-38.03899	443.66629	24.114258
-38.037411	443.20541	24.124023
-38.037689	435.84589	24.133789
-38.036167	437.95932	24.143555
-38.036266	436.9935	24.15332
-38.035908	441.72452	24.163086
-38.033794	443.0885	24.172852
-38.032913	438.97992	24.182617
-38.033073	440.2442	24.192383
-38.033062	438.40604	24.202148
-38.03204	438.22714	24.211914
-38.029148	437.22083	24.22168
-38.029148	439.07001	24.231445
-38.02914	443.77655	24.241211
-38.028282	440.72885	24.250977
-38.027985	438.07645	24.260742
-38.02557	435.99222	24.270508
-38.025471	436.54898	24.280273
-38.024483	439.28113	24.290039
-38.024578	439.97162	24.299805
-38.023048	441.5383	24.30957
-38.022549	440.92126	24.319336
-38.020786	437.36871	24.329102
-38.020691	435.57474	24.338867
-38.020485	436.44156	24.348633
-38.018742	441.06256	24.358398
-38.01791	444.97711	24.368164
-38.018024	441.50925	24.37793
-38.016197	435.70621	24.387695
-38.015915	437.37161	24.397461
-38.014812	437.29153	24.407227
-38.014694	439.03827	24.416992
-38.014397	442.33606	24.426758
-38.011929	442.34366	24.436523
-38.011131	441.98273	24.446289
-38.011028	435.19803	24.456055
-38.009689	432.56857	24.46582
-38.009083	438.93332	24.475586
-38.008701	443.18271	24.485352
-38.00713	445.67688	24.495117
-38.006866	438.25128	24.504883
-38.005447	436.25134	24.514648
-38.004536	436.61896	24.524414
-38.003944	436.71246	24.53418
-38.003113	441.24268	24.543945
-38.003277	443.04547	24.553711
-38.001408	442.34149	24.563477
-38.001205	439.30463	24.573242
-38.001438	432.6467	24.583008
-37.999104	435.44897	24.592773
-37.998997	441.25562	24.602539
-37.997856	444.26166	24.612305
-37.997284	441.24179	24.62207
-37.995445	435.97086	24.631836
-37.99448	434.96429	24.641602
-37.993954	437.81085	24.651367
-37.992088	438.33972	24.661133
-37.992802	440.07425	24.670898
-37.991432	442.12061	24.680664
-37.990768	442.46613	24.69043
-37.990181	436.53857	24.700195
-37.990181	434.97815	24.709961
-37.989296	437.80072	24.719727
-37.98798	442.52396	24.729492
-37.986713	442.33344	24.739258
-37.986076	440.28046	24.749023
-37.985851	436.22125	24.758789
-37.984291	437.13315	24.768555
-37.983521	437.42337	24.77832
-37.983002	437.37918	24.788086
-37.982986	440.69562	24.797852
-37.980282	443.09766	24.807617
-37.979744	438.85706	24.817383
-37.97945	437.6524	24.827148
-37.980015	433.82571	24.836914
-37.978626	438.70892	24.84668
-37.978783	439.30441	24.856445
-37.977962	439.15839	24.866211
-37.976055	442.31003	24.875977
-37.97562	437.42581	24.885742
-37.974419	436.79419	24.895508
-37.973454	434.9465	24.905273
-37.971436	435.94281	24.915039
-37.970837	441.84738	24.924805
-37.970425	443.18878	24.93457
-37.969128	438.34796	24.944336
-37.969463	435.03909	24.954102
-37.968266	436.1076	24.963867
-37.968094	439.341	24.973633
-37.967319	437.43219	24.983398
-37.966999	441.71271	24.993164
-37.963982	441.07962	25.00293
-37.963932	437.83505	25.012695
-37.96262	436.0065	25.022461
-37.963318	434.72791	25.032227
-37.9613	438.63837	25.041992
-37.961349	443.79642	25.051758
-37.960735	442.34406	25.061523
-37.960026	436.78043	25.071289
-37.958675	434.96698	25.081055
-37.95853	436.34866	25.09082
-37.958237	437.73218	25.100586
-37.955692	441.1713	25.110352
-37.955986	441.4631	25.120117
-37.953762	441.42865	25.129883
-37.953613	435.13306	25.139648
-37.95306	432.40503	25.149414
-37.950138	437.43304	25.15918
-37.952679	440.35019	25.168945
-37.950836	443.3028	25.178711
-37.950256	439.49826	25.188477
-37.948837	433.10986	25.198242
-37.947311	435.30368	25.208008
-37.947903	435.48038	25.217773
-37.946934	439.01471	25.227539
-37.945148	440.18881	25.237305
-37.945545	442.02313	25.24707
-37.943695	438.59348	25.256836
-37.942944	431.78412	25.266602
-37.941917	435.89487	25.276367
-37.941284	435.49371	25.286133
-37.941578	441.00891	25.295898
-37.941139	442.86795	25.305664
-37.939796	435.82498	25.31543
-37.938629	434.38361	25.325195
-37.937496	434.41528	25.334961
-37.936798	435.17889	25.344727
-37.936142	438.06564	25.354492
-37.933784	439.96341	25.364258
-37.93441	439.54895	25.374023
-37.933739	436.00967	25.383789
-37.932598	434.07376	25.393555
-37.932102	434.30856	25.40332
-37.930866	438.5636	25.413086
-37.929531	439.91644	25.422852
-37.929752	438.41888	25.432617
-37.928577	437.13251	25.442383
-37.927952	435.15189	25.452148
-37.927341	434.25244	25.461914
-37.925198	433.22668	25.47168
-37.925491	437.53784	25.481445
-37.924103	440.66153	25.491211
-37.922314	440.17303	25.500977
-37.92313	436.97171	25.510742
-37.921978	431.98248	25.520508
-37.922066	434.19473	25.530273
-37.919609	438.43002	25.540039
-37.919205	437.92667	25.549805
-37.91851	441.86533	25.55957
-37.918041	438.03641	25.569336
-37.917362	436.11816	25.579102
-37.916	435.35968	25.588867
-37.915127	434.10577	25.598633
-37.914383	438.81998	25.608398
-37.913792	441.01877	25.618164
-37.912865	441.24408	25.62793
-37.91206	434.2579	25.637695
-37.910553	432.61862	25.647461
-37.911221	436.38812	25.657227
-37.911148	436.9798	25.666992
-37.908844	441.25723	25.676758
-37.908344	439.69366	25.686523
-37.908115	437.36209	25.696289
-37.905914	434.11679	25.706055
-37.905125	432.76538	25.71582
-37.905121	435.95029	25.725586
-37.905045	442.31393	25.735352
-37.902878	442.35861	25.745117
-37.90213	435.6687	25.754883
-37.9025	433.15588	25.764648
-37.900684	431.91379	25.774414
-37.900116	436.73703	25.78418
-37.899288	439.26263	25.793945
-37.898281	439.61646	25.803711
-37.897175	438.31503	25.813477
-37.896881	435.11725	25.823242
-37.896378	430.98956	25.833008
-37.894955	434.37845	25.842773
-37.893955	436.4881	25.852539
-37.892216	441.78403	25.862305
-37.893341	437.19879	25.87207
-37.891701	433.19193	25.881836
-37.890755	432.67203	25.891602
-37.890461	434.81601	25.901367
-37.8895	437.83722	25.911133
-37.888512	437.24509	25.920898
-37.887947	439.04523	25.930664
-37.886559	439.13123	25.94043
-37.885506	432.50162	25.950195
-37.885445	434.62439	25.959961
-37.88382	434.20706	25.969727
-37.883972	438.41193	25.979492
-37.883121	440.01605	25.989258
-37.881557	435.97388	25.999023
-37.880894	434.47333	26.008789
-37.879963	434.63608	26.018555
-37.880089	433.63495	26.02832
-37.879387	436.20892	26.038086
-37.878666	437.51486	26.047852
-37.877197	439.81894	26.057617
-37.876614	437.9584	26.067383
-37.875736	432.93863	26.077148
-37.873661	432.58661	26.086914
-37.873932	434.84946	26.09668
-37.872112	438.70499	26.106445
-37.872498	438.04172	26.116211
-37.871853	438.03003	26.125977
-37.869713	435.59912	26.135742
-37.870647	435.5697	26.145508
-37.869431	432.52222	26.155273
-37.867577	435.15387	26.165039
-37.86739	437.00177	26.174805
-37.867004	440.45517	26.18457
-37.865383	437.27924	26.194336
-37.865211	431.72467	26.204102
-37.863876	431.89429	26.213867
-37.863506	436.7869	26.223633
-37.862846	435.48581	26.233398
-37.861767	443.04614	26.243164
-37.860306	437.24106	26.25293
-37.86068	435.60263	26.262695
-37.858727	432.4339	26.272461
-37.859116	429.94696	26.282227
-37.857433	436.74271	26.291992
-37.857082	440.2114	26.301758
-37.856197	439.31726	26.311523
-37.855049	435.08453	26.321289
-37.854912	430.5979	26.331055
-37.853897	432.46249	26.34082
-37.852322	436.55679	26.350586
-37.852333	439.1893	26.360352
-37.850857	438.94156	26.370117
-37.850933	436.42587	26.379883
-37.849838	433.2554	26.389648
-37.849262	428.41394	26.399414
-37.847721	433.39288	26.40918
-37.847446	438.59998	26.418945
-37.845367	439.79984	26.428711
-37.845276	436.25629	26.438477
-37.843681	431.69034	26.448242
-37.843704	431.91745	26.458008
-37.842793	434.20529	26.467773
-37.84145	436.73367	26.477539
-37.841839	437.11859	26.487305
-37.840767	437.87711	26.49707
-37.840916	434.99704	26.506836
-37.839043	430.95007	26.516602
-37.837578	430.32993	26.526367
-37.836376	433.58853	26.536133
-37.836296	438.82159	26.545898
-37.835438	437.40521	26.555664
-37.835033	434.50192	26.56543
-37.833786	430.53653	26.575195
-37.833164	433.332	26.584961
-37.833771	432.59875	26.594727
-37.831917	433.78073	26.604492
-37.831417	436.63547	26.614258
-37.830124	436.5184	26.624023
-37.829575	431.85931	26.633789
-37.828098	431.52939	26.643555
-37.827835	429.74106	26.65332
-37.827179	433.7063	26.663086
-37.82608	437.05652	26.672852
-37.825722	434.26697	26.682617
-37.824608	433.62656	26.692383
-37.823452	432.52664	26.702148
-37.822491	431.40598	26.711914
-37.821568	432.34396	26.72168
-37.821087	432.55719	26.731445
-37.820789	436.49756	26.741211
-37.819756	437.93515	26.750977
-37.818432	432.06699	26.760742
-37.818268	428.84915	26.770508
-37.816502	430.21945	26.780273
-37.816277	433.80441	26.790039
-37.814892	434.82553	26.799805
-37.814793	438.22171	26.80957
-37.814499	433.91409	26.819336
-37.813602	432.34634	26.829102
-37.811543	428.1936	26.838867
-37.811123	429.96231	26.848633
-37.810684	434.04544	26.858398
-37.809795	436.87079	26.868164
-37.808178	436.17081	26.87793
-37.80814	429.05515	26.887695
-37.807556	427.48019	26.897461
-37.80687	430.34348	26.907227
-37.806686	434.17105	26.916992
-37.806	436.98001	26.926758
-37.803604	434.20859	26.936523
-37.802032	433.56305	26.946289
-37.801903	429.45242	26.956055
-37.802097	426.07483	26.96582
-37.801426	431.98938	26.975586
-37.800072	436.80981	26.985352
-37.799801	436.05945	26.995117
-37.797894	432.64072	27.004883
-37.797874	425.67468	27.014648
-37.796543	427.29895	27.024414
-37.795517	430.16132	27.03418
-37.795364	434.35828	27.043945
-37.79483	436.12891	27.053711
-37.793762	431.85968	27.063477
-37.793034	431.78146	27.073242
-37.79285	425.40958	27.083008
-37.790318	429.06738	27.092773
-37.789993	433.42068	27.102539
-37.788315	434.84818	27.112305
-37.78841	432.17404	27.12207
-37.787693	427.63919	27.131836
-37.786552	424.44534	27.141602
-37.785332	429.79636	27.151367
-37.785027	430.02878	27.161133
-37.785706	430.9808	27.170898
-37.78397	431.93546	27.180664
-37.783676	430.79315	27.19043
-37.782211	426.53107	27.200195
-37.780964	425.10873	27.209961
-37.779743	425.27628	27.219727
-37.778683	431.28842	27.229492
-37.778637	431.19876	27.239258
-37.776234	428.7966	27.249023
-37.777439	425.26764	27.258789
-37.775944	424.8793	27.268555
-37.775059	427.3476	27.27832
-37.774551	426.04825	27.288086
-37.773769	426.04468	27.297852
-37.77459	429.90298	27.307617
-37.772266	425.20404	27.317383
-37.770912	421.56247	27.327148
-37.771244	417.86917	27.336914
-37.769073	419.11417	27.34668
-37.76923	420.68439	27.356445
-37.767559	416.9277	27.366211
-37.768471	414.42001	27.375977
-37.763557	-135.61681	27.385742
-37.762749	-49.146637	27.395508
-37.762302	-41.606361	27.405273
-37.760738	-24.453051	27.415039
-37.7626	-39.809093	27.424805
-37.760727	-38.187256	27.43457
-37.759808	-43.00869	27.444336
-37.759842	-42.00013	27.454102
-37.759644	-43.636333	27.463867
-37.757671	-41.743198	27.473633
-37.758137	-37.801113	27.483398
-37.756729	-36.695202	27.493164
-37.75634	-39.571869	27.50293
-37.754147	-41.60014	27.512695
-37.755165	-45.408325	27.522461
-37.753708	-45.227356	27.532227
-37.753616	-41.633644	27.541992
-37.75211	-34.609097	27.551758
-37.751266	-36.403767	27.561523
-37.750935	-43.856083	27.571289
-37.749836	-46.086422	27.581055
-37.749226	-45.167423	27.59082
-37.74754	-40.571045	27.600586
-37.747208	-36.151051	27.610352
-37.7472	-38.513081	27.620117
-37.745407	-38.200459	27.629883
-37.744846	-42.080582	27.639648
-37.744518	-46.228065	27.649414
-37.743328	-41.788757	27.65918
-37.742203	-39.185394	27.668945
-37.741943	-37.408745	27.678711
-37.741364	-37.254158	27.688477
-37.738594	-46.293362	27.698242
-37.739487	-43.780811	27.708008
-37.737743	-43.237209	27.717773
-37.738281	-41.613636	27.727539
-37.736504	-38.770439	27.737305
-37.736393	-42.335297	27.74707
-37.735756	-39.937672	27.756836
-37.735332	-44.202724	27.766602
-37.7342	-43.584763	27.776367
-37.732647	-41.217121	27.786133
-37.731735	-38.590549	27.795898
-37.731564	-37.766312	27.805664
-37.729336	-41.206287	27.81543
-37.730358	-44.21656	27.825195
-37.728928	-43.505878	27.834961
-37.727631	-41.797012	27.844727
-37.727859	-41.417301	27.854492
-37.727482	-40.551582	27.864258
-37.725803	-37.934124	27.874023
-37.725353	-39.87603	27.883789
-37.723892	-43.779938	27.893555
-37.723347	-45.053219	27.90332
-37.722424	-40.122253	27.913086
-37.721004	-38.379944	27.922852
-37.719353	-39.069866	27.932617
-37.719658	-41.066082	27.942383
-37.719067	-42.864532	27.952148
-37.718361	-41.897205	27.961914
-37.716866	-42.636887	27.97168
-37.71677	-42.520443	27.981445
-37.715416	-37.424194	27.991211
-37.715576	-39.209351	28.000977
-37.714138	-39.325729	28.010742
-37.713917	-46.25486	28.020508
-37.713253	-43.937241	28.030273
-37.712257	-40.869114	28.040039
-37.710854	-39.992958	28.049805
-37.709831	-37.122364	28.05957
-37.709332	-42.195866	28.069336
-37.708908	-42.482903	28.079102
-37.70647	-42.90855	28.088867
-37.707363	-46.351093	28.098633
-37.705269	-38.916325	28.108398
-37.70528	-36.045372	28.118164
-37.705132	-39.450996	28.12793
-37.703861	-42.558746	28.137695
-37.703365	-47.705395	28.147461
-37.701851	-43.946869	28.157227
-37.70171	-38.505333	28.166992
-37.700386	-37.134228	28.176758
-37.699249	-39.777367	28.186523
-37.697773	-41.889133	28.196289
-37.697128	-44.596615	28.206055
-37.697521	-45.519314	28.21582
-37.695271	-41.817665	28.225586
-37.695068	-38.396381	28.235352
-37.695084	-36.563698	28.245117
-37.693333	-40.206982	28.254883
-37.693722	-45.30352	28.264648
-37.691498	-46.532562	28.274414
-37.692547	-41.261108	28.28418
-37.690517	-38.514469	28.293945
-37.688992	-40.27113	28.303711
-37.688931	-37.30331	28.313477
-37.687809	-41.753773	28.323242
-37.687271	-44.594242	28.333008
-37.686272	-42.421516	28.342773
-37.685459	-41.76297	28.352539
-37.684998	-36.457729	28.362305
-37.684383	-38.542057	28.37207
-37.683605	-44.80658	28.381836
-37.683071	-45.89706	28.391602
-37.681194	-43.985657	28.401367
-37.680511	-41.038708	28.411133
-37.679951	-39.758118	28.420898
-37.679596	-40.758472	28.430664
-37.679226	-38.433064	28.44043
-37.677235	-43.148693	28.450195
-37.67643	-44.494511	28.459961
-37.676189	-42.916016	28.469727
-37.674835	-40.594864	28.479492
-37.674137	-38.042114	28.489258
-37.674091	-39.836857	28.499023
-37.672585	-41.721088	28.508789
-37.671627	-42.062416	28.518555
-37.671284	-43.281197	28.52832
-37.668961	-42.42215	28.538086
-37.669228	-41.515751	28.547852
-37.667873	-39.220917	28.557617
-37.667091	-38.785488	28.567383
-37.666393	-43.135406	28.577148
-37.665833	-46.891811	28.586914
-37.665928	-42.426041	28.59668
-37.664822	-40.071991	28.606445
-37.664589	-38.736881	28.616211
-37.663246	-38.829048	28.625977
-37.661968	-41.833294	28.635742
-37.660496	-43.16613	28.645508
-37.660973	-44.273609	28.655273
-37.658703	-43.007042	28.665039
-37.658199	-38.454056	28.674805
-37.658409	-37.830048	28.68457
-37.656849	-38.617809	28.694336
-37.656059	-45.674625	28.704102
-37.655857	-45.980476	28.713867
-37.655697	-41.886703	28.723633
-37.653461	-40.41362	28.733398
-37.652897	-37.450867	28.743164
-37.652252	-40.214024	28.75293
-37.651821	-42.689117	28.762695
-37.651196	-42.714149	28.772461
-37.648895	-45.211544	28.782227
-37.649906	-39.508984	28.791992
-37.647934	-37.434769	28.801758
-37.648266	-38.11977	28.811523
-37.645935	-41.439579	28.821289
-37.646584	-46.578159	28.831055
-37.645649	-46.002296	28.84082
-37.643604	-39.823238	28.850586
-37.644093	-38.558029	28.860352
-37.642467	-37.847332	28.870117
-37.64127	-40.965801	28.879883
-37.640923	-42.829037	28.889648
-37.640678	-46.217793	28.899414
-37.638992	-42.614655	28.90918
-37.639011	-38.119614	28.918945
-37.637749	-36.922977	28.928711
-37.636627	-39.531593	28.938477
-37.637104	-45.061203	28.948242
-37.635929	-45.12352	28.958008
-37.634968	-42.749985	28.967773
-37.633244	-38.897194	28.977539
-37.633862	-39.845142	28.987305
-37.63203	-38.453827	28.99707
-37.630909	-40.399712	29.006836
-37.63055	-43.461075	29.016602
-37.629124	-42.965118	29.026367
-37.628704	-43.017033	29.036133
-37.628254	-37.073742	29.045898
-37.627129	-37.040691	29.055664
-37.627438	-42.048531	29.06543
-37.625599	-40.81126	29.075195
-37.625153	-43.656582	29.084961
-37.623585	-41.640179	29.094727
-37.622738	-40.306782	29.104492
-37.622818	-40.123516	29.114258
-37.621819	-38.417259	29.124023
-37.619877	-39.477764	29.133789
-37.619934	-42.717731	29.143555
-37.618042	-44.558712	29.15332
-37.61805	-43.000504	29.163086
-37.616791	-36.668354	29.172852
-37.616234	-39.669399	29.182617
-37.61578	-40.674427	29.192383
-37.615082	-41.24403	29.202148
-37.613632	-44.390659	29.211914
-37.612717	-43.473461	29.22168
-37.611816	-41.778347	29.231445
-37.611671	-38.644787	29.241211
-37.610455	-35.562515	29.250977
-37.61018	-40.766994	29.260742
-37.608597	-45.384644	29.270508
-37.60825	-44.796608	29.280273
-37.609062	-41.856884	29.290039
-37.606998	-37.014252	29.299805
-37.607075	-35.838245	29.30957
-37.60561	-43.20607	29.319336
-37.603989	-41.958641	29.329102
-37.603394	-43.659904	29.338867
-37.603176	-43.680813	29.348633
-37.601494	-39.157181	29.358398
-37.599697	-37.014294	29.368164
-37.600697	-36.79879	29.37793
-37.599007	-43.091789	29.387695
-37.598488	-46.367397	29.397461
-37.597805	-42.746017	29.407227
-37.598316	-38.833549	29.416992
-37.595657	-35.627724	29.426758
-37.594582	-39.46077	29.436523
-37.594734	-42.596653	29.446289
-37.594028	-42.985859	29.456055
-37.592728	-46.172302	29.46582
-37.590855	-39.871864	29.475586
-37.590733	-38.463318	29.485352
-37.590172	-37.244328	29.495117
-37.58913	-39.822567	29.504883
-37.588116	-46.006058	29.514648
-37.587921	-44.128082	29.524414
-37.58757	-39.892849	29.53418
-37.586235	-38.128635	29.543945
-37.586014	-38.494328	29.553711
-37.584957	-40.597378	29.563477
-37.584023	-41.189644	29.573242
-37.583862	-43.87867	29.583008
-37.582439	-43.252518	29.592773
-37.582279	-40.444172	29.602539
-37.580276	-36.541172	29.612305
-37.5797	-38.098053	29.62207
-37.578568	-41.676956	29.631836
-37.578129	-44.424629	29.641602
-37.579494	-41.903915	29.651367
-37.576496	-40.938793	29.661133
-37.575844	-38.105942	29.670898
-37.575062	-38.549011	29.680664
-37.57526	-39.14703	29.69043
-37.573776	-42.183125	29.700195
-37.571892	-42.29826	29.709961
-37.571709	-44.724117	29.719727
-37.572029	-38.764717	29.729492
-37.569923	-36.352108	29.739258
-37.569111	-39.500519	29.749023
-37.569088	-41.572186	29.758789
-37.56942	-44.313354	29.768555
-37.566799	-42.722549	29.77832
-37.566231	-42.251366	29.788086
-37.565887	-43.559692	29.797852
-37.564568	-37.751137	29.807617
-37.562759	-40.111076	29.817383
-37.563732	-41.92989	29.827148
-37.562214	-47.889267	29.836914
-37.560871	-44.671249	29.84668
-37.559826	-39.804329	29.856445
-37.559597	-39.446728	29.866211
-37.558105	-39.213688	29.875977
-37.557907	-41.935711	29.885742
-37.556812	-44.202354	29.895508
-37.556015	-42.741791	29.905273
-37.556911	-43.980934	29.915039
-37.554779	-38.115273	29.924805
-37.554699	-35.921345	29.93457
-37.553181	-41.200066	29.944336
-37.55262	-45.210827	29.954102
-37.551346	-46.291428	29.963867
-37.550964	-42.745384	29.973633
-37.549538	-36.535767	29.983398
-37.549683	-37.367626	29.993164
-37.54752	-41.992188	30.00293
-37.546886	-41.35696	30.012695
-37.545982	-43.192242	30.022461
-37.545116	-44.884445	30.032227
-37.545689	-38.937431	30.041992
-37.544472	-38.387794	30.051758
-37.543884	-36.726112	30.061523
-37.54166	-42.155327	30.071289
-37.541676	-44.620911	30.081055
-37.541283	-45.29414	30.09082
-37.538998	-39.33651	30.100586
-37.539375	-36.342426	30.110352
-37.539227	-39.696846	30.120117
-37.53817	-40.604465	30.129883
-37.53738	-42.127869	30.139648
-37.536266	-46.231979	30.149414
-37.53521	-41.466171	30.15918
-37.534435	-38.167885	30.168945
-37.534023	-37.546188	30.178711
-37.533264	-37.922646	30.188477
-37.530277	-44.83358	30.198242
-37.53141	-45.913425	30.208008
-37.529198	-41.048836	30.217773
-37.530392	-39.597069	30.227539
-37.529743	-37.358749	30.237305
-37.527653	-41.471123	30.24707
-37.527393	-41.429035	30.256836
-37.526775	-43.440693	30.266602
-37.525188	-44.686916	30.276367
-37.524662	-43.937912	30.286133
-37.524704	-38.774422	30.295898
-37.524426	-37.924038	30.305664
-37.522652	-41.589668	30.31543
-37.520138	-43.92131	30.325195
-37.520317	-42.351982	30.334961
-37.519878	-41.639599	30.344727
-37.518391	-39.837292	30.354492
-37.51897	-39.613701	30.364258
-37.518311	-38.943481	30.374023
-37.516769	-39.647919	30.383789
-37.51601	-43.438984	30.393555
-37.514545	-46.861645	30.40332
-37.514721	-42.193344	30.413086
-37.514179	-38.784271	30.422852
-37.512131	-40.130619	30.432617
-37.51173	-39.095028	30.442383
-37.509819	-43.263256	30.452148
-37.509678	-45.173126	30.461914
-37.509304	-41.21677	30.47168
-37.507801	-42.359905	30.481445
-37.507313	-38.212101	30.491211
-37.507046	-39.477432	30.500977
-37.505936	-41.54496	30.510742
-37.505676	-45.755867	30.520508
-37.503803	-46.232964	30.530273
-37.503166	-40.928013	30.540039
-37.502537	-36.950413	30.549805
-37.502167	-38.237598	30.55957
-37.50214	-41.033188	30.569336
-37.500458	-44.369751	30.579102
-37.499146	-43.712082	30.588867
-37.49876	-44.184757	30.598633
-37.497337	-39.624275	30.608398
-37.49596	-36.72242	30.618164
-37.496956	-38.822956	30.62793
-37.495033	-44.391903	30.637695
-37.495285	-47.291698	30.647461
-37.493881	-46.27874	30.657227
-37.492973	-37.349453	30.666992
-37.491795	-37.132744	30.676758
-37.491978	-40.431465	30.686523
-37.489773	-40.963917	30.696289
-37.48933	-43.606056	30.706055
-37.489613	-44.089848	30.71582
-37.488503	-41.579082	30.725586
-37.487179	-38.026714	30.735352
-37.485168	-35.46743	30.745117
-37.485916	-39.338665	30.754883
-37.484226	-45.613117	30.764648
-37.482941	-44.924973	30.774414
-37.48233	-41.814121	30.78418
-37.48138	-37.259209	30.793945
-37.48225	-39.199291	30.803711
-37.480377	-40.753521	30.813477
-37.479095	-41.085518	30.823242
-37.479206	-44.297607	30.833008
-37.479263	-41.964378	30.842773
-37.478127	-42.653305	30.852539
-37.476803	-37.738235	30.862305

