MTS793|BTW|ENU|1|2|.|/|:|1|0|0|A

Data Header:			0.254_hd_uprint_typeiv_090_r0			Time:	20.018311	s	4/13/2019 11:11:39 PM
Data Acquisition:	Timed
Station Name:	ft40.cfg
Test File Name:	monotonic_0.2540_typeiv_solid_4545_uprint.tst
Displacement	Force	Running Time
mm	N	s
-40.04248	-158.14629	0.022949219
-40.04277	-159.87885	0.032714844
-40.043098	-159.95978	0.042480469
-40.042866	-161.34236	0.052246094
-40.043831	-167.37733	0.062011719
-40.041409	-164.95345	0.071777344
-40.042351	-162.36852	0.081542969
-40.041607	-161.73335	0.091308594
-40.040623	-158.98805	0.10107422
-40.039623	-161.56857	0.11083984
-40.03817	-160.52341	0.12060547
-40.036186	-160.28445	0.13037109
-40.035305	-160.07335	0.14013672
-40.035797	-160.48961	0.14990234
-40.035748	-160.36874	0.15966797
-40.033001	-152.61624	0.16943359
-40.033222	-156.17165	0.17919922
-40.032768	-158.66786	0.18896484
-40.031986	-157.89999	0.19873047
-40.030117	-158.10692	0.20849609
-40.030682	-154.15071	0.21826172
-40.03027	-156.31206	0.22802734
-40.028831	-152.50195	0.23779297
-40.028187	-151.95834	0.24755859
-40.027557	-154.53479	0.25732422
-40.026665	-157.45522	0.26708984
-40.025795	-154.18465	0.27685547
-40.024532	-149.48117	0.28662109
-40.024345	-149.05682	0.29638672
-40.022774	-146.71935	0.30615234
-40.022217	-152.5905	0.31591797
-40.021317	-151.86729	0.32568359
-40.019184	-150.24188	0.33544922
-40.018848	-150.98723	0.34521484
-40.019035	-144.7225	0.35498047
-40.018364	-145.61388	0.36474609
-40.017262	-146.3826	0.37451172
-40.017345	-151.16136	0.38427734
-40.01466	-153.10701	0.39404297
-40.015564	-146.48524	0.40380859
-40.012859	-141.36627	0.41357422
-40.01305	-141.34445	0.42333984
-40.012299	-144.08264	0.43310547
-40.011784	-147.49019	0.44287109
-40.010708	-145.48404	0.45263672
-40.009903	-146.33525	0.46240234
-40.009338	-140.89641	0.47216797
-40.008854	-138.02951	0.48193359
-40.007778	-138.59276	0.49169922
-40.005459	-140.20746	0.50146484
-40.004887	-144.94644	0.51123047
-40.005028	-143.55759	0.52099609
-40.002842	-136.58168	0.53076172
-40.003635	-134.78598	0.54052734
-40.002876	-136.99083	0.55029297
-40.001762	-140.60942	0.56005859
-40.001183	-139.83824	0.56982422
-40.000404	-140.38606	0.57958984
-39.999756	-137.68617	0.58935547
-39.998775	-135.82683	0.59912109
-39.998554	-131.63817	0.60888672
-39.996769	-132.90154	0.61865234
-39.994686	-138.78716	0.62841797
-39.99596	-137.20415	0.63818359
-39.995457	-136.29471	0.64794922
-39.993908	-131.38809	0.65771484
-39.992367	-132.24831	0.66748047
-39.992035	-134.30562	0.67724609
-39.992111	-132.30344	0.68701172
-39.989689	-132.62309	0.69677734
-39.989437	-131.68185	0.70654297
-39.989677	-131.63864	0.71630859
-39.988003	-130.14447	0.72607422
-39.986496	-125.60688	0.73583984
-39.986023	-130.73888	0.74560547
-39.985878	-131.12646	0.75537109
-39.98489	-133.08705	0.76513672
-39.984161	-129.06837	0.77490234
-39.983494	-124.75472	0.78466797
-39.981247	-128.49368	0.79443359
-39.98185	-124.68431	0.80419922
-39.981644	-125.86792	0.81396484
-39.979446	-127.84824	0.82373047
-39.978966	-128.26704	0.83349609
-39.979084	-126.50061	0.84326172
-39.977417	-121.37974	0.85302734
-39.976212	-120.19158	0.86279297
-39.975353	-123.83207	0.87255859
-39.973618	-124.11996	0.88232422
-39.974525	-124.91442	0.89208984
-39.97337	-121.67722	0.90185547
-39.972317	-120.58656	0.91162109
-39.971897	-117.86596	0.92138672
-39.971115	-118.57091	0.93115234
-39.970154	-120.61243	0.94091797
-39.96917	-121.21101	0.95068359
-39.96854	-123.08437	0.96044922
-39.968246	-118.81532	0.97021484
-39.967106	-113.29506	0.97998047
-39.96619	-113.61525	0.98974609
-39.96497	-118.30946	0.99951172
-39.964687	-120.32898	1.0092773
-39.962688	-118.33147	1.019043
-39.96307	-116.95503	1.0288086
-39.962326	-110.62526	1.0385742
-39.960865	-111.97535	1.0483398
-39.959045	-112.02747	1.0581055
-39.959175	-115.36827	1.0678711
-39.958122	-117.90321	1.0776367
-39.958214	-113.54161	1.0874023
-39.957054	-109.9409	1.097168
-39.957134	-106.92107	1.1069336
-39.955345	-110.03562	1.1166992
-39.953846	-115.8108	1.1264648
-39.954536	-112.90647	1.1362305
-39.952904	-111.65445	1.1459961
-39.953156	-108.21042	1.1557617
-39.950573	-105.3841	1.1655273
-39.950417	-105.90342	1.175293
-39.949978	-106.72659	1.1850586
-39.949921	-113.06246	1.1948242
-39.948872	-110.27546	1.2045898
-39.946911	-105.64414	1.2143555
-39.946201	-104.26861	1.2241211
-39.945225	-101.43581	1.2338867
-39.944389	-107.57578	1.2436523
-39.943901	-107.15282	1.253418
-39.94389	-104.96714	1.2631836
-39.943302	-104.86713	1.2729492
-39.940948	-102.89006	1.2827148
-39.940678	-100.73174	1.2924805
-39.939388	-100.02956	1.3022461
-39.939045	-104.1102	1.3120117
-39.939106	-105.1599	1.3217773
-39.937366	-103.96845	1.331543
-39.937248	-99.524811	1.3413086
-39.936176	-97.958702	1.3510742
-39.935871	-98.735085	1.3608398
-39.933834	-98.428604	1.3706055
-39.932945	-100.74422	1.3803711
-39.932869	-99.648209	1.3901367
-39.931362	-99.950081	1.3999023
-39.93148	-97.1054	1.409668
-39.928921	-92.112389	1.4194336
-39.929489	-95.677086	1.4291992
-39.928101	-95.165695	1.4389648
-39.928745	-98.998795	1.4487305
-39.926838	-96.217529	1.4584961
-39.927517	-91.772736	1.4682617
-39.924534	-94.356949	1.4780273
-39.923996	-90.128151	1.487793
-39.923908	-91.653633	1.4975586
-39.922813	-95.651505	1.5073242
-39.922482	-94.004478	1.5170898
-39.921234	-96.667862	1.5268555
-39.920734	-88.721077	1.5366211
-39.920094	-86.078506	1.5463867
-39.919029	-89.494774	1.5561523
-39.917629	-90.836311	1.565918
-39.917744	-92.876602	1.5756836
-39.916389	-89.312904	1.5854492
-39.914333	-88.431725	1.5952148
-39.914627	-84.925491	1.6049805
-39.913666	-83.992165	1.6147461
-39.913097	-85.695412	1.6245117
-39.912365	-88.110435	1.6342773
-39.911385	-90.438217	1.644043
-39.910389	-85.966736	1.6538086
-39.909687	-80.933426	1.6635742
-39.909439	-78.73925	1.6733398
-39.90781	-84.021538	1.6831055
-39.90786	-86.817863	1.6928711
-39.906494	-86.213951	1.7026367
-39.90535	-84.84874	1.7124023
-39.90416	-79.165703	1.722168
-39.904118	-79.472534	1.7319336
-39.903065	-79.691475	1.7416992
-39.902431	-81.747261	1.7514648
-39.902252	-86.293205	1.7612305
-39.901928	-80.328484	1.7709961
-39.899666	-78.265533	1.7807617
-39.899464	-74.731018	1.7905273
-39.898052	-77.142502	1.800293
-39.897945	-80.7817	1.8100586
-39.896992	-78.811729	1.8198242
-39.896179	-79.117836	1.8295898
-39.895081	-76.136002	1.8393555
-39.894421	-73.067688	1.8491211
-39.893803	-72.373611	1.8588867
-39.891251	-70.315483	1.8686523
-39.894073	-77.902878	1.878418
-39.890453	-75.90873	1.8881836
-39.889202	-73.23114	1.8979492
-39.888805	-72.30397	1.9077148
-39.888191	-70.273354	1.9174805
-39.888119	-72.429207	1.9272461
-39.886749	-71.613281	1.9370117
-39.885979	-71.921623	1.9467773
-39.885323	-71.014954	1.956543
-39.884781	-71.015099	1.9663086
-39.884068	-68.485641	1.9760742
-39.88488	-66.032982	1.9858398
-39.881821	-66.740021	1.9956055
-39.881584	-70.231743	2.0053711
-39.880474	-71.346893	2.0151367
-39.879875	-67.77639	2.0249023
-39.879436	-64.14782	2.034668
-39.877922	-65.094467	2.0444336
-39.877197	-63.835651	2.0541992
-39.876339	-65.691681	2.0639648
-39.875263	-66.197525	2.0737305
-39.87389	-68.06517	2.0834961
-39.872688	-66.058769	2.0932617
-39.873238	-59.78997	2.1030273
-39.873253	-61.020737	2.112793
-39.871544	-61.528252	2.1225586
-39.871235	-65.208122	2.1323242
-39.869404	-65.014488	2.1420898
-39.869358	-59.927418	2.1518555
-39.86858	-61.052925	2.1616211
-39.867481	-57.269009	2.1713867
-39.867363	-57.188347	2.1811523
-39.86557	-59.062222	2.190918
-39.864883	-61.093037	2.2006836
-39.86459	-64.001923	2.2104492
-39.863579	-56.603569	2.2202148
-39.863491	-51.148945	2.2299805
-39.861763	-53.821045	2.2397461
-39.860634	-57.245529	2.2495117
-39.859833	-60.020962	2.2592773
-39.859283	-55.991421	2.269043
-39.857483	-56.127594	2.2788086
-39.858482	-52.48196	2.2885742
-39.857021	-51.028164	2.2983398
-39.856441	-52.129932	2.3081055
-39.856354	-53.754261	2.3178711
-39.85413	-57.456818	2.3276367
-39.852783	-52.47332	2.3374023
-39.851665	-47.445831	2.347168
-39.851276	-46.661064	2.3569336
-39.850674	-48.917088	2.3666992
-39.85096	-52.978619	2.3764648
-39.848343	-53.671616	2.3862305
-39.850109	-49.825123	2.3959961
-39.847275	-46.965637	2.4057617
-39.847443	-45.941273	2.4155273
-39.846359	-44.875362	2.425293
-39.845882	-45.382172	2.4350586
-39.844967	-52.358498	2.4448242
-39.844074	-46.711884	2.4545898
-39.842709	-47.720524	2.4643555
-39.841644	-40.777424	2.4741211
-39.840687	-41.252438	2.4838867
-39.842133	-48.361103	2.4936523
-39.840729	-45.59383	2.503418
-39.838333	-47.145367	2.5131836
-39.839058	-42.38855	2.5229492
-39.837341	-42.509705	2.5327148
-39.837162	-43.458042	2.5424805
-39.835308	-36.646015	2.5522461
-39.83429	-43.530434	2.5620117
-39.834164	-41.411396	2.5717773
-39.832573	-42.121326	2.581543
-39.8321	-40.620289	2.5913086
-39.831917	-35.187099	2.6010742
-39.82996	-40.425655	2.6108398
-39.829975	-40.222164	2.6206055
-39.829681	-38.184105	2.6303711
-39.828213	-39.697166	2.6401367
-39.827366	-37.567387	2.6499023
-39.825382	-37.181492	2.659668
-39.825005	-33.556999	2.6694336
-39.825432	-32.49556	2.6791992
-39.824612	-36.124653	2.6889648
-39.824341	-38.255474	2.6987305
-39.821774	-35.373589	2.7084961
-39.821751	-33.716927	2.7182617
-39.821327	-32.033707	2.7280273
-39.82003	-29.295881	2.737793
-39.820854	-30.835558	2.7475586
-39.819012	-31.840679	2.7573242
-39.817623	-35.561924	2.7670898
-39.816162	-33.495461	2.7768555
-39.816063	-28.409109	2.7866211
-39.815155	-26.308384	2.7963867
-39.814697	-27.833706	2.8061523
-39.814281	-31.779829	2.815918
-39.813782	-32.126255	2.8256836
-39.811676	-28.380161	2.8354492
-39.81115	-28.215778	2.8452148
-39.809719	-23.264202	2.8549805
-39.808578	-25.341097	2.8647461
-39.809124	-26.069864	2.8745117
-39.809612	-28.102631	2.8842773
-39.806435	-33.223248	2.894043
-39.806728	-23.794088	2.9038086
-39.805576	-20.538742	2.9135742
-39.804905	-20.691113	2.9233398
-39.804146	-22.193399	2.9331055
-39.803505	-29.607704	2.9428711
-39.80265	-24.725456	2.9526367
-39.801407	-22.984528	2.9624023
-39.800121	-20.401752	2.972168
-39.799751	-18.582411	2.9819336
-39.798706	-19.287689	2.9916992
-39.797848	-20.589893	3.0014648
-39.796413	-25.05414	3.0112305
-39.79731	-20.943455	3.0209961
-39.795906	-19.023829	3.0307617
-39.795612	-15.386771	3.0405273
-39.79417	-16.966558	3.050293
-39.793861	-20.542616	3.0600586
-39.793411	-20.860374	3.0698242
-39.793041	-19.18145	3.0795898
-39.791283	-16.211454	3.0893555
-39.790222	-14.75979	3.0991211
-39.78949	-13.278008	3.1088867
-39.789452	-12.636444	3.1186523
-39.787079	-17.030182	3.128418
-39.787357	-16.259634	3.1381836
-39.785744	-17.073578	3.1479492
-39.78545	-12.024708	3.1577148
-39.785072	-10.077989	3.1674805
-39.783474	-13.905208	3.1772461
-39.783287	-10.928035	3.1870117
-39.782562	-13.806724	3.1967773
-39.780602	-11.261897	3.206543
-39.780685	-11.564711	3.2163086
-39.780334	-11.178608	3.2260742
-39.778969	-4.8250904	3.2358398
-39.778435	-8.7847013	3.2456055
-39.777409	-9.3977728	3.2553711
-39.776585	-12.278554	3.2651367
-39.775585	-9.6691113	3.2749023
-39.774002	-4.938529	3.284668
-39.773655	-7.0014319	3.2944336
-39.773643	-5.298346	3.3041992
-39.771954	-5.8109565	3.3139648
-39.772717	-8.0925341	3.3237305
-39.770386	-7.9357624	3.3334961
-39.769966	-7.4317684	3.3432617
-39.769512	-2.3081341	3.3530273
-39.768837	0.82641023	3.362793
-39.76775	-1.9177024	3.3725586
-39.767635	-6.0382371	3.3823242
-39.766243	-7.0972013	3.3920898
-39.764923	-2.7113147	3.4018555
-39.763802	-1.6116376	3.4116211
-39.762211	2.7633951	3.4213867
-39.762199	0.74313104	3.4311523
-39.761955	0.014176383	3.440918
-39.761742	-1.1792817	3.4506836
-39.759636	-3.0618415	3.4604492
-39.759098	2.5890691	3.4702148
-39.758732	5.9706545	3.4799805
-39.756325	6.4517598	3.4897461
-39.757229	2.005089	3.4995117
-39.756275	-1.5397509	3.5092773
-39.755142	1.6365002	3.519043
-39.754807	3.5160875	3.5288086
-39.754433	8.3638058	3.5385742
-39.752338	7.7016425	3.5483398
-39.752193	5.843483	3.5581055
-39.751614	6.5535054	3.5678711
-39.750187	0.57946217	3.5776367
-39.749935	6.5584559	3.5874023
-39.747547	8.9157104	3.597168
-39.74773	11.081177	3.6069336
-39.746796	10.64068	3.6166992
-39.747349	3.7643819	3.6264648
-39.744961	6.8037882	3.6362305
-39.743744	8.7667799	3.6459961
-39.744144	10.505161	3.6557617
-39.742432	13.260532	3.6655273
-39.742344	11.44146	3.675293
-39.741165	12.250908	3.6850586
-39.73962	7.5252962	3.6948242
-39.740437	9.7428474	3.7045898
-39.739029	12.81872	3.7143555
-39.738625	15.670208	3.7241211
-39.738293	18.478563	3.7338867
-39.737522	13.266922	3.7436523
-39.735451	12.601538	3.753418
-39.734467	14.602724	3.7631836
-39.734215	15.917679	3.7729492
-39.733543	15.488974	3.7827148
-39.731445	18.411699	3.7924805
-39.731472	19.092293	3.8022461
-39.730858	17.400951	3.8120117
-39.730499	16.286194	3.8217773
-39.729572	13.073022	3.831543
-39.729046	19.797516	3.8413086
-39.727512	22.279413	3.8510742
-39.726753	19.565155	3.8608398
-39.725681	22.666319	3.8706055
-39.725761	19.781471	3.8803711
-39.724445	19.97312	3.8901367
-39.723724	21.028124	3.8999023
-39.722721	20.483511	3.909668
-39.721706	27.213694	3.9194336
-39.719955	26.024742	3.9291992
-39.720055	25.408455	3.9389648
-39.719513	21.363544	3.9487305
-39.718964	19.74189	3.9584961
-39.717922	26.562054	3.9682617
-39.71693	26.243923	3.9780273
-39.717285	27.477804	3.987793
-39.714787	27.346054	3.9975586
-39.71534	24.318569	4.0073242
-39.713703	26.618359	4.0170898
-39.712296	23.811632	4.0268555
-39.711464	29.315844	4.0366211
-39.710979	34.347366	4.0463867
-39.710312	30.588078	4.0561523
-39.709621	28.195925	4.065918
-39.708614	24.791523	4.0756836
-39.70779	30.042976	4.0854492
-39.706909	32.865818	4.0952148
-39.707367	34.432888	4.1049805
-39.705315	34.880955	4.1147461
-39.703484	32.984997	4.1245117
-39.704498	30.655567	4.1342773
-39.703125	28.867088	4.144043
-39.703449	34.002842	4.1538086
-39.701904	37.138237	4.1635742
-39.699402	40.611736	4.1733398
-39.700104	35.088558	4.1831055
-39.699341	32.544685	4.1928711
-39.697544	31.795506	4.2026367
-39.697834	37.083237	4.2124023
-39.696369	39.400459	4.222168
-39.696728	40.022335	4.2319336
-39.694019	38.334152	4.2416992
-39.693996	38.765362	4.2514648
-39.692989	33.040611	4.2612305
-39.694298	38.511368	4.2709961
-39.691132	40.388775	4.2807617
-39.691452	43.582458	4.2905273
-39.690258	43.962242	4.300293
-39.689667	37.459892	4.3100586
-39.688492	41.204453	4.3198242
-39.688046	41.823006	4.3295898
-39.686539	43.741894	4.3393555
-39.685722	47.060604	4.3491211
-39.684757	44.318367	4.3588867
-39.685543	46.906078	4.3686523
-39.684238	43.188095	4.378418
-39.683144	41.439377	4.3881836
-39.681576	45.91486	4.3979492
-39.680561	47.137817	4.4077148
-39.67984	50.405838	4.4174805
-39.679825	47.744259	4.4272461
-39.67849	48.015522	4.4370117
-39.678947	46.790379	4.4467773
-39.676643	47.864994	4.456543
-39.676624	49.216702	4.4663086
-39.675388	49.996468	4.4760742
-39.675205	51.469299	4.4858398
-39.674496	52.586834	4.4956055
-39.672764	50.664577	4.5053711
-39.672211	47.15461	4.5151367
-39.670944	49.228344	4.5249023
-39.670883	55.568943	4.534668
-39.670265	53.375259	4.5444336
-39.668934	57.318363	4.5541992
-39.668682	53.288853	4.5639648
-39.667286	51.41983	4.5737305
-39.667774	52.819389	4.5834961
-39.66436	51.881618	4.5932617
-39.66452	58.19046	4.6030273
-39.664253	60.209438	4.612793
-39.662708	57.888611	4.6225586
-39.662731	55.560802	4.6323242
-39.661873	53.28075	4.6420898
-39.660606	58.816917	4.6518555
-39.659973	59.145092	4.6616211
-39.659412	63.988262	4.6713867
-39.657532	60.681789	4.6811523
-39.657528	58.492729	4.690918
-39.655651	61.048489	4.7006836
-39.656429	56.676029	4.7104492
-39.655666	62.397839	4.7202148
-39.654518	67.684105	4.7299805
-39.654812	65.722237	4.7397461
-39.65276	62.462734	4.7495117
-39.653004	57.111362	4.7592773
-39.651257	60.309319	4.769043
-39.650608	65.277824	4.7788086
-39.650543	67.768799	4.7885742
-39.648746	66.817673	4.7983398
-39.648514	65.635307	4.8081055
-39.646877	64.122139	4.8178711
-39.645393	61.062057	4.8276367
-39.646114	65.266174	4.8374023
-39.644432	68.819916	4.847168
-39.644371	72.483437	4.8569336
-39.642555	69.080193	4.8666992
-39.642982	65.843452	4.8764648
-39.64106	64.798622	4.8862305
-39.640621	68.504318	4.8959961
-39.63887	72.288101	4.9057617
-39.639523	71.69809	4.9155273
-39.637905	71.368607	4.925293
-39.638344	73.00589	4.9350586
-39.636211	68.151161	4.9448242
-39.635628	69.89093	4.9545898
-39.635395	70.86554	4.9643555
-39.633877	74.11618	4.9741211
-39.634178	77.294083	4.9838867
-39.632832	72.376549	4.9936523
-39.632374	73.902695	5.003418
-39.630383	73.650551	5.0131836
-39.629562	73.343285	5.0229492
-39.629696	76.663002	5.0327148
-39.627651	75.776932	5.0424805
-39.627674	78.248077	5.0522461
-39.627136	78.496193	5.0620117
-39.626518	73.075974	5.0717773
-39.625172	75.752655	5.081543
-39.624416	76.08905	5.0913086
-39.622551	83.515831	5.1010742
-39.62236	79.584312	5.1108398
-39.621952	79.850769	5.1206055
-39.621658	78.649422	5.1303711
-39.619293	79.355415	5.1401367
-39.618965	80.42984	5.1499023
-39.617729	80.662216	5.159668
-39.617466	84.131516	5.1694336
-39.617393	87.954391	5.1791992
-39.615822	83.768829	5.1889648
-39.615494	79.709869	5.1987305
-39.613636	79.662674	5.2084961
-39.613605	84.344978	5.2182617
-39.613518	86.88459	5.2280273
-39.611763	89.683937	5.237793
-39.610783	85.973602	5.2475586
-39.609703	85.097061	5.2573242
-39.609596	84.740814	5.2670898
-39.60775	82.857002	5.2768555
-39.608143	90.78875	5.2866211
-39.607712	90.764549	5.2963867
-39.605667	92.851982	5.3061523
-39.605747	87.228821	5.315918
-39.605328	82.39756	5.3256836
-39.603054	88.904732	5.3354492
-39.602135	92.422066	5.3452148
-39.60144	94.360092	5.3549805
-39.600834	92.87146	5.3647461
-39.600616	89.889526	5.3745117
-39.599525	90.574661	5.3842773
-39.599655	86.513947	5.394043
-39.598885	94.105171	5.4038086
-39.597126	96.55864	5.4135742
-39.595989	96.960693	5.4233398
-39.595261	97.259117	5.4331055
-39.594749	89.967751	5.4428711
-39.593971	92.173203	5.4526367
-39.593624	96.255203	5.4624023
-39.592171	98.287186	5.472168
-39.591179	99.713989	5.4819336
-39.590771	97.735657	5.4916992
-39.590748	96.931618	5.5014648
-39.589317	94.912636	5.5112305
-39.588161	95.544029	5.5209961
-39.5877	100.02708	5.5307617
-39.586567	103.92492	5.5405273
-39.585815	102.31441	5.550293
-39.584637	97.356384	5.5600586
-39.584377	97.050621	5.5698242
-39.583477	99.941269	5.5795898
-39.583241	102.71001	5.5893555
-39.581615	103.82407	5.5991211
-39.580151	103.86958	5.6088867
-39.581661	104.59221	5.6186523
-39.578781	102.3479	5.628418
-39.577435	101.50457	5.6381836
-39.578251	101.92384	5.6479492
-39.577423	105.91145	5.6577148
-39.576096	110.59916	5.6674805
-39.574333	102.67748	5.6772461
-39.574772	106.59294	5.6870117
-39.57436	105.03786	5.6967773
-39.573246	104.32161	5.706543
-39.572048	108.75424	5.7163086
-39.571186	105.31925	5.7260742
-39.570091	110.78166	5.7358398
-39.569611	111.35612	5.7456055
-39.569046	107.08015	5.7553711
-39.569504	106.34428	5.7651367
-39.567158	106.97797	5.7749023
-39.566986	112.40199	5.784668
-39.565662	114.24615	5.7944336
-39.565479	112.63516	5.8041992
-39.564236	110.10966	5.8139648
-39.56245	110.03055	5.8237305
-39.563511	112.31647	5.8334961
-39.561432	111.88302	5.8432617
-39.560379	115.9026	5.8530273
-39.560177	117.97427	5.862793
-39.558262	116.52967	5.8725586
-39.557598	112.44936	5.8823242
-39.557297	112.35118	5.8920898
-39.556522	113.98351	5.9018555
-39.555912	119.86288	5.9116211
-39.55542	119.89475	5.9213867
-39.554333	117.02641	5.9311523
-39.553226	116.87102	5.940918
-39.553108	116.50519	5.9506836
-39.550583	114.34052	5.9604492
-39.551647	119.78856	5.9702148
-39.550274	121.66535	5.9799805
-39.55088	122.24503	5.9897461
-39.549656	120.02213	5.9995117
-39.548447	115.00242	6.0092773
-39.546688	119.30788	6.019043
-39.546787	122.20425	6.0288086
-39.546051	125.33015	6.0385742
-39.54425	125.40063	6.0483398
-39.543541	121.36617	6.0581055
-39.542557	124.34674	6.0678711
-39.541969	118.57079	6.0776367
-39.540703	124.56788	6.0874023
-39.540604	128.07277	6.097168
-39.539108	127.93177	6.1069336
-39.539047	127.36797	6.1166992
-39.537437	123.08354	6.1264648
-39.537128	122.21731	6.1362305
-39.53577	127.52508	6.1459961
-39.535183	130.50281	6.1557617
-39.535313	129.80981	6.1655273
-39.534847	128.26857	6.175293
-39.534218	128.23782	6.1850586
-39.532459	128.42894	6.1948242
-39.530483	127.44443	6.2045898
-39.530201	129.61099	6.2143555
-39.530285	132.22519	6.2241211
-39.528969	134.85226	6.2338867
-39.528801	132.07217	6.2436523
-39.527267	130.13045	6.253418
-39.526623	130.53517	6.2631836
-39.525684	133.67685	6.2729492
-39.525032	133.08806	6.2827148
-39.523888	135.32478	6.2924805
-39.523914	137.49136	6.3022461
-39.522079	135.90915	6.3120117
-39.522469	133.52057	6.3217773
-39.521271	131.67706	6.331543
-39.520653	134.79591	6.3413086
-39.518009	139.98843	6.3510742
-39.519455	139.10988	6.3608398
-39.517265	139.58342	6.3706055
-39.517742	136.35052	6.3803711
-39.516354	136.68283	6.3901367
-39.515152	140.12785	6.3999023
-39.513943	137.15662	6.409668
-39.51395	143.39395	6.4194336
-39.512672	143.21201	6.4291992
-39.511852	139.93887	6.4389648
-39.510643	138.42847	6.4487305
-39.510612	134.18832	6.4584961
-39.51049	143.26775	6.4682617
-39.508858	146.31061	6.4780273
-39.507492	144.11758	6.487793
-39.506748	144.40428	6.4975586
-39.50679	139.87479	6.5073242
-39.506592	142.77505	6.5170898
-39.504944	142.04099	6.5268555
-39.503014	148.28365	6.5366211
-39.501926	151.00385	6.5463867
-39.501705	149.01323	6.5561523
-39.501392	144.87042	6.565918
-39.501175	141.37544	6.5756836
-39.500263	144.38998	6.5854492
-39.498859	150.89066	6.5952148
-39.498142	152.43832	6.6049805
-39.496754	149.48401	6.6147461
-39.495747	149.61183	6.6245117
-39.495613	146.5584	6.6342773
-39.49527	146.12564	6.644043
-39.495201	150.5808	6.6538086
-39.492908	151.03296	6.6635742
-39.492176	155.40906	6.6733398
-39.492916	152.68042	6.6831055
-39.490902	146.57388	6.6928711
-39.489944	148.9249	6.7026367
-39.489502	154.13252	6.7124023
-39.487938	156.50267	6.722168
-39.488033	155.74208	6.7319336
-39.486778	154.18834	6.7416992
-39.485977	155.015	6.7514648
-39.48455	151.17262	6.7612305
-39.485432	154.82883	6.7709961
-39.483635	156.01811	6.7807617
-39.481941	158.31529	6.7905273
-39.481506	161.51299	6.800293
-39.480907	154.21031	6.8100586
-39.479912	155.03122	6.8198242
-39.479809	156.66368	6.8295898
-39.477661	159.96162	6.8393555
-39.47863	161.96001	6.8491211
-39.475971	158.68845	6.8588867
-39.475571	161.7063	6.8686523
-39.474503	159.66994	6.878418
-39.475658	157.43858	6.8881836
-39.474815	158.0136	6.8979492
-39.472946	162.23541	6.9077148
-39.472744	165.71407	6.9174805
-39.471466	163.90508	6.9272461
-39.469872	162.40347	6.9370117
-39.470177	161.21219	6.9467773
-39.4687	164.30049	6.956543
-39.469456	164.35899	6.9663086
-39.467316	165.82892	6.9760742
-39.466602	168.63582	6.9858398
-39.465691	169.28786	6.9956055
-39.464859	167.01213	7.0053711
-39.463848	163.51988	7.0151367
-39.463863	163.95224	7.0249023
-39.461586	168.7336	7.034668
-39.462101	170.20007	7.0444336
-39.460537	171.83563	7.0541992
-39.459728	166.94937	7.0639648
-39.458855	166.08798	7.0737305
-39.457664	168.69591	7.0834961
-39.458401	168.68155	7.0932617
-39.457565	173.91011	7.1030273
-39.455048	175.50758	7.112793
-39.455276	171.79384	7.1225586
-39.454453	170.23592	7.1323242
-39.454063	166.38969	7.1420898
-39.452541	171.58389	7.1518555
-39.451069	176.9292	7.1616211
-39.451202	178.26146	7.1713867
-39.450092	175.45541	7.1811523
-39.449635	171.3494	7.190918
-39.447285	174.27322	7.2006836
-39.447815	172.07001	7.2104492
-39.447124	177.56749	7.2202148
-39.445271	181.32159	7.2299805
-39.445568	180.29417	7.2397461
-39.443893	177.8625	7.2495117
-39.444923	172.77582	7.2592773
-39.442245	172.81946	7.269043
-39.441616	181.2084	7.2788086
-39.441204	182.37718	7.2885742
-39.440712	182.80476	7.2983398
-39.43948	178.9743	7.3081055
-39.439091	178.53163	7.3178711
-39.437828	177.93768	7.3276367
-39.436909	181.22078	7.3374023
-39.435196	183.24388	7.347168
-39.434971	186.73906	7.3569336
-39.434238	184.73375	7.3666992
-39.434025	179.87038	7.3764648
-39.43346	181.9583	7.3862305
-39.43285	182.06305	7.3959961
-39.431698	185.15694	7.4057617
-39.431107	187.00539	7.4155273
-39.429276	184.24123	7.425293
-39.428616	186.28778	7.4350586
-39.428234	183.36743	7.4448242
-39.427502	183.73322	7.4545898
-39.426643	185.56259	7.4643555
-39.425877	185.87468	7.4741211
-39.424347	192.82646	7.4838867
-39.423386	187.00909	7.4936523
-39.423157	186.5554	7.503418
-39.422852	187.12146	7.5131836
-39.421402	188.59566	7.5229492
-39.420155	192.66052	7.5327148
-39.420727	190.49333	7.5424805
-39.420059	193.71996	7.5522461
-39.417194	192.50351	7.5620117
-39.418159	188.15004	7.5717773
-39.416927	187.78088	7.581543
-39.416931	190.59129	7.5913086
-39.414978	194.87428	7.6010742
-39.414169	196.38948	7.6108398
-39.413506	193.98056	7.6206055
-39.412365	192.38661	7.6303711
-39.411545	190.86069	7.6401367
-39.410599	193.76585	7.6499023
-39.410851	194.27887	7.659668
-39.409203	200.15048	7.6694336
-39.408566	199.73434	7.6791992
-39.40778	198.07721	7.6889648
-39.406456	193.46278	7.6987305
-39.406105	193.80846	7.7084961
-39.405861	197.18903	7.7182617
-39.404427	202.72316	7.7280273
-39.402847	203.85077	7.737793
-39.40414	196.96573	7.7475586
-39.401413	196.64069	7.7573242
-39.401615	199.85231	7.7670898
-39.401386	196.30202	7.7768555
-39.399193	204.83792	7.7866211
-39.398479	203.43173	7.7963867
-39.397964	204.16071	7.8061523
-39.397297	202.51067	7.815918
-39.396343	195.3968	7.8256836
-39.395927	201.03429	7.8354492
-39.394241	205.71567	7.8452148
-39.393562	208.02501	7.8549805
-39.39278	208.27895	7.8647461
-39.39196	202.136	7.8745117
-39.391327	205.4595	7.8842773
-39.390816	203.40437	7.894043
-39.390087	205.70253	7.9038086
-39.389191	209.58554	7.9135742
-39.388424	211.28513	7.9233398
-39.38744	210.71143	7.9331055
-39.387386	203.4641	7.9428711
-39.386509	204.78456	7.9526367
-39.38393	209.42882	7.9624023
-39.38382	213.15131	7.972168
-39.383781	211.04105	7.9819336
-39.383736	209.6246	7.9916992
-39.381245	209.19267	8.0014648
-39.381126	209.89769	8.0112305
-39.380928	209.552	8.0209961
-39.378948	210.89777	8.0307617
-39.379719	215.03407	8.0405273
-39.378105	216.65236	8.050293
-39.376926	212.00142	8.0600586
-39.37516	212.84959	8.0698242
-39.375275	211.2323	8.0795898
-39.374306	215.90138	8.0893555
-39.374588	218.43021	8.0991211
-39.371231	214.82642	8.1088867
-39.372753	217.27205	8.1186523
-39.371239	215.78778	8.128418
-39.370064	215.38049	8.1381836
-39.36916	214.91298	8.1479492
-39.368816	216.23375	8.1577148
-39.366863	222.77505	8.1674805
-39.366653	219.92998	8.1772461
-39.366261	220.3918	8.1870117
-39.364826	218.12981	8.1967773
-39.364826	216.54489	8.206543
-39.363644	221.75383	8.2163086
-39.362446	220.68434	8.2260742
-39.362175	223.17982	8.2358398
-39.361729	223.43037	8.2456055
-39.360226	220.74185	8.2553711
-39.359165	218.68405	8.2651367
-39.358765	218.88547	8.2749023
-39.357594	224.1851	8.284668
-39.357883	228.67705	8.2944336
-39.356113	226.5273	8.3041992
-39.356396	222.89026	8.3139648
-39.356007	220.00739	8.3237305
-39.353477	223.64479	8.3334961
-39.352547	226.23079	8.3432617
-39.351715	229.48199	8.3530273
-39.351894	230.02451	8.362793
-39.350903	229.26265	8.3725586
-39.348949	225.84311	8.3823242
-39.348225	222.33743	8.3920898
-39.349205	227.83334	8.4018555
-39.346531	231.49992	8.4116211
-39.347256	233.47084	8.4213867
-39.345509	229.3828	8.4311523
-39.344906	226.77219	8.440918
-39.344997	227.67148	8.4506836
-39.343094	226.67715	8.4604492
-39.342403	233.05553	8.4702148
-39.342602	233.87206	8.4799805
-39.340897	233.73471	8.4897461
-39.34174	233.20738	8.4995117
-39.339642	227.45427	8.5092773
-39.338638	232.65083	8.519043
-39.337971	235.52463	8.5288086
-39.337021	237.87244	8.5385742
-39.335995	237.83655	8.5483398
-39.334759	233.38132	8.5581055
-39.334156	233.06433	8.5678711
-39.333881	232.73051	8.5776367
-39.333141	234.00131	8.5874023
-39.332531	237.81483	8.597168
-39.33049	238.92888	8.6069336
-39.331112	238.75508	8.6166992
-39.328579	234.34798	8.6264648
-39.328392	234.37799	8.6362305
-39.328869	235.02084	8.6459961
-39.326694	240.40918	8.6557617
-39.326664	242.79367	8.6655273
-39.326401	239.72389	8.675293
-39.324696	240.47186	8.6850586
-39.324425	240.7117	8.6948242
-39.322765	240.25029	8.7045898
-39.322315	240.09264	8.7143555
-39.322041	242.83089	8.7241211
-39.320866	246.00861	8.7338867
-39.319321	243.41763	8.7436523
-39.319828	243.10519	8.753418
-39.317722	239.16367	8.7631836
-39.317635	242.75928	8.7729492
-39.317532	245.9478	8.7827148
-39.314964	244.88107	8.7924805
-39.314762	248.0332	8.8022461
-39.314331	245.76852	8.8120117
-39.312969	244.51692	8.8217773
-39.312725	243.87585	8.831543
-39.312809	243.43054	8.8413086
-39.310429	251.66762	8.8510742
-39.309971	251.22592	8.8608398
-39.308784	251.13603	8.8706055
-39.30854	246.716	8.8803711
-39.30666	245.23274	8.8901367
-39.306881	250.42374	8.8999023
-39.305984	248.69412	8.909668
-39.305111	254.77818	8.9194336
-39.303242	253.92732	8.9291992
-39.303532	249.49164	8.9389648
-39.302742	249.2715	8.9487305
-39.302322	246.73605	8.9584961
-39.301037	251.20782	8.9682617
-39.299561	257.37994	8.9780273
-39.30003	256.95886	8.987793
-39.29826	254.76637	8.9975586
-39.297558	250.40239	9.0073242
-39.297699	251.81761	9.0170898
-39.296146	255.15991	9.0268555
-39.295097	258.96814	9.0366211
-39.295582	259.53635	9.0463867
-39.293655	258.97626	9.0561523
-39.292416	255.59142	9.065918
-39.291481	251.7682	9.0756836
-39.291313	255.45064	9.0854492
-39.29126	260.57687	9.0952148
-39.290421	263.97391	9.1049805
-39.289318	260.36212	9.1147461
-39.286915	258.26724	9.1245117
-39.286674	257.63562	9.1342773
-39.286743	257.92627	9.144043
-39.285156	262.11002	9.1538086
-39.285896	262.7894	9.1635742
-39.284161	264.67523	9.1733398
-39.283749	264.70621	9.1831055
-39.282204	256.83185	9.1928711
-39.281441	260.22174	9.2026367
-39.279781	260.18332	9.2124023
-39.2798	266.36557	9.222168
-39.278923	269.23465	9.2319336
-39.279171	263.49057	9.2416992
-39.277069	265.75311	9.2514648
-39.276623	264.70499	9.2612305
-39.275326	264.60773	9.2709961
-39.27533	268.05112	9.2807617
-39.274193	266.64938	9.2905273
-39.274059	272.27414	9.300293
-39.272552	268.03793	9.3100586
-39.272034	266.52545	9.3198242
-39.271324	266.84912	9.3295898
-39.270504	267.66904	9.3393555
-39.269142	272.91296	9.3491211
-39.269447	270.69107	9.3588867
-39.268684	270.78931	9.3686523
-39.265514	271.60165	9.378418
-39.265266	269.51682	9.3881836
-39.26535	268.66489	9.3979492
-39.264404	271.22266	9.4077148
-39.263817	275.31512	9.4174805
-39.263412	275.71915	9.4272461
-39.262569	272.35089	9.4370117
-39.261375	269.17572	9.4467773
-39.26141	271.69788	9.456543
-39.259796	274.85257	9.4663086
-39.258469	275.74808	9.4760742
-39.258217	278.13831	9.4858398
-39.257336	277.48383	9.4956055
-39.256161	276.91101	9.5053711
-39.255383	273.60175	9.5151367
-39.255318	272.57593	9.5249023
-39.254448	279.67422	9.534668
-39.253593	281.96048	9.5444336
-39.252743	281.72229	9.5541992
-39.251476	276.8804	9.5639648
-39.250439	274.16507	9.5737305
-39.24897	278.55743	9.5834961
-39.248463	277.87796	9.5932617
-39.247746	283.18188	9.6030273
-39.248074	284.99518	9.612793
-39.247044	281.35703	9.6225586
-39.244934	281.52194	9.6323242
-39.245594	274.08344	9.6420898
-39.245148	280.15015	9.6518555
-39.243759	286.32843	9.6616211
-39.241611	286.05325	9.6713867
-39.241425	284.78549	9.6811523
-39.241364	279.81448	9.690918
-39.24144	281.42197	9.7006836
-39.238312	282.90247	9.7104492
-39.238876	287.95929	9.7202148
-39.238323	287.89108	9.7299805
-39.237103	288.60904	9.7397461
-39.236259	286.17523	9.7495117
-39.235779	280.26385	9.7592773
-39.233307	283.05847	9.769043
-39.233158	288.909	9.7788086
-39.233303	293.15958	9.7885742
-39.231964	290.32446	9.7983398
-39.23167	287.62476	9.8081055
-39.230099	287.16495	9.8178711
-39.228817	286.70038	9.8276367
-39.229244	290.18121	9.8374023
-39.229229	290.73782	9.847168
-39.225864	292.88055	9.8569336
-39.226681	295.20776	9.8666992
-39.225822	288.93475	9.8764648
-39.225506	289.01572	9.8862305
-39.22448	290.07813	9.8959961
-39.224228	293.33041	9.9057617
-39.222961	296.74976	9.9155273
-39.220917	292.89822	9.925293
-39.220642	294.43207	9.9350586
-39.218803	294.3584	9.9448242
-39.219639	292.65765	9.9545898
-39.218197	294.43356	9.9643555
-39.217049	294.29828	9.9741211
-39.217072	300.37592	9.9838867
-39.216232	298.26559	9.9936523
-39.215042	295.23465	10.003418
-39.213829	293.48373	10.013184
-39.213768	296.02374	10.022949
-39.212353	299.51401	10.032715
-39.211597	298.80081	10.04248
-39.210442	299.5874	10.052246
-39.210896	301.31213	10.062012
-39.209591	298.30011	10.071777
-39.208729	295.92422	10.081543
-39.207958	296.05136	10.091309
-39.207005	302.60934	10.101074
-39.206154	306.87259	10.11084
-39.205147	303.66971	10.120605
-39.204395	297.80582	10.130371
-39.203892	298.40738	10.140137
-39.203022	301.45129	10.149902
-39.20274	301.97971	10.159668
-39.201843	307.22705	10.169434
-39.200607	305.24173	10.179199
-39.198029	304.6937	10.188965
-39.198696	301.91742	10.19873
-39.198296	300.07135	10.208496
-39.19664	305.41428	10.218262
-39.195515	308.95001	10.228027
-39.196007	310.91861	10.237793
-39.194534	304.99652	10.247559
-39.193432	302.80826	10.257324
-39.194305	305.4191	10.26709
-39.192558	305.39413	10.276855
-39.19162	310.51193	10.286621
-39.189701	311.62039	10.296387
-39.189198	309.95142	10.306152
-39.188606	310.0318	10.315918
-39.187653	303.47809	10.325684
-39.18631	308.11942	10.335449
-39.187038	312.21957	10.345215
-39.18631	315.99454	10.35498
-39.184937	314.38834	10.364746
-39.185276	308.34991	10.374512
-39.18269	308.51593	10.384277
-39.182331	311.64673	10.394043
-39.181419	313.28104	10.403809
-39.179729	315.18137	10.413574
-39.180882	317.08002	10.42334
-39.178707	316.3222	10.433105
-39.178646	311.28729	10.442871
-39.178169	312.88821	10.452637
-39.176163	313.7998	10.462402
-39.175991	319.76141	10.472168
-39.175919	319.03918	10.481934
-39.174603	316.6636	10.491699
-39.172741	315.72751	10.501465
-39.172806	316.25314	10.51123
-39.172657	318.24176	10.520996
-39.170189	316.64847	10.530762
-39.170494	320.33072	10.540527
-39.170788	323.66965	10.550293
-39.167717	319.10846	10.560059
-39.168884	320.20508	10.569824
-39.166927	316.40833	10.57959
-39.165421	321.74319	10.589355
-39.165295	325.24149	10.599121
-39.164551	320.77277	10.608887
-39.163582	323.51917	10.618652
-39.162136	322.08087	10.628418
-39.161961	320.70203	10.638184
-39.16095	321.26151	10.647949
-39.1614	320.03891	10.657715
-39.160324	327.44534	10.66748
-39.158504	328.418	10.677246
-39.158047	324.96661	10.687012
-39.157383	322.04144	10.696777
-39.155907	319.90247	10.706543
-39.156414	326.56122	10.716309
-39.155476	325.51035	10.726074
-39.154682	330.81903	10.73584
-39.152546	329.04782	10.745605
-39.152897	326.18561	10.755371
-39.152275	324.31412	10.765137
-39.150303	325.40652	10.774902
-39.149353	329.25275	10.784668
-39.148571	334.87888	10.794434
-39.14772	332.01266	10.804199
-39.147594	327.93015	10.813965
-39.146225	325.42068	10.82373
-39.145073	328.10785	10.833496
-39.144764	331.30865	10.843262
-39.143467	335.20169	10.853027
-39.143772	333.16647	10.862793
-39.143448	332.27249	10.872559
-39.143139	329.36136	10.882324
-39.142067	326.79102	10.89209
-39.140499	332.40213	10.901855
-39.138802	335.61856	10.911621
-39.138859	338.60211	10.921387
-39.138416	335.4006	10.931152
-39.136578	330.46054	10.940918
-39.136051	332.54559	10.950684
-39.135406	334.18875	10.960449
-39.133694	337.28293	10.970215
-39.133286	337.85947	10.97998
-39.132946	336.8172	10.989746
-39.131256	339.44296	10.999512
-39.131302	332.09885	11.009277
-39.130363	336.3598	11.019043
-39.129066	338.52689	11.028809
-39.1283	341.25095	11.038574
-39.127636	341.7301	11.04834
-39.126949	336.66528	11.058105
-39.126106	336.41577	11.067871
-39.125603	338.18942	11.077637
-39.124672	338.40372	11.087402
-39.123787	341.12668	11.097168
-39.123257	341.88989	11.106934
-39.122509	344.56952	11.116699
-39.120975	341.94186	11.126465
-39.120964	339.31033	11.13623
-39.119236	340.8385	11.145996
-39.118259	344.80148	11.155762
-39.11808	346.68433	11.165527
-39.116135	344.11752	11.175293
-39.116646	344.38199	11.185059
-39.116337	343.47888	11.194824
-39.115265	344.71951	11.20459
-39.113487	342.66153	11.214355
-39.113228	346.58618	11.224121
-39.112167	349.73166	11.233887
-39.110523	348.59894	11.243652
-39.110886	345.87643	11.253418
-39.111431	341.99469	11.263184
-39.109058	344.92221	11.272949
-39.108761	351.23465	11.282715
-39.107685	348.61563	11.29248
-39.106571	352.80334	11.302246
-39.105373	348.88358	11.312012
-39.105759	347.91907	11.321777
-39.103985	348.64063	11.331543
-39.103134	345.85751	11.341309
-39.102711	354.47028	11.351074
-39.101398	356.4198	11.36084
-39.100666	351.97513	11.370605
-39.100037	348.7695	11.380371
-39.100483	345.42825	11.390137
-39.098198	352.34238	11.399902
-39.09684	353.44495	11.409668
-39.096466	356.17715	11.419434
-39.095909	355.52438	11.429199
-39.096588	352.33752	11.438965
-39.09494	351.53616	11.44873
-39.094311	350.07568	11.458496
-39.092697	353.60822	11.468262
-39.091557	359.89075	11.478027
-39.092255	359.85538	11.487793
-39.090355	355.6619	11.497559
-39.089828	351.29767	11.507324
-39.089226	353.71252	11.51709
-39.087826	357.13321	11.526855
-39.088417	360.62564	11.536621
-39.08593	360.43665	11.546387
-39.086178	359.54379	11.556152
-39.08437	356.95181	11.565918
-39.083763	353.14731	11.575684
-39.082352	358.01294	11.585449
-39.08223	361.15015	11.595215
-39.081196	365.98386	11.60498
-39.081974	363.13229	11.614746
-39.079277	357.34448	11.624512
-39.078606	357.74979	11.634277
-39.078964	359.52557	11.644043
-39.077354	363.40543	11.653809
-39.077271	363.91083	11.663574
-39.076115	361.83011	11.67334
-39.074471	364.80698	11.683105
-39.074665	359.24078	11.692871
-39.072971	361.58942	11.702637
-39.073139	364.34613	11.712402
-39.071968	365.40021	11.722168
-39.070923	368.44205	11.731934
-39.071163	363.19458	11.741699
-39.069344	364.48074	11.751465
-39.068352	363.90781	11.76123
-39.067371	363.67236	11.770996
-39.066631	366.79141	11.780762
-39.06781	367.05222	11.790527
-39.065884	369.71741	11.800293
-39.064373	369.16797	11.810059
-39.063595	366.26532	11.819824
-39.062786	363.2756	11.82959
-39.06123	367.30246	11.839355
-39.061745	372.15881	11.849121
-39.060574	370.09766	11.858887
-39.058178	371.61346	11.868652
-39.058666	368.60904	11.878418
-39.058247	369.13007	11.888184
-39.056839	366.36221	11.897949
-39.055473	370.33899	11.907715
-39.055405	374.73434	11.91748
-39.055626	374.35776	11.927246
-39.053459	372.86093	11.937012
-39.052559	367.19434	11.946777
-39.052811	367.90985	11.956543
-39.051655	373.38452	11.966309
-39.050121	373.96259	11.976074
-39.049213	377.81155	11.98584
-39.049416	373.51126	11.995605
-39.047905	373.17664	12.005371
-39.046997	372.51727	12.015137
-39.045494	369.71609	12.024902
-39.04541	377.11118	12.034668
-39.04549	379.7326	12.044434
-39.042988	378.88803	12.054199
-39.042347	375.97293	12.063965
-39.041885	370.02441	12.07373
-39.041672	375.07327	12.083496
-39.041443	378.24567	12.093262
-39.040016	381.26111	12.103027
-39.038609	382.87848	12.112793
-39.037918	378.37201	12.122559
-39.037491	378.97839	12.132324
-39.036392	375.2428	12.14209
-39.036087	379.4292	12.151855
-39.03569	383.73871	12.161621
-39.034153	383.47449	12.171387
-39.034149	381.47021	12.181152
-39.033695	375.58862	12.190918
-39.030724	375.75055	12.200684
-39.030853	381.27628	12.210449
-39.029907	384.31512	12.220215
-39.029781	383.48633	12.22998
-39.029667	383.42792	12.239746
-39.027412	382.44846	12.249512
-39.027653	378.96692	12.259277
-39.026176	381.06573	12.269043
-39.025612	382.6553	12.278809
-39.024353	386.6991	12.288574
-39.024277	388.66998	12.29834
-39.022415	381.97388	12.308105
-39.022106	382.22897	12.317871
-39.021015	383.4054	12.327637
-39.021626	385.9913	12.337402
-39.020687	387.28717	12.347168
-39.018154	387.50436	12.356934
-39.018238	389.66229	12.366699
-39.016956	385.59146	12.376465
-39.01593	384.23047	12.38623
-39.015965	383.75409	12.395996
-39.014858	387.99094	12.405762
-39.013767	392.52939	12.415527
-39.013	387.88986	12.425293
-39.012543	389.77103	12.435059
-39.011066	387.94247	12.444824
-39.011127	388.5712	12.45459
-39.010033	389.61218	12.464355
-39.010925	389.50705	12.474121
-39.009148	392.44275	12.483887
-39.00626	393.8829	12.493652
-39.005474	389.62845	12.503418
-39.006123	388.22092	12.513184
-39.005112	387.01358	12.522949
-39.003273	393.48553	12.532715
-39.003735	394.2843	12.54248
-39.00222	393.84207	12.552246
-39.001389	393.39328	12.562012
-39.000507	393.41922	12.571777
-39.000839	390.50064	12.581543
-38.999405	391.87463	12.591309
-38.998619	395.34302	12.601074
-38.998672	399.02298	12.61084
-38.99604	398.59293	12.620605
-38.996174	390.9422	12.630371
-38.99522	390.1687	12.640137
-38.995014	394.3877	12.649902
-38.994034	396.26715	12.659668
-38.992386	401.25165	12.669434
-38.992218	397.1218	12.679199
-38.990917	395.73923	12.688965
-38.989944	395.54498	12.69873
-38.98872	390.72336	12.708496
-38.988018	399.35272	12.718262
-38.988422	401.75018	12.728027
-38.986908	402.78586	12.737793
-38.985882	398.48819	12.747559
-38.985622	392.34848	12.757324
-38.984756	397.5867	12.76709
-38.984688	398.63962	12.776855
-38.983612	402.67239	12.786621
-38.983105	402.89426	12.796387
-38.981228	399.86496	12.806152
-38.980965	398.96924	12.815918
-38.980331	395.34369	12.825684
-38.978542	399.32504	12.835449
-38.977695	402.24686	12.845215
-38.977211	406.04166	12.85498
-38.976093	406.34879	12.864746
-38.97562	399.27844	12.874512
-38.975002	398.29861	12.884277
-38.972759	401.79355	12.894043
-38.973366	404.18777	12.903809
-38.972618	404.53851	12.913574
-38.971878	404.84299	12.92334
-38.971413	406.68811	12.933105
-38.970242	401.62906	12.942871
-38.969303	402.62595	12.952637
-38.967743	402.24658	12.962402
-38.967949	407.5712	12.972168
-38.966091	409.84851	12.981934
-38.965141	405.39377	12.991699
-38.965992	405.35416	13.001465
-38.963531	400.83032	13.01123
-38.96386	405.53949	13.020996
-38.963417	406.00946	13.030762
-38.961166	406.97037	13.040527
-38.960579	410.81689	13.050293
-38.961094	409.02887	13.060059
-38.960636	406.58472	13.069824
-38.958683	404.58636	13.07959
-38.957241	405.9425	13.089355
-38.957458	412.87534	13.099121
-38.956966	409.59488	13.108887
-38.954777	411.09445	13.118652
-38.95496	409.71582	13.128418
-38.953506	407.80823	13.138184
-38.953018	410.20975	13.147949
-38.95155	407.81909	13.157715
-38.950497	414.35413	13.16748
-38.950615	415.4108	13.177246
-38.950314	411.18121	13.187012
-38.949455	409.59927	13.196777
-38.948254	406.91806	13.206543
-38.948753	412.70737	13.216309
-38.946178	414.89908	13.226074
-38.946541	414.52936	13.23584
-38.944263	413.72238	13.245605
-38.943672	411.69525	13.255371
-38.944641	411.29333	13.265137
-38.941238	409.0864	13.274902
-38.941723	413.4819	13.284668
-38.941448	418.13287	13.294434
-38.939518	418.54214	13.304199
-38.938942	411.18976	13.313965
-38.938072	409.31955	13.32373
-38.939274	412.21933	13.333496
-38.936531	416.526	13.343262
-38.936359	420.30728	13.353027
-38.93557	418.2251	13.362793
-38.934521	414.60617	13.372559
-38.934223	413.91541	13.382324
-38.932545	409.60312	13.39209
-38.931828	417.87656	13.401855
-38.930012	418.76733	13.411621
-38.929947	420.6636	13.421387
-38.930099	418.64597	13.431152
-38.929001	412.03482	13.440918
-38.927479	413.90747	13.450684
-38.928181	417.56052	13.460449
-38.925835	419.97583	13.470215
-38.924877	423.0087	13.47998
-38.923199	420.19095	13.489746
-38.924755	420.5983	13.499512
-38.922211	416.30609	13.509277
-38.922848	417.21747	13.519043
-38.920883	420.79697	13.528809
-38.920586	421.74258	13.538574
-38.920155	424.55524	13.54834
-38.919201	419.84647	13.558105
-38.917881	418.6633	13.567871
-38.916821	420.03741	13.577637
-38.916138	419.71051	13.587402
-38.915394	423.35318	13.597168
-38.915195	422.668	13.606934
-38.914063	423.55771	13.616699
-38.913345	422.62457	13.626465
-38.911846	420.76068	13.63623
-38.911964	419.68417	13.645996
-38.911224	423.69055	13.655762
-38.910095	426.99841	13.665527
-38.90947	425.12207	13.675293
-38.908432	424.54395	13.685059
-38.907059	421.44232	13.694824
-38.906662	423.258	13.70459
-38.90493	423.15573	13.714355
-38.905205	424.62073	13.724121
-38.904171	428.49463	13.733887
-38.903187	426.32758	13.743652
-38.902428	424.67847	13.753418
-38.900963	420.64166	13.763184
-38.901466	422.21133	13.772949
-38.898643	429.43945	13.782715
-38.899548	427.08295	13.79248
-38.8988	430.61789	13.802246
-38.898151	424.91534	13.812012
-38.896118	425.15451	13.821777
-38.896294	425.24527	13.831543
-38.89468	423.04971	13.841309
-38.894112	430.52548	13.851074
-38.89328	432.19308	13.86084
-38.894157	428.50027	13.870605
-38.891197	426.15152	13.880371
-38.891579	421.83029	13.890137
-38.88953	425.19849	13.899902
-38.88908	431.04156	13.909668
-38.888084	431.66125	13.919434
-38.887619	431.30676	13.929199
-38.886703	427.47058	13.938965
-38.887714	426.68851	13.94873
-38.885921	424.82123	13.958496
-38.883678	430.29959	13.968262
-38.884224	434.62439	13.978027
-38.88253	433.21164	13.987793
-38.880966	430.62775	13.997559
-38.881287	424.98843	14.007324
-38.880188	426.35831	14.01709
-38.879425	431.51654	14.026855
-38.879959	434.56631	14.036621
-38.877731	433.95212	14.046387
-38.877151	430.79352	14.056152
-38.876633	429.74509	14.065918
-38.875809	428.88071	14.075684
-38.875141	431.35721	14.085449
-38.874023	432.17255	14.095215
-38.874004	436.76758	14.10498
-38.871956	436.52066	14.114746
-38.872627	427.51123	14.124512
-38.870659	430.14136	14.134277
-38.869186	431.00092	14.144043
-38.869495	435.12811	14.153809
-38.868851	436.923	14.163574
-38.867809	434.41602	14.17334
-38.867287	436.34198	14.183105
-38.865711	432.38882	14.192871
-38.86496	431.88895	14.202637
-38.864723	433.0238	14.212402
-38.86282	435.12	14.222168
-38.86314	441.47144	14.231934
-38.860996	435.36298	14.241699
-38.861324	433.73425	14.251465
-38.860256	434.3273	14.26123
-38.859165	432.04099	14.270996
-38.858639	435.88239	14.280762
-38.857777	435.64435	14.290527
-38.857349	438.26865	14.300293
-38.856152	438.63632	14.310059
-38.854431	433.95209	14.319824
-38.855122	432.96872	14.32959
-38.853264	433.57162	14.339355
-38.852295	439.27765	14.349121
-38.8521	439.71765	14.358887
-38.850903	439.0397	14.368652
-38.850456	434.60208	14.378418
-38.849304	435.61948	14.388184
-38.848557	435.8349	14.397949
-38.847336	435.59888	14.407715
-38.848656	441.3941	14.41748
-38.847111	442.34799	14.427246
-38.845757	439.63602	14.437012
-38.844555	434.19031	14.446777
-38.84338	432.35309	14.456543
-38.842968	438.69977	14.466309
-38.842022	442.56656	14.476074
-38.841702	442.98367	14.48584
-38.840569	439.2103	14.495605
-38.84029	436.67996	14.505371
-38.83889	437.47992	14.515137
-38.838909	435.4957	14.524902
-38.836414	442.18347	14.534668
-38.836418	443.41696	14.544434
-38.835625	441.36337	14.554199
-38.834393	439.90689	14.563965
-38.832745	431.81766	14.57373
-38.832825	438.16656	14.583496
-38.832607	441.5563	14.593262
-38.830822	443.5567	14.603027
-38.831856	443.6344	14.612793
-38.830795	439.6384	14.622559
-38.829391	439.48123	14.632324
-38.829025	437.14087	14.64209
-38.826363	440.33768	14.651855
-38.827965	443.04581	14.661621
-38.82618	446.04404	14.671387
-38.824318	441.44058	14.681152
-38.824699	437.84393	14.690918
-38.823669	436.94641	14.700684
-38.823586	441.38095	14.710449
-38.821838	445.82886	14.720215
-38.820606	443.82117	14.72998
-38.820438	441.15964	14.739746
-38.820366	442.15359	14.749512
-38.818848	439.02856	14.759277
-38.817459	440.54269	14.769043
-38.818241	441.08575	14.778809
-38.81638	445.64929	14.788574
-38.813477	446.18106	14.79834
-38.815659	439.23849	14.808105
-38.813702	441.63913	14.817871
-38.81329	438.90555	14.827637
-38.812325	444.73401	14.837402
-38.812325	444.93103	14.847168
-38.809475	443.76859	14.856934
-38.809624	446.1557	14.866699
-38.808105	442.80621	14.876465
-38.809067	440.77551	14.88623
-38.807877	440.69778	14.895996
-38.806255	441.93076	14.905762
-38.80518	448.70343	14.915527
-38.80526	444.91718	14.925293
-38.804081	445.14496	14.935059
-38.803005	442.32349	14.944824
-38.803448	440.07782	14.95459
-38.800308	444.32819	14.964355
-38.801899	443.83109	14.974121
-38.800198	447.65259	14.983887
-38.799049	447.97672	14.993652
-38.798367	443.1983	15.003418
-38.798149	440.59775	15.013184
-38.796661	441.01044	15.022949
-38.796009	445.26401	15.032715
-38.795219	448.90558	15.04248
-38.794167	447.99643	15.052246
-38.792934	444.3526	15.062012
-38.792561	442.97244	15.071777
-38.792721	441.57123	15.081543
-38.791523	443.55966	15.091309
-38.790142	449.08231	15.101074
-38.789421	449.19785	15.11084
-38.788704	449.43433	15.120605
-38.787567	443.88644	15.130371
-38.786461	439.06467	15.140137
-38.787052	444.9653	15.149902
-38.786148	448.08765	15.159668
-38.78455	451.39758	15.169434
-38.783829	446.20325	15.179199
-38.783581	443.73138	15.188965
-38.781197	445.2663	15.19873
-38.780506	441.03561	15.208496
-38.780926	448.27448	15.218262
-38.780167	449.34631	15.228027
-38.778343	448.76968	15.237793
-38.777946	448.50565	15.247559
-38.776417	440.41129	15.257324
-38.777409	442.63556	15.26709
-38.775768	447.2919	15.276855
-38.775005	448.77444	15.286621
-38.773594	449.71265	15.296387
-38.773277	446.10269	15.306152
-38.773125	445.69086	15.315918
-38.771278	445.1275	15.325684
-38.771362	444.58133	15.335449
-38.769279	445.94363	15.345215
-38.769348	450.11307	15.35498
-38.767883	448.91864	15.364746
-38.767281	444.06754	15.374512
-38.766609	443.06799	15.384277
-38.765217	443.87701	15.394043
-38.765312	447.48831	15.403809
-38.764751	448.74863	15.413574
-38.76289	448.73782	15.42334
-38.763691	446.13797	15.433105
-38.761097	446.54169	15.442871
-38.761631	444.71597	15.452637
-38.759052	443.7334	15.462402
-38.759743	448.24857	15.472168
-38.757984	451.54147	15.481934
-38.757347	447.31055	15.491699
-38.756748	447.67883	15.501465
-38.756557	443.74716	15.51123
-38.756031	445.8837	15.520996
-38.754887	448.89426	15.530762
-38.75312	447.24548	15.540527
-38.752872	451.7074	15.550293
-38.752548	447.76431	15.560059
-38.751114	446.49725	15.569824
-38.750496	444.15683	15.57959
-38.7491	442.4776	15.589355
-38.749287	451.15042	15.599121
-38.74823	449.52039	15.608887
-38.74765	449.45938	15.618652
-38.746159	445.16473	15.628418
-38.745754	442.32758	15.638184
-38.744465	447.2807	15.647949
-38.744202	445.10596	15.657715
-38.743416	449.84177	15.66748
-38.74276	451.88083	15.677246
-38.740494	447.18936	15.687012
-38.741451	445.01239	15.696777
-38.740307	440.84976	15.706543
-38.738716	447.78693	15.716309
-38.738682	452.55573	15.726074
-38.73735	452.40018	15.73584
-38.736507	447.31351	15.745605
-38.735672	443.96283	15.755371
-38.733791	443.69666	15.765137
-38.733761	444.96875	15.774902
-38.733856	449.35498	15.784668
-38.732491	451.67053	15.794434
-38.731911	451.12656	15.804199
-38.730389	446.79575	15.813965
-38.730591	441.34241	15.82373
-38.729282	443.85202	15.833496
-38.728226	449.41962	15.843262
-38.728676	453.17624	15.853027
-38.727097	448.89053	15.862793
-38.726299	445.73483	15.872559
-38.725582	445.64639	15.882324
-38.724297	442.63876	15.89209
-38.724098	446.57758	15.901855
-38.7229	449.07675	15.911621
-38.721336	450.28317	15.921387
-38.720917	450.89511	15.931152
-38.72073	442.13058	15.940918
-38.719078	444.28607	15.950684
-38.717625	446.01669	15.960449
-38.717865	448.03763	15.970215
-38.717331	451.5368	15.97998
-38.715866	446.66132	15.989746
-38.715622	447.75735	15.999512
-38.713905	445.23535	16.009277
-38.713421	443.80878	16.019043
-38.712814	447.14612	16.028809
-38.71241	448.21597	16.038574
-38.710407	452.02768	16.04834
-38.709969	446.67123	16.058105
-38.708374	445.27368	16.067871
-38.707806	444.8403	16.077637
-38.708416	446.70062	16.087402
-38.707119	447.2619	16.097168
-38.706814	446.50748	16.106934
-38.706459	447.28439	16.116699
-38.70549	449.63007	16.126465
-38.703625	445.02997	16.13623
-38.702518	441.22461	16.145996
-38.702263	446.08975	16.155762
-38.702118	451.45297	16.165527
-38.701099	448.96902	16.175293
-38.699554	447.58932	16.185059
-38.698959	442.112	16.194824
-38.697926	443.68719	16.20459
-38.698162	446.46301	16.214355
-38.696949	445.61182	16.224121
-38.696796	451.18063	16.233887
-38.695637	449.12134	16.243652
-38.695332	446.33563	16.253418
-38.692966	442.54214	16.263184
-38.692898	440.44086	16.272949
-38.692467	450.02429	16.282715
-38.690498	451.28644	16.29248
-38.690472	450.18381	16.302246
-38.688801	444.94803	16.312012
-38.68734	442.3501	16.321777
-38.68642	444.57721	16.331543
-38.685829	444.24194	16.341309
-38.687332	448.45123	16.351074
-38.685574	451.10074	16.36084
-38.684956	447.43216	16.370605
-38.684822	444.26505	16.380371
-38.683346	439.19003	16.390137
-38.682087	443.07666	16.399902
-38.682373	450.26675	16.409668
-38.680557	450.0686	16.419434
-38.679493	446.30331	16.429199
-38.678955	444.01071	16.438965
-38.678101	441.99469	16.44873
-38.676666	442.77393	16.458496
-38.676418	446.67239	16.468262
-38.674728	447.50543	16.478027
-38.674995	448.94138	16.487793
-38.67395	446.04211	16.497559
-38.672348	441.48953	16.507324
-38.672272	442.82428	16.51709
-38.671768	445.53513	16.526855
-38.670872	448.59958	16.536621
-38.670021	447.95834	16.546387
-38.668175	443.36804	16.556152
-38.668278	445.13385	16.565918
-38.666149	442.30493	16.575684
-38.666412	445.73779	16.585449
-38.666203	445.43716	16.595215
-38.665291	446.52835	16.60498
-38.663963	448.88922	16.614746
-38.664051	439.7157	16.624512
-38.662674	442.52789	16.634277
-38.661613	442.85803	16.644043
-38.662315	445.63876	16.653809
-38.660572	449.15216	16.663574
-38.659153	445.11819	16.67334
-38.65712	445.84491	16.683105
-38.657684	444.61884	16.692871
-38.656666	442.47043	16.702637
-38.655201	442.71649	16.712402
-38.655876	443.6637	16.722168
-38.654613	447.37564	16.731934
-38.652798	445.86932	16.741699
-38.652058	442.96033	16.751465
-38.652359	440.32175	16.76123
-38.651379	441.28528	16.770996
-38.651394	444.38251	16.780762
-38.650078	445.31494	16.790527
-38.64883	446.74753	16.800293
-38.647667	445.93607	16.810059
-38.646759	441.71716	16.819824
-38.64592	438.13254	16.82959
-38.644688	438.80505	16.839355
-38.64463	445.29507	16.849121
-38.643578	445.87427	16.858887
-38.643867	445.88092	16.868652
-38.642555	439.94577	16.878418
-38.641739	439.18802	16.888184
-38.640236	441.73889	16.897949
-38.63998	440.53003	16.907715
-38.638344	447.4357	16.91748
-38.638077	443.26624	16.927246
-38.637321	444.41302	16.937012
-38.635525	440.19037	16.946777
-38.635471	435.56882	16.956543
-38.635262	441.92722	16.966309
-38.633469	446.853	16.976074
-38.633137	446.17282	16.98584
-38.632374	442.89856	16.995605
-38.630344	437.59177	17.005371
-38.630333	440.62369	17.015137
-38.630402	440.29465	17.024902
-38.629135	444.99594	17.034668
-38.627815	448.20996	17.044434
-38.627636	444.06705	17.054199
-38.628235	443.17139	17.063965
-38.627235	436.8754	17.07373
-38.624599	440.35303	17.083496
-38.623474	444.37643	17.093262
-38.624058	444.73779	17.103027
-38.622612	444.78467	17.112793
-38.62241	438.7468	17.122559
-38.621662	438.2247	17.132324
-38.619797	438.98166	17.14209
-38.619835	441.13596	17.151855
-38.61768	442.88843	17.161621
-38.616798	443.94992	17.171387
-38.616455	444.20609	17.181152
-38.617302	437.38297	17.190918
-38.615295	438.64627	17.200684
-38.614708	438.9635	17.210449
-38.614265	443.41907	17.220215
-38.613464	444.38245	17.22998
-38.612804	441.08398	17.239746
-38.611565	440.47229	17.249512
-38.611092	439.74231	17.259277
-38.609566	439.46094	17.269043
-38.608818	441.22379	17.278809
-38.606995	442.77676	17.288574
-38.60667	445.11249	17.29834
-38.606892	440.49094	17.308105
-38.6063	440.54605	17.317871
-38.605087	435.16315	17.327637
-38.603363	439.29425	17.337402
-38.603497	443.11829	17.347168
-38.602283	441.1546	17.356934
-38.601341	443.18079	17.366699
-38.600376	442.62482	17.376465
-38.598724	437.35629	17.38623
-38.598419	439.14783	17.395996
-38.598991	437.82025	17.405762
-38.598381	444.13776	17.415527
-38.596325	444.8378	17.425293
-38.595276	439.44254	17.435059
-38.59436	437.09253	17.444824
-38.594513	436.12857	17.45459
-38.593178	438.88516	17.464355
-38.591877	439.24094	17.474121
-38.591629	443.07681	17.483887
-38.591782	442.25589	17.493652
-38.590099	440.0574	17.503418
-38.589294	436.76828	17.513184
-38.589115	436.20599	17.522949
-38.587452	439.31097	17.532715
-38.586845	444.62079	17.54248
-38.586872	444.50931	17.552246
-38.584877	437.17102	17.562012
-38.584694	435.60803	17.571777
-38.582977	437.60352	17.581543
-38.582848	438.59747	17.591309
-38.58157	442.60489	17.601074
-38.581886	441.03473	17.61084
-38.580887	440.9389	17.620605
-38.579144	438.13776	17.630371
-38.579647	432.0751	17.640137
-38.578098	436.5293	17.649902
-38.577847	440.77454	17.659668
-38.57597	443.02338	17.669434
-38.576389	439.88043	17.679199
-38.574989	434.17117	17.688965
-38.572933	436.86526	17.69873
-38.573582	434.87979	17.708496
-38.572132	439.06204	17.718262
-38.571877	440.36392	17.728027
-38.569725	441.49817	17.737793
-38.569565	441.79037	17.747559
-38.568874	431.8533	17.757324
-38.568417	435.29199	17.76709
-38.567959	440.23517	17.776855
-38.565979	439.99774	17.786621
-38.566128	441.20599	17.796387
-38.564968	437.19812	17.806152
-38.563076	435.04269	17.815918
-38.563187	436.89078	17.825684
-38.562386	435.83005	17.835449
-38.561905	438.17075	17.845215
-38.561329	439.26364	17.85498
-38.561363	438.7598	17.864746
-38.559246	435.55414	17.874512
-38.559296	437.28336	17.884277
-38.557487	433.08331	17.894043
-38.556118	439.27048	17.903809
-38.554817	440.05527	17.913574
-38.554306	436.8576	17.92334
-38.554127	436.75879	17.933105
-38.553547	435.56918	17.942871
-38.552601	435.36032	17.952637
-38.551918	433.18466	17.962402
-38.55196	434.54916	17.972168
-38.550255	440.89951	17.981934
-38.549004	437.23959	17.991699
-38.547905	436.42773	18.001465
-38.547848	432.12222	18.01123
-38.547298	433.5033	18.020996
-38.546288	440.02353	18.030762
-38.545956	436.25558	18.040527
-38.543793	441.66663	18.050293
-38.545029	437.05869	18.060059
-38.543053	433.97992	18.069824
-38.541775	432.54672	18.07959
-38.541679	431.78235	18.089355
-38.539711	438.47757	18.099121
-38.539494	440.07275	18.108887
-38.539536	438.01462	18.118652
-38.537479	433.74719	18.128418
-38.53793	430.61243	18.138184
-38.535507	433.91803	18.147949
-38.536179	434.22714	18.157715
-38.534809	437.45218	18.16748
-38.533821	438.2348	18.177246
-38.532871	436.32217	18.187012
-38.53286	432.48709	18.196777
-38.531132	428.96967	18.206543
-38.531048	432.75452	18.216309
-38.529247	439.31955	18.226074
-38.529186	440.02765	18.23584
-38.528172	433.51953	18.245605
-38.527893	430.48117	18.255371
-38.525597	432.79196	18.265137
-38.525856	432.58994	18.274902
-38.525349	437.68259	18.284668
-38.525021	436.80566	18.294434
-38.522797	437.57059	18.304199
-38.522717	434.79956	18.313965
-38.52177	427.42606	18.32373
-38.520462	432.04868	18.333496
-38.520145	435.83026	18.343262
-38.519745	439.97736	18.353027
-38.518356	436.77081	18.362793
-38.517601	430.51416	18.372559
-38.517216	432.22379	18.382324
-38.51516	433.17529	18.39209
-38.515305	435.06995	18.401855
-38.513935	434.62927	18.411621
-38.513912	434.98688	18.421387
-38.511639	436.55472	18.431152
-38.511662	430.18115	18.440918
-38.511478	431.76721	18.450684
-38.510807	433.76639	18.460449
-38.508945	435.88638	18.470215
-38.50882	438.81436	18.47998
-38.508694	434.05276	18.489746
-38.507221	431.39111	18.499512
-38.504456	432.79504	18.509277
-38.506721	432.20807	18.519043
-38.506229	433.10181	18.528809
-38.504753	433.9288	18.538574
-38.502651	437.6225	18.54834
-38.50275	434.80048	18.558105
-38.500839	431.92703	18.567871
-38.50111	430.34427	18.577637
-38.500118	432.34186	18.587402
-38.499817	435.90683	18.597168
-38.498875	434.32535	18.606934
-38.497879	434.65176	18.616699
-38.496048	432.09467	18.626465
-38.496288	433.34424	18.63623
-38.494411	429.39365	18.645996
-38.494839	430.22357	18.655762
-38.492706	436.97672	18.665527
-38.49284	437.45844	18.675293
-38.492008	435.25931	18.685059
-38.490883	427.89636	18.694824
-38.489265	428.03802	18.70459
-38.489422	435.31705	18.714355
-38.488075	432.11285	18.724121
-38.487041	438.88852	18.733887
-38.487186	436.1666	18.743652
-38.486202	433.05588	18.753418
-38.485668	430.49039	18.763184
-38.482437	428.37396	18.772949
-38.483913	433.58487	18.782715
-38.482765	436.00961	18.79248
-38.48138	434.76282	18.802246
-38.480122	433.56787	18.812012
-38.479786	427.43109	18.821777
-38.480824	431.12323	18.831543
-38.478745	433.0253	18.841309
-38.476528	435.48022	18.851074
-38.478111	435.7001	18.86084
-38.476082	434.43225	18.870605
-38.474834	429.74539	18.880371
-38.474289	427.33514	18.890137
-38.47398	429.22339	18.899902
-38.472122	435.42621	18.909668
-38.472195	437.39032	18.919434
-38.470062	432.88477	18.929199
-38.471554	429.46832	18.938965
-38.469246	428.47427	18.94873
-38.469273	431.61017	18.958496
-38.468266	434.37665	18.968262
-38.46698	434.77505	18.978027
-38.465435	433.56821	18.987793
-38.46656	434.20212	18.997559
-38.465355	426.53336	19.007324
-38.463455	431.24631	19.01709
-38.463737	430.62781	19.026855
-38.462261	435.36719	19.036621
-38.46069	437.02209	19.046387
-38.460934	429.83551	19.056152
-38.460209	429.98886	19.065918
-38.459114	429.04788	19.075684
-38.457874	430.13055	19.085449
-38.45681	432.82544	19.095215
-38.457642	431.21942	19.10498
-38.455006	435.89105	19.114746
-38.455429	430.02023	19.124512
-38.455223	428.26636	19.134277
-38.454029	428.61566	19.144043
-38.451462	431.63519	19.153809
-38.452496	435.6221	19.163574
-38.450455	431.30164	19.17334
-38.45018	431.4856	19.183105
-38.448669	430.65677	19.192871
-38.44894	429.15918	19.202637
-38.446594	430.36301	19.212402
-38.446949	431.05359	19.222168
-38.446815	434.20956	19.231934
-38.444828	436.2977	19.241699
-38.444958	430.07037	19.251465
-38.442974	426.74515	19.26123
-38.441055	429.04117	19.270996
-38.442509	432.49103	19.280762
-38.441063	432.85446	19.290527
-38.440739	435.54474	19.300293
-38.438896	431.30923	19.310059
-38.438328	430.46725	19.319824
-38.438328	427.02084	19.32959
-38.437256	426.87106	19.339355
-38.436043	433.22037	19.349121
-38.434856	435.37173	19.358887
-38.433575	433.72214	19.368652
-38.434326	429.02798	19.378418
-38.432831	425.06332	19.388184
-38.432465	430.38058	19.397949
-38.431931	429.97165	19.407715
-38.430542	436.06073	19.41748
-38.430614	432.75	19.427246
-38.42889	430.80783	19.437012
-38.426987	430.47012	19.446777
-38.427914	424.11703	19.456543
-38.426376	429.88028	19.466309
-38.425999	434.67838	19.476074
-38.425232	435.08377	19.48584
-38.423767	432.34747	19.495605
-38.422939	425.73047	19.505371
-38.42289	427.18091	19.515137
-38.421799	429.99872	19.524902
-38.421097	432.70782	19.534668
-38.421093	433.5882	19.544434
-38.418053	431.95242	19.554199
-38.418018	429.86362	19.563965
-38.416428	425.07123	19.57373
-38.416687	427.84564	19.583496
-38.416279	431.8837	19.593262
-38.415154	433.70331	19.603027
-38.413887	433.0173	19.612793
-38.414162	427.703	19.622559
-38.412422	425.54968	19.632324
-38.41256	429.29099	19.64209
-38.411079	430.49405	19.651855
-38.409199	432.18268	19.661621
-38.409508	430.71515	19.671387
-38.408493	432.35077	19.681152
-38.407467	427.83902	19.690918
-38.407906	427.99921	19.700684
-38.406162	425.87173	19.710449
-38.405537	433.25229	19.720215
-38.404732	434.25308	19.72998
-38.404171	429.32495	19.739746
-38.40239	430.27646	19.749512
-38.402187	427.6156	19.759277
-38.401764	428.49722	19.769043
-38.399712	429.89569	19.778809
-38.399094	428.48685	19.788574
-38.399059	433.36795	19.79834
-38.397453	430.01968	19.808105
-38.397354	428.13745	19.817871
-38.396584	426.11615	19.827637
-38.394726	426.48743	19.837402
-38.394321	432.04987	19.847168
-38.394161	429.96481	19.856934
-38.393791	431.22153	19.866699
-38.392033	429.54684	19.876465
-38.392033	426.44485	19.88623
-38.390629	426.29529	19.895996
-38.388725	426.49973	19.905762
-38.390129	431.04681	19.915527
-38.387417	434.22824	19.925293
-38.387165	430.12842	19.935059
-38.386688	427.23145	19.944824
-38.385483	424.55511	19.95459
-38.38567	429.3808	19.964355
-38.384552	430.72577	19.974121
-38.382797	433.34659	19.983887
-38.381969	430.71643	19.993652
-38.381557	428.35718	20.003418
-38.381329	424.49103	20.013184


Data Header:			0.254_hd_uprint_typeiv_090_r0			Time:	29.483643	s	4/13/2019 11:11:49 PM
Data Acquisition:	Timed
Station Name:	ft40.cfg
Test File Name:	monotonic_0.2540_typeiv_solid_4545_uprint.tst
Displacement	Force	Running Time
mm	N	s
-38.38018	423.1795	20.022949
-38.379726	429.41595	20.032715
-38.377846	433.10764	20.04248
-38.378281	432.20331	20.052246
-38.376873	427.81943	20.062012
-38.376152	422.76065	20.071777
-38.374855	425.60989	20.081543
-38.374203	429.48453	20.091309
-38.373165	432.54407	20.101074
-38.374195	431.19217	20.11084
-38.371296	429.61847	20.120605
-38.371338	427.87744	20.130371
-38.370358	422.13245	20.140137
-38.369522	427.79614	20.149902
-38.368263	430.96597	20.159668
-38.367847	432.80151	20.169434
-38.367287	430.94012	20.179199
-38.366276	423.57343	20.188965
-38.365139	425.17749	20.19873
-38.36425	427.17389	20.208496
-38.362766	429.47513	20.218262
-38.362938	433.23984	20.228027
-38.363136	429.98654	20.237793
-38.361309	429.72693	20.247559
-38.360241	425.31165	20.257324
-38.360752	425.13022	20.26709
-38.358471	427.95441	20.276855
-38.357944	432.45007	20.286621
-38.357388	432.65036	20.296387
-38.35685	427.69327	20.306152
-38.355339	425.40378	20.315918
-38.354561	427.66614	20.325684
-38.353329	427.22961	20.335449
-38.353024	428.24567	20.345215
-38.353409	429.46457	20.35498
-38.35239	430.55841	20.364746
-38.350712	428.49402	20.374512
-38.350933	425.84424	20.384277
-38.349407	425.29779	20.394043
-38.347912	427.67841	20.403809
-38.34663	431.4321	20.413574
-38.347027	429.36993	20.42334
-38.344994	430.55582	20.433105
-38.345005	426.25525	20.442871
-38.3447	427.2211	20.452637
-38.343361	427.57663	20.462402
-38.34391	426.53967	20.472168
-38.342278	432.84286	20.481934
-38.341286	430.88196	20.491699
-38.339794	428.55679	20.501465
-38.33971	424.52286	20.51123
-38.339901	422.04474	20.520996
-38.337124	429.30286	20.530762
-38.336941	429.85922	20.540527
-38.336456	431.5105	20.550293
-38.335678	430.65173	20.560059
-38.335281	423.0629	20.569824
-38.333576	424.95309	20.57959
-38.332985	425.18781	20.589355
-38.332561	428.36404	20.599121
-38.331776	433.24359	20.608887
-38.330685	429.85336	20.618652
-38.329433	425.22803	20.628418
-38.327583	422.94162	20.638184
-38.327995	425.01929	20.647949
-38.326832	429.72952	20.657715
-38.325539	428.70279	20.66748
-38.325886	430.17349	20.677246
-38.324753	426.74869	20.687012
-38.322811	423.91852	20.696777
-38.322224	421.71872	20.706543
-38.321903	427.52441	20.716309
-38.321335	430.83734	20.726074
-38.32156	431.42599	20.73584
-38.319733	426.46356	20.745605
-38.318924	421.8949	20.755371
-38.318737	422.7132	20.765137
-38.317265	425.93018	20.774902
-38.31641	430.54077	20.784668
-38.315102	428.79111	20.794434
-38.314861	428.621	20.804199
-38.314816	428.20169	20.813965
-38.31403	421.49518	20.82373
-38.313019	424.74777	20.833496
-38.311649	427.61551	20.843262
-38.311428	432.18747	20.853027
-38.309666	430.90808	20.862793
-38.307507	422.92313	20.872559
-38.308304	424.83932	20.882324
-38.307507	426.01059	20.89209
-38.307541	427.30331	20.901855
-38.306046	429.96204	20.911621
-38.305275	427.3421	20.921387
-38.303726	430.77975	20.931152
-38.303314	425.21802	20.940918
-38.303612	422.27277	20.950684
-38.300598	424.85541	20.960449
-38.300114	427.63748	20.970215
-38.300957	431.3887	20.97998
-38.300259	428.55298	20.989746
-38.298893	426.3165	20.999512
-38.297649	425.12939	21.009277
-38.296772	424.79428	21.019043
-38.296871	425.52231	21.028809
-38.295181	426.14249	21.038574
-38.294819	428.21783	21.04834
-38.293365	429.23221	21.058105
-38.292568	424.92242	21.067871
-38.292297	421.92105	21.077637
-38.292065	424.21146	21.087402
-38.29137	428.78259	21.097168
-38.290451	428.60745	21.106934
-38.289196	429.99551	21.116699
-38.287045	425.03433	21.126465
-38.28701	423.66217	21.13623
-38.286201	424.70959	21.145996
-38.285027	422.81116	21.155762
-38.284618	428.66916	21.165527
-38.283634	430.37228	21.175293
-38.282974	428.53143	21.185059
-38.281929	422.33398	21.194824
-38.281654	419.58035	21.20459
-38.281883	426.28546	21.214355
-38.280022	427.51193	21.224121
-38.27903	430.11075	21.233887
-38.278072	428.5744	21.243652
-38.276688	421.8194	21.253418
-38.277546	424.91336	21.263184
-38.275345	420.08371	21.272949
-38.274807	427.91632	21.282715
-38.274803	430.9361	21.29248
-38.273079	430.02237	21.302246
-38.271843	425.46921	21.312012
-38.272629	420.32303	21.321777
-38.271442	421.4277	21.331543
-38.270607	427.21527	21.341309
-38.268494	428.84033	21.351074
-38.268242	426.87631	21.36084
-38.266968	426.2681	21.370605
-38.266148	424.43832	21.380371
-38.266602	421.24316	21.390137
-38.265495	423.57983	21.399902
-38.264866	425.5625	21.409668
-38.264362	431.16733	21.419434
-38.262329	427.59018	21.429199
-38.262051	420.99146	21.438965
-38.260727	421.45029	21.44873
-38.260487	424.04669	21.458496
-38.259342	427.87698	21.468262
-38.258888	427.54388	21.478027
-38.25964	426.89514	21.487793
-38.257378	426.34018	21.497559
-38.257473	421.77457	21.507324
-38.25573	423.93152	21.51709
-38.25425	423.47086	21.526855
-38.25296	428.5567	21.536621
-38.252731	429.08228	21.546387
-38.252392	422.03864	21.556152
-38.252033	424.30701	21.565918
-38.250458	423.0448	21.575684
-38.249077	423.7244	21.585449
-38.248657	427.53354	21.595215
-38.248077	425.40393	21.60498
-38.246971	429.44858	21.614746
-38.246758	428.20508	21.624512
-38.245766	423.77649	21.634277
-38.24514	422.56204	21.644043
-38.244022	422.82977	21.653809
-38.243092	430.33426	21.663574
-38.243473	427.92416	21.67334
-38.241077	425.21103	21.683105
-38.240593	424.16959	21.692871
-38.239613	423.3313	21.702637
-38.239544	422.1015	21.712402
-38.238361	424.07111	21.722168
-38.237473	428.16095	21.731934
-38.236427	429.89761	21.741699
-38.235821	425.93146	21.751465
-38.235058	419.72897	21.76123
-38.234425	420.95169	21.770996
-38.233391	425.69202	21.780762
-38.23243	427.93372	21.790527
-38.232426	428.32523	21.800293
-38.231155	425.18903	21.810059
-38.230114	423.0253	21.819824
-38.230007	422.88681	21.82959
-38.22834	420.91101	21.839355
-38.228535	428.43323	21.849121
-38.226723	430.07037	21.858887
-38.225758	427.10703	21.868652
-38.224598	423.61417	21.878418
-38.225502	417.0621	21.888184
-38.224148	422.79361	21.897949
-38.222481	426.84	21.907715
-38.221329	427.9007	21.91748
-38.222557	427.63181	21.927246
-38.22076	422.55539	21.937012
-38.220337	422.7421	21.946777
-38.220139	418.46985	21.956543
-38.218559	424.76718	21.966309
-38.217178	428.73367	21.976074
-38.216591	427.75897	21.98584
-38.215717	426.97314	21.995605
-38.215656	419.29114	22.005371
-38.2146	418.98834	22.015137
-38.213806	426.83069	22.024902
-38.212284	427.23428	22.034668
-38.212353	427.85922	22.044434
-38.210331	424.68326	22.054199
-38.208145	423.26755	22.063965
-38.208843	422.66605	22.07373
-38.208733	423.79175	22.083496
-38.207741	425.15424	22.093262
-38.207218	430.57538	22.103027
-38.206341	428.25879	22.112793
-38.205273	421.74597	22.122559
-38.20496	420.9671	22.132324
-38.203598	423.26382	22.14209
-38.2024	425.86194	22.151855
-38.201164	425.88046	22.161621
-38.200954	425.29013	22.171387
-38.200527	426.04694	22.181152
-38.19849	423.73166	22.190918
-38.198578	423.01886	22.200684
-38.196548	422.15848	22.210449
-38.197002	424.43439	22.220215
-38.197243	428.3389	22.22998
-38.195599	423.31976	22.239746
-38.194077	426.48889	22.249512
-38.193523	422.17947	22.259277
-38.193298	421.83145	22.269043
-38.192566	425.67651	22.278809
-38.191044	423.59192	22.288574
-38.190182	427.069	22.29834
-38.190945	426.93585	22.308105
-38.189148	423.12866	22.317871
-38.187222	420.09369	22.327637
-38.187778	419.40997	22.337402
-38.186893	426.17172	22.347168
-38.185841	429.01849	22.356934
-38.184475	425.12106	22.366699
-38.183201	424.48679	22.376465
-38.182674	421.29153	22.38623
-38.182529	422.92249	22.395996
-38.18148	421.85999	22.405762
-38.18079	427.96729	22.415527
-38.179497	428.70386	22.425293
-38.178421	425.37561	22.435059
-38.178452	420.97812	22.444824
-38.178421	419.44785	22.45459
-38.177086	422.49521	22.464355
-38.175137	427.08392	22.474121
-38.175495	427.64868	22.483887
-38.174736	424.05261	22.493652
-38.173744	421.43787	22.503418
-38.172993	420.37491	22.513184
-38.171825	419.36823	22.522949
-38.171364	427.21408	22.532715
-38.169743	428.0997	22.54248
-38.168583	426.89951	22.552246
-38.169621	424.04654	22.562012
-38.168827	416.65634	22.571777
-38.167404	419.71198	22.581543
-38.166603	423.93991	22.591309
-38.165684	426.77869	22.601074
-38.165123	426.98605	22.61084
-38.164692	423.63574	22.620605
-38.162273	423.08502	22.630371
-38.162746	419.78787	22.640137
-38.161015	423.29346	22.649902
-38.160988	427.21487	22.659668
-38.160004	428.2037	22.669434
-38.158024	427.91574	22.679199
-38.158585	419.0704	22.688965
-38.156483	421.00778	22.69873
-38.156467	424.5997	22.708496
-38.155602	423.63925	22.718262
-38.15406	425.90707	22.728027
-38.152824	421.94247	22.737793
-38.154385	423.97363	22.747559
-38.151051	422.33609	22.757324
-38.151165	421.93985	22.76709
-38.151432	420.82138	22.776855
-38.149456	425.52289	22.786621
-38.14893	426.32965	22.796387
-38.148251	421.6835	22.806152
-38.147961	422.25589	22.815918
-38.146317	419.63284	22.825684
-38.146778	422.58026	22.835449
-38.14465	423.16864	22.845215
-38.143677	425.4613	22.85498
-38.144958	424.87866	22.864746
-38.142677	424.99579	22.874512
-38.14156	420.17444	22.884277
-38.139999	418.42816	22.894043
-38.140217	420.98529	22.903809
-38.140327	427.42819	22.913574
-38.138489	424.37207	22.92334
-38.136597	425.39523	22.933105
-38.136623	419.84207	22.942871
-38.136261	419.97336	22.952637
-38.135696	422.55313	22.962402
-38.134254	423.26624	22.972168
-38.13398	427.33826	22.981934
-38.131256	426.2738	22.991699
-38.13224	422.64099	23.001465
-38.130703	420.18771	23.01123
-38.131348	417.73877	23.020996
-38.130157	423.56931	23.030762
-38.128685	427.46808	23.040527
-38.127647	426.81689	23.050293
-38.127388	424.5054	23.060059
-38.12553	419.37192	23.069824
-38.125607	419.53879	23.07959
-38.125351	422.43564	23.089355
-38.124256	425.36652	23.099121
-38.123283	426.65421	23.108887
-38.122162	425.63055	23.118652
-38.121834	420.28415	23.128418
-38.120102	416.79413	23.138184
-38.120895	419.9303	23.147949
-38.119785	426.73581	23.157715
-38.117916	428.43576	23.16748
-38.117039	422.52795	23.177246
-38.116707	422.05316	23.187012
-38.115707	420.82629	23.196777
-38.1152	419.53149	23.206543
-38.114681	423.60361	23.216309
-38.113602	424.53754	23.226074
-38.111126	427.75223	23.23584
-38.112198	423.64603	23.245605
-38.111206	417.65814	23.255371
-38.110424	418.66678	23.265137
-38.109024	422.51517	23.274902
-38.107952	426.26776	23.284668
-38.10667	425.91449	23.294434
-38.106953	421.43265	23.304199
-38.106377	423.02869	23.313965
-38.104439	418.70654	23.32373
-38.104702	420.93835	23.333496
-38.102707	421.00262	23.343262
-38.102581	425.91553	23.353027
-38.102016	425.38419	23.362793
-38.101284	421.39655	23.372559
-38.101112	419.70712	23.382324
-38.098022	419.99249	23.39209
-38.098942	422.22287	23.401855
-38.096901	426.25662	23.411621
-38.096134	424.73035	23.421387
-38.094933	422.61963	23.431152
-38.095631	423.12677	23.440918
-38.095463	420.03	23.450684
-38.09256	419.68817	23.460449
-38.093334	420.65897	23.470215
-38.091492	426.20953	23.47998
-38.091377	424.68787	23.489746
-38.090111	422.70245	23.499512
-38.090931	416.9722	23.509277
-38.088768	419.83783	23.519043
-38.088024	423.90179	23.528809
-38.086277	422.95007	23.538574
-38.086975	426.60748	23.54834
-38.085629	425.35727	23.558105
-38.084011	422.18561	23.567871
-38.083988	418.15613	23.577637
-38.08268	417.37524	23.587402
-38.081753	423.47964	23.597168
-38.0816	425.04404	23.606934
-38.081158	425.03076	23.616699
-38.079269	419.20807	23.626465
-38.080021	418.2225	23.63623
-38.077385	419.76477	23.645996
-38.077282	419.05518	23.655762
-38.077541	426.44214	23.665527
-38.077236	425.46741	23.675293
-38.07478	421.52979	23.685059
-38.073101	419.48145	23.694824
-38.073849	414.74655	23.70459
-38.073139	419.42566	23.714355
-38.071468	426.31464	23.724121
-38.0704	426.06998	23.733887
-38.069714	424.23596	23.743652
-38.069073	418.00342	23.753418
-38.068005	419.74866	23.763184
-38.067883	416.85297	23.772949
-38.065666	423.0162	23.782715
-38.065933	424.86853	23.79248
-38.064949	424.77997	23.802246
-38.064137	422.40161	23.812012
-38.062958	415.61719	23.821777
-38.061977	417.29288	23.831543
-38.062767	421.60632	23.841309
-38.06181	426.03445	23.851074
-38.058598	424.15161	23.86084
-38.05912	420.64755	23.870605
-38.057949	419.39752	23.880371
-38.058838	418.35483	23.890137
-38.057621	422.18506	23.899902
-38.056538	421.68503	23.909668
-38.055164	426.68704	23.919434
-38.053658	424.80743	23.929199
-38.053669	417.04605	23.938965
-38.051865	420.13422	23.94873
-38.052826	418.62402	23.958496
-38.051819	423.2197	23.968262
-38.050404	425.99115	23.978027
-38.04908	420.50699	23.987793
-38.047714	421.55148	23.997559
-38.047302	420.54242	24.007324
-38.047092	418.57965	24.01709
-38.047821	419.70166	24.026855
-38.045616	419.98569	24.036621
-38.043407	426.06479	24.046387
-38.04414	421.65692	24.056152
-38.043217	419.15689	24.065918
-38.042873	417.73608	24.075684
-38.042168	417.43539	24.085449
-38.040573	422.95068	24.095215
-38.040745	422.05484	24.10498
-38.039307	421.93668	24.114746
-38.03735	423.75864	24.124512
-38.038025	418.09338	24.134277
-38.036072	417.6478	24.144043
-38.035332	418.36169	24.153809
-38.034943	423.84122	24.163574
-38.034695	425.39148	24.17334
-38.033447	423.02036	24.183105
-38.031563	419.16806	24.192871
-38.03231	419.60797	24.202637
-38.031075	419.87943	24.212402
-38.029884	421.63956	24.222168
-38.02932	424.91614	24.231934
-38.028198	425.45001	24.241699
-38.028187	422.39627	24.251465
-38.027515	417.08279	24.26123
-38.025753	416.82953	24.270996
-38.025856	422.53857	24.280762
-38.024471	424.62668	24.290527
-38.023438	426.71805	24.300293
-38.022476	420.3287	24.310059
-38.022072	416.60004	24.319824
-38.020248	418.30756	24.32959
-38.020702	417.77368	24.339355
-38.01923	423.9548	24.349121
-38.018433	423.57047	24.358887
-38.018028	421.85898	24.368652
-38.018482	420.43668	24.378418
-38.014675	413.85202	24.388184
-38.014854	418.97299	24.397949
-38.01458	422.42395	24.407715
-38.013615	425.56537	24.41748
-38.013859	423.74338	24.427246
-38.011673	416.94168	24.437012
-38.010864	418.26782	24.446777
-38.010365	417.40436	24.456543
-38.010071	420.77847	24.466309
-38.008953	422.70975	24.476074
-38.009018	422.83942	24.48584
-38.00872	421.97919	24.495605
-38.007385	416.22073	24.505371
-38.005222	416.64764	24.515137
-38.004604	419.63763	24.524902
-38.00359	424.06815	24.534668
-38.00375	425.44733	24.544434
-38.00391	419.80951	24.554199
-38.001373	418.32535	24.563965
-38.000206	418.9068	24.57373
-37.999813	419.23294	24.583496
-38.000519	419.57181	24.593262
-37.998997	424.12561	24.603027
-37.998043	423.52243	24.612793
-37.996487	419.6731	24.622559
-37.996189	419.0127	24.632324
-37.994656	416.86829	24.64209
-37.994621	421.15244	24.651855
-37.993835	423.89651	24.661621
-37.993927	419.80807	24.671387
-37.991379	422.32581	24.681152
-37.990685	419.83154	24.690918
-37.989574	420.49091	24.700684
-37.989693	418.13385	24.710449
-37.988911	419.32059	24.720215
-37.987614	425.49606	24.72998
-37.985802	421.90466	24.739746
-37.986794	419.49454	24.749512
-37.985416	416.29706	24.759277
-37.984161	416.96146	24.769043
-37.984886	421.05704	24.778809
-37.982628	420.98715	24.788574
-37.982677	423.56491	24.79834
-37.980755	424.80579	24.808105
-37.980083	418.52911	24.817871
-37.980267	417.25806	24.827637
-37.978737	415.8295	24.837402
-37.977272	421.46729	24.847168
-37.976772	425.30811	24.856934
-37.97636	422.51889	24.866699
-37.976192	419.87863	24.876465
-37.974781	416.33551	24.88623
-37.974388	417.98294	24.895996
-37.973354	419.37411	24.905762
-37.971661	424.08685	24.915527
-37.971504	422.66599	24.925293
-37.970623	421.99481	24.935059
-37.969719	418.99268	24.944824
-37.969681	413.20425	24.95459
-37.968136	418.21887	24.964355
-37.968307	421.59229	24.974121
-37.965897	425.82529	24.983887
-37.965576	419.65305	24.993652
-37.964767	415.76385	25.003418
-37.964191	416.6759	25.013184
-37.962978	416.31897	25.022949
-37.9627	421.54193	25.032715
-37.96172	422.78577	25.04248
-37.961254	422.92648	25.052246
-37.960491	421.18948	25.062012
-37.958847	413.04883	25.071777
-37.959221	419.02704	25.081543
-37.957634	420.2916	25.091309
-37.956635	423.22827	25.101074
-37.956528	424.60916	25.11084
-37.955227	416.68521	25.120605
-37.954582	418.6434	25.130371
-37.953239	416.92587	25.140137
-37.952606	418.73889	25.149902
-37.952892	421.09869	25.159668
-37.951439	421.75421	25.169434
-37.950668	423.28757	25.179199
-37.94949	417.05231	25.188965
-37.948036	416.13214	25.19873
-37.948338	418.26184	25.208496
-37.946571	421.65295	25.218262
-37.946468	424.13458	25.228027
-37.946499	418.66763	25.237793
-37.944798	419.33371	25.247559
-37.944538	420.15286	25.257324
-37.944668	419.5806	25.26709
-37.942451	417.02359	25.276855
-37.941051	421.03467	25.286621
-37.939995	423.6214	25.296387
-37.939285	421.11285	25.306152
-37.938667	417.89871	25.315918
-37.938351	415.30698	25.325684
-37.936569	418.35928	25.335449
-37.936386	421.21362	25.345215
-37.934105	419.617	25.35498
-37.934822	422.7442	25.364746
-37.933315	420.00519	25.374512
-37.93301	417.51669	25.384277
-37.933567	416.7298	25.394043
-37.931095	416.0513	25.403809
-37.930378	422.89249	25.413574
-37.929676	422.319	25.42334
-37.929131	421.92172	25.433105
-37.928589	415.96991	25.442871
-37.926632	414.04343	25.452637
-37.927158	420.0816	25.462402
-37.925205	417.95316	25.472168
-37.925491	422.146	25.481934
-37.92387	422.73242	25.491699
-37.923843	419.17584	25.501465
-37.922333	417.69693	25.51123
-37.922562	412.36908	25.520996
-37.921455	418.04062	25.530762
-37.920223	423.5795	25.540527
-37.919323	421.94168	25.550293
-37.918396	418.20236	25.560059
-37.917175	414.0246	25.569824
-37.917374	415.23819	25.57959
-37.915451	417.43948	25.589355
-37.916008	420.6525	25.599121
-37.913963	422.89807	25.608887
-37.913624	419.74731	25.618652
-37.91288	415.81	25.628418
-37.912815	413.48401	25.638184
-37.911739	414.10098	25.647949
-37.910927	420.15558	25.657715
-37.910015	422.89304	25.66748
-37.908184	419.32956	25.677246
-37.907021	415.32455	25.687012
-37.906776	415.73227	25.696777
-37.90654	416.60437	25.706543
-37.905899	420.1178	25.716309
-37.906208	418.84366	25.726074
-37.904354	420.41129	25.73584
-37.90374	421.07175	25.745605
-37.902969	412.87234	25.755371
-37.901978	414.70724	25.765137
-37.901062	417.18246	25.774902
-37.899799	421.07028	25.784668
-37.899021	424.32635	25.794434
-37.897858	417.89148	25.804199
-37.898567	416.55374	25.813965
-37.896507	416.28033	25.82373
-37.895828	414.32874	25.833496
-37.895382	419.53079	25.843262
-37.893925	419.16656	25.853027
-37.892227	422.63354	25.862793
-37.893337	418.39078	25.872559
-37.892128	415.20398	25.882324
-37.890823	415.70193	25.89209
-37.890728	416.97568	25.901855
-37.890537	420.1315	25.911621
-37.888905	418.72882	25.921387
-37.887783	417.85117	25.931152
-37.88694	417.69244	25.940918
-37.886539	416.40735	25.950684
-37.885235	414.31915	25.960449
-37.883556	416.33035	25.970215
-37.883743	420.20877	25.97998
-37.882122	420.92316	25.989746
-37.881145	418.81586	25.999512
-37.881054	413.53073	26.009277
-37.880886	415.18945	26.019043
-37.879501	417.96274	26.028809
-37.878548	417.19574	26.038574
-37.878494	420.43832	26.04834
-37.877136	419.56018	26.058105
-37.875023	418.0654	26.067871
-37.876171	415.59811	26.077637
-37.873283	412.74475	26.087402
-37.873665	418.82547	26.097168
-37.873142	422.11914	26.106934
-37.872013	419.02795	26.116699
-37.872238	415.61908	26.126465
-37.87228	411.17633	26.13623
-37.870758	414.63461	26.145996
-37.868656	415.44791	26.155762
-37.868423	420.51184	26.165527
-37.868465	420.28616	26.175293
-37.866234	417.02951	26.185059
-37.865379	415.13519	26.194824
-37.864983	411.47662	26.20459
-37.863873	416.6925	26.214355
-37.864208	421.48633	26.224121
-37.862644	420.77484	26.233887
-37.859879	419.05032	26.243652
-37.860832	413.06747	26.253418
-37.860519	412.51807	26.263184
-37.859299	415.20795	26.272949
-37.857769	418.05527	26.282715
-37.857506	419.91208	26.29248
-37.857033	420.50009	26.302246
-37.855717	416.30203	26.312012
-37.855335	410.43176	26.321777
-37.85437	414.3887	26.331543
-37.854309	417.49524	26.341309
-37.853596	422.78616	26.351074
-37.851135	421.07535	26.36084
-37.849964	415.15533	26.370605
-37.850689	414.21606	26.380371
-37.85006	412.94925	26.390137
-37.849205	417.38443	26.399902
-37.847271	417.35944	26.409668
-37.846863	418.47418	26.419434
-37.845749	421.47614	26.429199
-37.845276	412.99738	26.438965
-37.84528	414.70483	26.44873
-37.844334	413.06677	26.458496
-37.843098	417.68628	26.468262
-37.841595	421.10562	26.478027
-37.839897	414.9267	26.487793
-37.840435	416.34042	26.497559
-37.84029	415.62225	26.507324
-37.837982	415.29797	26.51709
-37.838554	414.23709	26.526855
-37.837093	415.52939	26.536621
-37.837772	420.39932	26.546387
-37.836128	418.65628	26.556152
-37.835377	413.76352	26.565918
-37.832874	413.33218	26.575684
-37.83334	412.66635	26.585449
-37.831593	418.11087	26.595215
-37.831272	417.15598	26.60498
-37.830837	417.39706	26.614746
-37.830647	417.79785	26.624512
-37.82909	413.71817	26.634277
-37.828732	411.35556	26.644043
-37.827095	412.51395	26.653809
-37.827454	417.82828	26.663574
-37.825611	420.85669	26.67334
-37.824326	418.52585	26.683105
-37.824814	413.22559	26.692871
-37.823627	410.59174	26.702637
-37.822174	414.80832	26.712402
-37.821335	415.65079	26.722168
-37.822941	419.3465	26.731934
-37.819275	417.78595	26.741699
-37.819195	415.52243	26.751465
-37.819141	413.00009	26.76123
-37.817909	409.00101	26.770996
-37.817665	415.98004	26.780762
-37.816666	420.13245	26.790527
-37.814392	420.95401	26.800293
-37.813705	414.94434	26.810059
-37.812588	409.3606	26.819824
-37.811768	411.63019	26.82959
-37.812542	414.40549	26.839355
-37.810417	417.27805	26.849121
-37.8102	417.86902	26.858887
-37.809391	415.77338	26.868652
-37.808998	414.82895	26.878418
-37.807938	408.51196	26.888184
-37.807144	413.44992	26.897949
-37.806065	417.72345	26.907715
-37.805408	418.51358	26.91748
-37.805622	417.55261	26.927246
-37.804169	411.19254	26.937012
-37.802723	410.34766	26.946777
-37.802723	413.91116	26.956543
-37.801788	413.21838	26.966309
-37.80043	416.64838	26.976074
-37.799946	415.01324	26.98584
-37.79884	414.87799	26.995605
-37.798405	409.72604	27.005371
-37.795883	409.31042	27.015137
-37.796757	411.71323	27.024902
-37.795403	415.12369	27.034668
-37.795864	416.97559	27.044434
-37.793343	412.1424	27.054199
-37.793549	410.92792	27.063965
-37.792946	409.89066	27.07373
-37.791916	411.21045	27.083496
-37.790302	410.60693	27.093262
-37.791264	410.92953	27.103027
-37.789249	414.9498	27.112793
-37.789528	409.23843	27.122559
-37.786793	408.92151	27.132324
-37.787018	405.20615	27.14209
-37.785656	409.33157	27.151855
-37.785152	413.75345	27.161621
-37.785255	406.58191	27.171387
-37.783783	409.29691	27.181152
-37.78265	405.418	27.190918
-37.781273	397.17545	27.200684
-37.777786	-33.415928	27.210449
-37.778145	-34.413528	27.220215
-37.777729	-25.22131	27.22998
-37.777531	-45.362408	27.239746
-37.776783	-45.230835	27.249512
-37.776291	-46.018009	27.259277
-37.775112	-47.530365	27.269043
-37.774208	-42.013699	27.278809
-37.773872	-44.313503	27.288574
-37.77346	-39.912224	27.29834
-37.772915	-41.512699	27.308105
-37.771255	-45.253002	27.317871
-37.76984	-45.802814	27.327637
-37.770618	-47.352951	27.337402
-37.769352	-43.488232	27.347168
-37.768688	-37.748478	27.356934
-37.766628	-39.805428	27.366699
-37.766167	-46.101223	27.376465
-37.764973	-48.173096	27.38623
-37.766621	-46.617668	27.395996
-37.764278	-42.996635	27.405762
-37.7631	-39.05611	27.415527
-37.762917	-42.560257	27.425293
-37.76141	-42.276886	27.435059
-37.7603	-44.956764	27.444824
-37.760792	-48.951195	27.45459
-37.758953	-43.138386	27.464355
-37.759335	-42.4352	27.474121
-37.758621	-38.636604	27.483887
-37.75724	-42.083298	27.493652
-37.756691	-47.967079	27.503418
-37.755604	-47.480846	27.513184
-37.754215	-45.256378	27.522949
-37.754074	-41.396461	27.532715
-37.753193	-40.443531	27.54248
-37.75259	-43.746849	27.552246
-37.751011	-42.997265	27.562012
-37.751057	-49.216629	27.571777
-37.749336	-46.298923	27.581543
-37.749725	-43.326164	27.591309
-37.748001	-41.739635	27.601074
-37.747742	-39.171307	27.61084
-37.745972	-45.610558	27.620605
-37.74696	-46.583832	27.630371
-37.744526	-43.581825	27.640137
-37.744564	-44.147816	27.649902
-37.743107	-43.070175	27.659668
-37.742851	-42.827454	27.669434
-37.7411	-41.047176	27.679199
-37.741539	-43.669006	27.688965
-37.740097	-47.011383	27.69873
-37.739037	-45.770523	27.708496
-37.737694	-42.721909	27.718262
-37.737324	-42.470352	27.728027
-37.737507	-43.595764	27.737793
-37.736275	-43.475513	27.747559
-37.735023	-45.533119	27.757324
-37.733871	-44.407303	27.76709
-37.733231	-46.007019	27.776855
-37.732834	-44.172256	27.786621
-37.731537	-40.990723	27.796387
-37.73156	-41.980442	27.806152
-37.730457	-43.021118	27.815918
-37.72924	-46.915497	27.825684
-37.729389	-47.460125	27.835449
-37.7295	-40.926044	27.845215
-37.727337	-43.309078	27.85498
-37.727581	-40.346497	27.864746
-37.724762	-42.113022	27.874512
-37.723705	-46.349674	27.884277
-37.723675	-44.662663	27.894043
-37.72385	-48.254875	27.903809
-37.721893	-42.986431	27.913574
-37.721493	-38.628403	27.92334
-37.720654	-41.280548	27.933105
-37.720058	-45.032082	27.942871
-37.719757	-50.861843	27.952637
-37.717388	-44.343399	27.962402
-37.717575	-43.124416	27.972168
-37.717506	-41.442974	27.981934
-37.715954	-41.463844	27.991699
-37.714928	-45.324867	28.001465
-37.714348	-47.464657	28.01123
-37.713379	-49.357483	28.020996
-37.712284	-45.010155	28.030762
-37.711933	-39.868156	28.040527
-37.711414	-39.782104	28.050293
-37.710999	-44.463657	28.060059
-37.710175	-50.453743	28.069824
-37.708397	-48.691216	28.07959
-37.7076	-44.501259	28.089355
-37.706505	-40.840115	28.099121
-37.70533	-42.7467	28.108887
-37.704979	-43.345318	28.118652
-37.70422	-45.8979	28.128418
-37.703457	-50.142868	28.138184
-37.703304	-46.636868	28.147949
-37.702183	-44.940254	28.157715
-37.701977	-38.980919	28.16748
-37.700558	-41.105881	28.177246
-37.699677	-49.71616	28.187012
-37.698429	-45.893932	28.196777
-37.698002	-45.396175	28.206543
-37.696911	-43.434521	28.216309
-37.696392	-42.980217	28.226074
-37.694622	-44.986626	28.23584
-37.69482	-41.565857	28.245605
-37.693665	-46.559059	28.255371
-37.693283	-45.836533	28.265137
-37.69231	-44.426212	28.274902
-37.691673	-43.64674	28.284668
-37.690201	-38.528957	28.294434
-37.690117	-44.265614	28.304199
-37.687263	-44.643181	28.313965
-37.687496	-45.403454	28.32373
-37.686848	-45.127537	28.333496
-37.685745	-43.74509	28.343262
-37.685871	-42.372715	28.353027
-37.684433	-40.059872	28.362793
-37.682785	-41.471363	28.372559
-37.683445	-45.475021	28.382324
-37.683163	-48.29303	28.39209
-37.68108	-46.022163	28.401855
-37.681854	-41.974613	28.411621
-37.679905	-40.443817	28.421387
-37.67886	-42.066425	28.431152
-37.678764	-45.041702	28.440918
-37.677807	-46.047958	28.450684
-37.676746	-44.797062	28.460449
-37.676041	-45.732998	28.470215
-37.676208	-40.055668	28.47998
-37.674507	-40.151978	28.489746
-37.673676	-41.605076	28.499512
-37.673412	-48.222198	28.509277
-37.671127	-48.952438	28.519043
-37.670383	-42.710865	28.528809
-37.670593	-42.153236	28.538574
-37.669125	-39.837387	28.54834
-37.668625	-43.998772	28.558105
-37.668663	-47.012077	28.567871
-37.66785	-44.852886	28.577637
-37.666878	-50.123276	28.587402
-37.664795	-41.338203	28.597168
-37.664783	-40.668015	28.606934
-37.663857	-40.486179	28.616699
-37.662544	-44.517429	28.626465
-37.6633	-51.77058	28.63623
-37.660088	-47.706905	28.645996
-37.660107	-42.506702	28.655762
-37.659378	-42.6105	28.665527
-37.659397	-41.306889	28.675293
-37.65715	-43.690178	28.685059
-37.657322	-46.829723	28.694824
-37.656052	-50.642494	28.70459
-37.655632	-44.898121	28.714355
-37.655159	-40.523083	28.724121
-37.655163	-40.072704	28.733887
-37.653061	-41.967403	28.743652
-37.651474	-47.259357	28.753418
-37.650803	-46.936535	28.763184
-37.65073	-43.886768	28.772949
-37.650307	-41.39727	28.782715
-37.648525	-41.055912	28.79248
-37.649395	-44.718525	28.802246
-37.646671	-42.716679	28.812012
-37.647015	-46.642784	28.821777
-37.645695	-44.731121	28.831543
-37.646271	-46.166367	28.841309
-37.643772	-38.756474	28.851074
-37.642731	-39.689919	28.86084
-37.641983	-46.107014	28.870605
-37.642536	-45.855408	28.880371
-37.641167	-48.120258	28.890137
-37.640259	-42.98	28.899902
-37.640293	-42.318695	28.909668
-37.639591	-43.880341	28.919434
-37.637012	-39.179398	28.929199
-37.637379	-44.756763	28.938965
-37.635822	-46.021591	28.94873
-37.63538	-46.572655	28.958496
-37.63483	-44.538132	28.968262
-37.634552	-39.396145	28.978027
-37.633068	-42.922695	28.987793
-37.632141	-43.97324	28.997559
-37.630184	-45.137863	29.007324
-37.630325	-45.69709	29.01709
-37.630257	-45.200771	29.026855
-37.628937	-43.925068	29.036621
-37.627758	-41.984997	29.046387
-37.626179	-40.114868	29.056152
-37.626274	-45.891716	29.065918
-37.625011	-46.938118	29.075684
-37.625061	-48.658066	29.085449
-37.623951	-41.734993	29.095215
-37.622364	-39.969322	29.10498
-37.622192	-41.591358	29.114746
-37.621487	-44.106998	29.124512
-37.620689	-44.6199	29.134277
-37.621014	-47.240311	29.144043
-37.618851	-47.52182	29.153809
-37.618103	-41.266941	29.163574
-37.618187	-39.495529	29.17334
-37.615849	-40.030811	29.183105
-37.616039	-46.951668	29.192871
-37.615059	-48.681442	29.202637
-37.613777	-45.526848	29.212402
-37.612656	-41.485291	29.222168
-37.612789	-39.348545	29.231934
-37.611809	-42.6408	29.241699
-37.61132	-45.31015	29.251465
-37.609703	-44.738949	29.26123
-37.608814	-49.67062	29.270996
-37.608585	-42.268497	29.280762
-37.607864	-41.256229	29.290527
-37.606594	-38.35601	29.300293
-37.604645	-40.654922	29.310059
-37.60561	-49.699741	29.319824
-37.604717	-47.017235	29.32959
-37.603664	-42.478977	29.339355
-37.60326	-42.877251	29.349121
-37.601887	-40.717346	29.358887
-37.599976	-45.756187	29.368652
-37.601059	-42.828468	29.378418
-37.599346	-47.841831	29.388184
-37.598553	-45.204094	29.397949
-37.598129	-42.741295	29.407715
-37.59763	-40.789677	29.41748
-37.595482	-40.81216	29.427246
-37.595913	-46.333889	29.437012
-37.595058	-48.722546	29.446777
-37.593784	-46.31234	29.456543
-37.593445	-41.763611	29.466309
-37.591518	-41.8657	29.476074

