MTS793|BTW|ENU|1|2|.|/|:|1|0|0|A

Data Header:			0.254_solid_uprint_typeiv_090_r0			Time:	20.017334	s	4/14/2019 1:33:05 AM
Data Acquisition:	Timed
Station Name:	ft40.cfg
Test File Name:	monotonic_0.2540_typeiv_solid_090_uprint.tst
Displacement	Force	Running Time
mm	N	s
-40.041958	-242.7818	0.022460938
-40.040234	-242.48756	0.032226563
-40.040745	-234.4023	0.041992188
-40.042103	-235.77016	0.051757813
-40.0401	-238.98627	0.061523438
-40.04052	-238.88225	0.071289063
-40.041267	-241.41953	0.081054688
-40.039173	-240.45244	0.090820313
-40.038792	-238.76538	0.10058594
-40.038239	-236.61821	0.11035156
-40.037521	-231.13123	0.12011719
-40.036366	-233.97531	0.12988281
-40.035797	-238.55716	0.13964844
-40.035397	-239.04701	0.14941406
-40.03339	-235.61833	0.15917969
-40.031219	-229.80202	0.16894531
-40.032364	-232.24976	0.17871094
-40.031521	-232.09807	0.18847656
-40.030697	-232.25153	0.19824219
-40.029938	-233.94998	0.20800781
-40.029095	-233.98755	0.21777344
-40.028526	-233.20796	0.22753906
-40.027786	-228.5905	0.23730469
-40.027061	-225.35475	0.24707031
-40.024963	-231.38858	0.25683594
-40.025299	-229.70253	0.26660156
-40.025055	-231.34154	0.27636719
-40.023636	-228.37018	0.28613281
-40.022312	-227.18605	0.29589844
-40.021835	-228.52267	0.30566406
-40.021034	-225.69055	0.31542969
-40.019424	-224.91595	0.32519531
-40.020027	-228.62634	0.33496094
-40.01844	-227.26872	0.34472656
-40.017612	-225.83331	0.35449219
-40.016361	-220.49203	0.36425781
-40.015808	-219.99826	0.37402344
-40.015636	-223.59732	0.38378906
-40.014225	-222.83771	0.39355469
-40.013428	-224.66962	0.40332031
-40.01268	-222.3201	0.41308594
-40.012653	-222.84003	0.42285156
-40.01152	-220.20486	0.43261719
-40.00983	-215.31499	0.44238281
-40.009525	-219.14706	0.45214844
-40.008369	-223.13495	0.46191406
-40.008385	-223.27196	0.47167969
-40.007427	-218.94077	0.48144531
-40.006645	-215.46147	0.49121094
-40.00576	-213.28375	0.50097656
-40.004265	-219.51326	0.51074219
-40.004238	-218.19795	0.52050781
-40.002552	-218.38063	0.53027344
-40.001808	-218.16261	0.54003906
-40.001019	-212.17212	0.54980469
-39.999641	-212.17343	0.55957031
-39.999336	-210.47873	0.56933594
-39.999966	-215.35391	0.57910156
-39.999828	-218.0761	0.58886719
-39.997234	-214.9304	0.59863281
-39.996365	-209.63408	0.60839844
-39.995049	-206.90768	0.61816406
-39.995193	-209.98315	0.62792969
-39.993736	-211.68723	0.63769531
-39.993355	-212.19597	0.64746094
-39.992077	-215.26979	0.65722656
-39.99197	-210.41635	0.66699219
-39.990982	-206.20541	0.67675781
-39.989986	-204.57463	0.68652344
-39.989418	-207.87518	0.69628906
-39.987965	-212.17424	0.70605469
-39.98724	-211.35126	0.71582031
-39.987026	-206.31389	0.72558594
-39.987141	-204.70023	0.73535156
-39.984615	-202.97281	0.74511719
-39.985779	-204.62151	0.75488281
-39.984657	-204.66628	0.76464844
-39.983746	-207.46515	0.77441406
-39.981647	-204.82245	0.78417969
-39.981255	-201.70724	0.79394531
-39.979813	-197.87529	0.80371094
-39.978321	-200.67847	0.81347656
-39.97879	-202.90755	0.82324219
-39.978752	-205.3625	0.83300781
-39.976669	-201.80104	0.84277344
-39.975464	-199.09138	0.85253906
-39.975605	-199.1039	0.86230469
-39.97506	-196.29814	0.87207031
-39.974293	-197.0412	0.88183594
-39.972015	-199.13312	0.89160156
-39.97298	-199.59483	0.90136719
-39.971237	-199.40067	0.91113281
-39.971256	-195.20432	0.92089844
-39.969391	-192.04543	0.93066406
-39.968586	-196.24641	0.94042969
-39.968109	-194.32414	0.95019531
-39.965881	-197.89433	0.95996094
-39.966007	-194.55438	0.96972656
-39.96608	-194.76239	0.97949219
-39.964397	-194.12424	0.98925781
-39.963238	-189.92982	0.99902344
-39.962582	-191.78378	1.0087891
-39.961426	-191.71719	1.0185547
-39.96241	-195.17911	1.0283203
-39.960873	-193.18187	1.0380859
-39.959435	-185.60197	1.0478516
-39.957771	-189.09846	1.0576172
-39.957985	-187.30457	1.0673828
-39.957195	-189.83916	1.0771484
-39.955948	-190.90233	1.0869141
-39.95536	-190.86754	1.0966797
-39.955276	-189.2484	1.1064453
-39.952972	-185.44145	1.1162109
-39.953773	-181.28055	1.1259766
-39.953487	-184.73085	1.1357422
-39.95145	-189.29132	1.1455078
-39.951542	-190.20334	1.1552734
-39.951027	-186.21858	1.1650391
-39.948109	-181.95323	1.1748047
-39.948475	-180.08484	1.1845703
-39.948212	-181.61844	1.1943359
-39.947208	-182.88881	1.2041016
-39.944889	-186.22391	1.2138672
-39.945671	-185.16171	1.2236328
-39.944653	-181.09082	1.2333984
-39.943172	-176.19135	1.2431641
-39.943638	-177.55844	1.2529297
-39.941284	-181.32816	1.2626953
-39.940567	-183.88293	1.2724609
-39.940098	-180.21837	1.2822266
-39.938988	-177.93355	1.2919922
-39.938324	-175.73068	1.3017578
-39.937752	-175.95377	1.3115234
-39.937366	-175.21075	1.3212891
-39.936874	-177.13896	1.3310547
-39.935802	-180.11096	1.3408203
-39.934246	-176.6053	1.3505859
-39.934586	-172.88472	1.3603516
-39.933113	-168.71761	1.3701172
-39.931778	-173.11752	1.3798828
-39.931286	-178.0074	1.3896484
-39.930405	-177.45541	1.3994141
-39.929745	-172.06805	1.4091797
-39.929646	-170.12897	1.4189453
-39.928867	-169.14075	1.4287109
-39.927094	-169.08849	1.4384766
-39.926323	-169.32578	1.4482422
-39.925323	-173.97554	1.4580078
-39.925552	-171.13084	1.4677734
-39.923733	-169.18983	1.4775391
-39.924332	-166.14749	1.4873047
-39.922539	-164.57092	1.4970703
-39.921696	-168.04529	1.5068359
-39.920765	-170.75302	1.5166016
-39.919987	-167.92992	1.5263672
-39.919823	-167.16887	1.5361328
-39.918003	-165.97108	1.5458984
-39.917313	-162.99197	1.5556641
-39.916153	-163.20694	1.5654297
-39.916553	-162.55043	1.5751953
-39.917053	-165.00856	1.5849609
-39.914272	-166.92169	1.5947266
-39.913914	-161.12926	1.6044922
-39.912579	-160.71565	1.6142578
-39.91301	-162.03291	1.6240234
-39.911579	-160.80135	1.6337891
-39.910305	-161.91629	1.6435547
-39.908955	-161.50002	1.6533203
-39.908657	-162.49017	1.6630859
-39.907272	-158.86472	1.6728516
-39.907475	-155.46143	1.6826172
-39.906147	-154.60327	1.6923828
-39.905899	-158.3165	1.7021484
-39.904259	-161.95496	1.7119141
-39.904137	-159.14987	1.7216797
-39.902618	-156.55644	1.7314453
-39.902145	-156.34676	1.7412109
-39.900856	-152.26715	1.7509766
-39.900703	-153.21411	1.7607422
-39.89996	-154.82524	1.7705078
-39.899418	-157.12262	1.7802734
-39.898144	-156.80963	1.7900391
-39.898689	-150.67764	1.7998047
-39.897102	-147.32065	1.8095703
-39.895046	-149.28825	1.8193359
-39.895535	-154.52632	1.8291016
-39.893505	-156.29868	1.8388672
-39.892811	-151.28073	1.8486328
-39.893375	-148.3407	1.8583984
-39.891636	-146.9529	1.8681641
-39.890614	-146.07117	1.8779297
-39.890697	-146.86324	1.8876953
-39.889172	-150.43913	1.8974609
-39.888027	-151.49725	1.9072266
-39.88781	-148.48615	1.9169922
-39.887226	-140.94351	1.9267578
-39.886429	-141.44667	1.9365234
-39.885098	-145.81067	1.9462891
-39.884094	-148.36613	1.9560547
-39.883789	-148.44551	1.9658203
-39.883282	-144.31706	1.9755859
-39.881367	-141.78003	1.9853516
-39.881363	-141.4498	1.9951172
-39.88028	-138.88266	2.0048828
-39.879868	-142.70088	2.0146484
-39.878479	-147.24335	2.0244141
-39.878448	-142.73468	2.0341797
-39.877907	-139.98141	2.0439453
-39.876186	-134.67577	2.0537109
-39.875259	-137.25343	2.0634766
-39.87553	-139.74643	2.0732422
-39.8741	-140.61928	2.0830078
-39.872345	-137.30383	2.0927734
-39.872448	-135.48688	2.1025391
-39.870392	-135.40424	2.1123047
-39.871162	-134.13632	2.1220703
-39.871288	-133.09557	2.1318359
-39.868599	-140.2773	2.1416016
-39.868797	-136.24014	2.1513672
-39.867889	-136.38814	2.1611328
-39.86647	-131.85793	2.1708984
-39.86573	-129.85918	2.1806641
-39.864838	-133.40468	2.1904297
-39.864803	-133.75429	2.2001953
-39.863743	-132.23921	2.2099609
-39.863148	-134.59372	2.2197266
-39.862064	-132.14018	2.2294922
-39.860619	-128.90875	2.2392578
-39.8605	-127.37259	2.2490234
-39.858593	-128.09111	2.2587891
-39.85862	-131.1779	2.2685547
-39.858234	-132.61249	2.2783203
-39.856529	-129.17438	2.2880859
-39.856373	-125.27663	2.2978516
-39.856239	-125.93548	2.3076172
-39.854362	-124.88134	2.3173828
-39.853809	-124.88184	2.3271484
-39.852299	-126.03871	2.3369141
-39.851463	-126.94469	2.3466797
-39.852016	-123.18177	2.3564453
-39.851261	-121.05251	2.3662109
-39.849033	-118.19257	2.3759766
-39.848839	-120.51431	2.3857422
-39.848095	-125.97511	2.3955078
-39.847443	-124.54866	2.4052734
-39.846558	-120.62421	2.4150391
-39.845909	-120.4863	2.4248047
-39.844604	-116.12543	2.4345703
-39.844299	-117.99803	2.4443359
-39.842224	-117.61818	2.4541016
-39.84169	-121.71445	2.4638672
-39.840275	-123.93671	2.4736328
-39.841393	-117.7202	2.4833984
-39.839016	-113.40689	2.4931641
-39.837914	-113.66676	2.5029297
-39.838287	-117.96271	2.5126953
-39.837795	-120.9743	2.5224609
-39.837505	-117.75233	2.5322266
-39.835159	-117.26591	2.5419922
-39.834091	-111.43539	2.5517578
-39.83379	-111.84484	2.5615234
-39.834095	-110.60152	2.5712891
-39.833199	-115.37977	2.5810547
-39.831661	-118.85055	2.5908203
-39.830322	-116.20379	2.6005859
-39.829994	-106.79912	2.6103516
-39.828571	-107.52094	2.6201172
-39.828579	-109.40314	2.6298828
-39.827942	-112.37859	2.6396484
-39.826298	-112.85857	2.6494141
-39.825871	-109.75143	2.6591797
-39.824703	-108.49645	2.6689453
-39.824242	-104.97366	2.6787109
-39.82312	-101.39335	2.6884766
-39.82201	-107.05648	2.6982422
-39.821751	-111.19437	2.7080078
-39.821842	-108.84946	2.7177734
-39.819229	-105.11469	2.7275391
-39.81884	-100.11188	2.7373047
-39.819096	-101.72423	2.7470703
-39.817898	-103.3259	2.7568359
-39.817829	-105.33504	2.7666016
-39.815586	-106.79435	2.7763672
-39.815716	-102.51562	2.7861328
-39.813934	-103.6025	2.7958984
-39.813843	-97.510414	2.8056641
-39.812218	-97.17382	2.8154297
-39.811829	-103.604	2.8251953
-39.810993	-101.50775	2.8349609
-39.811222	-101.59251	2.8447266
-39.809395	-97.117058	2.8544922
-39.808647	-95.562752	2.8642578
-39.808414	-98.335846	2.8740234
-39.807098	-97.294472	2.8837891
-39.806488	-97.450462	2.8935547
-39.805107	-99.069176	2.9033203
-39.804222	-96.612106	2.9130859
-39.804363	-95.723671	2.9228516
-39.801723	-90.903671	2.9326172
-39.802128	-92.963432	2.9423828
-39.801083	-96.262848	2.9521484
-39.800144	-96.568855	2.9619141
-39.799786	-95.519463	2.9716797
-39.79932	-92.938248	2.9814453
-39.798454	-90.577866	2.9912109
-39.796581	-92.057747	3.0009766
-39.795872	-90.030159	3.0107422
-39.79612	-90.741417	3.0205078
-39.794571	-93.742722	3.0302734
-39.792931	-92.905289	3.0400391
-39.79356	-87.686218	3.0498047
-39.792793	-84.999809	3.0595703
-39.791622	-86.210663	3.0693359
-39.790577	-89.987381	3.0791016
-39.78952	-89.552826	3.0888672
-39.789936	-89.049835	3.0986328
-39.78931	-87.748367	3.1083984
-39.786968	-81.309135	3.1181641
-39.786369	-82.229874	3.1279297
-39.785732	-82.025642	3.1376953
-39.785316	-87.082687	3.1474609
-39.785114	-88.663513	3.1572266
-39.784	-84.332161	3.1669922
-39.782433	-79.322655	3.1767578
-39.781815	-76.17424	3.1865234
-39.781082	-81.214661	3.1962891
-39.780518	-84.413422	3.2060547
-39.78075	-82.828056	3.2158203
-39.778828	-84.711868	3.2255859
-39.778965	-77.827209	3.2353516
-39.777359	-75.187508	3.2451172
-39.775597	-75.781013	3.2548828
-39.774578	-78.369553	3.2646484
-39.775215	-84.305687	3.2744141
-39.774208	-80.380951	3.2841797
-39.772869	-75.310951	3.2939453
-39.771992	-72.413094	3.3037109
-39.77182	-73.834801	3.3134766
-39.771156	-75.264702	3.3232422
-39.770626	-76.481255	3.3330078
-39.76878	-75.632904	3.3427734
-39.768864	-74.758583	3.3525391
-39.766785	-70.088058	3.3623047
-39.766609	-68.189262	3.3720703
-39.765648	-67.784042	3.3818359
-39.764568	-74.835144	3.3916016
-39.763737	-73.534782	3.4013672
-39.762897	-68.914963	3.4111328
-39.761894	-67.239746	3.4208984
-39.761127	-66.67308	3.4306641
-39.759758	-66.807915	3.4404297
-39.761391	-69.030121	3.4501953
-39.760143	-68.696251	3.4599609
-39.757343	-68.652931	3.4697266
-39.756721	-66.841339	3.4794922
-39.755924	-61.927155	3.4892578
-39.755249	-62.161434	3.4990234
-39.755428	-64.302116	3.5087891
-39.754219	-65.302727	3.5185547
-39.752659	-67.544975	3.5283203
-39.752495	-62.074623	3.5380859
-39.752182	-61.519512	3.5478516
-39.750275	-62.420609	3.5576172
-39.749588	-60.326019	3.5673828
-39.750141	-60.665653	3.5771484
-39.748882	-61.71629	3.5869141
-39.746605	-63.762665	3.5966797
-39.745705	-60.788971	3.6064453
-39.746147	-55.546803	3.6162109
-39.745041	-55.669975	3.6259766
-39.743999	-56.534679	3.6357422
-39.743126	-60.567585	3.6455078
-39.742287	-58.793552	3.6552734
-39.741924	-55.715523	3.6650391
-39.740753	-57.517925	3.6748047
-39.740219	-53.243549	3.6845703
-39.739796	-51.47451	3.6943359
-39.73827	-54.614895	3.7041016
-39.738739	-57.185719	3.7138672
-39.736561	-57.736557	3.7236328
-39.737148	-53.072132	3.7333984
-39.735901	-49.45459	3.7431641
-39.735847	-50.048851	3.7529297
-39.734348	-51.915794	3.7626953
-39.732876	-54.440716	3.7724609
-39.732567	-53.567654	3.7822266
-39.731792	-52.176651	3.7919922
-39.730862	-48.284767	3.8017578
-39.731094	-43.892784	3.8115234
-39.728962	-44.232624	3.8212891
-39.727551	-51.578514	3.8310547
-39.726826	-52.937103	3.8408203
-39.727623	-49.717567	3.8505859
-39.725033	-42.672848	3.8603516
-39.725529	-43.836746	3.8701172
-39.723663	-45.836006	3.8798828
-39.722782	-47.317894	3.8896484
-39.723137	-47.579845	3.8994141
-39.721817	-48.424156	3.9091797
-39.720703	-41.864777	3.9189453
-39.720039	-40.981838	3.9287109
-39.719147	-38.785641	3.9384766
-39.71896	-42.066746	3.9482422
-39.717808	-46.547985	3.9580078
-39.71722	-44.462185	3.9677734
-39.716106	-40.998325	3.9775391
-39.715588	-38.569733	3.9873047
-39.714539	-37.34454	3.9970703
-39.714016	-41.919937	4.0068359
-39.712738	-39.442532	4.0166016
-39.710957	-41.813675	4.0263672
-39.711159	-39.653229	4.0361328
-39.708813	-37.897907	4.0458984
-39.709785	-35.84964	4.0556641
-39.709068	-33.344322	4.0654297
-39.708447	-40.219006	4.0751953
-39.706905	-38.607555	4.0849609
-39.706623	-36.957848	4.0947266
-39.706066	-35.36124	4.1044922
-39.704884	-31.888754	4.1142578
-39.704407	-32.954136	4.1240234
-39.703247	-32.581425	4.1337891
-39.702759	-32.496441	4.1435547
-39.701294	-35.272827	4.1533203
-39.702126	-32.932045	4.1630859
-39.699509	-30.088737	4.1728516
-39.699196	-27.77319	4.1826172
-39.698307	-29.360352	4.1923828
-39.696857	-32.021126	4.2021484
-39.695839	-32.214432	4.2119141
-39.694809	-28.345343	4.2216797
-39.694782	-29.901247	4.2314453
-39.692787	-26.634674	4.2412109
-39.692356	-25.753527	4.2509766
-39.692474	-25.148626	4.2607422
-39.691044	-27.665447	4.2705078
-39.690479	-31.225245	4.2802734
-39.690529	-27.223585	4.2900391
-39.689983	-21.937214	4.2998047
-39.688316	-22.534998	4.3095703
-39.688152	-21.837612	4.3193359
-39.687244	-25.659021	4.3291016
-39.685287	-24.647751	4.3388672
-39.684608	-23.970165	4.3486328
-39.68478	-23.487362	4.3583984
-39.682911	-18.808397	4.3681641
-39.682831	-18.489759	4.3779297
-39.680599	-19.797836	4.3876953
-39.681683	-23.978533	4.3974609
-39.679352	-24.36129	4.4072266
-39.679424	-18.48193	4.4169922
-39.678204	-17.416294	4.4267578
-39.676929	-15.284115	4.4365234
-39.676769	-15.856432	4.4462891
-39.675144	-18.693644	4.4560547
-39.675503	-19.221851	4.4658203
-39.675179	-21.26544	4.4755859
-39.673622	-13.750083	4.4853516
-39.672703	-9.2517214	4.4951172
-39.671967	-11.079048	4.5048828
-39.671589	-15.320467	4.5146484
-39.671326	-19.015926	4.5244141
-39.668301	-16.774368	4.5341797
-39.669346	-9.2137842	4.5439453
-39.669312	-9.9671602	4.5537109
-39.667492	-9.7489729	4.5634766
-39.665855	-10.181805	4.5732422
-39.666157	-12.519361	4.5830078
-39.664711	-13.99063	4.5927734
-39.663788	-10.71572	4.6025391
-39.662968	-6.8974395	4.6123047
-39.662918	-2.6942155	4.6220703
-39.66153	-7.4122868	4.6318359
-39.660603	-11.93014	4.6416016
-39.661213	-11.962422	4.6513672
-39.658398	-8.2446651	4.6611328
-39.657742	-3.3594031	4.6708984
-39.658009	-4.0489712	4.6806641
-39.656536	-1.7896093	4.6904297
-39.656239	-5.5141716	4.7001953
-39.654789	-8.4575605	4.7099609
-39.654823	-6.1192379	4.7197266
-39.653126	-4.3896379	4.7294922
-39.652336	1.5124876	4.7392578
-39.652157	2.1158555	4.7490234
-39.651405	-4.3634558	4.7587891
-39.649956	-3.5915515	4.7685547
-39.649319	-1.6966776	4.7783203
-39.649296	-1.1137334	4.7880859
-39.6479	2.0878713	4.7978516
-39.646885	0.3527202	4.8076172
-39.645107	3.2494924	4.8173828
-39.645824	1.7030946	4.8271484
-39.644382	-0.44509694	4.8369141
-39.643616	0.85160834	4.8466797
-39.642433	3.5332074	4.8564453
-39.641159	7.6271663	4.8662109
-39.641426	4.2207966	4.8759766
-39.640404	5.4108582	4.8857422
-39.639706	5.0608077	4.8955078
-39.639088	4.2070742	4.9052734
-39.637112	5.1321454	4.9150391
-39.636642	7.5220551	4.9248047
-39.636059	10.098906	4.9345703
-39.634502	11.977136	4.9443359
-39.634674	7.7924819	4.9541016
-39.634323	5.588788	4.9638672
-39.632889	7.0445328	4.9736328
-39.632843	10.571486	4.9833984
-39.630451	10.425932	4.9931641
-39.63084	11.809811	5.0029297
-39.630234	8.7277441	5.0126953
-39.629375	10.84761	5.0224609
-39.628586	8.329587	5.0322266
-39.627563	9.5803595	5.0419922
-39.626293	15.673284	5.0517578
-39.625549	15.557396	5.0615234
-39.625446	16.982401	5.0712891
-39.62429	10.698834	5.0810547
-39.623413	10.769541	5.0908203
-39.623718	14.869133	5.1005859
-39.622215	16.878311	5.1103516
-39.622013	20.720888	5.1201172
-39.620281	19.596546	5.1298828
-39.619007	16.858835	5.1396484
-39.618706	16.325987	5.1494141
-39.61718	13.131756	5.1591797
-39.616283	17.957584	5.1689453
-39.61615	23.855438	5.1787109
-39.615707	23.507315	5.1884766
-39.614567	21.51478	5.1982422
-39.614624	15.818052	5.2080078
-39.612534	17.800409	5.2177734
-39.611919	23.241749	5.2275391
-39.612049	24.98966	5.2373047
-39.609562	26.958731	5.2470703
-39.608635	24.370327	5.2568359
-39.608486	23.219021	5.2666016
-39.608116	19.654696	5.2763672
-39.606171	23.029232	5.2861328
-39.606216	28.111471	5.2958984
-39.604752	30.98971	5.3056641
-39.604393	27.066111	5.3154297
-39.602856	24.847818	5.3251953
-39.6031	23.002895	5.3349609
-39.602158	27.526775	5.3447266
-39.601734	29.319077	5.3544922
-39.599903	29.217358	5.3642578
-39.599644	34.292435	5.3740234
-39.598137	30.91745	5.3837891
-39.598148	26.739773	5.3935547
-39.597145	29.385273	5.4033203
-39.596642	29.371845	5.4130859
-39.595261	35.450813	5.4228516
-39.595043	36.174549	5.4326172
-39.593521	31.624117	5.4423828
-39.594475	34.265167	5.4521484
-39.592419	33.540096	5.4619141
-39.590908	34.591366	5.4716797
-39.590195	34.58984	5.4814453
-39.591068	36.732288	5.4912109
-39.588871	41.257301	5.5009766
-39.588013	35.819744	5.5107422
-39.587357	36.026875	5.5205078
-39.586605	33.935043	5.5302734
-39.585728	36.86541	5.5400391
-39.586132	42.021072	5.5498047
-39.584183	39.991756	5.5595703
-39.58313	40.704468	5.5693359
-39.582436	42.32428	5.5791016
-39.581978	37.671486	5.5888672
-39.58036	41.463806	5.5986328
-39.580448	39.533993	5.6083984
-39.579727	45.288261	5.6181641
-39.578434	46.496643	5.6279297
-39.577316	44.06834	5.6376953
-39.577545	40.591347	5.6474609
-39.575951	42.107689	5.6572266
-39.574089	45.588631	5.6669922
-39.574425	47.336864	5.6767578
-39.57336	48.44701	5.6865234
-39.572807	48.021786	5.6962891
-39.571735	48.138779	5.7060547
-39.572098	42.735023	5.7158203
-39.570789	43.963303	5.7255859
-39.569149	48.542622	5.7353516
-39.568802	53.331783	5.7451172
-39.567734	52.465683	5.7548828
-39.56728	47.85574	5.7646484
-39.567219	46.939495	5.7744141
-39.565872	47.303806	5.7841797
-39.564014	52.926414	5.7939453
-39.5634	55.532497	5.8037109
-39.562634	56.296745	5.8134766
-39.562271	54.283291	5.8232422
-39.561932	51.831165	5.8330078
-39.561493	47.221653	5.8427734
-39.559654	54.27607	5.8525391
-39.559105	59.189873	5.8623047
-39.559158	60.189686	5.8720703
-39.556805	57.939781	5.8818359
-39.556007	51.808094	5.8916016
-39.555481	56.626156	5.9013672
-39.555061	57.224495	5.9111328
-39.553482	59.748875	5.9208984
-39.553867	60.613792	5.9306641
-39.553631	62.381371	5.9404297
-39.551994	60.306065	5.9501953
-39.551907	55.016514	5.9599609
-39.550381	56.470276	5.9697266
-39.548817	63.393021	5.9794922
-39.548	65.284492	5.9892578
-39.547272	64.087105	5.9990234
-39.546993	62.266766	6.0087891
-39.54533	59.163998	6.0185547
-39.545135	62.156399	6.0283203
-39.544655	63.160137	6.0380859
-39.54377	66.466431	6.0478516
-39.542797	68.30854	6.0576172
-39.543461	67.413139	6.0673828
-39.540997	63.140892	6.0771484
-39.539879	62.981724	6.0869141
-39.539055	64.11158	6.0966797
-39.538574	69.802605	6.1064453
-39.53804	68.20472	6.1162109
-39.538162	69.13945	6.1259766
-39.536015	67.572739	6.1357422
-39.535934	68.396637	6.1455078
-39.53479	68.362053	6.1552734
-39.534332	67.869011	6.1650391
-39.532955	71.190796	6.1748047
-39.53162	74.551491	6.1845703
-39.531021	71.687035	6.1943359
-39.530163	72.351219	6.2041016
-39.529884	69.453857	6.2138672
-39.529053	72.018105	6.2236328
-39.528191	76.350449	6.2333984
-39.526611	73.617294	6.2431641
-39.526386	74.828369	6.2529297
-39.525585	76.337723	6.2626953
-39.524788	74.111786	6.2724609
-39.524464	73.072159	6.2822266
-39.522663	74.204697	6.2919922
-39.523026	81.042984	6.3017578
-39.522015	80.849922	6.3115234
-39.521168	79.458443	6.3212891
-39.520332	76.535408	6.3310547
-39.520382	75.332298	6.3408203
-39.518692	77.828133	6.3505859
-39.517906	78.648643	6.3603516
-39.516556	84.854897	6.3701172
-39.516022	84.966484	6.3798828
-39.51543	83.461227	6.3896484
-39.514629	77.296738	6.3994141
-39.513725	78.775848	6.4091797
-39.512371	83.54686	6.4189453
-39.512348	88.019493	6.4287109
-39.511707	87.669151	6.4384766
-39.510418	83.969078	6.4482422
-39.510258	81.021912	6.4580078
-39.508751	81.255928	6.4677734
-39.508579	84.623764	6.4775391
-39.507763	92.325195	6.4873047
-39.506866	90.477768	6.4970703
-39.505695	92.578667	6.5068359
-39.504276	86.977348	6.5166016
-39.50423	81.734192	6.5263672
-39.502075	85.521027	6.5361328
-39.502254	91.327576	6.5458984
-39.501312	94.569191	6.5556641
-39.500778	92.159744	6.5654297
-39.500244	89.439423	6.5751953
-39.498753	90.241905	6.5849609
-39.498295	89.429764	6.5947266
-39.496998	92.993507	6.6044922
-39.497074	94.791618	6.6142578
-39.496189	97.370285	6.6240234
-39.495396	96.36747	6.6337891
-39.49369	90.773605	6.6435547
-39.493397	92.254646	6.6533203
-39.49189	95.139198	6.6630859
-39.490753	97.739052	6.6728516
-39.490833	99.60804	6.6826172
-39.490143	96.556053	6.6923828
-39.489269	97.329124	6.7021484
-39.48801	96.046951	6.7119141
-39.488697	96.584587	6.7216797
-39.488007	98.883995	6.7314453
-39.486134	101.12749	6.7412109
-39.484673	103.88041	6.7509766
-39.483814	100.25535	6.7607422
-39.484104	98.71067	6.7705078
-39.483379	99.30954	6.7802734
-39.481178	101.37402	6.7900391
-39.481308	104.44054	6.7998047
-39.480392	104.13427	6.8095703
-39.479229	103.63072	6.8193359
-39.478359	105.53314	6.8291016
-39.477455	103.91226	6.8388672
-39.47662	101.03104	6.8486328
-39.476326	106.18442	6.8583984
-39.476322	109.30151	6.8681641
-39.474201	109.81291	6.8779297
-39.473011	108.40973	6.8876953
-39.473515	104.53066	6.8974609
-39.47179	106.83047	6.9072266
-39.47102	107.7298	6.9169922
-39.471539	108.53144	6.9267578
-39.46904	112.90254	6.9365234
-39.468796	112.7094	6.9462891
-39.467316	108.8602	6.9560547
-39.467133	106.36524	6.9658203
-39.465179	106.36324	6.9755859
-39.466198	112.80171	6.9853516
-39.465611	115.4138	6.9951172
-39.463551	115.47051	7.0048828
-39.463547	112.37166	7.0146484
-39.462543	111.0322	7.0244141
-39.462196	113.17597	7.0341797
-39.461102	113.5335	7.0439453
-39.458893	117.92596	7.0537109
-39.458397	120.56157	7.0634766
-39.457172	117.86127	7.0732422
-39.457691	114.26729	7.0830078
-39.455158	110.81392	7.0927734
-39.455486	116.40343	7.1025391
-39.454777	122.74551	7.1123047
-39.453876	121.59772	7.1220703
-39.453197	119.99677	7.1318359
-39.452477	119.83034	7.1416016
-39.450867	115.73167	7.1513672
-39.450283	119.22507	7.1611328
-39.450584	122.44597	7.1708984
-39.449074	126.08625	7.1806641
-39.448627	126.42175	7.1904297
-39.447147	121.82185	7.2001953
-39.446545	118.93577	7.2099609
-39.446053	119.31561	7.2197266
-39.444447	125.05375	7.2294922
-39.44426	129.43188	7.2392578
-39.442104	125.69377	7.2490234
-39.442814	124.95347	7.2587891
-39.440926	124.84666	7.2685547
-39.441456	122.67632	7.2783203
-39.441776	127.98901	7.2880859
-39.439709	129.15044	7.2978516
-39.439106	133.09174	7.3076172
-39.437912	131.48271	7.3173828
-39.438198	125.37968	7.3271484
-39.435963	126.575	7.3369141
-39.435345	129.5128	7.3466797
-39.434124	132.51616	7.3564453
-39.433674	133.15871	7.3662109
-39.433208	132.16563	7.3759766
-39.432343	132.35254	7.3857422
-39.430859	131.8766	7.3955078
-39.431274	130.15306	7.4052734
-39.430515	131.49615	7.4150391
-39.428867	136.25641	7.4248047
-39.427563	138.55142	7.4345703
-39.427013	134.9445	7.4443359
-39.425758	134.60181	7.4541016
-39.426182	134.51096	7.4638672
-39.424862	134.38661	7.4736328
-39.424473	138.62212	7.4833984
-39.423412	139.77055	7.4931641
-39.422165	139.97357	7.5029297
-39.421249	140.63788	7.5126953
-39.421112	137.92287	7.5224609
-39.419521	135.20213	7.5322266
-39.419586	139.8262	7.5419922
-39.418316	142.35735	7.5517578
-39.417408	143.742	7.5615234
-39.416039	143.26042	7.5712891
-39.416042	140.87778	7.5810547
-39.414696	141.37978	7.5908203
-39.413826	141.27368	7.6005859
-39.413239	143.82796	7.6103516
-39.412743	146.35352	7.6201172
-39.412117	147.05891	7.6298828
-39.411217	147.52315	7.6396484
-39.410297	141.75563	7.6494141
-39.408958	141.95445	7.6591797
-39.408096	146.0265	7.6689453
-39.408134	149.54147	7.6787109
-39.406555	151.20976	7.6884766
-39.405182	148.64207	7.6982422
-39.404919	147.13931	7.7080078
-39.403744	145.44	7.7177734
-39.403503	145.20052	7.7275391
-39.403538	150.38474	7.7373047
-39.402981	154.18225	7.7470703
-39.400906	152.22852	7.7568359
-39.401005	150.55663	7.7666016
-39.400162	145.98375	7.7763672
-39.398418	149.22835	7.7861328
-39.398315	155.16248	7.7958984
-39.397026	156.77765	7.8056641
-39.396912	156.72955	7.8154297
-39.395302	152.69528	7.8251953
-39.395515	153.46953	7.8349609
-39.394012	149.98785	7.8447266
-39.392879	156.66354	7.8544922
-39.392521	158.17581	7.8642578
-39.391418	160.30487	7.8740234
-39.390209	158.74806	7.8837891
-39.389286	153.13643	7.8935547
-39.388817	153.00394	7.9033203
-39.388878	157.6666	7.9130859
-39.388355	160.29231	7.9228516
-39.38615	161.23354	7.9326172
-39.385273	160.89111	7.9423828
-39.384869	157.67888	7.9521484
-39.385204	158.07813	7.9619141
-39.384689	158.54819	7.9716797
-39.38242	159.39738	7.9814453
-39.382183	167.1069	7.9912109
-39.380768	164.7775	8.0009766
-39.380527	160.42406	8.0107422
-39.379261	161.22864	8.0205078
-39.378147	160.76834	8.0302734
-39.376534	165.16711	8.0400391
-39.376648	166.09189	8.0498047
-39.376564	166.91534	8.0595703
-39.374409	168.0354	8.0693359
-39.374584	165.58983	8.0791016
-39.373367	164.28366	8.0888672
-39.372894	165.13733	8.0986328
-39.372856	169.36757	8.1083984
-39.370972	172.01898	8.1181641
-39.370377	168.36137	8.1279297
-39.369598	170.3446	8.1376953
-39.368923	169.25722	8.1474609
-39.366909	170.19319	8.1572266
-39.367676	169.22092	8.1669922
-39.365147	170.14973	8.1767578
-39.364395	173.72235	8.1865234
-39.364952	174.213	8.1962891
-39.365158	170.28554	8.2060547
-39.362793	170.29976	8.2158203
-39.361145	169.47687	8.2255859
-39.360172	177.02672	8.2353516
-39.36105	177.74477	8.2451172
-39.359123	175.53641	8.2548828
-39.358887	173.94415	8.2646484
-39.358276	172.40112	8.2744141
-39.35656	173.33727	8.2841797
-39.356277	175.37857	8.2939453
-39.356468	176.56453	8.3037109
-39.354088	181.52454	8.3134766
-39.354893	179.40808	8.3232422
-39.353142	173.49973	8.3330078
-39.352856	174.83673	8.3427734
-39.351608	178.38448	8.3525391
-39.350544	182.22523	8.3623047
-39.350391	184.43608	8.3720703
-39.348824	180.84909	8.3818359
-39.348022	180.81137	8.3916016
-39.346516	177.95593	8.4013672
-39.34724	178.52065	8.4111328
-39.345573	182.66389	8.4208984
-39.345596	186.5417	8.4306641
-39.343491	187.22859	8.4404297
-39.344334	182.79233	8.4501953
-39.341438	179.91544	8.4599609
-39.342735	182.62677	8.4697266
-39.341816	186.04086	8.4794922
-39.339993	189.30008	8.4892578
-39.339832	188.47902	8.4990234
-39.338066	186.73769	8.5087891
-39.338486	185.20374	8.5185547
-39.337086	182.65222	8.5283203
-39.336105	187.77406	8.5380859
-39.335396	191.61583	8.5478516
-39.334557	193.6837	8.5576172
-39.333981	192.81667	8.5673828
-39.332493	186.84967	8.5771484
-39.331425	186.52556	8.5869141
-39.331161	191.25958	8.5966797
-39.330582	192.80063	8.6064453
-39.330032	193.31795	8.6162109
-39.328598	194.55779	8.6259766
-39.32798	192.82265	8.6357422
-39.328041	189.3799	8.6455078
-39.326927	190.48418	8.6552734
-39.325825	193.43459	8.6650391
-39.324688	199.8334	8.6748047
-39.325069	197.77107	8.6845703
-39.323589	195.95895	8.6943359
-39.322773	193.41629	8.7041016
-39.320675	195.92917	8.7138672
-39.320747	197.62003	8.7236328
-39.319637	197.17001	8.7333984
-39.318382	200.05672	8.7431641
-39.318691	201.65376	8.7529297
-39.31691	199.66344	8.7626953
-39.316399	198.05678	8.7724609
-39.315887	195.99678	8.7822266
-39.314568	199.84216	8.7919922
-39.313187	204.34569	8.8017578
-39.312576	199.72462	8.8115234
-39.312763	203.22096	8.8212891
-39.312263	201.74854	8.8310547
-39.311058	202.34338	8.8408203
-39.309898	202.83263	8.8505859
-39.310482	203.17952	8.8603516
-39.307552	208.35497	8.8701172
-39.307892	207.79326	8.8798828
-39.306778	204.52315	8.8896484
-39.307301	200.63777	8.8994141
-39.305321	202.14156	8.9091797
-39.304092	208.39854	8.9189453
-39.302338	208.76917	8.9287109
-39.303101	210.32133	8.9384766
-39.302372	208.90186	8.9482422
-39.301262	206.60435	8.9580078
-39.300579	206.68712	8.9677734
-39.299862	205.99071	8.9775391
-39.298767	210.57573	8.9873047
-39.299419	216.31316	8.9970703
-39.297646	213.84802	9.0068359
-39.296055	208.21414	9.0166016
-39.295383	207.06091	9.0263672
-39.295647	210.37463	9.0361328
-39.293373	214.21017	9.0458984
-39.292736	216.13602	9.0556641
-39.291889	214.59818	9.0654297
-39.29187	216.54076	9.0751953
-39.291233	210.8541	9.0849609
-39.289196	210.27931	9.0947266
-39.289169	214.44176	9.1044922
-39.288414	219.3273	9.1142578
-39.287994	222.38351	9.1240234
-39.286385	216.39836	9.1337891
-39.285625	214.01497	9.1435547
-39.284016	214.81721	9.1533203
-39.284752	216.75035	9.1630859
-39.283188	222.17119	9.1728516
-39.282307	221.52194	9.1826172
-39.282536	222.2182	9.1923828
-39.280628	220.03642	9.2021484
-39.280769	215.9093	9.2119141
-39.279049	218.55795	9.2216797
-39.279236	223.88559	9.2314453
-39.278362	226.74976	9.2412109
-39.277676	225.08374	9.2509766
-39.277103	220.60719	9.2607422
-39.274986	221.04729	9.2705078
-39.27446	222.07114	9.2802734
-39.273071	224.33939	9.2900391
-39.27272	227.45277	9.2998047
-39.27206	226.75659	9.3095703
-39.271248	229.36359	9.3193359
-39.270393	225.39819	9.3291016
-39.269505	224.48131	9.3388672
-39.268387	225.68811	9.3486328
-39.267761	230.04681	9.3583984
-39.26646	232.68336	9.3681641
-39.266415	228.47177	9.3779297
-39.265503	228.00929	9.3876953
-39.264629	229.33833	9.3974609
-39.263672	228.68526	9.4072266
-39.26218	229.77603	9.4169922
-39.262383	232.81897	9.4267578
-39.261173	236.43307	9.4365234
-39.261192	233.92198	9.4462891
-39.259773	232.40652	9.4560547
-39.259026	228.79048	9.4658203
-39.258476	232.13895	9.4755859
-39.256916	234.91603	9.4853516
-39.256817	237.7513	9.4951172
-39.255539	236.75247	9.5048828
-39.254757	235.52664	9.5146484
-39.254204	234.91992	9.5244141
-39.253052	233.13675	9.5341797
-39.252167	234.88467	9.5439453
-39.251369	241.25394	9.5537109
-39.250721	241.76033	9.5634766
-39.250137	238.75911	9.5732422
-39.250328	234.63403	9.5830078
-39.248104	236.04816	9.5927734
-39.246357	239.42757	9.6025391
-39.248295	239.57658	9.6123047
-39.245979	245.53348	9.6220703
-39.245441	243.87518	9.6318359
-39.243992	239.89983	9.6416016
-39.242722	238.59081	9.6513672
-39.242004	236.13745	9.6611328
-39.241291	244.29483	9.6708984
-39.240715	249.77539	9.6806641
-39.23999	246.53435	9.6904297
-39.238667	243.72322	9.7001953
-39.237843	241.07188	9.7099609
-39.238785	241.69162	9.7197266
-39.236622	244.70865	9.7294922
-39.236176	250.31265	9.7392578
-39.235302	251.21555	9.7490234
-39.233875	249.18469	9.7587891
-39.233013	244.63086	9.7685547
-39.232487	243.11063	9.7783203
-39.232315	245.4194	9.7880859
-39.231838	252.91833	9.7978516
-39.231308	253.97137	9.8076172
-39.229706	251.48883	9.8173828
-39.227982	249.0361	9.8271484
-39.22781	247.16074	9.8369141
-39.227844	248.13904	9.8466797
-39.225647	252.91422	9.8564453
-39.224243	253.39336	9.8662109
-39.22377	256.08633	9.8759766
-39.223316	252.6055	9.8857422
-39.223335	248.53975	9.8955078
-39.222992	249.83977	9.9052734
-39.222187	254.53189	9.9150391
-39.221291	259.20947	9.9248047
-39.219967	257.37442	9.9345703
-39.219555	254.01941	9.9443359
-39.218792	254.93646	9.9541016
-39.21693	254.65312	9.9638672
-39.215572	256.13086	9.9736328
-39.21553	258.41235	9.9833984
-39.21545	260.94647	9.9931641
-39.214329	262.89914	10.00293
-39.214603	256.83694	10.012695
-39.212387	256.43973	10.022461
-39.212059	256.40314	10.032227
-39.211269	261.60352	10.041992
-39.210098	263.69476	10.051758
-39.209118	262.35339	10.061523
-39.208046	262.25543	10.071289
-39.207947	261.58435	10.081055
-39.206337	260.18301	10.09082
-39.206245	260.72656	10.100586
-39.204754	263.64389	10.110352
-39.204353	267.15427	10.120117
-39.204288	266.61414	10.129883
-39.203331	264.04758	10.139648
-39.202457	262.06033	10.149414
-39.201233	264.22827	10.15918
-39.200447	265.61496	10.168945
-39.199211	268.45584	10.178711
-39.198814	268.6304	10.188477
-39.197407	269.33029	10.198242
-39.197479	267.91547	10.208008
-39.19677	262.52057	10.217773
-39.194286	265.67001	10.227539
-39.194447	272.11966	10.237305
-39.194256	274.15277	10.24707
-39.193844	273.40509	10.256836
-39.192387	267.48422	10.266602
-39.191357	268.43268	10.276367
-39.189716	270.25195	10.286133
-39.189617	270.72751	10.295898
-39.18988	276.30521	10.305664
-39.188251	276.54492	10.31543
-39.187778	275.31534	10.325195
-39.186642	271.66949	10.334961
-39.185688	266.44443	10.344727
-39.184696	275.25345	10.354492
-39.184963	280.01648	10.364258
-39.183155	279.54581	10.374023
-39.181545	276.27942	10.383789
-39.181152	271.81488	10.393555
-39.181801	274.55942	10.40332
-39.179436	273.65704	10.413086
-39.180397	280.40356	10.422852
-39.178825	280.69617	10.432617
-39.178673	281.60483	10.442383
-39.176281	278.67838	10.452148
-39.176483	272.56668	10.461914
-39.174576	275.49924	10.47168
-39.174419	284.86536	10.481445
-39.173904	284.92203	10.491211
-39.17157	282.73224	10.500977
-39.172287	279.75076	10.510742
-39.169834	278.95352	10.520508
-39.170185	279.71524	10.530273
-39.169357	283.14291	10.540039
-39.169132	285.49197	10.549805
-39.168617	287.07428	10.55957
-39.165802	285.62061	10.569336
-39.167332	280.97644	10.579102
-39.165138	282.12405	10.588867
-39.164631	284.95285	10.598633
-39.163666	289.12097	10.608398
-39.162575	289.07147	10.618164
-39.162544	288.41446	10.62793
-39.160999	286.08939	10.637695
-39.16169	284.46576	10.647461
-39.160809	287.0668	10.657227
-39.158092	286.19308	10.666992
-39.158432	293.3811	10.676758
-39.15847	294.20599	10.686523
-39.156982	288.70996	10.696289
-39.155895	289.08435	10.706055
-39.154331	289.50024	10.71582
-39.154224	292.57867	10.725586
-39.153023	294.39691	10.735352
-39.15176	292.72189	10.745117
-39.150948	294.14355	10.754883
-39.149311	293.81732	10.764648
-39.149258	291.97992	10.774414
-39.149345	290.82327	10.78418
-39.148422	292.94269	10.793945
-39.1479	298.94226	10.803711
-39.145649	297.76044	10.813477
-39.145382	296.08972	10.823242
-39.145039	293.04092	10.833008
-39.144466	294.77753	10.842773
-39.143364	295.67355	10.852539
-39.141914	297.8847	10.862305
-39.141289	299.97354	10.87207
-39.140984	301.51074	10.881836
-39.140839	297.36612	10.891602
-39.140133	295.46567	10.901367
-39.138981	297.14542	10.911133
-39.138309	301.53729	10.920898
-39.136765	305.45819	10.930664
-39.136253	304.56128	10.94043
-39.135811	300.15607	10.950195
-39.1339	300.70291	10.959961
-39.134331	300.72653	10.969727
-39.133579	300.79187	10.979492
-39.132149	305.87048	10.989258
-39.131519	308.38223	10.999023
-39.130146	307.8432	11.008789
-39.130478	301.18369	11.018555
-39.128811	300.3205	11.02832
-39.12674	303.52869	11.038086
-39.127739	309.16504	11.047852
-39.125633	312.78006	11.057617
-39.125011	307.17181	11.067383
-39.124737	305.4715	11.077148
-39.12392	306.7843	11.086914
-39.122654	303.87308	11.09668
-39.121876	309.67838	11.106445
-39.122139	312.34976	11.116211
-39.120213	314.20505	11.125977
-39.119682	311.72226	11.135742
-39.118065	305.29962	11.145508
-39.119057	306.77942	11.155273
-39.116638	313.29892	11.165039
-39.11631	315.4541	11.174805
-39.116352	315.40765	11.18457
-39.114506	311.69485	11.194336
-39.115093	311.06888	11.204102
-39.112518	309.27783	11.213867
-39.113102	311.34464	11.223633
-39.112713	314.72751	11.233398
-39.111469	318.63745	11.243164
-39.109352	318.43155	11.25293
-39.109085	314.19312	11.262695
-39.108395	312.12372	11.272461
-39.10704	314.42252	11.282227
-39.107285	317.84518	11.291992
-39.105629	318.02753	11.301758
-39.104847	319.24762	11.311523
-39.104855	317.44064	11.321289
-39.103428	318.39886	11.331055
-39.103046	315.61935	11.34082
-39.102562	316.12924	11.350586
-39.100403	321.71231	11.360352
-39.100613	322.38257	11.370117
-39.098427	320.07776	11.379883
-39.098946	320.91223	11.389648
-39.097591	317.77234	11.399414
-39.097378	321.27988	11.40918
-39.096199	320.44086	11.418945
-39.09478	322.29541	11.428711
-39.094128	325.07904	11.438477
-39.093609	324.77917	11.448242
-39.091801	322.16922	11.458008
-39.092159	318.6788	11.467773
-39.091827	322.99402	11.477539
-39.090458	327.00757	11.487305
-39.090195	327.39371	11.49707
-39.088741	326.57858	11.506836
-39.088547	325.03845	11.516602
-39.087353	324.36353	11.526367
-39.086792	325.6825	11.536133
-39.085308	325.8866	11.545898
-39.084999	331.22287	11.555664
-39.083199	334.05777	11.56543
-39.08326	330.75168	11.575195
-39.080807	327.01248	11.584961
-39.082607	326.78177	11.594727
-39.079815	329.67636	11.604492
-39.080502	333.83142	11.614258
-39.080299	334.76788	11.624023
-39.078541	333.63885	11.633789
-39.07724	330.48123	11.643555
-39.076923	329.55557	11.65332
-39.076336	329.68408	11.663086
-39.075329	334.01895	11.672852
-39.073299	339.2388	11.682617
-39.073841	339.91116	11.692383
-39.072384	332.69733	11.702148
-39.071415	330.55112	11.711914
-39.071133	331.15521	11.72168
-39.070576	337.68604	11.731445
-39.069504	340.31189	11.741211
-39.068398	338.30759	11.750977
-39.067242	336.74921	11.760742
-39.066734	335.73187	11.770508
-39.065784	331.58533	11.780273
-39.065498	339.18332	11.790039
-39.063953	340.34402	11.799805
-39.063656	344.95291	11.80957
-39.063347	339.68359	11.819336
-39.06263	335.80194	11.829102
-39.060123	336.67511	11.838867
-39.061237	340.05826	11.848633
-39.059494	343.88651	11.858398
-39.059082	343.93469	11.868164
-39.05743	344.39529	11.87793
-39.057175	342.7713	11.887695
-39.0569	339.91943	11.897461
-39.055195	341.18225	11.907227
-39.054234	343.40488	11.916992
-39.054878	347.04245	11.926758
-39.053135	348.37497	11.936523
-39.052002	344.12338	11.946289
-39.050205	342.40378	11.956055
-39.052704	345.14929	11.96582
-39.050663	344.89359	11.975586
-39.048882	347.26233	11.985352
-39.048531	348.98151	11.995117
-39.047462	348.41278	12.004883
-39.046371	348.51102	12.014648
-39.046074	344.78616	12.024414
-39.045872	344.35379	12.03418
-39.044937	351.86298	12.043945
-39.042961	352.83328	12.053711
-39.042362	350.6709	12.063477
-39.040638	350.81635	12.073242
-39.041489	348.21396	12.083008
-39.040207	349.11673	12.092773
-39.038868	347.90939	12.102539
-39.038921	353.06409	12.112305
-39.038414	354.79654	12.12207
-39.036987	355.0126	12.131836
-39.036915	352.30875	12.141602
-39.0355	347.3093	12.151367
-39.03376	350.96402	12.161133
-39.033878	356.12271	12.170898
-39.03294	356.02634	12.180664
-39.031681	358.64081	12.19043
-39.031132	353.6077	12.200195
-39.029934	353.48102	12.209961
-39.029083	354.06265	12.219727
-39.02829	352.41299	12.229492
-39.027008	359.65948	12.239258
-39.027279	362.29059	12.249023
-39.026421	360.62482	12.258789
-39.025429	354.92831	12.268555
-39.024826	353.56598	12.27832
-39.023502	358.99008	12.288086
-39.023151	361.40991	12.297852
-39.022736	363.2641	12.307617
-39.020874	362.68484	12.317383
-39.020134	361.25397	12.327148
-39.019981	358.35852	12.336914
-39.018677	357.0549	12.34668
-39.018364	360.50012	12.356445
-39.017296	367.75772	12.366211
-39.016819	367.72797	12.375977
-39.015263	362.76779	12.385742
-39.014717	359.45905	12.395508
-39.013802	359.55362	12.405273
-39.012024	365.45212	12.415039
-39.011559	368.63287	12.424805
-39.01099	366.60355	12.43457
-39.010792	367.57458	12.444336
-39.010742	365.37216	12.454102
-39.009926	360.23257	12.463867
-39.00806	365.75357	12.473633
-39.008068	367.39139	12.483398
-39.00634	375.0347	12.493164
-39.005821	369.54645	12.50293
-39.004581	364.98178	12.512695
-39.005032	366.20255	12.522461
-39.004002	366.99103	12.532227
-39.003101	371.12079	12.541992
-39.002117	372.17416	12.551758
-39.001808	372.89203	12.561523
-39.000038	373.55725	12.571289
-38.998878	367.28287	12.581055
-38.999371	368.17938	12.59082
-38.997868	368.16486	12.600586
-38.995872	373.86349	12.610352
-38.996296	375.40283	12.620117
-38.995201	371.95352	12.629883
-38.99432	370.89642	12.639648
-38.994141	371.98322	12.649414
-38.99321	370.60907	12.65918
-38.992168	373.58737	12.668945
-38.992191	376.25894	12.678711
-38.990818	378.08408	12.688477
-38.989536	376.71136	12.698242
-38.988518	373.97772	12.708008
-38.9884	372.30661	12.717773
-38.986679	375.96829	12.727539
-38.986069	379.0816	12.737305
-38.985298	379.57947	12.74707
-38.984852	377.99323	12.756836
-38.982773	377.87112	12.766602
-38.983604	376.39771	12.776367
-38.982281	375.26898	12.786133
-38.981045	378.62866	12.795898
-38.980625	381.47241	12.805664
-38.980274	385.03339	12.81543
-38.978516	381.00143	12.825195
-38.97715	375.59085	12.834961
-38.97736	377.82828	12.844727
-38.976704	380.82242	12.854492
-38.976189	382.88397	12.864258
-38.975914	386.4136	12.874023
-38.975117	384.28491	12.883789
-38.973598	383.73438	12.893555
-38.973042	378.8139	12.90332
-38.971283	380.07822	12.913086
-38.970654	385.64093	12.922852
-38.970413	389.09045	12.932617
-38.96891	389.54266	12.942383
-38.96756	383.43942	12.952148
-38.967068	380.57153	12.961914
-38.967644	383.09537	12.97168
-38.966629	385.22125	12.981445
-38.965878	391.46664	12.991211
-38.963566	392.37756	13.000977
-38.963676	389.29736	13.010742
-38.963173	386.78064	13.020508
-38.961956	382.57098	13.030273
-38.960449	388.40137	13.040039
-38.960438	394.89392	13.049805
-38.959259	392.42108	13.05957
-38.959015	391.19287	13.069336
-38.957413	385.48596	13.079102
-38.957241	386.54565	13.088867
-38.956093	389.55325	13.098633
-38.956104	391.33572	13.108398
-38.954483	392.97162	13.118164
-38.953526	397.24429	13.12793
-38.953606	389.96225	13.137695
-38.953415	389.11969	13.147461
-38.951256	387.43546	13.157227
-38.949192	392.32318	13.166992
-38.949959	396.97516	13.176758
-38.949272	396.09988	13.186523
-38.948311	394.40671	13.196289
-38.947575	390.31906	13.206055
-38.946941	393.06879	13.21582
-38.946167	395.17517	13.225586
-38.945564	395.56744	13.235352
-38.943214	399.69067	13.245117
-38.942928	399.12448	13.254883
-38.941986	393.41949	13.264648
-38.94088	394.81833	13.274414
-38.941292	394.74377	13.28418
-38.940559	401.27637	13.293945
-38.939587	401.24539	13.303711
-38.937832	397.78589	13.313477
-38.936878	397.94736	13.323242
-38.936348	398.21533	13.333008
-38.935719	398.06219	13.342773
-38.935204	398.39975	13.352539
-38.934906	399.39221	13.362305
-38.933853	405.22958	13.37207
-38.932167	402.83551	13.381836
-38.931717	400.44675	13.391602
-38.931351	398.48563	13.401367
-38.931389	398.25446	13.411133
-38.928474	403.87036	13.420898
-38.927921	402.99356	13.430664
-38.927399	403.90182	13.44043
-38.926804	404.63492	13.450195
-38.926201	400.82755	13.459961
-38.925545	400.673	13.469727
-38.924454	401.92303	13.479492
-38.924599	406.50922	13.489258
-38.922588	409.96771	13.499023
-38.921989	405.08969	13.508789
-38.920773	401.83206	13.518555
-38.920975	403.32333	13.52832
-38.919693	404.62088	13.538086
-38.918575	407.40778	13.547852
-38.919159	410.32526	13.557617
-38.917419	408.13431	13.567383
-38.91655	408.28659	13.577148
-38.916462	403.34909	13.586914
-38.916157	403.40582	13.59668
-38.914318	406.63675	13.606445
-38.913925	413.14404	13.616211
-38.911942	414.72537	13.625977
-38.911797	408.89481	13.635742
-38.911037	406.67297	13.645508
-38.909092	408.50015	13.655273
-38.909142	408.62781	13.665039
-38.909122	415.04321	13.674805
-38.907257	413.97168	13.68457
-38.906742	414.78162	13.694336
-38.905598	411.46628	13.704102
-38.90424	405.20325	13.713867
-38.90485	410.32513	13.723633
-38.902534	415.39926	13.733398
-38.902283	418.14636	13.743164
-38.901955	416.32822	13.75293
-38.901291	411.38284	13.762695
-38.899891	411.71335	13.772461
-38.899208	410.84848	13.782227
-38.899193	415.46625	13.791992
-38.898209	417.81146	13.801758
-38.896343	419.08386	13.811523
-38.89621	416.51941	13.821289
-38.895153	412.59476	13.831055
-38.89389	412.35199	13.84082
-38.893387	418.49554	13.850586
-38.892105	421.05487	13.860352
-38.892136	419.0506	13.870117
-38.891254	417.96329	13.879883
-38.890148	416.43448	13.889648
-38.890495	417.93396	13.899414
-38.889313	416.20416	13.90918
-38.887421	417.42148	13.918945
-38.887501	422.36252	13.928711
-38.885353	421.504	13.938477
-38.885738	418.98724	13.948242
-38.885105	416.35239	13.958008
-38.884098	416.85822	13.967773
-38.883659	420.92868	13.977539
-38.882362	422.25537	13.987305
-38.88097	422.2612	13.99707
-38.879986	421.26749	14.006836
-38.879585	420.58856	14.016602
-38.878593	421.25943	14.026367
-38.878395	417.89096	14.036133
-38.877514	421.93704	14.045898
-38.876015	427.43341	14.055664
-38.875679	424.28793	14.06543
-38.874424	424.72601	14.075195
-38.874401	419.89011	14.084961
-38.874237	420.90308	14.094727
-38.872581	424.40829	14.104492
-38.87225	423.31885	14.114258
-38.87096	426.88306	14.124023
-38.870438	427.68323	14.133789
-38.869572	423.93137	14.143555
-38.868248	420.84109	14.15332
-38.868488	422.13727	14.163086
-38.866917	426.74283	14.172852
-38.86705	431.90039	14.182617
-38.864883	430.29684	14.192383
-38.865143	424.74133	14.202148
-38.863804	424.56265	14.211914
-38.862606	425.10031	14.22168
-38.862423	427.80252	14.231445
-38.861191	430.82874	14.241211
-38.860321	432.52454	14.250977
-38.858814	430.81311	14.260742
-38.858109	425.37482	14.270508
-38.858116	422.98633	14.280273
-38.856461	426.94473	14.290039
-38.857361	433.09921	14.299805
-38.854717	434.85632	14.30957
-38.854603	430.19284	14.319336
-38.85424	429.80112	14.329102
-38.853207	427.21988	14.338867
-38.852196	428.17484	14.348633
-38.850685	433.81042	14.358398
-38.8508	434.55347	14.368164
-38.849537	435.77701	14.37793
-38.849194	429.94604	14.387695
-38.847569	426.55258	14.397461
-38.848114	430.1116	14.407227
-38.846851	433.64413	14.416992
-38.846413	438.97873	14.426758
-38.845856	435.76184	14.436523
-38.84444	432.81427	14.446289
-38.843925	432.57196	14.456055
-38.842026	431.20547	14.46582
-38.841118	435.27789	14.475586
-38.840191	437.02048	14.485352
-38.83952	440.07526	14.495117
-38.839523	438.7399	14.504883
-38.838074	432.95755	14.514648
-38.837124	432.02664	14.524414
-38.836796	437.16846	14.53418
-38.837185	436.66837	14.543945
-38.834568	439.54547	14.553711
-38.83292	437.99149	14.563477
-38.83353	435.08951	14.573242
-38.833248	436.9874	14.583008
-38.831932	434.04233	14.592773
-38.831787	435.71942	14.602539
-38.830547	440.75787	14.612305
-38.830288	441.24695	14.62207
-38.82835	440.10675	14.631836
-38.827995	436.17581	14.641602
-38.827049	435.4183	14.651367
-38.825199	439.8085	14.661133
-38.825603	439.01019	14.670898
-38.824589	439.41357	14.680664
-38.822418	441.51773	14.69043
-38.823353	440.9686	14.700195
-38.822624	440.05048	14.709961
-38.821617	435.79541	14.719727
-38.819378	440.23972	14.729492
-38.819489	443.56448	14.739258
-38.81958	443.76611	14.749023
-38.818069	443.67526	14.758789
-38.81744	438.83643	14.768555
-38.817226	440.6427	14.77832
-38.815773	440.29156	14.788086
-38.815689	440.86203	14.797852
-38.813145	445.80115	14.807617
-38.813267	446.44598	14.817383
-38.812611	443.979	14.827148
-38.811729	439.10703	14.836914
-38.810543	437.15939	14.84668
-38.808811	445.72699	14.856445
-38.807629	447.5748	14.866211
-38.80875	447.814	14.875977
-38.807751	444.45352	14.885742
-38.807102	442.36072	14.895508
-38.804691	442.7948	14.905273
-38.804989	442.97916	14.915039
-38.804653	447.11008	14.924805
-38.80267	452.65167	14.93457
-38.802734	449.62219	14.944336
-38.800671	444.93793	14.954102
-38.801598	440.63654	14.963867
-38.800484	442.10312	14.973633
-38.798779	450.29276	14.983398
-38.799046	451.88339	14.993164
-38.797966	450.79117	15.00293
-38.796661	445.79169	15.012695
-38.795616	444.18384	15.022461
-38.795704	443.65262	15.032227
-38.794922	448.81775	15.041992
-38.79319	451.78189	15.051758
-38.793396	454.51266	15.061523
-38.79216	449.94214	15.071289
-38.790668	442.92743	15.081055
-38.79076	443.90643	15.09082
-38.788738	447.95636	15.100586
-38.788273	453.29706	15.110352
-38.787952	452.13226	15.120117
-38.787708	449.6792	15.129883
-38.786133	450.48376	15.139648
-38.786106	445.26465	15.149414
-38.78484	448.31339	15.15918
-38.783833	450.17377	15.168945
-38.783401	453.76837	15.178711
-38.782253	453.61395	15.188477
-38.782001	446.92023	15.198242
-38.779152	448.40948	15.208008
-38.779484	448.74454	15.217773
-38.778847	450.62433	15.227539
-38.778404	453.17599	15.237305
-38.777523	451.79999	15.24707
-38.7766	452.71228	15.256836
-38.775547	451.25397	15.266602
-38.774105	448.09515	15.276367
-38.773956	448.65335	15.286133
-38.773319	451.62106	15.295898
-38.773296	455.26913	15.305664
-38.772038	453.89304	15.31543
-38.770813	451.23438	15.325195
-38.770428	449.9617	15.334961
-38.769543	451.68561	15.344727
-38.767883	451.80347	15.354492
-38.766869	453.98694	15.364258
-38.76683	454.59525	15.374023
-38.765221	456.82272	15.383789
-38.765331	452.08328	15.393555
-38.764164	448.54678	15.40332
-38.763443	451.73907	15.413086
-38.763466	455.54092	15.422852
-38.761269	456.88004	15.432617
-38.761127	456.58081	15.442383
-38.760742	452.13382	15.452148
-38.759323	452.58322	15.461914
-38.75795	451.16687	15.47168
-38.758057	451.6824	15.481445
-38.756416	455.55954	15.491211
-38.756149	459.44131	15.500977
-38.75552	457.73831	15.510742
-38.753922	450.14825	15.520508
-38.753254	449.88382	15.530273
-38.752415	454.27881	15.540039
-38.753475	458.02393	15.549805
-38.750423	459.54245	15.55957
-38.750717	455.97949	15.569336
-38.749516	453.41882	15.579102
-38.74847	452.26373	15.588867
-38.747494	450.19116	15.598633
-38.746819	456.19086	15.608398
-38.746208	459.897	15.618164
-38.746033	460.78888	15.62793
-38.743423	455.16479	15.637695
-38.744026	450.49326	15.647461
-38.743202	452.39291	15.657227
-38.741337	456.46753	15.666992
-38.741413	458.69363	15.676758
-38.74057	458.79306	15.686523
-38.740372	456.8721	15.696289
-38.738842	455.34262	15.706055
-38.738567	450.34976	15.71582
-38.736755	453.73248	15.725586
-38.737282	458.76984	15.735352
-38.737106	461.82083	15.745117
-38.734749	457.54398	15.754883
-38.734566	454.02808	15.764648
-38.733814	452.40555	15.774414
-38.731976	456.29797	15.78418
-38.731522	459.32324	15.793945
-38.731075	457.81573	15.803711
-38.730328	459.63104	15.813477
-38.729992	458.22812	15.823242
-38.728546	452.96042	15.833008
-38.727211	453.4144	15.842773
-38.727367	453.87979	15.852539
-38.72665	463.42682	15.862305
-38.724957	460.65439	15.87207
-38.725346	455.98303	15.881836
-38.723854	455.19388	15.891602
-38.722351	456.4346	15.901367
-38.721554	457.36908	15.911133
-38.72081	458.21649	15.920898
-38.719509	459.37753	15.930664
-38.718666	460.70053	15.94043
-38.718105	457.16891	15.950195
-38.718151	455.36337	15.959961
-38.716717	454.32581	15.969727
-38.715836	455.91586	15.979492
-38.715595	461.23999	15.989258
-38.714783	458.45673	15.999023
-38.713444	458.68362	16.008789
-38.712795	456.7373	16.018555
-38.711632	456.04727	16.02832
-38.711178	456.65292	16.038086
-38.710751	457.08115	16.047852
-38.710072	461.10373	16.057617
-38.708939	463.12115	16.067383
-38.708626	457.92026	16.077148
-38.707375	453.56549	16.086914
-38.705494	455.55612	16.09668
-38.705269	459.25302	16.106445
-38.704281	460.57651	16.116211
-38.70602	463.1051	16.125977
-38.703735	460.82654	16.135742
-38.702877	458.29153	16.145508
-38.701817	454.90344	16.155273
-38.701099	455.76541	16.165039
-38.700615	461.72638	16.174805
-38.700207	464.21179	16.18457
-38.698967	463.16666	16.194336
-38.69672	455.52148	16.204102
-38.695889	455.67313	16.213867
-38.695175	457.42233	16.223633
-38.696236	460.90384	16.233398
-38.694397	463.13968	16.243164
-38.694244	461.19754	16.25293
-38.692371	460.3707	16.262695
-38.692966	457.01874	16.272461
-38.690472	451.81833	16.282227
-38.690247	458.89017	16.291992
-38.689964	462.82822	16.301758
-38.689472	463.61093	16.311523
-38.68853	460.11133	16.321289
-38.686665	455.16122	16.331055
-38.685322	456.44794	16.34082
-38.685036	458.77536	16.350586
-38.684605	462.81531	16.360352
-38.683727	463.08325	16.370117
-38.682674	461.01917	16.379883
-38.681824	459.61005	16.389648
-38.680115	453.72919	16.399414
-38.681046	457.3374	16.40918
-38.679512	460.46243	16.418945
-38.678963	462.63022	16.428711
-38.678131	462.54755	16.438477
-38.679249	456.10202	16.448242
-38.676487	454.73291	16.458008
-38.676426	458.01163	16.467773
-38.67461	457.6315	16.477539
-38.673965	460.28989	16.487305
-38.673454	462.32764	16.49707
-38.672935	461.4209	16.506836
-38.670818	456.90756	16.516602
-38.670467	455.74094	16.526367
-38.670551	456.99063	16.536133
-38.66853	461.50867	16.545898
-38.66835	463.40106	16.555664
-38.667366	459.11917	16.56543
-38.666836	456.96924	16.575195
-38.666252	456.31216	16.584961
-38.666035	455.97055	16.594727
-38.663921	456.9761	16.604492
-38.66341	459.55725	16.614258
-38.662159	462.2066	16.624023
-38.662792	459.43387	16.633789
-38.660751	457.01266	16.643555
-38.660812	454.78513	16.65332
-38.660015	459.19992	16.663086
-38.657684	461.72256	16.672852
-38.656628	458.59393	16.682617
-38.657444	461.07953	16.692383
-38.656006	458.97974	16.702148
-38.656239	456.50735	16.711914
-38.654503	456.41193	16.72168
-38.654545	457.33289	16.731445
-38.652863	461.63971	16.741211
-38.653008	463.9816	16.750977
-38.650959	459.41669	16.760742
-38.65012	455.30347	16.770508
-38.648346	455.32541	16.780273
-38.649525	458.05829	16.790039
-38.647243	458.76382	16.799805
-38.64735	461.68243	16.80957
-38.646889	462.02179	16.819336
-38.644524	457.12036	16.829102
-38.644749	454.63171	16.838867
-38.644203	454.59961	16.848633
-38.642761	458.34229	16.858398
-38.641323	463.39865	16.868164
-38.640934	460.83231	16.87793
-38.640633	456.50351	16.887695
-38.638912	454.37836	16.897461
-38.638931	454.55878	16.907227
-38.6381	457.70032	16.916992
-38.63612	460.81296	16.926758
-38.635525	459.50116	16.936523
-38.634624	461.16022	16.946289
-38.634724	455.4014	16.956055
-38.633785	453.79831	16.96582
-38.633072	455.68182	16.975586
-38.633148	460.30371	16.985352
-38.632114	463.28543	16.995117
-38.629913	458.93195	17.004883
-38.630013	452.99628	17.014648
-38.628731	455.03625	17.024414
-38.627823	455.12808	17.03418
-38.628624	459.92752	17.043945
-38.625469	458.68146	17.053711
-38.624344	461.65472	17.063477
-38.624302	458.31784	17.073242
-38.625351	451.43323	17.083008
-38.624062	452.97516	17.092773
-38.622723	455.55914	17.102539
-38.621178	459.68567	17.112305
-38.620235	460.56326	17.12207
-38.620029	454.21857	17.131836
-38.619217	455.12878	17.141602
-38.619186	455.15829	17.151367
-38.61866	454.27927	17.161133
-38.615993	457.40158	17.170898
-38.615791	458.7027	17.180664
-38.614918	459.77344	17.19043
-38.615414	455.72095	17.200195
-38.613949	453.46735	17.209961
-38.613068	453.84241	17.219727
-38.61282	456.99973	17.229492
-38.610401	458.34332	17.239258
-38.610573	457.05594	17.249023
-38.608765	455.55014	17.258789
-38.608856	457.30096	17.268555
-38.607597	454.15851	17.27832
-38.607864	453.68665	17.288086
-38.606232	457.76016	17.297852
-38.6045	459.71985	17.307617
-38.605648	457.08643	17.317383
-38.603943	455.74271	17.327148
-38.602409	451.45319	17.336914
-38.602798	454.3396	17.34668
-38.600708	454.2124	17.356445
-38.600731	456.36179	17.366211
-38.599976	457.87729	17.375977
-38.599667	456.46899	17.385742
-38.598015	453.75928	17.395508
-38.597908	451.15494	17.405273
-38.596951	452.87762	17.415039
-38.595787	458.15326	17.424805
-38.594162	458.55005	17.43457
-38.594002	456.18091	17.444336
-38.593277	452.27954	17.454102
-38.591236	450.70444	17.463867
-38.590382	453.00916	17.473633
-38.590977	453.11252	17.483398
-38.59045	456.8457	17.493164
-38.589767	456.76093	17.50293
-38.589317	454.57794	17.512695
-38.587669	451.38885	17.522461
-38.586563	448.45642	17.532227
-38.586479	451.81204	17.541992
-38.584179	459.19904	17.551758
-38.584003	458.28659	17.561523
-38.582878	455.65845	17.571289
-38.583	449.81989	17.581055
-38.580608	450.05643	17.59082
-38.580975	450.28973	17.600586
-38.579601	455.49985	17.610352
-38.580807	458.61127	17.620117
-38.577953	457.66635	17.629883
-38.578506	451.53027	17.639648
-38.577801	447.54108	17.649414
-38.57526	449.30823	17.65918
-38.575214	454.35587	17.668945
-38.573723	458.91443	17.678711
-38.573582	453.88806	17.688477
-38.572704	452.7142	17.698242
-38.571278	449.5733	17.708008
-38.572578	449.88937	17.717773
-38.570515	452.49881	17.727539
-38.569878	452.22522	17.737305
-38.569389	457.74405	17.74707
-38.568302	454.97809	17.756836
-38.567188	448.84409	17.766602
-38.566708	450.45886	17.776367
-38.565399	451.40933	17.786133
-38.565937	455.6239	17.795898
-38.563923	455.39401	17.805664
-38.564396	451.75452	17.81543
-38.56115	451.91824	17.825195
-38.562283	451.48599	17.834961
-38.561344	449.56177	17.844727
-38.560223	450.29495	17.854492
-38.558464	454.37253	17.864258
-38.557999	455.14377	17.874023
-38.557819	450.64474	17.883789
-38.556461	448.70651	17.893555
-38.555622	448.49686	17.90332
-38.554848	449.76285	17.913086
-38.554409	454.40134	17.922852
-38.554035	452.74973	17.932617
-38.552624	451.50653	17.942383
-38.551048	454.11047	17.952148
-38.552143	448.92551	17.961914
-38.549877	445.2034	17.97168
-38.549683	448.96741	17.981445
-38.549618	453.99353	17.991211
-38.54702	454.42841	18.000977
-38.548187	449.9949	18.010742
-38.546078	447.87817	18.020508
-38.544872	450.31714	18.030273
-38.543663	448.32089	18.040039
-38.542297	450.26654	18.049805
-38.543068	453.80502	18.05957
-38.542458	451.69229	18.069336
-38.541367	450.55139	18.079102
-38.539597	444.48444	18.088867
-38.539108	444.4993	18.098633
-38.540363	451.01633	18.108398
-38.537453	453.79541	18.118164
-38.537663	454.39774	18.12793
-38.536461	446.30777	18.137695
-38.534901	446.96213	18.147461
-38.535164	447.45911	18.157227
-38.533287	447.0116	18.166992
-38.532562	453.06323	18.176758
-38.532082	452.70102	18.186523
-38.53241	451.66705	18.196289
-38.530098	446.58554	18.206055
-38.531693	441.11554	18.21582
-38.528614	445.52197	18.225586
-38.527954	451.89835	18.235352
-38.527916	452.67661	18.245117
-38.527596	450.27316	18.254883
-38.525902	446.21973	18.264648
-38.5256	444.86377	18.274414
-38.524265	444.2236	18.28418
-38.523792	448.8053	18.293945
-38.522499	452.509	18.303711
-38.522415	453.02808	18.313477
-38.520901	448.49469	18.323242
-38.520439	443.21802	18.333008
-38.519306	442.54974	18.342773
-38.518688	450.51617	18.352539
-38.517742	451.51141	18.362305
-38.516544	449.33417	18.37207
-38.515472	447.99002	18.381836
-38.515457	445.74747	18.391602
-38.514286	445.72446	18.401367
-38.513367	445.50809	18.411133
-38.512108	447.59796	18.420898
-38.512257	452.59302	18.430664
-38.510235	449.90363	18.44043
-38.51001	444.88644	18.450195
-38.510624	444.25391	18.459961
-38.508968	445.10876	18.469727
-38.508682	449.61737	18.479492
-38.507065	447.90918	18.489258
-38.507069	447.78848	18.499023
-38.506149	447.9913	18.508789
-38.505249	444.61276	18.518555
-38.503464	444.25238	18.52832
-38.50333	444.5975	18.538086
-38.502159	448.85083	18.547852
-38.500587	452.4931	18.557617
-38.500488	446.88989	18.567383
-38.499516	446.42517	18.577148
-38.498848	444.80884	18.586914
-38.498459	444.44812	18.59668
-38.497768	446.81854	18.606445
-38.496941	447.24808	18.616211
-38.495308	449.21167	18.625977
-38.493862	447.89459	18.635742
-38.494122	444.88525	18.645508
-38.492954	441.15146	18.655273
-38.492252	445.28522	18.665039
-38.493263	448.95917	18.674805
-38.490105	448.84976	18.68457
-38.490154	447.29611	18.694336
-38.488575	445.49265	18.704102
-38.489281	445.1138	18.713867
-38.48708	443.28702	18.723633
-38.486034	444.92474	18.733398
-38.486179	446.71429	18.743164
-38.485649	450.42102	18.75293
-38.484497	446.32123	18.762695
-38.484291	440.87994	18.772461
-38.481758	439.60455	18.782227
-38.482643	445.98862	18.791992
-38.480942	449.79623	18.801758
-38.48016	449.64529	18.811523
-38.47892	444.73947	18.821289
-38.477974	443.7229	18.831055
-38.477463	442.36411	18.84082
-38.47715	441.58273	18.850586
-38.476234	448.22247	18.860352
-38.475418	449.56863	18.870117
-38.474617	449.9429	18.879883
-38.473747	444.77673	18.889648
-38.472076	440.48929	18.899414
-38.472916	442.89182	18.90918
-38.471489	447.30792	18.918945
-38.471916	448.48453	18.928711
-38.469349	447.77048	18.938477
-38.469074	443.99792	18.948242
-38.469147	444.21527	18.958008
-38.466858	439.25574	18.967773
-38.466633	444.6131	18.977539
-38.464931	448.58429	18.987305
-38.465137	449.66846	18.99707
-38.464172	446.31439	19.006836
-38.462685	439.77597	19.016602
-38.462147	440.00839	19.026367
-38.461483	444.35837	19.036133
-38.4608	446.12921	19.045898
-38.459148	448.31772	19.055664
-38.460228	445.6077	19.06543
-38.458359	444.70535	19.075195
-38.457188	441.1152	19.084961
-38.456604	441.92676	19.094727
-38.455975	444.08759	19.104492
-38.45422	447.37732	19.114258
-38.454166	447.03302	19.124023
-38.453327	443.25049	19.133789
-38.452827	440.53275	19.143555
-38.451714	440.04355	19.15332
-38.451405	443.26337	19.163086
-38.449688	443.61993	19.172852
-38.449966	444.82516	19.182617
-38.448483	447.57578	19.192383
-38.447659	444.42044	19.202148
-38.446075	441.4949	19.211914
-38.445641	438.85825	19.22168
-38.446392	446.65457	19.231445
-38.444107	448.3967	19.241211
-38.443714	443.63205	19.250977
-38.443096	445.45441	19.260742
-38.441654	440.51337	19.270508
-38.440662	441.09857	19.280273
-38.441807	441.57025	19.290039
-38.439323	442.09613	19.299805
-38.438213	446.28983	19.30957
-38.437443	446.41681	19.319336
-38.437599	441.52875	19.329102
-38.435699	439.23383	19.338867
-38.435215	439.60028	19.348633
-38.434761	445.17975	19.358398
-38.436043	445.70862	19.368164
-38.433434	446.23193	19.37793
-38.43235	445.05316	19.387695
-38.432068	440.7092	19.397461
-38.430935	440.08453	19.407227
-38.431011	439.74304	19.416992
-38.428078	444.39496	19.426758
-38.42907	448.94321	19.436523
-38.427254	446.27951	19.446289
-38.426243	440.00574	19.456055
-38.426403	438.11526	19.46582
-38.423851	441.50626	19.475586
-38.423721	445.33698	19.485352
-38.423298	445.05307	19.495117
-38.422638	443.69687	19.504883
-38.42173	441.98212	19.514648
-38.419903	439.39688	19.524414
-38.420071	437.37628	19.53418
-38.419231	441.82245	19.543945
-38.418549	445.13263	19.553711
-38.417747	447.83438	19.563477
-38.416431	442.75726	19.573242
-38.415443	436.78058	19.583008
-38.414501	439.3219	19.592773
-38.413933	443.21097	19.602539
-38.413322	445.38586	19.612305
-38.413097	443.94415	19.62207
-38.411999	443.08575	19.631836
-38.410484	441.24307	19.641602
-38.41156	435.82166	19.651367
-38.40897	440.09335	19.661133
-38.408779	444.71457	19.670898
-38.408939	446.17517	19.680664
-38.406013	446.1561	19.69043
-38.405941	437.7804	19.700195
-38.405731	438.1828	19.709961
-38.404495	439.74756	19.719727
-38.403454	442.63669	19.729492
-38.4025	444.09961	19.739258
-38.401669	441.21851	19.749023
-38.400867	444.59961	19.758789
-38.400227	439.54535	19.768555
-38.400249	437.98337	19.77832
-38.398361	441.55667	19.788086
-38.398205	443.81366	19.797852
-38.397137	445.22351	19.807617
-38.397015	441.99332	19.817383
-38.39677	440.21664	19.827148
-38.39529	440.20306	19.836914
-38.39349	440.71771	19.84668
-38.393169	440.68866	19.856445
-38.392056	442.41501	19.866211
-38.390778	443.97729	19.875977
-38.390339	442.76727	19.885742
-38.389534	439.24829	19.895508
-38.387249	436.88995	19.905273
-38.387897	441.8923	19.915039
-38.387245	444.03018	19.924805
-38.387466	443.52747	19.93457
-38.385818	443.56027	19.944336
-38.38472	439.68698	19.954102
-38.383465	440.13635	19.963867
-38.383823	439.53033	19.973633
-38.383259	440.13196	19.983398
-38.38179	444.32205	19.993164
-38.381649	445.72287	20.00293
-38.37978	442.99847	20.012695


Data Header:			0.254_solid_uprint_typeiv_090_r0			Time:	30.826172	s	4/14/2019 1:33:16 AM
Data Acquisition:	Timed
Station Name:	ft40.cfg
Test File Name:	monotonic_0.2540_typeiv_solid_090_uprint.tst
Displacement	Force	Running Time
mm	N	s
-38.378937	437.38046	20.022461
-38.378796	434.56769	20.032227
-38.377388	441.4693	20.041992
-38.37669	443.07047	20.051758
-38.376736	444.89502	20.061523
-38.374069	442.63129	20.071289
-38.374153	438.69293	20.081055
-38.373806	438.63416	20.09082
-38.37225	436.76703	20.100586
-38.372593	441.50815	20.110352
-38.371044	446.17148	20.120117
-38.370155	443.45578	20.129883
-38.369102	438.44998	20.139648
-38.369335	434.82922	20.149414
-38.368923	436.74139	20.15918
-38.367641	441.4324	20.168945
-38.365723	443.67038	20.178711
-38.366413	443.29898	20.188477
-38.363659	442.24695	20.198242
-38.363781	437.73798	20.208008
-38.361389	434.67294	20.217773
-38.362423	438.66766	20.227539
-38.361874	443.58145	20.237305
-38.36047	446.04446	20.24707
-38.359547	441.79468	20.256836
-38.358013	436.88727	20.266602
-38.358635	437.56485	20.276367
-38.357769	438.1091	20.286133
-38.356819	443.00269	20.295898
-38.356003	442.58521	20.305664
-38.35487	443.86737	20.31543
-38.353756	441.43771	20.325195
-38.35413	434.89114	20.334961
-38.352997	438.76431	20.344727
-38.352001	440.74567	20.354492
-38.350819	444.9758	20.364258
-38.349396	443.64172	20.374023
-38.350182	438.15985	20.383789
-38.347923	438.22992	20.393555
-38.347004	438.57227	20.40332
-38.346447	440.12891	20.413086
-38.346405	441.79944	20.422852
-38.346012	441.08493	20.432617
-38.343227	444.02051	20.442383
-38.343491	438.65869	20.452148
-38.342995	436.83786	20.461914
-38.343166	437.77423	20.47168
-38.340401	440.09082	20.481445
-38.341225	442.71234	20.491211
-38.339191	440.4263	20.500977
-38.339931	440.3616	20.510742
-38.337524	438.6174	20.520508
-38.336525	437.57224	20.530273
-38.33651	439.23978	20.540039
-38.334999	439.69156	20.549805
-38.334526	442.83762	20.55957
-38.333893	442.27011	20.569336
-38.331989	437.89041	20.579102
-38.331142	434.90329	20.588867
-38.331566	437.32632	20.598633
-38.330902	441.03659	20.608398
-38.330093	442.71158	20.618164
-38.32909	442.39563	20.62793
-38.327152	439.67844	20.637695
-38.326061	439.05795	20.647461
-38.326733	435.96814	20.657227
-38.325611	436.99411	20.666992
-38.324429	441.9411	20.676758
-38.323513	444.31137	20.686523
-38.322781	441.23264	20.696289
-38.322468	436.60492	20.706055
-38.321583	434.2261	20.71582
-38.320862	438.64041	20.725586
-38.319759	438.15964	20.735352
-38.318836	445.29572	20.745117
-38.318867	442.06506	20.754883
-38.317589	440.53973	20.764648
-38.316044	436.71109	20.774414
-38.314438	432.7038	20.78418
-38.31525	437.47369	20.793945
-38.313309	444.58014	20.803711
-38.312817	443.80844	20.813477
-38.311974	439.81146	20.823242
-38.312008	434.04236	20.833008
-38.310036	436.30966	20.842773
-38.310711	439.41702	20.852539
-38.308758	441.02222	20.862305
-38.308392	443.31033	20.87207
-38.307323	440.20563	20.881836
-38.306698	436.90152	20.891602
-38.306416	433.89255	20.901367
-38.304745	435.44452	20.911133
-38.304893	441.19449	20.920898
-38.303543	443.28384	20.930664
-38.302795	441.26169	20.94043
-38.301369	437.3446	20.950195
-38.300476	434.90588	20.959961
-38.301216	437.20285	20.969727
-38.29921	439.14932	20.979492
-38.298279	440.69354	20.989258
-38.299133	445.28555	20.999023
-38.296219	441.16498	21.008789
-38.296486	435.03293	21.018555
-38.296432	435.84695	21.02832
-38.295582	438.17291	21.038086
-38.293766	441.10559	21.047852
-38.292519	443.08749	21.057617
-38.293156	438.80389	21.067383
-38.290913	438.77542	21.077148
-38.291512	437.17859	21.086914
-38.289806	439.03641	21.09668
-38.287624	439.00748	21.106445
-38.289803	440.24081	21.116211
-38.287277	444.51794	21.125977
-38.286537	436.83795	21.135742
-38.284885	437.28979	21.145508
-38.283871	434.64191	21.155273
-38.284466	438.38998	21.165039
-38.282948	442.47842	21.174805
-38.283161	438.29419	21.18457
-38.281399	440.43942	21.194336
-38.280552	439.05548	21.204102
-38.280327	436.66568	21.213867
-38.279064	436.82498	21.223633
-38.278023	437.86896	21.233398
-38.276997	443.13956	21.243164
-38.277042	443.35089	21.25293
-38.275707	438.36102	21.262695
-38.274612	436.23572	21.272461
-38.274784	435.15781	21.282227
-38.274334	438.63596	21.291992
-38.272518	439.80197	21.301758
-38.271832	442.3627	21.311523
-38.27169	442.38651	21.321289
-38.270344	437.71417	21.331055
-38.269142	434.02017	21.34082
-38.268398	435.95752	21.350586
-38.267136	437.8002	21.360352
-38.268497	443.71152	21.370117
-38.265911	443.01642	21.379883
-38.264935	436.61514	21.389648
-38.263943	435.30984	21.399414
-38.263245	435.15344	21.40918
-38.262932	437.17062	21.418945
-38.262379	442.21359	21.428711
-38.261257	440.85556	21.438477
-38.260117	439.75494	21.448242
-38.259918	435.31787	21.458008
-38.258411	432.5585	21.467773
-38.257637	434.47586	21.477539
-38.257401	441.68713	21.487305
-38.256767	442.55661	21.49707
-38.255802	438.75317	21.506836
-38.255184	433.49237	21.516602
-38.254704	434.04214	21.526367
-38.252228	433.64932	21.536133
-38.252354	438.39706	21.545898
-38.251724	441.86691	21.555664
-38.249943	440.48248	21.56543
-38.249599	439.31284	21.575195
-38.249271	431.54926	21.584961
-38.247738	435.3894	21.594727
-38.247269	439.12204	21.604492
-38.245331	441.99225	21.614258
-38.244644	440.28317	21.624023
-38.24456	434.30222	21.633789
-38.243889	434.85904	21.643555
-38.244377	435.5639	21.65332
-38.241985	434.07874	21.663086
-38.241261	438.22107	21.672852
-38.241444	440.10959	21.682617
-38.240849	439.40558	21.692383
-38.240078	434.91174	21.702148
-38.238556	432.23764	21.711914
-38.237785	434.71207	21.72168
-38.237331	440.86646	21.731445
-38.236786	440.24527	21.741211
-38.235428	437.94406	21.750977
-38.234737	437.21262	21.760742
-38.234222	436.29825	21.770508
-38.232212	436.03033	21.780273
-38.231548	435.92313	21.790039
-38.230583	437.98291	21.799805
-38.230118	442.06921	21.80957
-38.22953	437.22495	21.819336
-38.228455	437.30795	21.829102
-38.227833	433.01318	21.838867
-38.226719	435.76926	21.848633
-38.226517	439.1908	21.858398
-38.224426	437.01889	21.868164
-38.22435	440.30432	21.87793
-38.222927	437.95374	21.887695
-38.222977	435.28186	21.897461
-38.222214	432.54599	21.907227
-38.220711	433.99664	21.916992
-38.220875	439.83691	21.926758
-38.218491	441.50732	21.936523
-38.219589	440.00427	21.946289
-38.218323	435.76984	21.956055
-38.217426	432.25394	21.96582
-38.21595	436.51395	21.975586
-38.214714	437.24841	21.985352
-38.215008	440.90961	21.995117
-38.213245	441.49545	22.004883
-38.213638	437.1069	22.014648
-38.211884	433.80286	22.024414
-38.212952	431.57605	22.03418
-38.210491	436.66837	22.043945
-38.209724	442.1911	22.053711
-38.210587	440.96829	22.063477
-38.207863	436.80737	22.073242
-38.206821	433.72433	22.083008
-38.206318	434.80142	22.092773
-38.206146	434.12714	22.102539
-38.205353	439.71652	22.112305
-38.204479	441.23932	22.12207
-38.203785	440.81259	22.131836
-38.202839	434.55524	22.141602
-38.202248	430.70758	22.151367
-38.201595	433.07434	22.161133
-38.199703	438.86136	22.170898
-38.199646	442.93463	22.180664
-38.198765	438.48126	22.19043
-38.198025	435.75125	22.200195
-38.196636	433.62955	22.209961
-38.195724	432.34372	22.219727
-38.19479	437.39932	22.229492
-38.19516	439.06473	22.239258
-38.193707	441.34195	22.249023
-38.193272	439.60345	22.258789
-38.191673	432.43256	22.268555
-38.191051	434.48126	22.27832
-38.189438	436.42715	22.288086
-38.189987	440.66611	22.297852
-38.187901	440.84332	22.307617
-38.189075	435.27606	22.317383
-38.186695	437.01651	22.327148
-38.18652	432.96915	22.336914
-38.185394	435.61496	22.34668
-38.185196	435.99698	22.356445
-38.184387	440.01981	22.366211
-38.183533	441.84393	22.375977
-38.182037	435.03049	22.385742
-38.181011	433.63031	22.395508
-38.180664	434.30112	22.405273
-38.180042	437.36865	22.415039
-38.179657	438.1116	22.424805
-38.17934	439.37698	22.43457
-38.17802	438.30002	22.444336
-38.176727	437.13702	22.454102
-38.175304	433.68326	22.463867
-38.175587	433.46054	22.473633
-38.174812	437.51334	22.483398
-38.172722	440.80521	22.493164
-38.172318	438.06012	22.50293
-38.171768	437.77258	22.512695
-38.17075	433.08701	22.522461
-38.169662	435.44449	22.532227
-38.169563	435.65933	22.541992
-38.16901	437.25516	22.551758
-38.168343	440.26733	22.561523
-38.16684	439.7431	22.571289
-38.165592	437.68854	22.581055
-38.165421	433.11554	22.59082
-38.165054	433.43726	22.600586
-38.163338	439.12103	22.610352
-38.162399	439.86066	22.620117
-38.162128	442.50977	22.629883
-38.161354	434.71121	22.639648
-38.160789	434.33054	22.649414
-38.158989	434.17813	22.65918
-38.159634	434.388	22.668945
-38.158009	439.41537	22.678711
-38.158092	441.75549	22.688477
-38.156425	439.77008	22.698242
-38.154888	434.4747	22.708008
-38.153835	430.83234	22.717773
-38.153137	435.4267	22.727539
-38.153156	440.7583	22.737305
-38.1521	439.03796	22.74707
-38.1506	438.32129	22.756836
-38.150421	434.11444	22.766602
-38.149837	432.61456	22.776367
-38.147602	431.77768	22.786133
-38.148502	436.9097	22.795898
-38.147621	441.00504	22.805664
-38.145638	440.9426	22.81543
-38.146439	435.88989	22.825195
-38.144367	430.11096	22.834961
-38.143944	432.59045	22.844727
-38.143059	437.18381	22.854492
-38.142094	440.79391	22.864258
-38.141476	439.16208	22.874023
-38.140156	436.05072	22.883789
-38.139729	435.08789	22.893555
-38.138828	431.29407	22.90332
-38.137859	436.45856	22.913086
-38.136856	438.42038	22.922852
-38.136494	441.62082	22.932617
-38.135204	437.58319	22.942383
-38.134796	432.16516	22.952148
-38.133369	432.57867	22.961914
-38.13295	433.7988	22.97168
-38.132542	438.49042	22.981445
-38.130764	439.53424	22.991211
-38.130596	434.92807	23.000977
-38.130657	436.2395	23.010742
-38.12854	432.36081	23.020508
-38.128899	432.82449	23.030273
-38.127666	432.91779	23.040039
-38.127781	437.13504	23.049805
-38.126324	439.56009	23.05957
-38.125431	434.30536	23.069336
-38.124699	433.85974	23.079102
-38.123028	434.42004	23.088867
-38.123829	435.77975	23.098633
-38.121506	436.77142	23.108398
-38.121593	435.40829	23.118164
-38.11969	438.58112	23.12793
-38.119484	438.35855	23.137695
-38.118992	433.07513	23.147461
-38.118561	431.5058	23.157227
-38.117455	433.48004	23.166992
-38.117298	438.84448	23.176758
-38.114983	438.6879	23.186523
-38.114643	437.29678	23.196289
-38.113235	433.84021	23.206055
-38.113041	433.05948	23.21582
-38.113514	434.23141	23.225586
-38.110882	435.02274	23.235352
-38.109844	437.7832	23.245117
-38.110172	439.22137	23.254883
-38.108578	437.89841	23.264648
-38.108673	431.81671	23.274414
-38.106865	431.41873	23.28418
-38.105835	438.16608	23.293945
-38.106586	438.70627	23.303711
-38.104836	440.95355	23.313477
-38.103863	435.29803	23.323242
-38.103054	433.08151	23.333008
-38.102806	433.61105	23.342773
-38.102406	430.8725	23.352539
-38.101185	438.06064	23.362305
-38.101128	441.81305	23.37207
-38.099407	440.2222	23.381836
-38.097103	433.50784	23.391602
-38.097485	428.51672	23.401367
-38.096733	433.61591	23.411133
-38.095871	438.60519	23.420898
-38.096161	439.75003	23.430664
-38.095169	439.14676	23.44043
-38.093403	436.53177	23.450195
-38.092312	433.5155	23.459961
-38.091896	430.91382	23.469727
-38.090763	435.21652	23.479492
-38.089684	440.08658	23.489258
-38.089741	440.64124	23.499023
-38.087841	436.81815	23.508789
-38.088455	432.0087	23.518555
-38.086891	430.44052	23.52832
-38.086636	437.10602	23.538086
-38.086327	439.12225	23.547852
-38.084732	438.40881	23.557617
-38.083771	437.45648	23.567383
-38.082752	435.65186	23.577148
-38.081791	431.44669	23.586914
-38.080044	432.81921	23.59668
-38.080784	436.47934	23.606445
-38.080395	441.88525	23.616211
-38.077671	439.03415	23.625977
-38.077671	432.83234	23.635742
-38.076923	432.67947	23.645508
-38.076466	432.77441	23.655273
-38.075668	435.49066	23.665039
-38.073757	437.10489	23.674805
-38.073547	436.76709	23.68457
-38.073147	438.34378	23.694336
-38.072346	433.74997	23.704102
-38.071533	434.54654	23.713867
-38.070969	432.93869	23.723633
-38.07085	437.05957	23.733398
-38.069916	440.78452	23.743164
-38.068825	433.78348	23.75293
-38.065853	436.25803	23.762695
-38.066525	433.13113	23.772461
-38.066849	433.61981	23.782227
-38.064842	435.47043	23.791992
-38.064754	436.05737	23.801758
-38.063335	437.67105	23.811523
-38.062096	440.00732	23.821289
-38.061951	433.02936	23.831055
-38.060699	431.43936	23.84082
-38.060806	433.97974	23.850586
-38.059452	438.19458	23.860352
-38.05788	438.48212	23.870117
-38.057438	436.6886	23.879883
-38.057522	434.89694	23.889648
-38.056526	433.71082	23.899414
-38.056137	432.35059	23.90918
-38.054054	433.05304	23.918945
-38.053307	436.70636	23.928711
-38.054043	440.81268	23.938477
-38.051384	437.76273	23.948242
-38.050762	431.73453	23.958008
-38.051598	431.71057	23.967773
-38.048958	433.69769	23.977539
-38.049274	436.97122	23.987305
-38.048073	439.94086	23.99707
-38.047623	436.21326	24.006836
-38.046936	435.4082	24.016602
-38.044956	431.7308	24.026367
-38.044743	430.54752	24.036133
-38.044769	436.56522	24.045898
-38.042	440.58453	24.055664
-38.042542	439.98566	24.06543
-38.041691	435.74139	24.075195
-38.040051	430.06314	24.084961
-38.040718	433.08014	24.094727
-38.0396	434.04471	24.104492
-38.039028	440.0675	24.114258
-38.03756	437.50531	24.124023
-38.036163	436.06741	24.133789
-38.036007	434.60428	24.143555
-38.035458	428.88757	24.15332
-38.033726	433.49683	24.163086
-38.034035	438.75317	24.172852
-38.032753	440.81537	24.182617
-38.03159	439.11719	24.192383
-38.031189	432.04666	24.202148
-38.029575	430.87387	24.211914
-38.028549	433.46539	24.22168
-38.028923	435.08499	24.231445
-38.027306	439.0022	24.241211
-38.027367	436.96066	24.250977
-38.025681	436.39658	24.260742
-38.025253	431.70615	24.270508
-38.024761	433.23254	24.280273
-38.023735	435.26724	24.290039
-38.021332	438.72958	24.299805
-38.022095	437.60785	24.30957
-38.021324	433.25156	24.319336
-38.021778	433.71777	24.329102
-38.019382	432.84827	24.338867
-38.017834	434.34274	24.348633
-38.017632	436.35278	24.358398
-38.017239	436.65872	24.368164
-38.01622	438.52231	24.37793
-38.015766	433.70428	24.387695
-38.016064	431.80606	24.397461
-38.013073	430.35315	24.407227
-38.013447	436.42026	24.416992
-38.01268	438.05313	24.426758
-38.011829	436.06036	24.436523
-38.010395	436.61899	24.446289
-38.010468	434.01797	24.456055
-38.009903	432.77026	24.46582
-38.009552	432.92615	24.475586
-38.007168	432.65738	24.485352
-38.007515	439.06149	24.495117
-38.006214	438.46625	24.504883
-38.004986	435.38849	24.514648
-38.003429	429.71628	24.524414
-38.002647	431.05219	24.53418
-38.001942	435.46704	24.543945
-38.001965	435.53787	24.553711
-38.000938	438.62604	24.563477
-37.999813	436.1911	24.573242
-38.000504	433.33603	24.583008
-37.998371	432.71158	24.592773
-37.998455	431.07675	24.602539
-37.995605	436.08957	24.612305
-37.995747	440.60724	24.62207
-37.994896	437.20526	24.631836
-37.9944	432.89331	24.641602
-37.992416	430.00867	24.651367
-37.99229	433.5466	24.661133
-37.992115	435.32516	24.670898
-37.989952	438.1496	24.680664
-37.990189	436.37323	24.69043
-37.989594	437.44431	24.700195
-37.988396	432.67719	24.709961
-37.987434	429.58118	24.719727
-37.987247	433.93295	24.729492
-37.986904	438.57141	24.739258
-37.984695	440.84744	24.749023
-37.984165	434.10519	24.758789
-37.985218	431.46964	24.768555
-37.98344	431.03531	24.77832
-37.981792	432.97562	24.788086
-37.980953	438.27957	24.797852
-37.979908	437.19003	24.807617
-37.979797	436.93887	24.817383
-37.97876	435.7673	24.827148
-37.977776	426.86533	24.836914
-37.978149	431.39584	24.84668
-37.975876	436.27112	24.856445
-37.974216	439.92368	24.866211
-37.97496	437.79935	24.875977
-37.974335	432.21283	24.885742
-37.972809	432.72098	24.895508
-37.972172	432.36395	24.905273
-37.971573	436.25323	24.915039
-37.971195	436.19742	24.924805
-37.969456	435.88547	24.93457
-37.969154	437.18973	24.944336
-37.968361	430.74503	24.954102
-37.968742	431.87064	24.963867
-37.967999	433.77219	24.973633
-37.965961	436.55377	24.983398
-37.964745	439.41403	24.993164
-37.964661	436.91068	25.00293
-37.963043	433.19272	25.012695
-37.962574	434.8494	25.022461
-37.962948	431.32956	25.032227
-37.960304	431.94733	25.041992
-37.960342	437.89542	25.051758
-37.959881	438.37595	25.061523
-37.958027	436.34955	25.071289
-37.957699	433.33011	25.081055
-37.95631	428.28375	25.09082
-37.95665	434.11868	25.100586
-37.954899	436.70508	25.110352
-37.953178	435.15179	25.120117
-37.954033	436.43994	25.129883
-37.952267	434.97079	25.139648
-37.951801	432.62018	25.149414
-37.95118	432.41476	25.15918
-37.950291	430.9437	25.168945
-37.949009	437.52478	25.178711
-37.948418	439.19177	25.188477
-37.948193	436.09937	25.198242
-37.947746	429.97836	25.208008
-37.946175	429.90475	25.217773
-37.944695	434.20862	25.227539
-37.94508	434.85925	25.237305
-37.943768	439.54279	25.24707
-37.943535	437.23593	25.256836
-37.942791	432.57272	25.266602
-37.940876	432.86398	25.276367
-37.941349	429.42007	25.286133
-37.939365	435.47852	25.295898
-37.939846	439.77103	25.305664
-37.937954	438.35233	25.31543
-37.936878	434.10822	25.325195
-37.93578	428.59094	25.334961
-37.93655	431.87338	25.344727
-37.936062	432.6333	25.354492
-37.933094	437.28024	25.364258
-37.933632	439.30392	25.374023
-37.933281	436.96573	25.383789
-37.932579	432.62408	25.393555
-37.930767	427.35898	25.40332
-37.930149	430.5134	25.413086
-37.928963	437.49576	25.422852
-37.928703	439.54385	25.432617
-37.929146	436.87808	25.442383
-37.926739	431.64615	25.452148
-37.925167	430.11023	25.461914
-37.926289	432.10831	25.47168
-37.92458	434.76563	25.481445
-37.922943	437.05573	25.491211
-37.921932	436.0123	25.500977
-37.922127	435.16434	25.510742
-37.920547	428.22025	25.520508
-37.92083	431.29343	25.530273
-37.920296	433.14359	25.540039
-37.918404	437.22723	25.549805
-37.918011	438.27579	25.55957
-37.918423	431.24396	25.569336
-37.915375	435.12811	25.579102
-37.915073	430.57169	25.588867
-37.91481	433.74533	25.598633
-37.913853	434.26263	25.608398
-37.912556	436.26978	25.618164
-37.911633	438.16727	25.62793
-37.91188	430.17514	25.637695
-37.91169	431.65952	25.647461
-37.910248	431.49127	25.657227
-37.908516	433.79572	25.666992
-37.907387	437.75317	25.676758
-37.906891	435.15518	25.686523
-37.9072	435.2583	25.696289
-37.905605	433.52014	25.706055
-37.904285	431.37479	25.71582
-37.90517	431.96094	25.725586
-37.903893	433.9408	25.735352
-37.902775	440.28629	25.745117
-37.901115	437.49988	25.754883
-37.901802	434.72842	25.764648
-37.89991	431.15271	25.774414
-37.898647	431.85556	25.78418
-37.899071	433.66302	25.793945
-37.898872	434.35043	25.803711
-37.896942	437.40295	25.813477
-37.896362	434.88046	25.823242
-37.894817	432.5412	25.833008
-37.894394	429.52081	25.842773
-37.893108	431.25153	25.852539
-37.893459	436.14243	25.862305
-37.891991	437.52631	25.87207
-37.891075	436.53467	25.881836
-37.889576	430.89713	25.891602
-37.889023	430.14572	25.901367
-37.888958	432.63126	25.911133
-37.886997	432.6665	25.920898
-37.887356	438.44119	25.930664
-37.885902	436.12967	25.94043
-37.885502	434.49466	25.950195
-37.88488	429.41891	25.959961
-37.885471	427.59427	25.969727
-37.882397	433.94598	25.979492
-37.882977	439.76013	25.989258
-37.881504	437.38364	25.999023
-37.880283	434.70172	26.008789
-37.878925	428.58179	26.018555
-37.878944	432.99652	26.02832
-37.878178	429.51663	26.038086
-37.877411	435.47943	26.047852
-37.87701	436.62811	26.057617
-37.875523	436.87665	26.067383
-37.874454	434.46594	26.077148
-37.873169	427.50589	26.086914
-37.873505	429.38419	26.09668
-37.871532	436.22586	26.106445
-37.871216	437.48621	26.116211
-37.871223	436.36392	26.125977
-37.86932	431.06186	26.135742
-37.8689	432.19598	26.145508
-37.869198	429.85504	26.155273
-37.868462	432.44873	26.165039
-37.865444	434.97098	26.174805
-37.865238	436.59573	26.18457
-37.865082	433.96713	26.194336
-37.864902	428.64813	26.204102
-37.863419	429.61066	26.213867
-37.861927	431.78641	26.223633
-37.862099	435.83249	26.233398
-37.860882	436.09091	26.243164
-37.860481	433.30753	26.25293
-37.85981	433.16483	26.262695
-37.85886	430.19867	26.272461
-37.855953	431.18872	26.282227
-37.856976	431.87592	26.291992
-37.855606	433.96188	26.301758
-37.855354	438.38278	26.311523
-37.854687	430.56638	26.321289
-37.854088	431.60193	26.331055
-37.853397	429.50436	26.34082
-37.85144	432.73215	26.350586
-37.851723	435.21365	26.360352
-37.851398	433.74207	26.370117
-37.849422	435.70422	26.379883
-37.848213	433.98105	26.389648
-37.848289	430.9288	26.399414
-37.847206	431.08633	26.40918
-37.8456	430.94061	26.418945
-37.847271	437.60291	26.428711
-37.844067	436.36755	26.438477
-37.843487	433.13879	26.448242
-37.843666	431.12234	26.458008
-37.843483	429.12213	26.467773
-37.840282	434.68829	26.477539
-37.839428	434.62143	26.487305
-37.841175	435.26132	26.49707
-37.839413	438.42587	26.506836
-37.837822	432.85522	26.516602
-37.837849	428.80768	26.526367
-37.837608	429.9939	26.536133
-37.836212	433.00873	26.545898
-37.834377	438.48608	26.555664
-37.834518	435.82465	26.56543
-37.834126	432.63889	26.575195
-37.832722	430.22803	26.584961
-37.83128	430.80627	26.594727
-37.830685	430.27179	26.604492
-37.829876	436.50305	26.614258
-37.82832	436.87225	26.624023
-37.828674	437.43719	26.633789
-37.82674	430.44467	26.643555
-37.827755	425.61581	26.65332
-37.825504	431.48962	26.663086
-37.824875	434.53015	26.672852
-37.82476	437.44052	26.682617
-37.822346	434.96582	26.692383
-37.822647	430.13858	26.702148
-37.821278	430.49069	26.711914
-37.821251	428.25833	26.72168
-37.820034	432.7966	26.731445
-37.819626	436.80667	26.741211
-37.818325	435.83487	26.750977
-37.81863	433.7262	26.760742
-37.818233	427.65231	26.770508
-37.815285	429.10135	26.780273
-37.814754	432.9903	26.790039
-37.815266	434.19611	26.799805
-37.814323	436.58286	26.80957
-37.812244	431.5173	26.819336
-37.812744	431.30817	26.829102
-37.812218	428.78946	26.838867
-37.810932	430.28134	26.848633
-37.809856	433.82013	26.858398
-37.809185	436.30707	26.868164
-37.807983	437.29056	26.87793
-37.806343	430.64215	26.887695
-37.80595	428.42914	26.897461
-37.805801	430.47141	26.907227
-37.804977	432.90952	26.916992
-37.804424	433.05936	26.926758
-37.803417	433.16885	26.936523
-37.80154	433.46182	26.946289
-37.801567	430.45551	26.956055
-37.800472	431.18173	26.96582
-37.800262	428.31998	26.975586
-37.79929	434.30554	26.985352
-37.799038	436.17325	26.995117
-37.797775	432.76025	27.004883
-37.796986	432.45062	27.014648
-37.796501	428.85855	27.024414
-37.795181	432.24326	27.03418
-37.793953	433.05426	27.043945
-37.794075	431.9007	27.053711
-37.79314	435.84149	27.063477
-37.792103	433.50873	27.073242
-37.790173	432.55478	27.083008
-37.790298	428.38211	27.092773
-37.789341	428.3486	27.102539
-37.788181	435.75732	27.112305
-37.787601	435.07394	27.12207
-37.786434	434.93463	27.131836
-37.786709	432.08374	27.141602
-37.784939	428.83487	27.151367
-37.785255	430.81702	27.161133
-37.782997	430.80786	27.170898
-37.782814	434.33676	27.180664
-37.780968	437.73254	27.19043
-37.781593	433.28595	27.200195
-37.780674	429.27869	27.209961
-37.77998	426.96674	27.219727
-37.777554	431.31497	27.229492
-37.779305	435.21371	27.239258
-37.776031	436.83728	27.249023
-37.777302	430.85339	27.258789
-37.775543	430.87415	27.268555
-37.774391	427.70801	27.27832
-37.772957	427.22247	27.288086
-37.773022	434.09317	27.297852
-37.772003	436.02966	27.307617
-37.770695	435.72235	27.317383
-37.770081	429.43338	27.327148
-37.769257	426.42056	27.336914
-37.769066	429.4895	27.34668
-37.76849	433.74405	27.356445
-37.767464	438.21793	27.366211
-37.766586	433.50772	27.375977
-37.765598	431.50296	27.385742
-37.765072	431.11264	27.395508
-37.764076	425.38342	27.405273
-37.76366	432.02362	27.415039
-37.762146	434.5188	27.424805
-37.761894	436.35556	27.43457
-37.761681	433.6261	27.444336
-37.759853	426.12598	27.454102
-37.759323	428.66061	27.463867
-37.757919	431.38275	27.473633
-37.756672	433.0842	27.483398
-37.757061	436.30719	27.493164
-37.755985	432.5058	27.50293
-37.755169	432.96399	27.512695
-37.75415	427.75427	27.522461
-37.75386	428.97116	27.532227
-37.752712	431.69897	27.541992
-37.752037	433.99875	27.551758
-37.750511	435.02521	27.561523
-37.750401	431.01999	27.571289
-37.748878	428.0799	27.581055
-37.748058	429.95828	27.59082
-37.748055	430.85638	27.600586
-37.747456	433.07742	27.610352
-37.745731	433.03732	27.620117
-37.745056	434.15628	27.629883
-37.743874	433.38098	27.639648
-37.744148	429.73996	27.649414
-37.742443	427.32004	27.65918
-37.742023	432.83206	27.668945
-37.741863	435.46713	27.678711
-37.741474	432.93842	27.688477
-37.739693	432.30359	27.698242
-37.739902	429.57104	27.708008
-37.737549	430.13196	27.717773
-37.736481	430.2355	27.727539
-37.736198	431.63428	27.737305
-37.735924	436.17395	27.74707
-37.735443	433.91354	27.756836
-37.73431	432.04324	27.766602
-37.732853	426.18747	27.776367
-37.733608	427.62808	27.786133
-37.731632	433.41129	27.795898
-37.73074	433.30518	27.805664
-37.730194	436.33267	27.81543
-37.728966	431.13211	27.825195
-37.729237	429.8038	27.834961
-37.727077	429.54132	27.844727
-37.72691	428.04938	27.854492
-37.725956	434.17249	27.864258
-37.72514	436.77338	27.874023
-37.72308	433.32666	27.883789
-37.724174	429.56741	27.893555
-37.723343	426.03717	27.90332
-37.72311	429.34274	27.913086
-37.721481	433.397	27.922852
-37.720398	435.98108	27.932617
-37.720146	435.51654	27.942383
-37.718872	431.3215	27.952148
-37.716961	428.24127	27.961914
-37.716827	427.11902	27.97168
-37.715218	429.79941	27.981445
-37.71566	435.91129	27.991211
-37.713772	438.10736	28.000977
-37.712837	431.24835	28.010742
-37.712292	425.42294	28.020508
-37.711308	427.80475	28.030273
-37.710804	432.42929	28.040039
-37.709553	434.14075	28.049805
-37.709789	434.24353	28.05957
-37.708965	434.2464	28.069336
-37.706779	430.00156	28.079102
-37.706757	425.84528	28.088867
-37.706001	428.82306	28.098633
-37.705822	433.07602	28.108398
-37.705582	436.60562	28.118164
-37.703205	434.03809	28.12793
-37.703697	427.78973	28.137695
-37.702351	428.38806	28.147461
-37.701454	429.63516	28.157227
-37.698868	431.64896	28.166992
-37.700047	432.92838	28.176758
-37.698662	432.11893	28.186523
-37.698433	433.42474	28.196289
-37.69714	426.80908	28.206055
-37.697239	429.2919	28.21582
-37.696815	429.1488	28.225586
-37.695793	431.48337	28.235352
-37.694294	436.49258	28.245117
-37.693653	430.97675	28.254883
-37.691959	429.86395	28.264648
-37.69109	429.6723	28.274414
-37.690632	429.65604	28.28418
-37.68996	430.85352	28.293945
-37.690212	430.63306	28.303711
-37.688393	434.86075	28.313477
-37.688038	433.25662	28.323242
-37.686897	427.09857	28.333008
-37.685997	427.08688	28.342773
-37.685108	427.75681	28.352539
-37.684921	433.57849	28.362305
-37.684669	433.51321	28.37207
-37.682579	432.30701	28.381836
-37.682217	429.11279	28.391602
-37.680622	428.40204	28.401367
-37.680473	428.8425	28.411133
-37.680969	428.47742	28.420898
-37.677956	434.81842	28.430664
-37.676685	436.34665	28.44043
-37.676765	432.56122	28.450195
-37.676414	426.66592	28.459961
-37.676029	428.1322	28.469727
-37.673916	430.61896	28.479492
-37.673256	432.30109	28.489258
-37.673546	435.13147	28.499023
-37.672054	432.68866	28.508789
-37.671482	429.05194	28.518555
-37.669926	427.79959	28.52832
-37.670509	423.48602	28.538086
-37.669701	431.37201	28.547852
-37.668842	434.59146	28.557617
-37.667465	434.9386	28.567383
-37.665916	429.60693	28.577148
-37.666035	423.98187	28.586914
-37.666359	428.35309	28.59668
-37.663521	430.31787	28.606445
-37.663048	433.34521	28.616211
-37.66317	433.85239	28.625977
-37.66259	430.97147	28.635742
-37.661461	428.2804	28.645508
-37.66032	422.99606	28.655273
-37.659019	427.9361	28.665039
-37.658028	433.32492	28.674805
-37.657688	433.95981	28.68457
-37.656742	432.07458	28.694336
-37.655746	426.10596	28.704102
-37.654591	427.64157	28.713867
-37.654388	429.24463	28.723633
-37.653606	433.63992	28.733398
-37.653908	431.64255	28.743164
-37.651913	432.0943	28.75293
-37.651428	431.08725	28.762695
-37.650974	425.95105	28.772461
-37.649769	426.9476	28.782227
-37.648766	430.09863	28.791992
-37.648338	434.52756	28.801758
-37.646984	432.66629	28.811523
-37.646122	429.08536	28.821289
-37.645882	427.23102	28.831055
-37.644573	428.01141	28.84082
-37.644035	429.54422	28.850586
-37.643471	429.56778	28.860352
-37.641369	433.3172	28.870117
-37.641026	433.22345	28.879883
-37.639965	426.48965	28.889648
-37.6394	426.95404	28.899414
-37.639248	426.77637	28.90918
-37.638355	430.17291	28.918945
-37.637741	434.97421	28.928711
-37.636299	429.63803	28.938477
-37.635414	429.70294	28.948242
-37.635296	427.84171	28.958008
-37.634579	425.61844	28.967773
-37.632088	428.1069	28.977539
-37.632446	428.50403	28.987305
-37.631779	433.42468	28.99707
-37.631084	433.11188	29.006836
-37.628838	428.97574	29.016602
-37.629513	426.16379	29.026367
-37.628952	427.0181	29.036133
-37.628345	432.47778	29.045898
-37.626774	430.14252	29.055664
-37.625332	430.04434	29.06543
-37.624363	431.31711	29.075195
-37.623383	427.63358	29.084961
-37.623741	425.68488	29.094727
-37.622532	427.51944	29.104492
-37.621075	430.85782	29.114258
-37.621037	434.69495	29.124023
-37.620972	430.03854	29.133789
-37.618862	426.74796	29.143555
-37.617752	424.36957	29.15332
-37.617661	427.9996	29.163086
-37.61742	429.97049	29.172852
-37.616154	431.77127	29.182617
-37.615421	431.80792	29.192383
-37.614502	430.65598	29.202148
-37.613899	424.92999	29.211914
-37.612682	422.63855	29.22168
-37.612583	428.33585	29.231445
-37.611538	432.98163	29.241211
-37.610901	433.78397	29.250977
-37.610229	427.52612	29.260742
-37.608822	423.63132	29.270508
-37.606953	426.45764	29.280273
-37.60738	425.70782	29.290039
-37.607346	431.45029	29.299805
-37.606033	433.15259	29.30957
-37.6045	430.79675	29.319336
-37.604301	428.34305	29.329102
-37.603252	421.41333	29.338867
-37.60144	426.47705	29.348633
-37.601357	431.49609	29.358398
-37.60041	432.36032	29.368164
-37.599205	431.56915	29.37793
-37.598621	426.59314	29.387695
-37.598267	425.45065	29.397461
-37.596767	426.27969	29.407227
-37.597057	428.97586	29.416992
-37.597004	430.3522	29.426758
-37.594975	431.91565	29.436523
-37.593021	429.64401	29.446289
-37.594574	424.06033	29.456055
-37.593201	423.6713	29.46582
-37.591801	428.49597	29.475586
-37.590347	430.37836	29.485352
-37.589756	430.88522	29.495117
-37.589787	428.19049	29.504883
-37.58913	425.61731	29.514648
-37.587891	426.48608	29.524414
-37.587719	426.41797	29.53418
-37.586052	426.90851	29.543945
-37.584949	430.90619	29.553711
-37.583618	431.83289	29.563477
-37.584316	425.91647	29.573242
-37.582798	425.91656	29.583008
-37.581585	423.14343	29.592773
-37.581036	428.11185	29.602539
-37.580238	429.71558	29.612305
-37.580151	428.2905	29.62207
-37.578327	430.57608	29.631836
-37.5783	427.2522	29.641602
-37.577469	426.42221	29.651367
-37.575623	424.12424	29.661133
-37.575165	426.40628	29.670898
-37.573467	432.36053	29.680664
-37.573982	428.84103	29.69043
-37.57349	427.42548	29.700195
-37.57267	423.89151	29.709961
-37.570976	422.94888	29.719727
-37.569221	428.30722	29.729492
-37.570438	424.68405	29.739258
-37.569229	429.70197	29.749023
-37.568218	430.19354	29.758789
-37.56728	424.98471	29.768555
-37.56731	421.672	29.77832
-37.565525	422.43768	29.788086
-37.565182	427.13528	29.797852
-37.563713	431.37335	29.807617
-37.56345	427.61795	29.817383
-37.562309	423.36539	29.827148
-37.56189	421.2301	29.836914
-37.561562	423.43396	29.84668
-37.55975	425.18225	29.856445
-37.558819	428.55783	29.866211
-37.557987	429.71078	29.875977
-37.557568	427.83289	29.885742
-37.557629	420.86377	29.895508
-37.555031	417.5217	29.905273
-37.555626	423.88599	29.915039
-37.553574	428.53864	29.924805
-37.553989	428.84604	29.93457
-37.552883	425.1774	29.944336
-37.551941	420.61349	29.954102
-37.551205	420.29938	29.963867
-37.550083	419.23102	29.973633
-37.548733	425.19681	29.983398
-37.548965	424.83508	29.993164
-37.54731	425.81018	30.00293
-37.546318	422.03207	30.012695
-37.546986	413.81702	30.022461
-37.545273	417.85733	30.032227
-37.545059	420.35419	30.041992
-37.543999	423.81012	30.051758
-37.542179	424.33578	30.061523
-37.54174	417.70847	30.071289
-37.541626	417.31253	30.081055
-37.539318	413.04037	30.09082
-37.540657	415.56323	30.100586
-37.539505	416.17621	30.110352
-37.537777	418.19208	30.120117
-37.536728	416.33911	30.129883
-37.53598	407.15967	30.139648
-37.535969	403.97098	30.149414
-37.534367	400.08429	30.15918
-37.530605	-85.376709	30.168945
-37.529675	-29.219666	30.178711
-37.529602	-22.257799	30.188477
-37.529541	-41.094521	30.198242
-37.529236	-46.364208	30.208008
-37.52927	-48.24577	30.217773
-37.527981	-41.322132	30.227539
-37.527336	-41.236782	30.237305
-37.526569	-35.662613	30.24707
-37.526516	-42.131485	30.256836
-37.524452	-42.695198	30.266602
-37.524212	-46.087749	30.276367
-37.524017	-42.313457	30.286133
-37.521812	-41.330769	30.295898
-37.522057	-41.886959	30.305664
-37.521152	-40.711628	30.31543
-37.51973	-42.268547	30.325195
-37.519581	-43.869061	30.334961
-37.519337	-46.282406	30.344727
-37.517899	-45.21088	30.354492
-37.517624	-38.424076	30.364258
-37.516502	-39.231907	30.374023
-37.51495	-40.167389	30.383789
-37.514709	-43.996864	30.393555
-37.513687	-44.407158	30.40332
-37.512882	-42.68021	30.413086
-37.511604	-42.710163	30.422852
-37.511444	-38.320091	30.432617
-37.510262	-37.630161	30.442383
-37.509319	-42.698044	30.452148
-37.508644	-45.057133	30.461914
-37.507511	-48.399578	30.47168
-37.506718	-40.824909	30.481445
-37.507698	-37.88356	30.491211
-37.505363	-39.051109	30.500977
-37.505264	-41.80566	30.510742
-37.505058	-45.001991	30.520508
-37.50272	-44.47686	30.530273
-37.502804	-45.648136	30.540039
-37.501801	-38.667065	30.549805
-37.500912	-37.394669	30.55957
-37.500908	-38.259926	30.569336
-37.499149	-44.273121	30.579102
-37.499531	-46.758564	30.588867
-37.498592	-45.866257	30.598633
-37.497417	-39.007122	30.608398
-37.495941	-37.44146	30.618164
-37.495815	-40.230034	30.62793
-37.494316	-43.650726	30.637695
-37.492874	-43.798199	30.647461
-37.492474	-45.698769	30.657227
-37.491951	-41.196182	30.666992
-37.490864	-39.413658	30.676758
-37.490871	-36.122257	30.686523
-37.489277	-40.905548	30.696289
-37.488373	-47.238548	30.706055
-37.487312	-46.691532	30.71582
-37.486465	-43.176044	30.725586
-37.486237	-37.226173	30.735352
-37.485836	-38.88224	30.745117
-37.485821	-42.493397	30.754883
-37.48391	-40.096973	30.764648
-37.483387	-45.446571	30.774414
-37.482059	-44.841816	30.78418
-37.482029	-42.625954	30.793945
-37.479618	-38.845524	30.803711
-37.48037	-38.256676	30.813477

