MTS793|BTW|ENU|1|2|.|/|:|1|0|0|A

Data Header:			0.254_hd_uprint_typeiv_4545_r0			Time:	20.017334	s	4/13/2019 7:17:08 PM
Data Acquisition:	Timed
Station Name:	ft40.cfg
Test File Name:	monotonic_0.2540_typeiv_hd_4545_uprint.tst
Displacement	Force	Running Time
mm	N	s
-40.034733	46.448311	0.022460938
-40.034702	43.910847	0.032226563
-40.034367	41.14896	0.041992188
-40.034103	38.100544	0.051757813
-40.03474	40.454018	0.061523438
-40.034546	46.437538	0.071289063
-40.035389	45.531918	0.081054688
-40.034279	44.781487	0.090820313
-40.03479	42.471146	0.10058594
-40.032722	41.994125	0.11035156
-40.032249	39.885109	0.12011719
-40.030689	42.931908	0.12988281
-40.030163	47.188465	0.13964844
-40.028709	51.298855	0.14941406
-40.028652	48.896664	0.15917969
-40.028496	44.414001	0.16894531
-40.027233	44.050968	0.17871094
-40.025555	47.557339	0.18847656
-40.024662	49.056084	0.19824219
-40.024517	49.097675	0.20800781
-40.024456	51.963417	0.21777344
-40.021805	52.335957	0.22753906
-40.021893	48.338875	0.23730469
-40.021538	48.979053	0.24707031
-40.020065	49.467964	0.25683594
-40.018513	53.784313	0.26660156
-40.018944	57.105598	0.27636719
-40.016918	53.044487	0.28613281
-40.016052	51.401924	0.29589844
-40.016293	51.53241	0.30566406
-40.015411	52.4352	0.31542969
-40.015198	54.536221	0.32519531
-40.013348	54.693417	0.33496094
-40.013218	56.927223	0.34472656
-40.011692	58.791931	0.35449219
-40.010056	53.759285	0.36425781
-40.01046	55.019924	0.37402344
-40.009109	56.433125	0.38378906
-40.008865	62.047771	0.39355469
-40.007801	59.95118	0.40332031
-40.006992	61.041924	0.41308594
-40.005379	58.917423	0.42285156
-40.004978	58.207741	0.43261719
-40.003838	60.236893	0.44238281
-40.00423	59.236031	0.45214844
-40.002632	63.310528	0.46191406
-40.00071	65.333351	0.47167969
-40.000626	61.714657	0.48144531
-40.00071	60.518688	0.49121094
-39.999771	60.501381	0.50097656
-39.99921	63.413715	0.51074219
-39.997482	66.563911	0.52050781
-39.996799	68.454605	0.53027344
-39.995979	64.085953	0.54003906
-39.995407	64.570549	0.54980469
-39.994408	63.052849	0.55957031
-39.994537	62.260025	0.56933594
-39.992748	69.495743	0.57910156
-39.991802	71.244919	0.58886719
-39.990913	71.195854	0.59863281
-39.990643	66.678017	0.60839844
-39.989471	63.012562	0.61816406
-39.987808	66.561836	0.62792969
-39.987869	69.548843	0.63769531
-39.987656	74.678505	0.64746094
-39.986824	73.977165	0.65722656
-39.986008	72.066101	0.66699219
-39.986069	70.125832	0.67675781
-39.98452	67.597313	0.68652344
-39.983379	72.747353	0.69628906
-39.982994	76.759453	0.70605469
-39.981472	78.362602	0.71582031
-39.981331	76.401634	0.72558594
-39.979603	70.877548	0.73535156
-39.979805	70.995377	0.74511719
-39.978149	76.76059	0.75488281
-39.977707	77.564957	0.76464844
-39.9762	79.400078	0.77441406
-39.976337	77.673149	0.78417969
-39.975372	77.307854	0.79394531
-39.975983	74.277542	0.80371094
-39.973816	76.293785	0.81347656
-39.972065	79.936745	0.82324219
-39.971928	83.28653	0.83300781
-39.970951	83.23484	0.84277344
-39.97142	77.666786	0.85253906
-39.97015	77.467545	0.86230469
-39.968918	79.275612	0.87207031
-39.969154	82.849541	0.88183594
-39.966938	82.591408	0.89160156
-39.966801	82.922005	0.90136719
-39.96637	84.947212	0.91113281
-39.964111	83.456772	0.92089844
-39.964077	82.836258	0.93066406
-39.963436	80.474701	0.94042969
-39.962433	86.43515	0.95019531
-39.962032	90.001823	0.95996094
-39.960228	87.186798	0.96972656
-39.96022	87.216698	0.97949219
-39.958694	84.661919	0.98925781
-39.958935	87.404213	0.99902344
-39.956776	87.704185	1.0087891
-39.956459	87.05201	1.0185547
-39.955399	91.694389	1.0283203
-39.955158	93.291145	1.0380859
-39.954163	89.466843	1.0478516
-39.95343	86.577789	1.0576172
-39.95229	87.692207	1.0673828
-39.952301	94.810638	1.0771484
-39.950142	93.72879	1.0869141
-39.949917	95.337166	1.0966797
-39.948437	93.750084	1.1064453
-39.949203	91.751907	1.1162109
-39.946865	90.959106	1.1259766
-39.947388	91.229828	1.1357422
-39.946049	96.393745	1.1455078
-39.944962	100.83497	1.1552734
-39.943989	98.443848	1.1650391
-39.943275	93.516891	1.1748047
-39.941898	93.915977	1.1845703
-39.940674	97.472641	1.1943359
-39.940029	102.26266	1.2041016
-39.940647	101.81924	1.2138672
-39.939873	100.37897	1.2236328
-39.939056	98.978073	1.2333984
-39.937958	96.485413	1.2431641
-39.936741	96.502724	1.2529297
-39.935417	100.9622	1.2626953
-39.934441	104.70742	1.2724609
-39.934532	106.03132	1.2822266
-39.93367	101.28047	1.2919922
-39.932522	97.942726	1.3017578
-39.931454	99.05777	1.3115234
-39.931488	103.50523	1.3212891
-39.931313	107.46632	1.3310547
-39.930061	106.77824	1.3408203
-39.928333	105.7987	1.3505859
-39.928986	105.39171	1.3603516
-39.92643	100.63123	1.3701172
-39.925911	104.87714	1.3798828
-39.924404	106.91925	1.3896484
-39.925262	111.19166	1.3994141
-39.923565	111.39703	1.4091797
-39.923782	105.32148	1.4189453
-39.9226	105.11113	1.4287109
-39.92152	109.2779	1.4384766
-39.921139	110.29142	1.4482422
-39.919357	112.26473	1.4580078
-39.919716	110.8147	1.4677734
-39.919254	112.24465	1.4775391
-39.91737	109.55542	1.4873047
-39.916355	110.05956	1.4970703
-39.915462	111.51604	1.5068359
-39.914936	115.46751	1.5166016
-39.913826	118.33086	1.5263672
-39.913719	113.8406	1.5361328
-39.912445	112.11436	1.5458984
-39.910843	113.9567	1.5556641
-39.910282	114.94398	1.5654297
-39.911449	116.20325	1.5751953
-39.909088	116.73708	1.5849609
-39.908421	117.84999	1.5947266
-39.90691	119.45982	1.6044922
-39.906719	116.3191	1.6142578
-39.905964	114.93311	1.6240234
-39.906021	116.98444	1.6337891
-39.904503	121.16839	1.6435547
-39.902954	120.46725	1.6533203
-39.902889	122.71302	1.6630859
-39.901974	117.86901	1.6728516
-39.900387	118.76362	1.6826172
-39.901051	119.73985	1.6923828
-39.898697	120.64364	1.7021484
-39.899136	124.16439	1.7119141
-39.896976	125.80232	1.7216797
-39.897884	124.08374	1.7314453
-39.896473	119.7776	1.7412109
-39.895985	119.65405	1.7509766
-39.895737	124.98748	1.7607422
-39.893208	126.70246	1.7705078
-39.893658	129.31761	1.7802734
-39.892105	127.06989	1.7900391
-39.890972	124.59521	1.7998047
-39.892246	124.70923	1.8095703
-39.88855	123.36007	1.8193359
-39.888554	128.83508	1.8291016
-39.887562	133.54324	1.8388672
-39.888535	131.79347	1.8486328
-39.886951	128.45171	1.8583984
-39.885479	123.57803	1.8681641
-39.884449	126.68064	1.8779297
-39.884274	133.29813	1.8876953
-39.883572	134.38742	1.8974609
-39.882488	134.91042	1.9072266
-39.881672	131.17805	1.9169922
-39.879604	129.7059	1.9267578
-39.880981	129.33669	1.9365234
-39.878468	133.00587	1.9462891
-39.878494	137.31203	1.9560547
-39.87632	138.1765	1.9658203
-39.875462	134.78709	1.9755859
-39.877235	129.70033	1.9853516
-39.873566	131.45476	1.9951172
-39.873188	134.85437	2.0048828
-39.872791	139.37007	2.0146484
-39.872993	139.63046	2.0244141
-39.872517	138.4023	2.0341797
-39.870567	137.93893	2.0439453
-39.869595	134.25829	2.0537109
-39.869755	136.09897	2.0634766
-39.868748	137.80685	2.0732422
-39.86832	142.38663	2.0830078
-39.866894	144.5632	2.0927734
-39.866787	138.47849	2.1025391
-39.865078	138.83322	2.1123047
-39.864967	140.17494	2.1220703
-39.863415	142.74942	2.1318359
-39.862495	144.07281	2.1416016
-39.862083	142.33372	2.1513672
-39.861824	145.65195	2.1611328
-39.860954	143.70319	2.1708984
-39.86002	141.06581	2.1806641
-39.858658	141.26347	2.1904297
-39.857689	144.78535	2.2001953
-39.856972	148.19594	2.2099609
-39.856529	146.9819	2.2197266
-39.85548	146.22977	2.2294922
-39.854565	144.99928	2.2392578
-39.854233	146.31668	2.2490234
-39.854637	146.45753	2.2587891
-39.851498	148.21866	2.2685547
-39.851479	149.94891	2.2783203
-39.850468	152.8588	2.2880859
-39.850639	148.88655	2.2978516
-39.849796	147.42957	2.3076172
-39.846996	146.85872	2.3173828
-39.846817	151.06955	2.3271484
-39.846153	153.80194	2.3369141
-39.847347	155.13863	2.3466797
-39.844551	150.10506	2.3564453
-39.844196	151.55231	2.3662109
-39.844074	150.14851	2.3759766
-39.843235	150.24721	2.3857422
-39.842815	156.03711	2.3955078
-39.841061	158.73393	2.4052734
-39.84082	156.69258	2.4150391
-39.839951	151.81808	2.4248047
-39.838627	150.8732	2.4345703
-39.838482	155.76724	2.4443359
-39.836796	157.73433	2.4541016
-39.836262	160.90732	2.4638672
-39.836506	158.9193	2.4736328
-39.834206	158.14954	2.4833984
-39.833252	157.45094	2.4931641
-39.833347	154.84831	2.5029297
-39.83231	160.71564	2.5126953
-39.831005	165.09457	2.5224609
-39.8298	162.71487	2.5322266
-39.829849	161.06062	2.5419922
-39.828991	156.97072	2.5517578
-39.828186	159.06566	2.5615234
-39.828251	163.10495	2.5712891
-39.827328	165.26573	2.5810547
-39.825981	166.26707	2.5908203
-39.824715	164.85446	2.6005859
-39.823559	163.68257	2.6103516
-39.823605	160.67873	2.6201172
-39.822567	163.72366	2.6298828
-39.821671	166.46989	2.6396484
-39.821095	170.45313	2.6494141
-39.820187	167.92348	2.6591797
-39.819679	164.81572	2.6689453
-39.818535	163.3168	2.6787109
-39.817631	166.79036	2.6884766
-39.816132	170.51247	2.6982422
-39.816429	170.14363	2.7080078
-39.816563	170.92479	2.7177734
-39.814671	170.96977	2.7275391
-39.81369	168.68671	2.7373047
-39.812794	168.87637	2.7470703
-39.812366	169.39183	2.7568359
-39.810017	175.01826	2.7666016
-39.809959	175.38536	2.7763672
-39.809341	171.93318	2.7861328
-39.810177	172.50996	2.7958984
-39.808533	171.57439	2.8056641
-39.807354	172.60713	2.8154297
-39.806805	175.33061	2.8251953
-39.805153	174.328	2.8349609
-39.804184	178.52814	2.8447266
-39.803646	177.08537	2.8544922
-39.802872	174.69119	2.8642578
-39.801655	173.61942	2.8740234
-39.800713	175.77647	2.8837891
-39.799465	181.15401	2.8935547
-39.800282	178.57222	2.9033203
-39.799095	180.18562	2.9130859
-39.79771	177.99594	2.9228516
-39.796825	176.03058	2.9326172
-39.796978	178.83128	2.9423828
-39.79541	178.84537	2.9521484
-39.794106	183.54726	2.9619141
-39.795177	184.99576	2.9716797
-39.792305	181.49802	2.9814453
-39.793724	178.21576	2.9912109
-39.79192	177.95457	3.0009766
-39.791214	182.58961	3.0107422
-39.789066	186.89799	3.0205078
-39.789417	186.85156	3.0302734
-39.787395	184.54774	3.0400391
-39.787727	183.67926	3.0498047
-39.786068	181.82851	3.0595703
-39.786022	182.03685	3.0693359
-39.784733	186.57217	3.0791016
-39.783512	190.27451	3.0888672
-39.783749	191.49455	3.0986328
-39.782063	185.35193	3.1083984
-39.781635	182.21948	3.1181641
-39.780937	186.78168	3.1279297
-39.779297	190.68327	3.1376953
-39.779243	191.89082	3.1474609
-39.778122	191.63408	3.1572266
-39.776176	189.69958	3.1669922
-39.776981	190.61858	3.1767578
-39.776203	185.71976	3.1865234
-39.774918	191.15115	3.1962891
-39.775013	195.19772	3.2060547
-39.773582	196.48199	3.2158203
-39.772541	195.69859	3.2255859
-39.771786	189.1002	3.2353516
-39.769642	192.12613	3.2451172
-39.77058	195.51512	3.2548828
-39.769424	196.05905	3.2646484
-39.768486	200.75742	3.2744141
-39.76759	197.33461	3.2841797
-39.767075	196.64757	3.2939453
-39.765343	194.13304	3.3037109
-39.765553	194.48596	3.3134766
-39.76495	197.21124	3.3232422
-39.762989	201.52451	3.3330078
-39.763359	202.19658	3.3427734
-39.761974	196.63914	3.3525391
-39.762108	195.01515	3.3623047
-39.76041	198.19087	3.3720703
-39.759953	200.70901	3.3818359
-39.758858	200.81331	3.3916016
-39.757862	202.41333	3.4013672
-39.757271	201.96837	3.4111328
-39.756519	201.2175	3.4208984
-39.755886	199.61707	3.4306641
-39.754307	198.49744	3.4404297
-39.753735	205.22284	3.4501953
-39.752426	207.5934	3.4599609
-39.751755	205.72765	3.4697266
-39.751736	205.85887	3.4794922
-39.750946	202.8624	3.4892578
-39.750648	204.3232	3.4990234
-39.748978	205.38235	3.5087891
-39.749504	205.20912	3.5185547
-39.746738	210.0948	3.5283203
-39.746979	210.32072	3.5380859
-39.745388	207.85519	3.5478516
-39.744755	204.15561	3.5576172
-39.745895	205.47548	3.5673828
-39.742378	211.5058	3.5771484
-39.74231	212.52603	3.5869141
-39.74218	214.04193	3.5966797
-39.741344	210.72722	3.6064453
-39.740162	209.02022	3.6162109
-39.738186	209.524	3.6259766
-39.739079	210.17128	3.6357422
-39.737213	214.28783	3.6455078
-39.73735	217.32962	3.6552734
-39.735989	215.81567	3.6650391
-39.734879	211.76195	3.6748047
-39.734276	208.759	3.6845703
-39.733616	214.26193	3.6943359
-39.732796	217.68562	3.7041016
-39.731869	218.75685	3.7138672
-39.730694	218.42566	3.7236328
-39.730286	215.77766	3.7333984
-39.730007	214.71732	3.7431641
-39.730068	214.06699	3.7529297
-39.728443	218.59799	3.7626953
-39.728107	222.10258	3.7724609
-39.726379	224.87698	3.7822266
-39.725349	218.826	3.7919922
-39.725563	215.062	3.8017578
-39.725117	217.33543	3.8115234
-39.722157	222.89128	3.8212891
-39.722477	225.7001	3.8310547
-39.722164	223.33023	3.8408203
-39.721165	222.976	3.8505859
-39.720673	220.27133	3.8603516
-39.719452	218.07741	3.8701172
-39.718952	221.86824	3.8798828
-39.718174	223.09296	3.8896484
-39.716621	228.00713	3.8994141
-39.716267	227.92517	3.9091797
-39.716728	221.7155	3.9189453
-39.714951	220.60849	3.9287109
-39.713493	225.20131	3.9384766
-39.711811	228.42993	3.9482422
-39.71183	230.15691	3.9580078
-39.711803	227.94978	3.9677734
-39.709549	229.13625	3.9775391
-39.709137	226.75009	3.9873047
-39.709103	225.46564	3.9970703
-39.707516	227.93539	4.0068359
-39.706829	231.30319	4.0166016
-39.705326	234.9364	4.0263672
-39.7057	230.56526	4.0361328
-39.704357	229.72263	4.0458984
-39.703175	229.69382	4.0556641
-39.702877	231.15767	4.0654297
-39.702026	231.34201	4.0751953
-39.701378	233.28783	4.0849609
-39.700302	235.50583	4.0947266
-39.698261	235.89134	4.1044922
-39.698112	232.82112	4.1142578
-39.697475	230.84764	4.1240234
-39.698177	235.38989	4.1337891
-39.696102	238.09549	4.1435547
-39.695019	238.02661	4.1533203
-39.69487	238.56252	4.1630859
-39.693764	235.54956	4.1728516
-39.693176	235.78439	4.1826172
-39.691837	237.20981	4.1923828
-39.692791	237.37662	4.2021484
-39.691051	241.28067	4.2119141
-39.690155	243.01724	4.2216797
-39.689335	240.71426	4.2314453
-39.688065	237.19078	4.2412109
-39.687328	236.10159	4.2509766
-39.686665	242.02408	4.2607422
-39.686375	243.98694	4.2705078
-39.684719	245.98994	4.2802734
-39.683018	242.75494	4.2900391
-39.682858	241.27219	4.2998047
-39.681873	241.26083	4.3095703
-39.680904	238.21547	4.3193359
-39.679996	246.47131	4.3291016
-39.678589	248.63365	4.3388672
-39.679554	247.57465	4.3486328
-39.677933	244.47803	4.3583984
-39.677624	239.90079	4.3681641
-39.675907	243.6817	4.3779297
-39.676113	249.40222	4.3876953
-39.675865	251.09267	4.3974609
-39.673969	249.06459	4.4072266
-39.673908	247.4855	4.4169922
-39.670929	246.85886	4.4267578
-39.67152	243.70949	4.4365234
-39.670605	249.44589	4.4462891
-39.670185	252.22707	4.4560547
-39.669807	255.73189	4.4658203
-39.667801	251.7316	4.4755859
-39.66782	246.03839	4.4853516
-39.667484	246.79468	4.4951172
-39.665993	250.79709	4.5048828
-39.665733	255.11316	4.5146484
-39.664631	254.05737	4.5244141
-39.662827	255.85785	4.5341797
-39.661777	253.98895	4.5439453
-39.662224	250.66963	4.5537109
-39.660564	253.58987	4.5634766
-39.660408	254.58305	4.5732422
-39.659847	257.63232	4.5830078
-39.65873	257.68088	4.5927734
-39.658733	252.77426	4.6025391
-39.657902	255.4743	4.6123047
-39.656063	254.38434	4.6220703
-39.655159	258.73141	4.6318359
-39.655148	259.60095	4.6416016
-39.654034	258.91342	4.6513672
-39.653797	261.88959	4.6611328
-39.651875	258.97385	4.6708984
-39.652134	257.20645	4.6806641
-39.650532	257.63724	4.6904297
-39.650555	260.20306	4.7001953
-39.64883	265.47107	4.7099609
-39.648216	261.92349	4.7197266
-39.647362	262.27612	4.7294922
-39.645359	259.65854	4.7392578
-39.645325	261.05551	4.7490234
-39.645298	261.84244	4.7587891
-39.644611	263.034	4.7685547
-39.644428	267.00195	4.7783203
-39.641579	269.06128	4.7880859
-39.640781	264.79657	4.7978516
-39.640594	261.86316	4.8076172
-39.6404	264.09967	4.8173828
-39.639706	268.45383	4.8271484
-39.637894	270.79578	4.8369141
-39.636654	270.8624	4.8466797
-39.636997	266.98599	4.8564453
-39.636047	266.24103	4.8662109
-39.636108	266.93753	4.8759766
-39.634647	266.30692	4.8857422
-39.632717	272.0592	4.8955078
-39.632385	274.72107	4.9052734
-39.632072	273.66663	4.9150391
-39.629562	267.55023	4.9248047
-39.629677	266.21634	4.9345703
-39.629501	271.08456	4.9443359
-39.629143	274.2431	4.9541016
-39.628483	276.4809	4.9638672
-39.626598	274.16379	4.9736328
-39.626678	270.99863	4.9833984
-39.626007	273.55521	4.9931641
-39.62513	268.61456	5.0029297
-39.623917	276.06699	5.0126953
-39.623188	278.69449	5.0224609
-39.621582	278.63834	5.0322266
-39.620872	276.62076	5.0419922
-39.621323	269.68637	5.0517578
-39.619259	273.59265	5.0615234
-39.618031	279.28668	5.0712891
-39.61784	280.02103	5.0810547
-39.61768	281.19492	5.0908203
-39.616055	279.40259	5.1005859
-39.615925	277.92096	5.1103516
-39.615746	275.51178	5.1201172
-39.614075	277.47174	5.1298828
-39.614189	280.41022	5.1396484
-39.612831	284.58484	5.1494141
-39.612556	284.15485	5.1591797
-39.610676	277.46368	5.1689453
-39.609768	278.2305	5.1787109
-39.609787	282.29764	5.1884766
-39.607731	283.07462	5.1982422
-39.607681	284.33347	5.2080078
-39.606586	285.46701	5.2177734
-39.605194	283.98181	5.2275391
-39.605103	283.4025	5.2373047
-39.604847	283.04828	5.2470703
-39.60284	284.63782	5.2568359
-39.601345	289.42365	5.2666016
-39.6017	289.39468	5.2763672
-39.599808	286.39233	5.2861328
-39.601288	285.51917	5.2958984
-39.599979	284.79767	5.3056641
-39.598804	286.86975	5.3154297
-39.598721	288.59839	5.3251953
-39.597233	289.19351	5.3349609
-39.595783	291.33884	5.3447266
-39.596085	289.25253	5.3544922
-39.595001	288.59378	5.3642578
-39.594475	286.93503	5.3740234
-39.594051	288.16153	5.3837891
-39.591995	294.34305	5.3935547
-39.590755	294.00275	5.4033203
-39.591419	293.59271	5.4130859
-39.589054	292.01828	5.4228516
-39.590115	290.95261	5.4326172
-39.588158	291.20737	5.4423828
-39.587582	291.52216	5.4521484
-39.586334	297.89423	5.4619141
-39.585068	299.64236	5.4716797
-39.585396	295.81158	5.4814453
-39.583931	291.43207	5.4912109
-39.583057	292.88367	5.5009766
-39.581646	297.0329	5.5107422
-39.581146	300.14896	5.5205078
-39.580223	301.34207	5.5302734
-39.58028	298.84921	5.5400391
-39.578842	296.23517	5.5498047
-39.578377	294.77789	5.5595703
-39.577335	294.94354	5.5693359
-39.577568	300.41855	5.5791016
-39.576466	304.25305	5.5888672
-39.574852	303.23355	5.5986328
-39.573914	299.05984	5.6083984
-39.574268	295.84415	5.6181641
-39.573112	298.77209	5.6279297
-39.571323	304.25592	5.6376953
-39.571209	307.12924	5.6474609
-39.569054	304.33591	5.6572266
-39.56937	303.21536	5.6669922
-39.569073	302.26889	5.6767578
-39.567493	299.58417	5.6865234
-39.566971	303.68701	5.6962891
-39.565945	307.10828	5.7060547
-39.564964	309.383	5.7158203
-39.56419	307.13092	5.7255859
-39.563519	300.02142	5.7353516
-39.56321	302.82828	5.7451172
-39.561638	306.43085	5.7548828
-39.561535	309.45749	5.7646484
-39.560608	311.25763	5.7744141
-39.558655	309.42719	5.7841797
-39.558422	309.58737	5.7939453
-39.558506	305.3107	5.8037109
-39.557827	307.16373	5.8134766
-39.556564	310.17239	5.8232422
-39.555023	314.33517	5.8330078
-39.553669	312.98114	5.8427734
-39.553249	309.82974	5.8525391
-39.552311	307.45331	5.8623047
-39.55138	310.61649	5.8720703
-39.551651	312.83978	5.8818359
-39.551353	315.35959	5.8916016
-39.54895	314.32953	5.9013672
-39.54789	314.21054	5.9111328
-39.548016	314.57593	5.9208984
-39.547844	312.50375	5.9306641
-39.546757	310.55634	5.9404297
-39.546391	314.92612	5.9501953
-39.544205	319.61761	5.9599609
-39.543846	316.67007	5.9697266
-39.542904	317.36096	5.9794922
-39.54221	314.85126	5.9892578
-39.54203	316.34656	5.9990234
-39.54071	317.43817	6.0087891
-39.541039	317.14835	6.0185547
-39.538902	321.6731	6.0283203
-39.538673	322.0639	6.0380859
-39.538406	320.00858	6.0478516
-39.536381	314.22275	6.0576172
-39.536308	317.12741	6.0673828
-39.535255	322.7789	6.0771484
-39.534409	322.42078	6.0869141
-39.532658	325.51996	6.0966797
-39.532639	323.07327	6.1064453
-39.532406	320.91901	6.1162109
-39.530476	321.63861	6.1259766
-39.530457	320.00949	6.1357422
-39.52932	326.97238	6.1455078
-39.529724	331.2244	6.1552734
-39.527424	325.66196	6.1650391
-39.52668	323.03226	6.1748047
-39.525883	319.12042	6.1845703
-39.524628	324.20615	6.1943359
-39.523869	330.85187	6.2041016
-39.524792	330.44678	6.2138672
-39.522888	329.51907	6.2236328
-39.522015	326.11856	6.2333984
-39.521725	325.76749	6.2431641
-39.52021	323.6904	6.2529297
-39.519733	327.77469	6.2626953
-39.518234	332.81076	6.2724609
-39.517204	333.59726	6.2822266
-39.51725	330.33847	6.2919922
-39.515965	325.39011	6.3017578
-39.515247	327.90796	6.3115234
-39.51527	332.87039	6.3212891
-39.514282	335.83734	6.3310547
-39.513222	334.29684	6.3408203
-39.512779	333.5257	6.3505859
-39.510693	330.69855	6.3603516
-39.512058	329.30182	6.3701172
-39.50985	333.03485	6.3798828
-39.509033	334.98859	6.3896484
-39.508892	339.71948	6.3994141
-39.50695	337.28052	6.4091797
-39.506786	330.78555	6.4189453
-39.506374	332.6424	6.4287109
-39.504982	334.18628	6.4384766
-39.505116	338.98926	6.4482422
-39.503254	338.63477	6.4580078
-39.503006	338.07138	6.4677734
-39.502739	339.36703	6.4775391
-39.501019	337.66315	6.4873047
-39.49966	336.41254	6.4970703
-39.499264	337.88083	6.5068359
-39.498459	339.78809	6.5166016
-39.49646	344.43472	6.5263672
-39.496429	340.53546	6.5361328
-39.49593	339.62653	6.5458984
-39.494564	339.70941	6.5556641
-39.494301	339.39331	6.5654297
-39.493977	342.17407	6.5751953
-39.49213	343.13678	6.5849609
-39.49152	343.60309	6.5947266
-39.491467	345.31335	6.6044922
-39.490608	341.84143	6.6142578
-39.488529	339.70691	6.6240234
-39.488842	342.46423	6.6337891
-39.487694	346.82013	6.6435547
-39.486645	348.57913	6.6533203
-39.485897	347.5574	6.6630859
-39.484333	344.75034	6.6728516
-39.48547	345.72171	6.6826172
-39.484501	344.32123	6.6923828
-39.482445	346.48096	6.7021484
-39.481789	349.81488	6.7119141
-39.481106	352.11484	6.7216797
-39.480404	350.14874	6.7314453
-39.479946	345.70963	6.7412109
-39.478065	345.38046	6.7509766
-39.477829	349.83884	6.7607422
-39.477348	352.2572	6.7705078
-39.478397	354.20096	6.7802734
-39.475315	351.63086	6.7900391
-39.474609	348.71423	6.7998047
-39.474026	348.63086	6.8095703
-39.473782	349.74472	6.8193359
-39.473202	355.59451	6.8291016
-39.471783	357.83365	6.8388672
-39.470985	356.71127	6.8486328
-39.470539	353.81989	6.8583984
-39.468357	348.21295	6.8681641
-39.468021	352.8493	6.8779297
-39.467514	357.51657	6.8876953
-39.466824	358.00378	6.8974609
-39.465046	356.67477	6.9072266
-39.46513	355.14374	6.9169922
-39.464069	354.44827	6.9267578
-39.463844	352.94608	6.9365234
-39.462357	356.98547	6.9462891
-39.461651	361.52621	6.9560547
-39.462631	362.28339	6.9658203
-39.459827	359.35056	6.9755859
-39.459923	354.63779	6.9853516
-39.459187	353.98019	6.9951172
-39.457554	359.40765	7.0048828
-39.45789	361.71219	7.0146484
-39.456383	362.72864	7.0244141
-39.456108	361.47321	7.0341797
-39.455185	360.38385	7.0439453
-39.453171	360.21219	7.0537109
-39.453201	361.27112	7.0634766
-39.452305	361.28799	7.0732422
-39.452641	367.04517	7.0830078
-39.450722	366.22406	7.0927734
-39.448738	361.46548	7.1025391
-39.448795	362.50894	7.1123047
-39.447651	363.17584	7.1220703
-39.448147	364.32166	7.1318359
-39.44632	366.83383	7.1416016
-39.446953	365.34659	7.1513672
-39.44521	368.39005	7.1611328
-39.442879	366.0293	7.1708984
-39.443283	364.72919	7.1806641
-39.441788	365.61493	7.1904297
-39.440372	367.92242	7.2001953
-39.440578	372.81729	7.2099609
-39.439552	369.06021	7.2197266
-39.438446	370.39548	7.2294922
-39.438648	368.15356	7.2392578
-39.437187	367.7186	7.2490234
-39.436287	370.36288	7.2587891
-39.436939	369.1311	7.2685547
-39.434925	372.49432	7.2783203
-39.435551	374.77106	7.2880859
-39.433403	370.62192	7.2978516
-39.432945	367.6174	7.3076172
-39.431446	369.89749	7.3173828
-39.430775	374.9292	7.3271484
-39.431366	376.38437	7.3369141
-39.429661	376.15887	7.3466797
-39.427696	373.13824	7.3564453
-39.427509	373.64105	7.3662109
-39.426891	370.8558	7.3759766
-39.424942	373.72144	7.3857422
-39.425766	377.16632	7.3955078
-39.424225	381.25891	7.4052734
-39.424309	380.41739	7.4150391
-39.423183	373.14404	7.4248047
-39.422115	370.16412	7.4345703
-39.419739	375.11801	7.4443359
-39.421215	380.42078	7.4541016
-39.421478	382.78433	7.4638672
-39.419308	380.91183	7.4736328
-39.417767	378.34213	7.4833984
-39.417183	376.55722	7.4931641
-39.416992	374.31317	7.5029297
-39.415806	381.63406	7.5126953
-39.414726	384.57498	7.5224609
-39.413586	385.37286	7.5322266
-39.413471	381.68674	7.5419922
-39.411537	375.97195	7.5517578
-39.410004	379.88638	7.5615234
-39.409992	383.85052	7.5712891
-39.409359	385.82819	7.5810547
-39.409489	386.09827	7.5908203
-39.408253	382.50412	7.6005859
-39.407387	382.93448	7.6103516
-39.407421	379.05243	7.6201172
-39.405731	381.96878	7.6298828
-39.405128	386.4386	7.6396484
-39.404324	388.97498	7.6494141
-39.403591	389.44205	7.6591797
-39.402115	384.31433	7.6689453
-39.401951	383.56299	7.6787109
-39.400532	386.00168	7.6884766
-39.400314	389.22858	7.6982422
-39.399097	389.31741	7.7080078
-39.398262	390.62039	7.7177734
-39.3983	387.38925	7.7275391
-39.39756	387.9549	7.7373047
-39.396908	386.13214	7.7470703
-39.395546	387.30276	7.7568359
-39.394962	391.86127	7.7666016
-39.393974	393.34006	7.7763672
-39.392159	391.58051	7.7861328
-39.392555	390.71548	7.7958984
-39.391212	387.53931	7.8056641
-39.390438	394.14093	7.8154297
-39.389378	391.7858	7.8251953
-39.387909	391.44043	7.8349609
-39.38805	394.66669	7.8447266
-39.387196	394.20276	7.8544922
-39.385918	392.57394	7.8642578
-39.384708	390.12967	7.8740234
-39.382469	393.43793	7.8837891
-39.384556	399.04373	7.8935547
-39.381599	396.91034	7.9033203
-39.381706	398.38583	7.9130859
-39.381351	395.09781	7.9228516
-39.380249	393.66205	7.9326172
-39.379288	395.68674	7.9423828
-39.378681	394.45685	7.9521484
-39.377811	400.73492	7.9619141
-39.377922	402.34464	7.9716797
-39.377457	398.80646	7.9814453
-39.375557	395.86633	7.9912109
-39.374516	394.24564	8.0009766
-39.373447	398.965	8.0107422
-39.373268	404.26093	8.0205078
-39.372093	404.10883	8.0302734
-39.371815	401.38882	8.0400391
-39.371265	399.28125	8.0498047
-39.368118	399.10239	8.0595703
-39.370533	398.25351	8.0693359
-39.367107	402.23248	8.0791016
-39.367455	407.15222	8.0888672
-39.365696	406.66956	8.0986328
-39.365742	400.97958	8.1083984
-39.364021	398.17291	8.1181641
-39.364063	401.02924	8.1279297
-39.362637	405.88409	8.1376953
-39.363075	409.24631	8.1474609
-39.361462	407.65399	8.1572266
-39.361217	405.22363	8.1669922
-39.359135	404.53424	8.1767578
-39.358574	402.81015	8.1865234
-39.358051	407.61166	8.1962891
-39.358498	408.13232	8.2060547
-39.35704	413.01907	8.2158203
-39.355	408.98221	8.2255859
-39.35442	403.56833	8.2353516
-39.354004	405.31497	8.2451172
-39.35429	408.06769	8.2548828
-39.353191	411.94693	8.2646484
-39.3517	412.79712	8.2744141
-39.350201	411.11591	8.2841797
-39.350685	410.33929	8.2939453
-39.348595	408.19656	8.3037109
-39.349003	409.85715	8.3134766
-39.348309	411.13016	8.3232422
-39.346191	414.49164	8.3330078
-39.346233	416.2619	8.3427734
-39.346123	412.00607	8.3525391
-39.343788	409.15573	8.3623047
-39.34391	411.22183	8.3720703
-39.343895	412.40369	8.3818359
-39.342228	415.13712	8.3916016
-39.340771	415.34695	8.4013672
-39.34034	417.28909	8.4111328
-39.339363	416.38693	8.4208984
-39.33913	412.78809	8.4306641
-39.338161	413.91153	8.4404297
-39.336727	415.95517	8.4501953
-39.335442	420.14468	8.4599609
-39.335659	417.97766	8.4697266
-39.336292	417.54385	8.4794922
-39.33474	415.81387	8.4892578
-39.333099	416.19193	8.4990234
-39.332455	417.85507	8.5087891
-39.331459	419.12201	8.5185547
-39.330399	422.80881	8.5283203
-39.330601	422.2587	8.5380859
-39.329666	419.32339	8.5478516
-39.328163	415.26013	8.5576172
-39.327213	416.9509	8.5673828
-39.32777	423.76822	8.5771484
-39.326485	423.94717	8.5869141
-39.326355	426.24579	8.5966797
-39.324524	420.19366	8.6064453
-39.324173	420.87753	8.6162109
-39.321476	420.8175	8.6259766
-39.323463	420.35153	8.6357422
-39.321617	424.8963	8.6455078
-39.320663	426.98846	8.6552734
-39.320255	426.53064	8.6650391
-39.3181	422.44427	8.6748047
-39.318016	420.24271	8.6845703
-39.317478	424.77438	8.6943359
-39.316711	428.76297	8.7041016
-39.314411	429.79782	8.7138672
-39.314922	427.49173	8.7236328
-39.313839	424.42725	8.7333984
-39.313187	424.9072	8.7431641
-39.311954	422.77307	8.7529297
-39.311535	427.21176	8.7626953
-39.310513	431.93863	8.7724609
-39.309921	432.26456	8.7822266
-39.308697	430.00375	8.7919922
-39.308849	423.76788	8.8017578
-39.307308	424.45325	8.8115234
-39.305996	429.68213	8.8212891
-39.305656	432.84875	8.8310547
-39.305233	431.59344	8.8408203
-39.304268	431.17712	8.8505859
-39.303486	429.62262	8.8603516
-39.302258	426.53058	8.8701172
-39.302177	429.79483	8.8798828
-39.301792	431.75101	8.8896484
-39.300423	436.66742	8.8994141
-39.29863	434.38678	8.9091797
-39.297783	430.60623	8.9189453
-39.296997	430.4653	8.9287109
-39.297298	432.77377	8.9384766
-39.293941	435.39438	8.9482422
-39.295006	437.86642	8.9580078
-39.294331	436.78372	8.9677734
-39.29361	437.3125	8.9775391
-39.292057	433.32379	8.9873047
-39.29137	435.16086	8.9970703
-39.29034	434.70599	9.0068359
-39.289593	438.47873	9.0166016
-39.288536	441.4281	9.0263672
-39.2883	436.76593	9.0361328
-39.288853	435.70551	9.0458984
-39.287395	435.64462	9.0556641
-39.285194	436.06299	9.0654297
-39.285702	439.36377	9.0751953
-39.284245	439.45105	9.0849609
-39.283989	442.1665	9.0947266
-39.281178	442.68396	9.1044922
-39.281784	437.2384	9.1142578
-39.2812	437.14886	9.1240234
-39.281418	438.28845	9.1337891
-39.280117	442.32684	9.1435547
-39.278606	445.04495	9.1533203
-39.277081	442.68405	9.1630859
-39.277569	440.7475	9.1728516
-39.276302	441.25687	9.1826172
-39.276314	439.10263	9.1923828
-39.273731	443.29175	9.2021484
-39.273888	446.332	9.2119141
-39.273106	449.95187	9.2216797
-39.272255	447.0723	9.2314453
-39.271503	440.65833	9.2412109
-39.270935	441.02258	9.2509766
-39.269997	445.23041	9.2607422
-39.268936	449.26215	9.2705078
-39.268318	450.58157	9.2802734
-39.26577	446.31122	9.2900391
-39.266418	445.82101	9.2998047
-39.266747	445.77567	9.3095703
-39.264153	442.63	9.3193359
-39.263195	449.83102	9.3291016
-39.263565	452.44562	9.3388672
-39.261791	450.95456	9.3486328
-39.262135	448.3833	9.3583984
-39.261024	443.45844	9.3681641
-39.259342	449.1142	9.3779297
-39.259991	451.50491	9.3876953
-39.258175	454.38895	9.3974609
-39.257717	454.15155	9.4072266
-39.256222	448.91974	9.4169922
-39.255783	448.42047	9.4267578
-39.255741	447.60184	9.4365234
-39.254391	450.46255	9.4462891
-39.254025	456.82449	9.4560547
-39.252228	458.06247	9.4658203
-39.251659	454.8403	9.4755859
-39.251308	447.90344	9.4853516
-39.250595	448.85028	9.4951172
-39.250496	455.38565	9.5048828
-39.247997	457.1998	9.5146484
-39.248692	457.58426	9.5244141
-39.246456	456.40033	9.5341797
-39.247234	453.98944	9.5439453
-39.245308	453.33459	9.5537109
-39.243313	452.82056	9.5634766
-39.243698	455.99261	9.5732422
-39.242741	459.54245	9.5830078
-39.242165	457.82959	9.5927734
-39.241268	455.80893	9.6025391
-39.241367	455.63773	9.6123047
-39.238503	454.85364	9.6220703
-39.238899	458.31723	9.6318359
-39.237732	458.49344	9.6416016
-39.235519	459.0929	9.6513672
-39.235622	462.30759	9.6611328
-39.236629	460.02435	9.6708984
-39.234669	458.89471	9.6806641
-39.23378	456.9556	9.6904297
-39.232746	459.11264	9.7001953
-39.232548	465.30191	9.7099609
-39.231785	462.45013	9.7197266
-39.230358	461.99701	9.7294922
-39.229767	460.53125	9.7392578
-39.229237	460.67578	9.7490234
-39.228889	462.82373	9.7587891
-39.228115	461.48978	9.7685547
-39.226414	464.52161	9.7783203
-39.226231	467.32434	9.7880859
-39.225262	462.38263	9.7978516
-39.224987	461.02933	9.8076172
-39.222668	459.46231	9.8173828
-39.22176	467.57224	9.8271484
-39.223568	467.91757	9.8369141
-39.221218	468.8812	9.8466797
-39.22057	464.32266	9.8564453
-39.220039	463.48453	9.8662109
-39.21946	463.19742	9.8759766
-39.218407	463.75879	9.8857422
-39.217449	468.77563	9.8955078
-39.216442	472.94754	9.9052734
-39.214554	471.33087	9.9150391
-39.214893	466.28049	9.9248047
-39.214325	462.98074	9.9345703
-39.212406	467.38165	9.9443359
-39.212234	472.40094	9.9541016
-39.209698	473.9288	9.9638672
-39.210953	470.8587	9.9736328
-39.210495	469.27618	9.9833984
-39.209766	468.07306	9.9931641
-39.208012	465.93964	10.00293
-39.206753	472.72501	10.012695
-39.205971	473.86649	10.022461
-39.207279	476.35199	10.032227
-39.204472	472.03183	10.041992
-39.203819	466.01257	10.051758
-39.202888	469.32339	10.061523
-39.203205	472.60193	10.071289
-39.200733	477.24527	10.081055
-39.200611	475.68408	10.09082
-39.200336	472.02383	10.100586
-39.198616	472.63495	10.110352
-39.197674	469.3623	10.120117
-39.197128	472.74451	10.129883
-39.196701	474.32935	10.139648
-39.195297	477.85904	10.149414
-39.195641	477.45538	10.15918
-39.193775	472.39221	10.168945
-39.19355	471.54419	10.178711
-39.193333	475.82437	10.188477
-39.191303	476.91663	10.198242
-39.191799	479.82721	10.208008
-39.190399	478.44171	10.217773
-39.188248	478.41046	10.227539
-39.187977	476.32333	10.237305
-39.18734	476.51181	10.24707
-39.186752	474.95209	10.256836
-39.184586	478.79071	10.266602
-39.18449	481.73822	10.276367
-39.183399	479.00812	10.286133
-39.18322	477.28049	10.295898
-39.181698	475.63019	10.305664
-39.181377	478.88812	10.31543
-39.180691	479.85498	10.325195
-39.180367	480.36395	10.334961
-39.179749	483.74481	10.344727
-39.178913	482.04324	10.354492
-39.177952	479.65924	10.364258
-39.176853	476.76257	10.374023
-39.175282	478.40039	10.383789
-39.175106	484.9584	10.393555
-39.174412	483.2825	10.40332
-39.173611	484.52966	10.413086
-39.172947	480.69479	10.422852
-39.172466	480.19116	10.432617
-39.17083	482.0127	10.442383
-39.170574	481.4733	10.452148
-39.169144	485.60849	10.461914
-39.169525	487.71799	10.47168
-39.168114	484.99146	10.481445
-39.16811	480.5433	10.491211
-39.165573	478.93399	10.500977
-39.165798	484.00989	10.510742
-39.164928	489.02643	10.520508
-39.163563	489.09964	10.530273
-39.162796	485.66467	10.540039
-39.162281	482.54477	10.549805
-39.16106	483.40695	10.55957
-39.160149	483.47739	10.569336
-39.160103	486.76807	10.579102
-39.158424	491.95279	10.588867
-39.158031	490.64377	10.598633
-39.158337	485.57068	10.608398
-39.155422	481.47626	10.618164
-39.154636	484.7962	10.62793
-39.154728	490.29431	10.637695
-39.155071	492.98529	10.647461
-39.153637	490.71909	10.657227
-39.152943	487.66806	10.666992
-39.15136	487.11038	10.676758
-39.151463	486.51758	10.686523
-39.150505	489.2966	10.696289
-39.149792	491.42563	10.706055
-39.148903	495.56393	10.71582
-39.147472	492.37671	10.725586
-39.147469	485.7854	10.735352
-39.145992	487.44568	10.745117
-39.145184	490.7908	10.754883
-39.144161	494.05307	10.764648
-39.144138	495.3736	10.774414
-39.14172	491.02393	10.78418
-39.142979	493.44159	10.793945
-39.141373	489.34384	10.803711
-39.140053	491.96136	10.813477
-39.138794	492.96027	10.823242
-39.139034	495.48047	10.833008
-39.137115	497.54129	10.842773
-39.137375	491.74689	10.852539
-39.135731	492.40137	10.862305
-39.136536	492.46536	10.87207
-39.135204	493.73419	10.881836
-39.134083	497.01947	10.891602
-39.133625	494.72745	10.901367
-39.131802	496.60574	10.911133
-39.131077	495.6199	10.920898
-39.130615	493.67725	10.930664
-39.129635	492.42227	10.94043
-39.129177	496.48395	10.950195
-39.128334	499.71585	10.959961
-39.128288	499.27448	10.969727
-39.127411	497.61554	10.979492
-39.125694	495.21384	10.989258
-39.124718	495.36761	10.999023
-39.122978	497.32614	11.008789
-39.122585	499.01813	11.018555
-39.122341	501.24408	11.02832
-39.121742	501.36249	11.038086
-39.120117	499.75183	11.047852
-39.119938	493.69092	11.057617
-39.119431	495.56653	11.067383
-39.119373	500.54007	11.077148
-39.116989	503.72952	11.086914
-39.117252	503.30002	11.09668
-39.1166	499.64291	11.106445
-39.114822	497.34778	11.116211
-39.113708	499.01358	11.125977
-39.112682	497.91281	11.135742
-39.111927	503.49838	11.145508
-39.112186	505.22714	11.155273
-39.111507	502.9278	11.165039
-39.109867	499.52731	11.174805
-39.109501	495.89438	11.18457
-39.108021	500.50259	11.194336
-39.107891	505.16528	11.204102
-39.106289	507.29926	11.213867
-39.107037	504.2243	11.223633
-39.105293	501.35117	11.233398
-39.104763	500.65076	11.243164
-39.103966	498.52054	11.25293
-39.103725	504.15063	11.262695
-39.101551	508.28571	11.272461
-39.101204	508.53699	11.282227
-39.100277	505.3082	11.291992
-39.099483	498.83459	11.301758
-39.099972	501.23352	11.311523
-39.099026	504.90619	11.321289
-39.09734	508.07803	11.331055
-39.095947	507.31665	11.34082
-39.095291	506.76877	11.350586
-39.095139	504.09274	11.360352
-39.094196	503.69937	11.370117
-39.092136	505.84717	11.379883
-39.092869	506.8804	11.389648
-39.092171	510.54959	11.399414
-39.090267	509.00919	11.40918
-39.090168	502.85388	11.418945
-39.08926	503.59988	11.428711
-39.087536	505.95917	11.438477
-39.087692	508.44467	11.448242
-39.087288	509.49173	11.458008
-39.0863	509.2764	11.467773
-39.084816	509.24545	11.477539
-39.08363	506.30145	11.487305
-39.082512	505.90372	11.49707
-39.082577	506.19595	11.506836
-39.081905	511.07687	11.516602
-39.081699	512.6698	11.526367
-39.080723	509.95428	11.536133
-39.079937	507.99973	11.545898
-39.078579	508.65781	11.555664
-39.077572	508.55637	11.56543
-39.07663	511.69885	11.575195
-39.076153	509.784	11.584961
-39.075397	512.47864	11.594727
-39.075321	512.35577	11.604492
-39.072468	508.45129	11.614258
-39.072819	507.17188	11.624023
-39.071659	508.1752	11.633789
-39.070313	514.08014	11.643555
-39.070171	512.88031	11.65332
-39.069595	510.45084	11.663086
-39.068829	510.03842	11.672852
-39.069244	509.20981	11.682617
-39.06826	509.31931	11.692383
-39.064701	510.25967	11.702148
-39.065247	514.75305	11.711914
-39.06559	516.61658	11.72168
-39.063404	513.28534	11.731445
-39.063217	509.11124	11.741211
-39.061756	507.53928	11.750977
-39.061932	513.3595	11.760742
-39.061909	515.84698	11.770508
-39.059814	518.45349	11.780273
-39.059475	513.2691	11.790039
-39.057701	511.17264	11.799805
-39.055641	510.96387	11.80957
-39.056831	510.77576	11.819336
-39.055283	515.90222	11.829102
-39.054226	516.86005	11.838867
-39.054981	518.00446	11.848633
-39.053196	513.73138	11.858398
-39.05267	508.49496	11.868164
-39.051716	512.76978	11.87793
-39.051235	516.36694	11.887695
-39.049267	519.24573	11.897461
-39.049374	517.62262	11.907227
-39.047791	514.28589	11.916992
-39.04678	514.80164	11.926758
-39.046555	510.55383	11.936523
-39.046513	514.56061	11.946289
-39.045197	518.44904	11.956055
-39.04422	519.68671	11.96582
-39.04414	519.03827	11.975586
-39.042576	511.29568	11.985352
-39.040993	513.26788	11.995117
-39.041328	516.51624	12.004883
-39.040649	518.44525	12.014648
-39.039288	518.39716	12.024414
-39.038727	517.3009	12.03418
-39.037296	516.51837	12.043945
-39.037056	514.65601	12.053711
-39.035942	513.99561	12.063477
-39.036167	516.13489	12.073242
-39.034138	520.95544	12.083008
-39.033085	520.87872	12.092773
-39.032661	516.39539	12.102539
-39.031666	514.48639	12.112305
-39.031254	515.18726	12.12207
-39.030048	518.28363	12.131836
-39.029526	519.49854	12.141602
-39.02742	518.87335	12.151367
-39.027653	519.27698	12.161133
-39.027531	519.23187	12.170898
-39.025806	514.37122	12.180664
-39.026287	515.71271	12.19043
-39.024265	518.06897	12.200195
-39.024281	523.77789	12.209961
-39.023224	520.27783	12.219727
-39.021782	519.44427	12.229492
-39.021244	515.12946	12.239258
-39.020336	517.4433	12.249023
-39.020145	519.28748	12.258789
-39.018169	517.29413	12.268555
-39.019089	522.30438	12.27832
-39.017811	523.06934	12.288086
-39.015656	519.35919	12.297852
-39.016548	517.48309	12.307617
-39.014629	514.92719	12.317383
-39.014034	523.3385	12.327148
-39.013477	523.7005	12.336914
-39.013245	521.19592	12.34668
-39.012196	519.02545	12.356445
-39.010956	517.42841	12.366211
-39.010941	518.6369	12.375977
-39.009556	517.69879	12.385742
-39.008575	521.93616	12.395508
-39.008572	524.45648	12.405273
-39.006893	522.67529	12.415039
-39.006298	517.58069	12.424805
-39.005383	515.21667	12.43457
-39.003216	518.39258	12.444336
-39.004387	524.47504	12.454102
-39.004047	524.39417	12.463867
-39.002151	522.4071	12.473633
-39.002033	519.65918	12.483398
-39.000336	517.49237	12.493164
-38.999546	516.55029	12.50293
-38.999454	520.42535	12.512695
-38.997654	522.57068	12.522461
-38.995777	524.75317	12.532227
-38.995575	520.30841	12.541992
-38.994823	514.64685	12.551758
-38.994209	516.7995	12.561523
-38.994556	522.12006	12.571289
-38.992477	524.42999	12.581055
-38.991989	523.35016	12.59082
-38.991497	519.09772	12.600586
-38.990498	521.56366	12.610352
-38.989796	516.36139	12.620117
-38.989094	521.11932	12.629883
-38.987694	523.46478	12.639648
-38.987232	524.07245	12.649414
-38.985287	525.12878	12.65918
-38.986137	518.47357	12.668945
-38.985382	518.42267	12.678711
-38.983307	521.89264	12.688477
-38.983955	523.32446	12.698242
-38.982376	524.56989	12.708008
-38.980995	523.52008	12.717773
-38.980461	522.92737	12.727539
-38.980106	522.38214	12.737305
-38.979713	518.92828	12.74707
-38.978451	520.05469	12.756836
-38.977448	522.58099	12.766602
-38.976768	526.35254	12.776367
-38.975719	523.85724	12.786133
-38.975124	520.13483	12.795898
-38.974346	519.63684	12.805664
-38.97282	521.93091	12.81543
-38.97123	521.82367	12.825195
-38.971565	523.08972	12.834961
-38.971394	524.67151	12.844727
-38.970665	525.02112	12.854492
-38.969936	520.77228	12.864258
-38.968975	517.28711	12.874023
-38.968941	521.17548	12.883789
-38.966648	525.78497	12.893555
-38.967503	524.00452	12.90332
-38.964977	526.3941	12.913086
-38.964298	520.6488	12.922852
-38.9641	521.20532	12.932617
-38.962521	521.29413	12.942383
-38.961666	520.97845	12.952148
-38.960781	526.76245	12.961914
-38.960243	525.20697	12.97168
-38.959782	523.32507	12.981445
-38.959511	520.11737	12.991211
-38.957584	516.64758	13.000977
-38.958107	522.70459	13.010742
-38.956444	526.49475	13.020508
-38.956619	526.18335	13.030273
-38.955269	523.87756	13.040039
-38.954056	518.69995	13.049805
-38.953125	521.56726	13.05957
-38.953934	518.70013	13.069336
-38.951233	523.53992	13.079102
-38.951508	527.53711	13.088867
-38.950806	525.2901	13.098633
-38.949532	521.67554	13.108398
-38.947742	516.03491	13.118164
-38.948509	518.39136	13.12793
-38.946877	526.33984	13.137695
-38.946388	526.17261	13.147461
-38.944946	524.80231	13.157227
-38.94519	521.72369	13.166992
-38.94376	519.2511	13.176758
-38.942387	518.4599	13.186523
-38.94186	521.3501	13.196289
-38.941345	525.65491	13.206055
-38.940144	528.1687	13.21582
-38.939007	524.00177	13.225586
-38.937607	516.78168	13.235352
-38.938801	520.3158	13.245117
-38.938343	522.05914	13.254883
-38.935268	524.62799	13.264648
-38.935173	525.04144	13.274414
-38.934742	522.79901	13.28418
-38.934361	523.08807	13.293945
-38.93261	519.0545	13.303711
-38.931408	520.00543	13.313477
-38.931744	522.52057	13.323242
-38.930908	524.68976	13.333008
-38.929371	527.27789	13.342773
-38.927937	520.34491	13.352539
-38.927803	521.57721	13.362305
-38.927689	519.68256	13.37207
-38.926952	520.49963	13.381836
-38.925655	524.85077	13.391602
-38.924572	522.15857	13.401367
-38.923035	524.7251	13.411133
-38.922783	523.25153	13.420898
-38.922165	519.57214	13.430664
-38.921803	519.36121	13.44043
-38.920147	521.50177	13.450195
-38.920033	525.7384	13.459961
-38.918964	523.75861	13.469727
-38.91925	521.91571	13.479492
-38.917053	521.04443	13.489258
-38.915924	521.04474	13.499023
-38.915634	520.07104	13.508789
-38.915771	521.04535	13.518555
-38.912971	523.48676	13.52832
-38.91309	524.95715	13.538086
-38.913143	521.23346	13.547852
-38.910519	517.87561	13.557617
-38.910236	518.33759	13.567383
-38.9104	522.84363	13.577148
-38.908829	525.13397	13.586914
-38.907928	524.75104	13.59668
-38.906933	519.81183	13.606445
-38.906151	519.19757	13.616211
-38.906624	519.95081	13.625977
-38.905998	519.23181	13.635742
-38.903824	525.29016	13.645508
-38.903667	526.05566	13.655273
-38.902508	523.32935	13.665039
-38.90173	518.87476	13.674805
-38.900719	513.49078	13.68457
-38.900383	519.17584	13.694336
-38.899632	523.95068	13.704102
-38.899601	524.96405	13.713867
-38.897404	524.30499	13.723633
-38.896984	517.03833	13.733398
-38.897369	519.25958	13.743164
-38.895576	515.97583	13.75293
-38.894867	521.27844	13.762695
-38.894585	525.45563	13.772461
-38.893143	524.88422	13.782227
-38.890926	521.89905	13.791992
-38.891159	515.34308	13.801758
-38.890564	518.01202	13.811523
-38.888512	522.18018	13.821289
-38.889484	524.47748	13.831055
-38.88863	523.63019	13.84082
-38.888065	520.55182	13.850586
-38.886307	519.87579	13.860352
-38.886215	518.48718	13.870117
-38.88501	519.49829	13.879883
-38.885376	521.7608	13.889648
-38.883644	524.56689	13.899414
-38.882259	524.78607	13.90918
-38.881859	516.63324	13.918945
-38.881271	517.87756	13.928711
-38.879009	517.25806	13.938477
-38.879204	521.46094	13.948242
-38.878635	522.64276	13.958008
-38.878403	520.05988	13.967773
-38.877983	521.12756	13.977539
-38.876747	518.08936	13.987305
-38.874813	518.00525	13.99707
-38.874546	518.10809	14.006836
-38.874233	519.91742	14.016602
-38.872055	525.16943	14.026367
-38.871647	518.53876	14.036133
-38.871201	519.38055	14.045898
-38.87085	516.46246	14.055664
-38.869072	517.74347	14.06543
-38.867809	521.5592	14.075195
-38.867802	519.35449	14.084961
-38.866798	521.60382	14.094727
-38.868099	522.26947	14.104492
-38.865734	516.8916	14.114258
-38.863052	516.66803	14.124023
-38.862995	515.97375	14.133789
-38.863323	523.12872	14.143555
-38.861568	521.3338	14.15332
-38.861839	519.53754	14.163086
-38.860435	518.20941	14.172852
-38.859982	515.39172	14.182617
-38.859467	517.01575	14.192383
-38.857418	517.85175	14.202148
-38.85696	521.32544	14.211914
-38.856613	523.4516	14.22168
-38.856689	520.53119	14.231445
-38.854351	514.76251	14.241211
-38.853485	513.5282	14.250977
-38.853065	517.59601	14.260742
-38.851955	523.24487	14.270508
-38.851398	522.83459	14.280273
-38.850559	518.19604	14.290039
-38.849773	516.22711	14.299805
-38.849625	515.87006	14.30957
-38.84827	514.73792	14.319336
-38.847588	521.01355	14.329102
-38.846165	521.34778	14.338867
-38.846111	521.88788	14.348633
-38.844772	517.58044	14.358398
-38.843555	510.40143	14.368164
-38.842636	516.92578	14.37793
-38.842068	518.83875	14.387695
-38.841713	521.86768	14.397461
-38.840733	522.0614	14.407227
-38.840748	517.02997	14.416992
-38.839092	515.72974	14.426758
-38.838486	513.66577	14.436523
-38.83778	516.82806	14.446289
-38.837246	519.20483	14.456055
-38.835621	521.04865	14.46582
-38.834988	519.9115	14.475586
-38.835186	512.60504	14.485352
-38.83424	513.58087	14.495117
-38.832253	518.28003	14.504883
-38.832188	519.98676	14.514648
-38.830784	520.41663	14.524414
-38.828968	517.87292	14.53418
-38.829956	517.88171	14.543945
-38.828316	516.59772	14.553711
-38.82756	515.07208	14.563477
-38.827095	516.2179	14.573242
-38.82634	520.26587	14.583008
-38.825661	519.71588	14.592773
-38.82478	514.71393	14.602539
-38.823009	514.49597	14.612305
-38.824215	515.03918	14.62207
-38.822186	517.72784	14.631836
-38.822197	517.92175	14.641602
-38.820232	517.41211	14.651367
-38.81971	518.23834	14.661133
-38.819298	515.93707	14.670898
-38.818939	516.21387	14.680664
-38.816319	511.89346	14.69043
-38.816078	515.44153	14.700195
-38.816589	520.23871	14.709961
-38.815002	517.6283	14.719727
-38.814899	517.18829	14.729492
-38.813454	514.37286	14.739258
-38.812382	512.67621	14.749023
-38.811062	517.10657	14.758789
-38.810741	515.05878	14.768555
-38.809517	519.24902	14.77832
-38.808601	518.65082	14.788086
-38.80777	515.78888	14.797852
-38.807114	513.0343	14.807617
-38.806454	510.7482	14.817383
-38.80645	518.54596	14.827148
-38.805382	519.08057	14.836914
-38.804123	518.65167	14.84668
-38.80331	515.18542	14.856445
-38.802456	512.56549	14.866211
-38.801777	514.46478	14.875977
-38.799709	513.12836	14.885742
-38.799179	518.67529	14.895508
-38.798401	522.16455	14.905273
-38.798313	517.27521	14.915039
-38.798153	513.2334	14.924805
-38.796959	509.86862	14.93457
-38.797192	513.89728	14.944336
-38.794823	519.44012	14.954102
-38.795238	520.66272	14.963867
-38.793697	516.68695	14.973633
-38.792194	513.84912	14.983398
-38.793125	514.29736	14.993164
-38.791557	510.21689	15.00293
-38.789841	517.50952	15.012695
-38.789959	517.80176	15.022461
-38.788769	520.77234	15.032227
-38.788643	514.55078	15.041992
-38.787025	510.11389	15.051758
-38.78669	511.49469	15.061523
-38.78587	516.78137	15.071289
-38.783943	519.27191	15.081055
-38.78558	518.54132	15.09082
-38.78228	514.53448	15.100586
-38.782703	514.55432	15.110352
-38.780811	511.88599	15.120117
-38.780987	514.45233	15.129883
-38.779072	515.71942	15.139648
-38.779034	517.95746	15.149414
-38.779022	518.57117	15.15918
-38.777939	511.82986	15.168945
-38.776573	512.98596	15.178711
-38.775162	513.6261	15.188477
-38.774818	515.11414	15.198242
-38.774529	517.83392	15.208008
-38.773468	515.3335	15.217773
-38.771797	515.40186	15.227539
-38.772049	513.82172	15.237305
-38.771626	512.48895	15.24707
-38.770618	514.45898	15.256836
-38.769085	515.67932	15.266602
-38.768906	520.31427	15.276367
-38.768799	516.25159	15.286133
-38.766888	513.73114	15.295898
-38.765881	512.89026	15.305664
-38.766239	514.50134	15.31543
-38.763924	513.89093	15.325195
-38.762806	516.39789	15.334961
-38.762802	515.5213	15.344727
-38.762733	516.12848	15.354492
-38.761341	513.05603	15.364258
-38.759045	508.94952	15.374023
-38.758514	512.13385	15.383789
-38.758606	518.96411	15.393555
-38.758457	517.55774	15.40332
-38.757267	517.11859	15.413086
-38.755383	512.2323	15.422852
-38.755672	511.12253	15.432617
-38.755852	514.35181	15.442383
-38.754444	510.93869	15.452148
-38.753506	517.50311	15.461914
-38.752045	517.37415	15.47168
-38.750565	513.98615	15.481445
-38.749035	510.54419	15.491211
-38.750443	509.18842	15.500977
-38.750435	514.38879	15.510742
-38.747704	517.18823	15.520508
-38.746986	518.01349	15.530273
-38.746647	514.79181	15.540039
-38.745312	509.85593	15.549805
-38.745449	512.526	15.55957
-38.743771	511.21964	15.569336
-38.743111	516.46606	15.579102
-38.742462	517.23468	15.588867
-38.74147	517.28693	15.598633
-38.739944	512.2182	15.608398
-38.739635	507.30432	15.618164
-38.739017	510.47946	15.62793
-38.738075	516.9505	15.637695
-38.736721	517.53992	15.647461
-38.737415	515.50287	15.657227
-38.735538	512.11731	15.666992
-38.734467	512.73236	15.676758
-38.733879	509.75348	15.686523
-38.732487	512.67218	15.696289
-38.733257	516.64722	15.706055
-38.731796	517.70593	15.71582
-38.732601	514.98425	15.725586
-38.729649	508.59619	15.735352
-38.72876	509.14801	15.745117
-38.727291	511.22604	15.754883
-38.728733	514.87097	15.764648
-38.727337	516.06342	15.774414
-38.726837	514.05267	15.78418
-38.724052	513.96539	15.793945
-38.724541	509.92715	15.803711
-38.723141	511.7135	15.813477
-38.723507	513.51709	15.823242
-38.721935	514.37274	15.833008
-38.720108	518.23029	15.842773
-38.721325	510.51361	15.852539
-38.719398	511.02496	15.862305
-38.718948	510.63049	15.87207
-38.718605	511.56271	15.881836
-38.71677	515.63623	15.891602
-38.715698	512.88733	15.901367
-38.715683	515.07526	15.911133
-38.715355	513.54822	15.920898
-38.71368	509.60797	15.930664
-38.71233	511.18939	15.94043
-38.712543	511.11496	15.950195
-38.711151	515.89197	15.959961
-38.710674	513.63416	15.969727
-38.709827	512.58569	15.979492
-38.70858	509.44025	15.989258
-38.709091	509.75085	15.999023
-38.707115	511.88223	16.008789
-38.706966	511.70569	16.018555
-38.705307	514.64917	16.02832
-38.705257	515.07483	16.038086
-38.705143	512.33093	16.047852
-38.702705	508.67688	16.057617
-38.702602	509.59009	16.067383
-38.701534	514.10651	16.077148
-38.701496	515.15485	16.086914
-38.700172	515.41125	16.09668
-38.6996	510.27875	16.106445
-38.698254	509.25516	16.116211
-38.697903	509.8338	16.125977
-38.697208	508.11743	16.135742
-38.696136	515.44427	16.145508
-38.694649	516.62054	16.155273
-38.694889	514.70276	16.165039
-38.694126	510.84381	16.174805
-38.693687	505.85104	16.18457
-38.692287	511.62802	16.194336
-38.691486	513.58118	16.204102
-38.690174	516.20074	16.213867
-38.68919	514.49554	16.223633
-38.688858	508.0347	16.233398
-38.68866	509.89081	16.243164
-38.687458	507.16251	16.25293
-38.685524	512.61523	16.262695
-38.684853	515.91516	16.272461
-38.684723	515.59204	16.282227
-38.683884	512.40918	16.291992
-38.682766	506.12927	16.301758
-38.681885	506.95181	16.311523
-38.681431	512.63568	16.321289
-38.680229	515.08344	16.331055
-38.679573	513.40509	16.34082
-38.678379	510.93231	16.350586
-38.677753	509.53268	16.360352
-38.677933	508.39807	16.370117
-38.676208	510.84839	16.379883
-38.675728	511.29239	16.389648
-38.67458	513.59589	16.399414
-38.673843	514.77173	16.40918
-38.674156	509.24945	16.418945
-38.672096	508.44418	16.428711
-38.671795	510.01163	16.438477
-38.671696	512.56189	16.448242
-38.66964	512.4021	16.458008
-38.669415	510.73837	16.467773
-38.66827	511.95795	16.477539
-38.6675	509.57196	16.487305
-38.667427	508.63248	16.49707
-38.666183	506.93698	16.506836
-38.66489	510.4614	16.516602
-38.663631	515.13068	16.526367
-38.664421	509.46951	16.536133
-38.662834	509.99738	16.545898
-38.661049	507.32733	16.555664
-38.66172	508.16422	16.56543
-38.66032	512.51819	16.575195
-38.659775	509.14514	16.584961
-38.66016	512.60077	16.594727
-38.658203	512.10187	16.604492
-38.658005	507.83627	16.614258
-38.655666	509.04251	16.624023
-38.656174	507.20139	16.633789
-38.654533	512.80908	16.643555
-38.654598	512.39966	16.65332
-38.653191	510.99921	16.663086
-38.6521	508.62848	16.672852
-38.651737	506.81598	16.682617
-38.651848	509.16528	16.692383
-38.649151	508.69839	16.702148
-38.649158	513.81396	16.711914
-38.647678	515.0498	16.72168
-38.647476	511.87234	16.731445
-38.646748	506.73938	16.741211
-38.646584	504.60834	16.750977
-38.645035	509.82339	16.760742
-38.64349	514.72595	16.770508
-38.642445	514.77234	16.780273
-38.641968	511.24536	16.790039
-38.641468	507.05658	16.799805
-38.640625	506.93463	16.80957
-38.640171	506.31784	16.819336
-38.639805	511.95563	16.829102
-38.638851	514.75403	16.838867
-38.639076	513.79834	16.848633
-38.636177	508.95959	16.858398
-38.636345	503.88913	16.868164
-38.634579	508.36407	16.87793
-38.633137	510.61118	16.887695
-38.633209	514.15271	16.897461
-38.632214	512.79156	16.907227
-38.632122	507.16718	16.916992
-38.631081	508.00198	16.926758
-38.630142	504.95322	16.936523
-38.630356	511.53183	16.946289
-38.628242	512.38885	16.956055
-38.627285	513.88422	16.96582
-38.626255	513.04688	16.975586
-38.625252	504.1138	16.985352
-38.625423	505.83954	16.995117
-38.623127	508.08591	17.004883
-38.623798	510.48398	17.014648
-38.623009	513.40131	17.024414
-38.621162	507.54898	17.03418
-38.62006	508.9736	17.043945
-38.620529	507.15649	17.053711
-38.61961	505.24854	17.063477
-38.618656	508.16489	17.073242
-38.618458	510.90054	17.083008
-38.61734	512.89191	17.092773
-38.61655	507.73776	17.102539
-38.616009	507.50095	17.112305
-38.614933	508.33719	17.12207
-38.614693	509.98282	17.131836
-38.613132	510.94342	17.141602
-38.611683	511.41202	17.151367
-38.611286	510.26541	17.161133
-38.61013	508.49628	17.170898
-38.610729	507.38712	17.180664
-38.60902	506.23941	17.19043
-38.608215	507.54446	17.200195
-38.607986	513.38367	17.209961
-38.60664	510.79709	17.219727
-38.605923	509.5238	17.229492
-38.604652	505.14734	17.239258
-38.605129	506.62082	17.249023
-38.603691	507.85678	17.258789
-38.603207	505.1492	17.268555
-38.60162	510.93137	17.27832
-38.601727	511.46793	17.288086
-38.599621	507.2999	17.297852
-38.599224	505.64975	17.307617
-38.599598	503.21817	17.317383
-38.597084	511.16742	17.327148
-38.597187	513.85913	17.336914
-38.595436	510.29031	17.34668
-38.596241	508.81897	17.356445
-38.594551	504.95911	17.366211
-38.592945	507.77798	17.375977
-38.593384	505.52881	17.385742
-38.591621	511.5838	17.395508
-38.591053	513.11212	17.405273
-38.590832	509.53281	17.415039
-38.589695	507.17615	17.424805
-38.590309	502.02905	17.43457
-38.588013	504.37213	17.444336
-38.587402	511.38281	17.454102
-38.586506	512.34058	17.463867
-38.585869	510.03152	17.473633
-38.584377	506.18881	17.483398
-38.583782	506.15936	17.493164
-38.582672	505.91977	17.50293
-38.582565	509.89145	17.512695
-38.582184	511.16617	17.522461
-38.579777	512.23022	17.532227
-38.579765	508.23523	17.541992
-38.578529	502.1366	17.551758
-38.577847	504.46356	17.561523
-38.576878	507.75336	17.571289
-38.575939	511.43051	17.581055
-38.574795	509.86819	17.59082
-38.57526	505.32858	17.600586
-38.573753	507.18652	17.610352
-38.573009	504.04846	17.620117
-38.571716	506.33185	17.629883
-38.573029	508.35275	17.639648
-38.570393	509.92441	17.649414
-38.568958	511.63287	17.65918
-38.56892	503.67575	17.668945
-38.568424	505.55615	17.678711
-38.56752	505.9231	17.688477
-38.567417	508.25162	17.698242
-38.565685	511.69431	17.708008
-38.565643	507.30228	17.717773
-38.563694	509.06711	17.727539
-38.563847	505.85757	17.737305
-38.562317	504.81595	17.74707
-38.561569	504.87442	17.756836
-38.5606	508.73416	17.766602
-38.56012	512.01074	17.776367
-38.560059	508.5206	17.786133
-38.558662	506.64014	17.795898
-38.556732	505.39285	17.805664
-38.556656	507.1799	17.81543
-38.555496	508.38684	17.825195
-38.554714	508.19916	17.834961
-38.553783	507.69489	17.844727
-38.553333	509.3382	17.854492
-38.553295	505.89865	17.864258
-38.552151	503.82428	17.874023
-38.549919	506.06836	17.883789
-38.549725	509.8501	17.893555
-38.549305	510.32578	17.90332
-38.548569	510.28018	17.913086
-38.547806	505.60492	17.922852
-38.547581	505.62186	17.932617
-38.546383	506.47354	17.942383
-38.546318	505.79166	17.952148
-38.545475	509.89694	17.961914
-38.543377	511.88321	17.97168
-38.542664	507.70276	17.981445
-38.542297	504.69452	17.991211
-38.539898	501.02072	18.000977
-38.5401	506.383	18.010742
-38.54081	510.6994	18.020508
-38.53899	511.70932	18.030273
-38.538601	507.78741	18.040039
-38.538872	502.7345	18.049805
-38.536442	505.25134	18.05957
-38.535545	502.75015	18.069336
-38.534546	511.09003	18.079102
-38.534058	512.20612	18.088867
-38.53297	509.2988	18.098633
-38.532413	507.9736	18.108398
-38.532452	500.91858	18.118164
-38.532127	503.20709	18.12793
-38.530468	508.89557	18.137695
-38.529255	512.05139	18.147461
-38.528194	510.44965	18.157227
-38.527847	505.82535	18.166992
-38.527199	505.66037	18.176758
-38.52668	504.74191	18.186523
-38.526711	505.46121	18.196289
-38.52335	508.73471	18.206055
-38.523163	511.60162	18.21582
-38.522106	509.59796	18.225586
-38.522121	504.30786	18.235352
-38.521633	504.29584	18.245117
-38.520256	506.16574	18.254883
-38.519741	509.3165	18.264648
-38.518044	509.41537	18.274414
-38.517433	507.86929	18.28418
-38.516506	506.60629	18.293945
-38.516998	505.35303	18.303711
-38.515484	505.37289	18.313477
-38.513332	506.12576	18.323242
-38.51363	508.3345	18.333008
-38.512344	512.10687	18.342773
-38.513237	504.63666	18.352539
-38.51136	504.04913	18.362305
-38.510712	503.37964	18.37207
-38.509796	506.37881	18.381836
-38.508461	509.6857	18.391602
-38.506702	505.47784	18.401367
-38.507858	509.24252	18.411133
-38.506046	507.03638	18.420898
-38.505432	504.42874	18.430664
-38.504715	504.2832	18.44043
-38.503651	503.64322	18.450195
-38.501995	511.0079	18.459961
-38.502884	507.71939	18.469727
-38.502033	506.87985	18.479492
-38.5009	504.45587	18.489258
-38.500385	504.29077	18.499023
-38.498844	505.50098	18.508789
-38.498039	505.21988	18.518555
-38.496655	510.3945	18.52832
-38.495972	510.39804	18.538086
-38.496609	505.90326	18.547852
-38.49485	502.91913	18.557617
-38.49424	502.21133	18.567383
-38.493885	507.44498	18.577148
-38.492661	510.57547	18.586914
-38.491692	510.38934	18.59668
-38.490467	505.17105	18.606445
-38.489204	502.97916	18.616211
-38.489616	504.15503	18.625977
-38.487583	502.86578	18.635742
-38.48708	508.87524	18.645508
-38.486885	509.36758	18.655273
-38.486183	508.83328	18.665039
-38.485806	504.44226	18.674805
-38.484928	499.13193	18.68457
-38.48418	504.33539	18.694336
-38.482346	508.70688	18.704102
-38.481865	509.72379	18.713867
-38.48093	506.82748	18.723633
-38.48061	503.34613	18.733398
-38.479492	504.02707	18.743164
-38.478405	501.51639	18.75293
-38.478233	507.52527	18.762695
-38.477348	508.9668	18.772461
-38.476349	509.24115	18.782227
-38.474949	507.23505	18.791992
-38.475636	498.72424	18.801758
-38.473778	501.68704	18.811523
-38.472492	507.70236	18.821289
-38.472279	508.81757	18.831055
-38.471771	509.32651	18.84082
-38.470627	503.6925	18.850586
-38.469719	505.50653	18.860352
-38.46904	502.79712	18.870117
-38.46867	504.23749	18.879883
-38.466976	506.93875	18.889648
-38.466225	508.53284	18.899414
-38.466045	508.23325	18.90918
-38.465782	502.47061	18.918945
-38.464645	502.11154	18.928711
-38.464741	504.34512	18.938477
-38.462395	505.90314	18.948242
-38.460064	508.32886	18.958008
-38.462166	506.67065	18.967773
-38.45895	506.63638	18.977539
-38.459164	504.12576	18.987305
-38.459133	502.14929	18.99707
-38.457695	501.35492	19.006836
-38.457211	505.33765	19.016602
-38.455269	511.01874	19.026367
-38.454906	504.77362	19.036133
-38.454327	506.70804	19.045898
-38.45335	501.93005	19.055664
-38.453938	504.62436	19.06543
-38.452019	507.13055	19.075195
-38.451176	505.4422	19.084961
-38.450554	508.24213	19.094727
-38.449726	506.03348	19.104492
-38.448589	505.1828	19.114258
-38.447998	501.2753	19.124023
-38.446911	502.24597	19.133789
-38.445461	509.24951	19.143555
-38.445038	508.31799	19.15332
-38.445259	508.12799	19.163086
-38.443996	504.42194	19.172852
-38.443211	501.85181	19.182617
-38.443306	504.33029	19.192383
-38.440811	502.57181	19.202148
-38.440598	508.03769	19.211914
-38.439487	510.25766	19.22168
-38.43792	505.44351	19.231445
-38.437645	503.71671	19.241211
-38.437878	499.85617	19.250977
-38.436146	505.43643	19.260742
-38.435753	509.09918	19.270508
-38.434887	508.18497	19.280273
-38.433853	506.35291	19.290039
-38.432579	503.66599	19.299805
-38.432541	502.50162	19.30957
-38.431393	501.32053	19.319336
-38.431591	507.55005	19.329102
-38.430649	508.8421	19.338867
-38.429905	509.20105	19.348633
-38.428463	504.55927	19.358398
-38.427101	499.23669	19.368164
-38.426258	503.00305	19.37793
-38.426613	506.03879	19.387695
-38.424072	511.13547	19.397461
-38.424438	507.41959	19.407227
-38.422752	504.15628	19.416992
-38.42165	506.4386	19.426758
-38.420773	501.27405	19.436523
-38.421093	505.1861	19.446289
-38.419758	507.98105	19.456055
-38.41972	509.20886	19.46582
-38.417511	508.05814	19.475586
-38.416557	500.14233	19.485352
-38.417812	503.02969	19.495117
-38.415733	503.78723	19.504883
-38.415722	506.64075	19.514648
-38.413883	509.10742	19.524414
-38.413532	504.04382	19.53418
-38.412254	505.28848	19.543945
-38.412148	502.63159	19.553711
-38.410397	503.10486	19.563477
-38.411026	504.57114	19.573242
-38.409412	505.78201	19.583008
-38.409275	509.89813	19.592773
-38.409737	505.0195	19.602539
-38.407589	501.70923	19.612305
-38.407196	502.85727	19.62207
-38.405453	504.81815	19.631836
-38.4048	507.82095	19.641602
-38.403606	506.66266	19.651367
-38.403042	505.34415	19.661133
-38.402313	504.28503	19.670898
-38.401642	503.05737	19.680664
-38.400696	500.32126	19.69043
-38.398792	503.97992	19.700195
-38.398788	509.35983	19.709961
-38.398308	505.3432	19.719727
-38.39772	505.86383	19.729492
-38.3965	502.72958	19.739258
-38.395573	503.42215	19.749023
-38.394978	506.09506	19.758789
-38.3946	502.57562	19.768555
-38.393433	508.71915	19.77832
-38.393005	507.03842	19.788086
-38.391853	504.52435	19.797852
-38.390793	500.50037	19.807617
-38.389782	500.1409	19.817383
-38.389317	506.27469	19.827148
-38.388184	508.16702	19.836914
-38.387604	507.08313	19.84668
-38.387058	503.5166	19.856445
-38.386604	501.2312	19.866211
-38.385406	502.11227	19.875977
-38.384121	500.46021	19.885742
-38.383575	506.05447	19.895508
-38.382328	509.78781	19.905273
-38.382336	505.43869	19.915039
-38.380085	501.93036	19.924805
-38.379696	499.07339	19.93457
-38.378838	502.54346	19.944336
-38.377575	507.6608	19.954102
-38.378761	508.12506	19.963867
-38.377724	506.2124	19.973633
-38.376175	502.4104	19.983398
-38.376431	501.55002	19.993164
-38.374973	500.60986	20.00293
-38.37476	504.52222	20.012695


Data Header:			0.254_hd_uprint_typeiv_4545_r0			Time:	29.77002	s	4/13/2019 7:17:18 PM
Data Acquisition:	Timed
Station Name:	ft40.cfg
Test File Name:	monotonic_0.2540_typeiv_hd_4545_uprint.tst
Displacement	Force	Running Time
mm	N	s
-38.372055	506.27954	20.022461
-38.371346	508.23175	20.032227
-38.371323	504.77405	20.041992
-38.370518	500.16003	20.051758
-38.370289	500.48114	20.061523
-38.369469	503.9938	20.071289
-38.367908	507.52026	20.081055
-38.367142	507.20428	20.09082
-38.366257	504.64636	20.100586
-38.365551	503.80676	20.110352
-38.365265	498.86206	20.120117
-38.364216	501.93692	20.129883
-38.363388	503.62253	20.139648
-38.362022	506.83224	20.149414
-38.361897	506.80972	20.15918
-38.361294	498.60938	20.168945
-38.359577	501.49286	20.178711
-38.359573	502.91574	20.188477
-38.358784	503.80618	20.198242
-38.358028	506.67197	20.208008
-38.357323	502.89847	20.217773
-38.355568	504.67401	20.227539
-38.354469	503.77856	20.237305
-38.35413	501.78998	20.24707
-38.353561	502.74719	20.256836
-38.351917	504.30066	20.266602
-38.352585	509.15314	20.276367
-38.350971	503.34698	20.286133
-38.350395	502.43176	20.295898
-38.349373	500.63754	20.305664
-38.348309	502.17224	20.31543
-38.346718	504.17703	20.325195
-38.347172	503.77625	20.334961
-38.345947	506.39612	20.344727
-38.344666	506.11316	20.354492
-38.343708	501.71072	20.364258
-38.344467	500.10889	20.374023
-38.3424	501.50793	20.383789
-38.34288	505.50925	20.393555
-38.341297	507.77209	20.40332
-38.340714	506.91473	20.413086
-38.33918	501.41043	20.422852
-38.33839	500.65012	20.432617
-38.337818	503.11829	20.442383
-38.336689	501.40912	20.452148
-38.336441	507.08163	20.461914
-38.335621	506.70041	20.47168
-38.33527	505.70129	20.481445
-38.333454	499.99329	20.491211
-38.333675	497.49701	20.500977
-38.332844	503.70251	20.510742
-38.330849	507.3194	20.520508
-38.33083	509.13632	20.530273
-38.330688	504.02313	20.540039
-38.32917	500.87674	20.549805
-38.329182	502.81662	20.55957
-38.326939	497.92987	20.569336
-38.325966	504.66907	20.579102
-38.326103	508.4483	20.588867
-38.325359	505.69946	20.598633
-38.324566	503.54974	20.608398
-38.323906	496.24338	20.618164
-38.322655	500.88876	20.62793
-38.322666	505.98175	20.637695
-38.32151	506.81229	20.647461
-38.319767	506.89828	20.657227
-38.318485	501.91586	20.666992
-38.317329	500.43814	20.676758
-38.317314	501.14935	20.686523
-38.316841	500.06104	20.696289
-38.316868	507.17349	20.706055
-38.314995	507.37225	20.71582
-38.314224	506.09006	20.725586
-38.31398	498.82944	20.735352
-38.313183	498.93814	20.745117
-38.311707	503.46194	20.754883
-38.311489	505.30255	20.764648
-38.310459	506.5127	20.774414
-38.31007	503.71933	20.78418
-38.30864	502.56015	20.793945
-38.308582	501.05035	20.803711
-38.307541	500.86975	20.813477
-38.306225	502.38312	20.823242
-38.305447	505.78891	20.833008
-38.303852	508.44788	20.842773
-38.303997	501.45935	20.852539
-38.303352	500.81259	20.862305
-38.302643	499.49374	20.87207
-38.301987	502.90103	20.881836
-38.300838	506.15723	20.891602
-38.298058	502.20377	20.901367
-38.299339	504.04202	20.911133
-38.298763	502.82889	20.920898
-38.297871	499.59949	20.930664
-38.296284	500.44556	20.94043
-38.295696	500.80164	20.950195
-38.295509	507.24411	20.959961
-38.294071	504.93808	20.969727
-38.293552	502.30438	20.979492
-38.292053	499.02518	20.989258
-38.291748	500.08066	20.999023
-38.290058	502.34534	21.008789
-38.291164	501.93329	21.018555
-38.289803	505.51517	21.02832
-38.288738	506.02966	21.038086
-38.287868	502.44629	21.047852
-38.287571	500.08118	21.057617
-38.284447	497.35727	21.067383
-38.285286	503.67612	21.077148
-38.283718	506.74188	21.086914
-38.284176	503.53534	21.09668
-38.282158	501.19006	21.106445
-38.282509	498.84988	21.116211
-38.282284	499.75906	21.125977
-38.281273	498.82782	21.135742
-38.279808	504.75906	21.145508
-38.279179	505.88751	21.155273
-38.277378	505.54776	21.165039
-38.276947	499.52069	21.174805
-38.275105	495.50662	21.18457
-38.274746	500.12476	21.194336
-38.274151	504.94928	21.204102
-38.274078	507.87579	21.213867
-38.272114	502.43866	21.223633
-38.271751	497.88199	21.233398
-38.272778	499.23776	21.243164
-38.269978	496.43854	21.25293
-38.269699	503.267	21.262695
-38.268967	503.33823	21.272461
-38.268238	505.35559	21.282227
-38.267326	503.85785	21.291992
-38.267376	496.80063	21.301758
-38.26601	498.01056	21.311523
-38.263702	501.22559	21.321289
-38.264206	505.04559	21.331055
-38.26392	506.09909	21.34082
-38.263023	501.30157	21.350586
-38.261673	501.3768	21.360352
-38.259865	499.62979	21.370117
-38.260529	499.31781	21.379883
-38.25893	502.14587	21.389648
-38.256897	505.97012	21.399414
-38.257061	505.1806	21.40918
-38.256912	500.02246	21.418945
-38.256336	498.32477	21.428711
-38.254654	501.03867	21.438477
-38.254326	502.10791	21.448242
-38.253933	502.22534	21.458008
-38.251938	501.70773	21.467773
-38.251461	501.73837	21.477539
-38.251339	501.20865	21.487305
-38.250763	499.8168	21.49707
-38.249649	498.36658	21.506836
-38.24839	502.68228	21.516602
-38.246529	505.65601	21.526367
-38.24683	500.91483	21.536133
-38.245632	501.50937	21.545898
-38.245689	496.87872	21.555664
-38.245419	500.24478	21.56543
-38.243206	502.20328	21.575195
-38.241928	502.60168	21.584961
-38.24155	503.73871	21.594727
-38.240936	502.71594	21.604492
-38.240997	500.64044	21.614258
-38.239956	498.25681	21.624023
-38.23888	497.80219	21.633789
-38.237328	504.92722	21.643555
-38.236305	504.60876	21.65332
-38.236313	504.16095	21.663086
-38.234535	499.8566	21.672852
-38.235527	497.69086	21.682617
-38.233829	499.40237	21.692383
-38.232876	500.13602	21.702148
-38.232178	505.02359	21.711914
-38.23148	506.23245	21.72168
-38.231186	501.09351	21.731445
-38.230526	498.94232	21.741211
-38.228626	494.47644	21.750977
-38.227936	502.64252	21.760742
-38.227589	506.91617	21.770508
-38.226311	503.57913	21.780273
-38.22633	501.93756	21.790039
-38.225456	498.68347	21.799805
-38.224751	499.04715	21.80957
-38.223129	496.74454	21.819336
-38.221691	503.61197	21.829102
-38.221695	504.72342	21.838867
-38.221127	504.75568	21.848633
-38.221615	500.63474	21.858398
-38.219044	496.07953	21.868164
-38.218693	497.94852	21.87793
-38.217739	502.7536	21.887695
-38.217545	505.98431	21.897461
-38.215717	504.04395	21.907227
-38.215565	499.06378	21.916992
-38.214802	500.19647	21.926758
-38.213047	498.06726	21.936523
-38.212585	502.634	21.946289
-38.212917	502.84494	21.956055
-38.212017	505.29575	21.96582
-38.209366	504.60904	21.975586
-38.210114	496.48355	21.985352
-38.208817	498.31958	21.995117
-38.206718	500.22812	22.004883
-38.209026	504.47821	22.014648
-38.206654	505.19843	22.024414
-38.204876	501.23346	22.03418
-38.205299	500.38766	22.043945
-38.204269	499.24109	22.053711
-38.203495	498.71945	22.063477
-38.202633	501.11002	22.073242
-38.200947	503.05032	22.083008
-38.201141	506.67273	22.092773
-38.198898	500.0199	22.102539
-38.198956	499.27246	22.112305
-38.197578	498.84067	22.12207
-38.197136	501.69684	22.131836
-38.195164	503.54361	22.141602
-38.195885	502.37256	22.151367
-38.193798	502.99899	22.161133
-38.194664	501.6485	22.170898
-38.193508	498.86966	22.180664
-38.192013	498.33707	22.19043
-38.191086	499.37177	22.200195
-38.190662	503.9035	22.209961
-38.189312	502.62094	22.219727
-38.189838	501.10477	22.229492
-38.188847	498.53183	22.239258
-38.187454	498.59973	22.249023
-38.186596	500.82123	22.258789
-38.186169	499.1521	22.268555
-38.185169	503.97504	22.27832
-38.184067	503.39764	22.288086
-38.182213	501.12689	22.297852
-38.182205	496.71396	22.307617
-38.181953	495.24402	22.317383
-38.179688	502.15143	22.327148
-38.18066	504.10736	22.336914
-38.180058	505.33002	22.34668
-38.178722	500.61249	22.356445
-38.17712	496.92661	22.366211
-38.176346	499.09683	22.375977
-38.175907	497.91248	22.385742
-38.175011	502.6207	22.395508
-38.174717	504.94467	22.405273
-38.174023	501.87009	22.415039
-38.172264	500.32098	22.424805
-38.171658	494.03589	22.43457
-38.170795	498.2084	22.444336
-38.16975	504.87073	22.454102
-38.169048	504.52203	22.463867
-38.168289	503.04626	22.473633
-38.167969	497.91455	22.483398
-38.167191	497.19675	22.493164
-38.166939	496.85071	22.50293
-38.166584	501.25247	22.512695
-38.163815	503.55579	22.522461
-38.163521	504.1142	22.532227
-38.162262	501.33859	22.541992
-38.161983	495.96542	22.551758
-38.161064	496.65378	22.561523
-38.160889	503.07083	22.571289
-38.159775	503.73685	22.581055
-38.157413	502.22336	22.59082
-38.157925	498.31857	22.600586
-38.158649	499.28973	22.610352
-38.157406	497.67917	22.620117
-38.155739	498.65588	22.629883
-38.155434	500.01996	22.639648
-38.154106	504.47638	22.649414
-38.152386	504.33749	22.65918
-38.152897	497.22919	22.668945
-38.151127	498.45908	22.678711
-38.150311	498.04797	22.688477
-38.150585	502.74796	22.698242
-38.148865	503.01456	22.708008
-38.147503	500.36371	22.717773
-38.147549	501.76941	22.727539
-38.146805	499.27896	22.737305
-38.145699	497.29413	22.74707
-38.144901	499.26208	22.756836
-38.144981	499.91382	22.766602
-38.143089	505.46503	22.776367
-38.143433	501.55313	22.786133
-38.142094	499.59412	22.795898
-38.140556	497.06839	22.805664
-38.139656	497.93936	22.81543
-38.138901	501.29987	22.825195
-38.138882	499.56427	22.834961
-38.138756	503.93839	22.844727
-38.13736	501.80728	22.854492
-38.135159	497.39633	22.864258
-38.136219	496.92163	22.874023
-38.135124	495.39334	22.883789
-38.134235	501.20508	22.893555
-38.132656	504.49753	22.90332
-38.131214	503.27444	22.913086
-38.131504	497.61832	22.922852
-38.130394	496.95477	22.932617
-38.128109	499.23636	22.942383
-38.12991	499.08472	22.952148
-38.127441	503.58838	22.961914
-38.127483	503.71231	22.97168
-38.126404	501.88751	22.981445
-38.124813	497.03427	22.991211
-38.125755	495.24683	23.000977
-38.123703	499.45258	23.010742
-38.123749	503.32831	23.020508
-38.12347	505.71637	23.030273
-38.122578	499.89383	23.040039
-38.12014	496.66754	23.049805
-38.121159	497.78394	23.05957
-38.11982	496.71152	23.069336
-38.117817	502.49619	23.079102
-38.117653	502.57516	23.088867
-38.11731	503.4668	23.098633
-38.115383	498.73993	23.108398
-38.115139	493.55838	23.118164
-38.113483	497.17487	23.12793
-38.112793	501.70105	23.137695
-38.112514	501.72763	23.147461
-38.111744	502.63263	23.157227
-38.111431	496.72794	23.166992
-38.110638	498.21295	23.176758
-38.109615	496.51834	23.186523
-38.108593	497.55994	23.196289
-38.108433	501.79721	23.206055
-38.107319	502.6918	23.21582
-38.10643	501.82779	23.225586
-38.104595	495.45309	23.235352
-38.104832	495.95053	23.245117
-38.103767	498.79669	23.254883
-38.101765	502.63913	23.264648
-38.102104	502.47372	23.274414
-38.100456	501.08731	23.28418
-38.100273	499.5325	23.293945
-38.09914	498.33215	23.303711
-38.098682	496.65729	23.313477
-38.097927	497.96774	23.323242
-38.097157	500.43768	23.333008
-38.097019	502.93005	23.342773
-38.096355	498.11569	23.352539
-38.095402	499.00095	23.362305
-38.094208	496.51212	23.37207
-38.092663	498.16388	23.381836
-38.092396	502.58868	23.391602
-38.092617	499.16064	23.401367
-38.089741	502.12766	23.411133
-38.089054	500.37485	23.420898
-38.088955	497.40463	23.430664
-38.088261	496.38049	23.44043
-38.086475	496.74954	23.450195
-38.086792	504.46027	23.459961
-38.08606	501.66983	23.469727
-38.084686	498.8222	23.479492
-38.082962	496.51965	23.489258
-38.083553	495.15952	23.499023
-38.082676	499.83133	23.508789
-38.08255	498.46045	23.518555
-38.081196	502.3912	23.52832
-38.07967	501.98477	23.538086
-38.079239	498.06277	23.547852
-38.078178	495.82556	23.557617
-38.077785	493.62643	23.567383
-38.077438	499.20798	23.577148
-38.075584	504.53513	23.586914
-38.075363	501.40674	23.59668
-38.074165	497.66916	23.606445
-38.073872	494.66138	23.616211
-38.07246	496.93549	23.625977
-38.072205	496.19882	23.635742
-38.070618	501.33209	23.645508
-38.070503	503.22049	23.655273
-38.069901	501.9592	23.665039
-38.068512	497.37784	23.674805
-38.06686	493.09848	23.68457
-38.067039	496.80078	23.694336
-38.065277	502.27005	23.704102
-38.065147	503.569	23.713867
-38.064587	500.53101	23.723633
-38.062607	496.18854	23.733398
-38.063522	497.82129	23.743164
-38.061771	494.66751	23.75293
-38.060551	500.37109	23.762695
-38.061016	500.81909	23.772461
-38.059723	503.15164	23.782227
-38.058022	499.5072	23.791992
-38.057804	492.78024	23.801758
-38.057159	495.9903	23.811523
-38.055737	498.96085	23.821289
-38.056145	502.23203	23.831055
-38.055248	502.27643	23.84082
-38.053585	497.48276	23.850586
-38.053909	496.06485	23.860352
-38.05307	495.53543	23.870117
-38.05267	497.02435	23.879883
-38.050682	499.05771	23.889648
-38.05048	499.98279	23.899414
-38.049572	501.85651	23.90918
-38.049221	496.17856	23.918945
-38.047325	496.62036	23.928711
-38.046505	496.1709	23.938477
-38.046551	499.50156	23.948242
-38.044285	500.8363	23.958008
-38.044205	497.65753	23.967773
-38.043064	498.67313	23.977539
-38.04306	498.23206	23.987305
-38.040966	496.42838	23.99707
-38.041153	495.00262	24.006836
-38.040268	498.04865	24.016602
-38.038994	502.54636	24.026367
-38.037899	498.90909	24.036133
-38.038128	497.6962	24.045898
-38.036465	494.46838	24.055664
-38.035698	498.65802	24.06543
-38.035267	498.92075	24.075195
-38.035103	498.09659	24.084961
-38.03373	501.47855	24.094727
-38.032597	498.96851	24.104492
-38.031971	497.52301	24.114258
-38.03149	495.74817	24.124023
-38.030525	493.93964	24.133789
-38.029236	500.5285	24.143555
-38.029167	503.19998	24.15332
-38.02832	500.90271	24.163086
-38.027424	497.03418	24.172852
-38.027081	494.37814	24.182617
-38.02425	499.46805	24.192383
-38.024956	496.22357	24.202148
-38.024414	502.4678	24.211914
-38.023792	503.72977	24.22168
-38.022545	498.36035	24.231445
-38.021328	496.31168	24.241211
-38.019806	492.17361	24.250977
-38.020462	497.31183	24.260742
-38.0191	502.20801	24.270508
-38.019207	501.25348	24.280273
-38.018692	499.75586	24.290039
-38.015911	494.05435	24.299805
-38.016537	495.95273	24.30957
-38.014778	496.66135	24.319336
-38.013397	499.49509	24.329102
-38.01292	501.63864	24.338867
-38.012295	500.18143	24.348633
-38.011566	496.19131	24.358398
-38.011688	491.47104	24.368164
-38.010616	494.95605	24.37793
-38.009106	500.16379	24.387695
-38.00806	502.6564	24.397461
-38.007248	500.17609	24.407227
-38.007648	495.94153	24.416992
-38.005486	495.8833	24.426758
-38.006153	495.42819	24.436523
-38.004848	498.89172	24.446289
-38.003128	498.46921	24.456055
-38.003834	501.33484	24.46582
-38.003044	500.87369	24.475586
-38.001141	491.56512	24.485352
-38.000893	495.68832	24.495117
-38.000092	496.6839	24.504883
-37.999973	498.53455	24.514648
-37.997879	501.98358	24.524414
-37.997272	495.72992	24.53418
-37.997082	496.47809	24.543945
-37.995667	496.67285	24.553711
-37.994995	494.4838	24.563477
-37.993515	497.11877	24.573242
-37.992912	498.30576	24.583008
-37.992386	501.06567	24.592773
-37.991032	497.31342	24.602539
-37.990788	496.15747	24.612305
-37.9897	496.37387	24.62207
-37.989273	497.80847	24.631836
-37.98772	499.04019	24.641602
-37.988663	498.3428	24.651367
-37.98613	499.78357	24.661133
-37.985764	498.65302	24.670898
-37.98513	495.35516	24.680664
-37.983582	494.88831	24.69043
-37.983143	496.56473	24.700195
-37.982426	500.991	24.709961
-37.980965	501.06836	24.719727
-37.979984	498.68872	24.729492
-37.979534	494.66385	24.739258
-37.978954	495.00677	24.749023
-37.978348	496.88693	24.758789
-37.977547	496.23172	24.768555
-37.976025	500.73672	24.77832
-37.975529	498.45227	24.788086
-37.975193	497.15897	24.797852
-37.973709	493.41678	24.807617
-37.973866	493.61017	24.817383
-37.972633	498.94406	24.827148
-37.971542	500.03497	24.836914
-37.970982	500.60196	24.84668
-37.970051	496.16629	24.856445
-37.970627	493.51965	24.866211
-37.968632	496.21262	24.875977
-37.96706	494.61008	24.885742
-37.967361	501.57248	24.895508
-37.965256	501.4187	24.905273
-37.965195	500.02551	24.915039
-37.965218	496.34531	24.924805
-37.96357	490.65247	24.93457
-37.96328	495.09647	24.944336
-37.961891	501.03735	24.954102
-37.961285	500.63336	24.963867
-37.961155	498.4321	24.973633
-37.959843	493.77216	24.983398
-37.958172	494.50839	24.993164
-37.957935	493.27396	25.00293
-37.956703	497.14371	25.012695
-37.957005	499.70944	25.022461
-37.955368	499.61792	25.032227
-37.9548	498.02863	25.041992
-37.954124	490.16428	25.051758
-37.951954	494.05051	25.061523
-37.952724	498.92163	25.071289
-37.950695	500.75443	25.081055
-37.950066	499.45059	25.09082
-37.949928	496.38126	25.100586
-37.948692	495.70938	25.110352
-37.947807	493.16727	25.120117
-37.946053	495.12155	25.129883
-37.946236	496.46805	25.139648
-37.945717	500.4754	25.149414
-37.944683	499.35507	25.15918
-37.944466	493.02802	25.168945
-37.943352	492.87585	25.178711
-37.942249	493.53867	25.188477
-37.942604	498.11307	25.198242
-37.940468	499.92514	25.208008
-37.939129	495.63297	25.217773
-37.938526	496.43604	25.227539
-37.937866	493.98828	25.237305
-37.937531	493.53094	25.24707
-37.937012	493.02081	25.256836
-37.937668	492.99017	25.266602
-37.934761	502.07825	25.276367
-37.935001	497.57977	25.286133
-37.933174	495.01462	25.295898
-37.930935	492.4841	25.305664
-37.932301	494.19553	25.31543
-37.931931	497.94522	25.325195
-37.930805	495.92654	25.334961
-37.929985	499.37994	25.344727
-37.928661	500.33801	25.354492
-37.926693	494.78375	25.364258
-37.927773	493.31256	25.374023
-37.926025	492.16959	25.383789
-37.925602	497.87146	25.393555
-37.924442	499.98981	25.40332
-37.924694	499.34995	25.413086
-37.921928	493.95978	25.422852
-37.921257	493.17514	25.432617
-37.921185	494.32285	25.442383
-37.920265	495.78638	25.452148
-37.919876	498.38217	25.461914
-37.918865	500.30505	25.47168
-37.918255	495.90384	25.481445
-37.917389	493.25085	25.491211
-37.915623	489.43707	25.500977
-37.91573	496.70477	25.510742
-37.913773	499.49023	25.520508
-37.913429	500.03415	25.530273
-37.912735	495.11005	25.540039
-37.912128	491.07999	25.549805
-37.911572	493.55353	25.55957
-37.910496	490.26163	25.569336
-37.909069	498.22974	25.579102
-37.909271	498.68839	25.588867
-37.9081	498.12656	25.598633
-37.907413	494.57596	25.608398
-37.905388	488.06293	25.618164
-37.906261	493.34103	25.62793
-37.9053	498.29279	25.637695
-37.90453	498.3082	25.647461
-37.903576	498.31519	25.657227
-37.90258	491.97891	25.666992
-37.902546	492.98636	25.676758
-37.901157	492.51401	25.686523
-37.899654	494.60251	25.696289
-37.899559	496.91599	25.706055
-37.898121	498.45224	25.71582
-37.898109	498.2543	25.725586
-37.897579	492.41412	25.735352
-37.895306	491.74493	25.745117
-37.895733	492.65881	25.754883
-37.894417	497.55252	25.764648
-37.894463	499.52454	25.774414
-37.894009	494.89401	25.78418
-37.891903	494.25189	25.793945
-37.89043	493.95258	25.803711
-37.889751	493.40695	25.813477
-37.890182	493.61896	25.823242
-37.888813	495.47388	25.833008
-37.888512	498.57333	25.842773
-37.887005	493.89224	25.852539
-37.886654	493.49658	25.862305
-37.885777	490.04416	25.87207
-37.88483	494.62543	25.881836
-37.883842	495.83881	25.891602
-37.88271	494.93951	25.901367
-37.881966	495.87286	25.911133
-37.881317	495.99411	25.920898
-37.880852	493.40192	25.930664
-37.87925	490.51712	25.94043
-37.880123	490.86633	25.950195
-37.879486	499.02573	25.959961
-37.878071	496.76202	25.969727
-37.877087	494.64807	25.979492
-37.876564	491.34225	25.989258
-37.874905	491.14441	25.999023
-37.875126	495.0083	26.008789
-37.873344	492.59879	26.018555
-37.871906	498.82217	26.02832
-37.871384	498.22391	26.038086
-37.870056	492.27527	26.047852
-37.869827	490.81866	26.057617
-37.869347	488.63513	26.067383
-37.867348	495.56903	26.077148
-37.867985	499.14212	26.086914
-37.866817	496.5744	26.09668
-37.866695	493.81982	26.106445
-37.865234	490.25278	26.116211
-37.864361	491.26883	26.125977
-37.86377	492.25531	26.135742
-37.863911	497.10526	26.145508
-37.861732	497.022	26.155273
-37.861183	496.15268	26.165039
-37.860844	491.79779	26.174805
-37.860756	488.05817	26.18457
-37.859272	492.91498	26.194336
-37.857891	496.89627	26.204102
-37.857025	498.9762	26.213867
-37.856575	493.66391	26.223633
-37.85519	490.39948	26.233398
-37.854519	492.73749	26.243164
-37.854218	491.64166	26.25293
-37.852898	494.84229	26.262695
-37.852539	495.21753	26.272461
-37.851017	497.29764	26.282227
-37.85006	495.06778	26.291992
-37.849236	487.39789	26.301758
-37.847992	491.07077	26.311523
-37.848751	493.93332	26.321289
-37.847061	496.82697	26.331055
-37.845734	498.20392	26.34082
-37.845516	491.8027	26.350586
-37.843391	493.02396	26.360352
-37.844334	492.94955	26.370117
-37.8428	491.15631	26.379883
-37.842037	495.80002	26.389648
-37.842918	495.23062	26.399414
-37.840134	498.08154	26.40918
-37.839508	491.39044	26.418945
-37.839523	490.00754	26.428711
-37.83852	492.00345	26.438477
-37.837681	492.52426	26.448242
-37.835659	495.46497	26.458008
-37.836655	493.58777	26.467773
-37.835426	491.58572	26.477539
-37.834797	491.10751	26.487305
-37.832825	490.60959	26.49707
-37.833202	490.76151	26.506836
-37.8325	491.59872	26.516602
-37.830334	497.69537	26.526367
-37.831005	495.15182	26.536133
-37.829273	491.99188	26.545898
-37.828812	487.19958	26.555664
-37.827118	490.7439	26.56543
-37.826904	493.04279	26.575195
-37.825783	491.74152	26.584961
-37.825581	495.54727	26.594727
-37.824722	492.7363	26.604492
-37.824734	491.46603	26.614258
-37.822548	488.86407	26.624023
-37.822159	488.50574	26.633789
-37.820831	495.57202	26.643555
-37.820614	496.10855	26.65332
-37.819771	494.47418	26.663086
-37.818581	491.12097	26.672852
-37.817341	488.24185	26.682617
-37.817387	491.17249	26.692383
-37.817097	489.58542	26.702148
-37.814884	495.98367	26.711914
-37.815449	495.3121	26.72168
-37.813278	492.22021	26.731445
-37.81324	489.60272	26.741211
-37.812172	485.28378	26.750977
-37.81263	491.7641	26.760742
-37.810448	496.25049	26.770508
-37.809978	495.59912	26.780273
-37.809101	491.98151	26.790039
-37.808338	487.8895	26.799805
-37.807175	489.87802	26.80957
-37.806492	489.05881	26.819336
-37.805779	491.91397	26.829102
-37.805431	495.00208	26.838867
-37.803825	494.34232	26.848633
-37.80402	491.27927	26.858398
-37.802414	485.24368	26.868164
-37.802322	488.85474	26.87793
-37.801228	492.62668	26.887695
-37.799889	496.21887	26.897461
-37.79937	492.03934	26.907227
-37.798031	488.05408	26.916992
-37.79755	487.00876	26.926758
-37.796715	487.95853	26.936523
-37.796391	488.36383	26.946289
-37.79528	491.17725	26.956055
-37.79467	492.29541	26.96582
-37.793221	492.24521	26.975586
-37.793991	485.91415	26.985352
-37.79166	486.69257	26.995117
-37.790863	488.26913	27.004883
-37.791199	492.92627	27.014648
-37.789906	494.28558	27.024414
-37.787655	488.43619	27.03418
-37.787445	488.94052	27.043945
-37.78751	488.02631	27.053711
-37.786396	486.70929	27.063477
-37.785995	489.15048	27.073242
-37.78381	489.75745	27.083008
-37.784027	494.36929	27.092773
-37.783089	489.63904	27.102539
-37.7822	486.80627	27.112305
-37.782341	487.06198	27.12207
-37.780273	487.58698	27.131836
-37.77903	492.09351	27.141602
-37.77969	489.33252	27.151367
-37.778275	490.59894	27.161133
-37.77652	489.03	27.170898
-37.7761	486.82346	27.180664
-37.775028	485.48929	27.19043
-37.774509	486.64838	27.200195
-37.774197	491.82883	27.209961
-37.772453	492.68359	27.219727
-37.771507	488.81259	27.229492
-37.771664	484.18298	27.239258
-37.771648	483.89481	27.249023
-37.770264	486.64862	27.258789
-37.768875	487.03287	27.268555
-37.769287	490.57047	27.27832
-37.7668	489.83658	27.288086
-37.767582	486.94913	27.297852
-37.766022	481.28278	27.307617
-37.764465	480.23218	27.317383
-37.76437	484.63965	27.327148
-37.763271	489.95874	27.336914
-37.762245	489.25278	27.34668
-37.762272	483.58524	27.356445
-37.761169	479.49026	27.366211
-37.760719	483.52115	27.375977
-37.758759	482.05502	27.385742
-37.759033	486.41888	27.395508
-37.756897	488.44485	27.405273
-37.757233	485.85095	27.415039
-37.756237	481.08636	27.424805
-37.756363	475.89758	27.43457
-37.754154	478.60605	27.444336
-37.754208	484.69992	27.454102
-37.753162	484.90109	27.463867
-37.751945	481.76889	27.473633
-37.75071	474.8298	27.483398
-37.751221	475.30045	27.493164
-37.749535	475.34793	27.50293
-37.749237	476.54361	27.512695
-37.747314	475.56796	27.522461
-37.746933	473.14679	27.532227
-37.747616	468.78012	27.541992
-37.741211	-65.794434	27.551758
-37.741959	-39.011772	27.561523
-37.74102	-19.191889	27.571289
-37.740688	-41.420437	27.581055
-37.740662	-41.257813	27.59082
-37.740635	-47.671463	27.600586
-37.738758	-39.60004	27.610352
-37.739029	-42.500156	27.620117
-37.737644	-43.183231	27.629883
-37.73737	-41.309753	27.639648
-37.737	-39.84037	27.649414
-37.735249	-37.084595	27.65918
-37.734592	-43.452538	27.668945
-37.734875	-43.990639	27.678711
-37.733788	-45.483242	27.688477
-37.732807	-40.623199	27.698242
-37.73193	-38.834183	27.708008
-37.731552	-43.119846	27.717773
-37.730328	-40.985584	27.727539
-37.729187	-42.834953	27.737305
-37.728848	-45.11829	27.74707
-37.727406	-43.185665	27.756836
-37.727192	-43.395908	27.766602
-37.726433	-36.193638	27.776367
-37.725838	-40.432693	27.786133
-37.725746	-41.940754	27.795898
-37.723167	-45.27187	27.805664
-37.723495	-44.757282	27.81543
-37.721611	-39.642483	27.825195
-37.721451	-42.002045	27.834961
-37.721172	-38.249573	27.844727
-37.718899	-40.164619	27.854492
-37.719654	-43.812366	27.864258
-37.717644	-45.532146	27.874023
-37.718552	-45.974716	27.883789
-37.716938	-40.568123	27.893555
-37.715176	-36.276939	27.90332
-37.715157	-39.052765	27.913086
-37.713993	-42.59396	27.922852
-37.713539	-46.288506	27.932617
-37.713017	-43.322449	27.942383
-37.712196	-42.865688	27.952148
-37.71064	-38.849003	27.961914
-37.711254	-39.065815	27.97168
-37.709652	-41.428879	27.981445
-37.709171	-44.238251	27.991211
-37.70837	-47.947155	28.000977
-37.70718	-41.706078	28.010742
-37.706169	-37.635681	28.020508
-37.706032	-37.466461	28.030273
-37.704819	-41.751793	28.040039
-37.703087	-45.97192	28.049805
-37.703472	-45.243641	28.05957
-37.70237	-45.468082	28.069336
-37.700672	-40.043884	28.079102
-37.700745	-39.475117	28.088867
-37.699646	-41.141766	28.098633
-37.698841	-42.400948	28.108398
-37.697773	-48.77552	28.118164
-37.697067	-44.531979	28.12793
-37.696323	-40.733368	28.137695
-37.695862	-39.077225	28.147461
-37.695286	-39.18182	28.157227
-37.693573	-44.157455	28.166992
-37.693245	-44.979271	28.176758
-37.692188	-43.414326	28.186523
-37.691334	-42.729687	28.196289
-37.690437	-40.478123	28.206055
-37.689167	-41.297096	28.21582
-37.689034	-38.680683	28.225586
-37.689629	-45.806843	28.235352
-37.68726	-47.023117	28.245117
-37.686714	-43.391903	28.254883
-37.686062	-41.93821	28.264648
-37.684616	-39.416111	28.274414
-37.685452	-42.617554	28.28418
-37.682922	-42.73703	28.293945
-37.683315	-41.710686	28.303711
-37.681824	-44.198593	28.313477
-37.681114	-42.988628	28.323242
-37.679913	-42.515835	28.333008
-37.680382	-37.877369	28.342773
-37.678711	-42.108025	28.352539
-37.678478	-42.777367	28.362305
-37.676678	-46.129448	28.37207
-37.676407	-44.228752	28.381836
-37.675365	-40.013836	28.391602
-37.674644	-41.514683	28.401367
-37.673725	-39.493893	28.411133
-37.673264	-42.569809	28.420898
-37.672054	-44.168266	28.430664
-37.671284	-43.841923	28.44043
-37.670277	-45.20417	28.450195
-37.669533	-38.347824	28.459961
-37.66832	-38.935059	28.469727
-37.668396	-41.289684	28.479492
-37.668297	-44.888283	28.489258
-37.666985	-47.688923	28.499023
-37.664661	-42.560669	28.508789
-37.664116	-42.491196	28.518555
-37.665039	-39.479538	28.52832
-37.662209	-39.759617	28.538086
-37.662361	-42.549965	28.547852
-37.6609	-44.993332	28.557617
-37.660507	-47.242962	28.567383
-37.659809	-41.729465	28.577148
-37.658684	-37.210369	28.586914
-37.658493	-40.374378	28.59668
-37.657337	-42.434704	28.606445
-37.655216	-46.555462	28.616211
-37.656498	-44.664783	28.625977
-37.655495	-43.419502	28.635742
-37.654243	-39.705719	28.645508
-37.653023	-38.542721	28.655273
-37.652397	-41.040646	28.665039
-37.651981	-44.491142	28.674805
-37.651001	-47.493572	28.68457
-37.650768	-45.127281	28.694336
-37.648277	-39.049385	28.704102
-37.647507	-37.613674	28.713867
-37.647011	-40.059509	28.723633
-37.647106	-46.331924	28.733398
-37.645874	-44.502628	28.743164
-37.64539	-43.694618	28.75293
-37.644241	-41.098354	28.762695
-37.644199	-40.276981	28.772461
-37.643013	-39.851536	28.782227
-37.64217	-40.314434	28.791992
-37.641197	-47.793076	28.801758
-37.639153	-44.634968	28.811523
-37.639404	-43.064407	28.821289
-37.638885	-39.095329	28.831055
-37.637985	-37.138088	28.84082
-37.63728	-43.862846	28.850586
-37.635632	-43.201561	28.860352
-37.635864	-43.439461	28.870117
-37.634262	-43.980667	28.879883
-37.633133	-41.177746	28.889648
-37.632805	-41.620274	28.899414
-37.631546	-38.255928	28.90918
-37.631535	-42.255375	28.918945
-37.631306	-44.627426	28.928711
-37.630508	-43.378696	28.938477
-37.628738	-42.250984	28.948242
-37.628353	-39.016701	28.958008
-37.627205	-42.136383	28.967773
-37.625229	-41.907921	28.977539
-37.626163	-42.025337	28.987305
-37.625607	-44.759499	28.99707
-37.623955	-45.170387	29.006836
-37.622833	-41.304577	29.016602
-37.622108	-38.746117	29.026367
-37.620838	-38.621029	29.036133
-37.620918	-42.854721	29.045898
-37.620911	-46.347675	29.055664
-37.619156	-44.631065	29.06543
-37.617756	-42.345375	29.075195
-37.617527	-41.027332	29.084961
-37.616955	-38.706554	29.094727
-37.61591	-41.985123	29.104492
-37.615231	-42.241734	29.114258
-37.613766	-46.134552	29.124023
-37.613461	-46.114532	29.133789
-37.613003	-41.406456	29.143555
-37.612034	-38.189045	29.15332
-37.610947	-39.690819	29.163086
-37.610001	-43.164516	29.172852
-37.60936	-49.027649	29.182617
-37.608437	-42.478706	29.192383
-37.6073	-42.72052	29.202148
-37.607872	-37.993084	29.211914
-37.605808	-39.571362	29.22168
-37.605568	-43.049595	29.231445
-37.604301	-44.061459	29.241211
-37.604374	-48.856865	29.250977
-37.603745	-42.763645	29.260742
-37.601448	-36.835449	29.270508
-37.600979	-38.123924	29.280273
-37.600899	-40.51614	29.290039
-37.600826	-47.894642	29.299805
-37.598633	-45.436535	29.30957
-37.597656	-43.267929	29.319336
-37.597157	-41.09103	29.329102
-37.596767	-38.115326	29.338867
-37.594425	-41.12714	29.348633
-37.594501	-42.058945	29.358398
-37.593365	-48.554901	29.368164
-37.593006	-45.044071	29.37793
-37.592548	-41.483532	29.387695
-37.591866	-37.744644	29.397461
-37.590862	-40.27454	29.407227
-37.589577	-45.26115	29.416992
-37.58987	-45.705147	29.426758
-37.587738	-44.810963	29.436523
-37.58757	-42.366119	29.446289
-37.586449	-41.300236	29.456055
-37.585503	-39.936077	29.46582
-37.58477	-40.19392	29.475586
-37.583691	-45.884312	29.485352
-37.58379	-43.417328	29.495117
-37.583164	-44.876171	29.504883
-37.581295	-40.997559	29.514648
-37.58046	-36.872936	29.524414
-37.57954	-42.835285	29.53418
-37.579803	-42.752937	29.543945
-37.578594	-43.002518	29.553711
-37.577366	-43.644211	29.563477
-37.577492	-41.845409	29.573242
-37.575699	-43.085358	29.583008
-37.575226	-36.466862	29.592773
-37.574127	-41.729198	29.602539
-37.574234	-43.947315	29.612305
-37.572788	-44.957542	29.62207
-37.57209	-43.806248	29.631836
-37.571129	-39.598198	29.641602
-37.569878	-41.032856	29.651367
-37.569824	-39.57888	29.661133
-37.568287	-41.317856	29.670898
-37.567455	-44.259056	29.680664
-37.567509	-45.45932	29.69043
-37.566811	-44.870201	29.700195
-37.565643	-40.066399	29.709961
-37.566017	-36.871212	29.719727
-37.563622	-40.725349	29.729492
-37.562862	-44.551479	29.739258
-37.561981	-46.224171	29.749023
-37.561218	-43.586369	29.758789

