MTS793|BTW|ENU|1|2|.|/|:|1|0|0|A

Data Header:			0.254_solid_uprint_typei_090_r0			Time:	20.020508	s	4/15/2019 2:56:36 PM
Data Acquisition:	Timed
Station Name:	ft40.cfg
Test File Name:	monotonic_0.2540_typei_solid_090_uprint.tst
Displacement	Force	Running Time
mm	N	s
9.982317	-108.07839	0.025634766
9.9808578	-109.32956	0.035400391
9.9810019	-115.89909	0.045166016
9.9820995	-115.33049	0.054931641
9.9813833	-111.23488	0.064697266
9.9811268	-111.10434	0.074462891
9.9821863	-105.69273	0.084228516
9.98246	-106.12201	0.093994141
9.9830971	-107.72932	0.10375977
9.9841051	-113.54613	0.11352539
9.98489	-117.28513	0.12329102
9.9860945	-109.37508	0.13305664
9.987071	-102.64754	0.14282227
9.9870319	-102.37421	0.15258789
9.9879341	-104.61388	0.16235352
9.989522	-110.00285	0.17211914
9.9903088	-111.27795	0.18188477
9.989296	-108.58064	0.19165039
9.9912453	-102.21736	0.20141602
9.9921188	-97.508507	0.21118164
9.9927502	-99.099564	0.22094727
9.9942284	-102.35382	0.23071289
9.9952412	-109.49725	0.24047852
9.9965153	-106.85136	0.25024414
9.9957762	-100.21508	0.26000977
9.9978065	-94.438248	0.26977539
9.998311	-98.0494	0.27954102
9.998805	-101.03604	0.28930664
9.9988537	-102.51585	0.29907227
10.000775	-103.23993	0.30883789
10.00109	-98.678329	0.31860352
10.002457	-97.433487	0.32836914
10.002337	-89.710083	0.33813477
10.003447	-92.864487	0.34790039
10.005159	-102.31245	0.35766602
10.004786	-100.61951	0.36743164
10.005629	-98.295685	0.37719727
10.007202	-91.020889	0.38696289
10.008656	-91.032074	0.39672852
10.007977	-90.927246	0.40649414
10.009886	-91.936058	0.41625977
10.010366	-97.981354	0.42602539
10.011456	-96.507996	0.43579102
10.011923	-93.486389	0.44555664
10.013203	-87.318741	0.45532227
10.012991	-84.065346	0.46508789
10.01512	-88.64238	0.47485352
10.016127	-91.476257	0.48461914
10.016624	-93.729469	0.49438477
10.017354	-90.756355	0.50415039
10.017516	-86.55619	0.51391602
10.018769	-86.098892	0.52368164
10.019766	-83.798332	0.53344727
10.01958	-85.141151	0.54321289
10.020088	-89.924492	0.55297852
10.021008	-91.985176	0.56274414
10.022602	-86.671043	0.57250977
10.023482	-79.237144	0.58227539
10.024674	-79.151657	0.59204102
10.024743	-81.377632	0.60180664
10.025463	-85.742325	0.61157227
10.025625	-86.757774	0.62133789
10.027867	-84.577721	0.63110352
10.028811	-79.380028	0.64086914
10.029233	-77.358559	0.65063477
10.029624	-75.024719	0.66040039
10.030571	-78.777077	0.67016602
10.03103	-86.299095	0.67993164
10.032626	-84.009155	0.68969727
10.033134	-78.253967	0.69946289
10.03395	-72.341553	0.70922852
10.03347	-70.054703	0.71899414
10.035233	-76.986275	0.72875977
10.036023	-79.333275	0.73852539
10.037192	-80.633224	0.74829102
10.037258	-78.245277	0.75805664
10.03919	-70.51033	0.76782227
10.039477	-67.658218	0.77758789
10.040915	-68.598824	0.78735352
10.040464	-77.430527	0.79711914
10.040985	-81.094391	0.80688477
10.043337	-76.767891	0.81665039
10.044262	-69.679535	0.82641602
10.044519	-64.633148	0.83618164
10.0453	-66.205406	0.84594727
10.046078	-70.454376	0.85571289
10.046495	-73.478378	0.86547852
10.047054	-74.184242	0.87524414
10.048176	-68.163918	0.88500977
10.049574	-63.451462	0.89477539
10.050859	-60.374985	0.90454102
10.050629	-64.43428	0.91430664
10.052362	-71.867439	0.92407227
10.051604	-71.563843	0.93383789
10.053191	-64.79361	0.94360352
10.054052	-58.841785	0.95336914
10.055052	-58.830215	0.96313477
10.056488	-61.302906	0.97290039
10.05648	-62.975071	0.98266602
10.057535	-65.929886	0.99243164
10.058112	-66.016548	1.0021973
10.058625	-59.384888	1.0119629
10.059884	-55.614849	1.0217285
10.060303	-55.029938	1.0314941
10.061508	-61.017391	1.0412598
10.061698	-62.969433	1.0510254
10.063793	-62.107994	1.060791
10.063865	-56.065796	1.0705566
10.064528	-55.147907	1.0803223
10.065523	-51.93652	1.0900879
10.06676	-52.879921	1.0998535
10.067407	-57.252674	1.1096191
10.068803	-57.634098	1.1193848
10.068009	-59.19347	1.1291504
10.070363	-52.621529	1.138916
10.07017	-47.184746	1.1486816
10.072075	-49.944931	1.1584473
10.072478	-51.324303	1.1682129
10.072511	-55.608643	1.1779785
10.073842	-51.839661	1.1877441
10.074813	-49.198917	1.1975098
10.075646	-48.955482	1.2072754
10.076112	-44.81673	1.217041
10.076866	-45.326462	1.2268066
10.077892	-50.663677	1.2365723
10.078193	-54.204311	1.2463379
10.079072	-51.814533	1.2561035
10.079741	-42.605301	1.2658691
10.08141	-39.827744	1.2756348
10.081902	-42.832912	1.2854004
10.082868	-46.492943	1.295166
10.082772	-49.715164	1.3049316
10.083913	-46.915863	1.3146973
10.085717	-45.205357	1.3244629
10.085584	-40.242992	1.3342285
10.086958	-35.394951	1.3439941
10.088192	-40.087887	1.3537598
10.088487	-47.306885	1.3635254
10.088722	-48.541306	1.373291
10.090069	-42.197479	1.3830566
10.091207	-35.332169	1.3928223
10.090702	-34.736622	1.4025879
10.092182	-38.293617	1.4123535
10.093584	-40.516102	1.4221191
10.094553	-42.497776	1.4318848
10.095698	-42.432041	1.4416504
10.096119	-35.275974	1.451416
10.09683	-31.316135	1.4611816
10.097445	-29.695862	1.4709473
10.097782	-36.388264	1.4807129
10.098777	-42.30489	1.4904785
10.099822	-38.424622	1.5002441
10.10171	-33.672695	1.5100098
10.101423	-26.011877	1.5197754
10.10331	-28.774414	1.529541
10.10251	-31.499523	1.5393066
10.103972	-32.628311	1.5490723
10.104203	-37.610813	1.5588379
10.106326	-30.867859	1.5686035
10.106627	-26.777826	1.5783691
10.107285	-24.272863	1.5881348
10.108822	-24.036386	1.5979004
10.109653	-33.909866	1.607666
10.109191	-32.856277	1.6174316
10.110195	-30.068447	1.6271973
10.110871	-25.960539	1.6369629
10.11155	-22.36816	1.6467285
10.112733	-23.101755	1.6564941
10.11379	-24.102783	1.6662598
10.115197	-27.006618	1.6760254
10.115763	-27.835651	1.685791
10.116112	-24.544638	1.6955566
10.117136	-19.904543	1.7053223
10.117832	-16.160612	1.7150879
10.118941	-21.806458	1.7248535
10.119487	-23.636448	1.7346191
10.119251	-25.843134	1.7443848
10.120938	-21.8843	1.7541504
10.121594	-18.998278	1.763916
10.121633	-15.370138	1.7736816
10.123499	-13.99411	1.7834473
10.124166	-17.307112	1.7932129
10.125259	-20.555531	1.8029785
10.126047	-23.811321	1.8127441
10.127182	-15.88393	1.8225098
10.127504	-11.620192	1.8322754
10.128832	-11.930741	1.842041
10.128194	-13.04643	1.8518066
10.129812	-18.170748	1.8615723
10.130924	-18.37228	1.8713379
10.131454	-15.418401	1.8811035
10.131852	-13.028958	1.8908691
10.13355	-6.3283005	1.9006348
10.134003	-8.643755	1.9104004
10.135018	-10.5041	1.920166
10.13509	-16.958294	1.9299316
10.135716	-15.851916	1.9396973
10.137856	-6.3286839	1.9494629
10.137141	-4.468298	1.9592285
10.138426	-3.252583	1.9689941
10.139034	-7.6066432	1.9787598
10.140803	-11.944143	1.9885254
10.141212	-11.135078	1.998291
10.142679	-8.4147968	2.0080566
10.143915	-2.2023079	2.0178223
10.144548	2.8402116	2.0275879
10.14487	-1.4675329	2.0373535
10.145755	-6.3260531	2.0471191
10.145836	-12.343626	2.0568848
10.146345	-6.1771631	2.0666504
10.148056	3.3742509	2.076416
10.149352	4.6830115	2.0861816
10.149834	1.4125857	2.0959473
10.149134	-1.0789138	2.1057129
10.150843	-4.9146252	2.1154785
10.152045	-5.042377	2.1252441
10.153157	2.2270877	2.1350098
10.153828	6.358849	2.1447754
10.153955	9.061038	2.154541
10.155742	3.3096759	2.1643066
10.155668	-2.6003206	2.1740723
10.157223	-1.9115194	2.1838379
10.15848	2.848062	2.1936035
10.158105	11.081675	2.2033691
10.158851	9.8113689	2.2131348
10.159908	7.3960743	2.2229004
10.160754	7.2549939	2.232666
10.161721	1.0585791	2.2424316
10.161336	5.5746098	2.2521973
10.162918	8.9548492	2.2619629
10.164576	16.226135	2.2717285
10.164521	14.973572	2.2814941
10.165481	7.7510028	2.2912598
10.167663	5.8757963	2.3010254
10.167567	7.8681383	2.310791
10.16881	12.078135	2.3205566
10.16896	16.734371	2.3303223
10.169601	15.516688	2.3400879
10.17021	16.641911	2.3498535
10.172252	11.874002	2.3596191
10.171488	8.5380688	2.3693848
10.172945	11.580158	2.3791504
10.175035	15.973783	2.388916
10.175149	22.327179	2.3986816
10.175619	18.558369	2.4084473
10.175997	16.28092	2.4182129
10.176608	14.132494	2.4279785
10.177801	14.802694	2.4377441
10.178662	17.857754	2.4475098
10.178483	22.101868	2.4572754
10.180748	23.878698	2.467041
10.181203	25.001596	2.4768066
10.181625	19.963598	2.4865723
10.182854	14.399897	2.4963379
10.184407	20.49917	2.5061035
10.184872	26.457336	2.5158691
10.184885	27.85194	2.5256348
10.185462	27.938601	2.5354004
10.186751	22.909056	2.545166
10.187841	22.145584	2.5549316
10.18883	21.672607	2.5646973
10.189742	24.008184	2.5744629
10.189942	31.303413	2.5842285
10.189572	34.541378	2.5939941
10.191424	32.773647	2.6037598
10.192136	23.413725	2.6135254
10.193003	22.695862	2.623291
10.194309	29.632837	2.6330566
10.19534	33.48703	2.6428223
10.195459	37.39938	2.6525879
10.19715	33.45002	2.6623535
10.197246	28.561872	2.6721191
10.198458	27.992125	2.6818848
10.199916	26.453321	2.6916504
10.19979	36.321667	2.701416
10.201065	39.591263	2.7111816
10.201129	40.373653	2.7209473
10.204281	35.306019	2.7307129
10.201262	28.35424	2.7404785
10.203532	30.818111	2.7502441
10.204651	38.90834	2.7600098
10.205973	42.297421	2.7697754
10.207685	42.24255	2.779541
10.206986	37.542053	2.7893066
10.20915	36.904369	2.7990723
10.20821	32.800438	2.8088379
10.210301	36.939651	2.8186035
10.210917	43.010334	2.8283691
10.212025	48.749901	2.8381348
10.212419	45.076149	2.8479004
10.212123	39.780003	2.857666
10.213655	37.477062	2.8674316
10.21452	41.244343	2.8771973
10.215887	46.425766	2.8869629
10.215819	48.057922	2.8967285
10.216202	50.433891	2.9064941
10.217953	46.193184	2.9162598
10.21806	42.025421	2.9260254
10.220626	43.200123	2.935791
10.220015	46.217464	2.9455566
10.221086	53.900742	2.9553223
10.221762	54.254147	2.9650879
10.223337	49.35323	2.9748535
10.224821	47.005531	2.9846191
10.224655	45.210678	2.9943848
10.224678	49.829891	3.0041504
10.22528	51.276882	3.013916
10.22685	55.162483	3.0236816
10.22732	56.573105	3.0334473
10.228086	54.310951	3.0432129
10.22918	50.52697	3.0529785
10.230115	49.799313	3.0627441
10.231006	55.145821	3.0725098
10.231461	61.296593	3.0822754
10.233144	59.105835	3.092041
10.233514	57.13578	3.1018066
10.234477	53.845318	3.1115723
10.234816	53.263519	3.1213379
10.235954	55.333313	3.1311035
10.235994	57.688766	3.1408691
10.237842	64.016869	3.1506348
10.237655	65.772522	3.1604004
10.238643	59.744534	3.170166
10.240167	54.432484	3.1799316
10.24047	57.284477	3.1896973
10.241893	62.045612	3.1994629
10.242483	67.607628	3.2092285
10.243423	67.849304	3.2189941
10.243716	65.351303	3.2287598
10.24426	61.12484	3.2385254
10.245503	60.179035	3.248291
10.246112	62.229904	3.2580566
10.247126	69.685387	3.2678223
10.248188	75.008209	3.2775879
10.249015	71.555687	3.2873535
10.249268	63.952515	3.2971191
10.25085	62.514015	3.3068848
10.251594	67.005577	3.3166504
10.251929	70.783295	3.326416
10.252746	76.519669	3.3361816
10.253852	72.833237	3.3459473
10.254491	71.601456	3.3557129
10.255143	65.738037	3.3654785
10.256526	64.527496	3.3752441
10.257076	72.985565	3.3850098
10.258002	78.682777	3.3947754
10.257681	81.239502	3.404541
10.260078	76.050644	3.4143066
10.25907	68.962753	3.4240723
10.261466	70.533592	3.4338379
10.261716	75.512222	3.4436035
10.263172	80.95018	3.4533691
10.263991	82.890091	3.4631348
10.264323	78.603592	3.4729004
10.265297	77.9869	3.482666
10.26609	71.690155	3.4924316
10.267076	76.654373	3.5021973
10.268027	81.964928	3.5119629
10.267225	86.691208	3.5217285
10.268916	86.04525	3.5314941
10.270133	79.748047	3.5412598
10.271124	75.260811	3.5510254
10.271345	79.113007	3.560791
10.272348	82.133018	3.5705566
10.273197	86.650276	3.5803223
10.274263	88.360252	3.5900879
10.274581	86.14325	3.5998535
10.27597	84.255173	3.6096191
10.276696	80.720764	3.6193848
10.277021	83.667671	3.6291504
10.278746	90.335777	3.638916
10.279078	92.107735	3.6486816
10.278631	90.5765	3.6584473
10.280128	88.971283	3.6682129
10.281822	85.140953	3.6779785
10.281376	88.077553	3.6877441
10.282982	88.982895	3.6975098
10.284363	93.255913	3.7072754
10.283226	97.543388	3.717041
10.285507	94.646233	3.7268066
10.286101	90.941109	3.7365723
10.286271	86.041908	3.7463379
10.287722	91.387314	3.7561035
10.288247	98.557281	3.7658691
10.289736	98.363014	3.7756348
10.290402	100.24777	3.7854004
10.291434	94.744652	3.795166
10.291579	92.490814	3.8049316
10.292964	92.950783	3.8146973
10.293965	95.361549	3.8244629
10.292288	102.73224	3.8342285
10.295207	107.09074	3.8439941
10.29511	100.60825	3.8537598
10.29649	95.479668	3.8635254
10.296783	95.100639	3.873291
10.297442	100.81956	3.8830566
10.299925	105.28564	3.8928223
10.300585	107.17259	3.9025879
10.298985	105.97393	3.9123535
10.301497	101.56693	3.9221191
10.302435	98.811707	3.9318848
10.302934	97.618576	3.9416504
10.303289	105.51927	3.951416
10.304614	113.11221	3.9611816
10.305184	112.49372	3.9709473
10.306623	104.60976	3.9807129
10.307337	100.76083	3.9904785
10.307778	102.56859	4.0002441
10.307952	108.97852	4.0100098
10.310854	114.30927	4.0197754
10.309655	112.16795	4.029541
10.310558	112.09546	4.0393066
10.311734	106.89336	4.0490723
10.312612	103.22231	4.0588379
10.31401	108.84933	4.0686035
10.314044	114.79522	4.0783691
10.314498	120.71915	4.0881348
10.315476	116.78699	4.0979004
10.316643	108.63283	4.107666
10.31834	109.26436	4.1174316
10.318557	112.31858	4.1271973
10.319468	118.3969	4.1369629
10.320932	120.11527	4.1467285
10.320598	121.38709	4.1564941
10.322721	119.20015	4.1662598
10.323719	111.67693	4.1760254
10.323548	115.15974	4.185791
10.324018	117.93327	4.1955566
10.324946	124.49116	4.2053223
10.326221	126.16527	4.2150879
10.326756	119.3848	4.2248535
10.327406	118.18866	4.2346191
10.32827	117.55058	4.2443848
10.329533	118.23431	4.2541504
10.329602	123.85677	4.263916
10.330968	127.65849	4.2736816
10.331712	128.78029	4.2834473
10.332861	124.20794	4.2932129
10.33229	119.73417	4.3029785
10.33486	121.09296	4.3127441
10.334614	127.0462	4.3225098
10.335747	130.90594	4.3322754
10.334657	131.20651	4.342041
10.337064	127.87267	4.3518066
10.338018	126.18822	4.3615723
10.339544	126.11983	4.3713379
10.339579	126.96143	4.3811035
10.341385	131.80438	4.3908691
10.341233	135.07379	4.4006348
10.342125	135.27109	4.4104004
10.342898	131.27887	4.420166
10.344069	126.26823	4.4299316
10.344628	129.31746	4.4396973
10.345489	134.92239	4.4494629
10.346305	136.39897	4.4592285
10.346509	139.67433	4.4689941
10.348219	134.90126	4.4787598
10.348985	133.82425	4.4885254
10.350076	131.56143	4.498291
10.350312	131.54408	4.5080566
10.352065	139.59563	4.5178223
10.351856	143.27197	4.5275879
10.35303	142.31583	4.5373535
10.353157	134.04861	4.5471191
10.35282	132.14421	4.5568848
10.355239	136.57631	4.5666504
10.355488	141.96809	4.576416
10.356108	147.05988	4.5861816
10.358476	146.81999	4.5959473
10.35852	142.07986	4.6057129
10.359976	138.28511	4.6154785
10.360348	136.6118	4.6252441
10.360724	142.34036	4.6350098
10.361184	152.02306	4.6447754
10.362256	151.49367	4.654541
10.363463	145.86803	4.6643066
10.364048	140.13402	4.6740723
10.365301	140.64404	4.6838379
10.366692	146.06425	4.6936035
10.365748	150.52725	4.7033691
10.366362	153.21117	4.7131348
10.367609	152.75005	4.7229004
10.36926	148.03423	4.732666
10.37018	143.78543	4.7424316
10.370901	145.49269	4.7521973
10.371067	152.17978	4.7619629
10.372134	158.1031	4.7717285
10.372103	155.10031	4.7814941
10.373899	150.67229	4.7912598
10.375108	147.77669	4.8010254
10.375617	149.21437	4.810791
10.377393	155.41406	4.8205566
10.37724	155.89148	4.8303223
10.377311	159.4053	4.8400879
10.378277	161.29787	4.8498535
10.379272	150.24638	4.8596191
10.380986	152.97527	4.8693848
10.38223	154.08075	4.8791504
10.381873	160.05923	4.888916
10.382813	165.62178	4.8986816
10.383184	159.38727	4.9084473
10.384877	159.51169	4.9182129
10.385432	155.51395	4.9279785
10.386401	156.222	4.9377441
10.387231	160.56142	4.9475098
10.386956	163.24596	4.9572754
10.388727	168.45966	4.967041
10.389088	164.61533	4.9768066
10.389791	159.01378	4.9865723
10.390075	158.87384	4.9963379
10.392235	163.61353	5.0061035
10.393035	169.33443	5.0158691
10.393371	169.12408	5.0256348
10.394273	169.47078	5.0354004
10.393963	166.78406	5.045166
10.396244	163.17607	5.0549316
10.395746	164.59079	5.0646973
10.398117	167.66687	5.0744629
10.397611	174.11021	5.0842285
10.399107	176.70842	5.0939941
10.401073	172.42464	5.1037598
10.400409	165.26585	5.1135254
10.40111	167.95935	5.123291
10.403084	170.22679	5.1330566
10.40349	174.71553	5.1428223
10.404743	178.99437	5.1525879
10.405385	175.03511	5.1623535
10.405686	173.45345	5.1721191
10.406756	167.33043	5.1818848
10.406538	168.64572	5.1916504
10.40716	177.30728	5.201416
10.408701	184.15401	5.2111816
10.409186	183.36139	5.2209473
10.411136	176.5065	5.2307129
10.411735	171.87723	5.2404785
10.412163	174.26109	5.2502441
10.413505	177.36658	5.2600098
10.414114	186.54262	5.2697754
10.414199	184.79948	5.279541
10.415572	183.07675	5.2893066
10.415341	177.95596	5.2990723
10.417305	172.49458	5.3088379
10.418189	179.82262	5.3186035
10.418622	186.47469	5.3283691
10.41933	190.0712	5.3381348
10.420218	188.7446	5.3479004
10.421526	180.40733	5.357666
10.422648	180.44653	5.3674316
10.422773	182.36868	5.3771973
10.422788	186.54967	5.3869629
10.424984	191.24985	5.3967285
10.425538	191.79187	5.4064941
10.425843	189.2283	5.4162598
10.426673	183.1427	5.4260254
10.428213	184.11458	5.435791
10.428312	190.96028	5.4455566
10.429015	196.53171	5.4553223
10.430472	196.1512	5.4650879
10.431501	191.46976	5.4748535
10.43113	186.8721	5.4846191
10.431846	188.177	5.4943848
10.433225	191.8466	5.5041504
10.434227	193.96733	5.513916
10.434639	198.79309	5.5236816
10.435757	200.75958	5.5334473
10.436403	194.3083	5.5432129
10.438292	191.01996	5.5529785
10.438005	191.54306	5.5627441
10.438535	199.46371	5.5725098
10.440636	201.76724	5.5822754
10.441125	200.07098	5.592041
10.441726	201.59596	5.6018066
10.44248	196.82724	5.6115723
10.44351	194.42928	5.6213379
10.444002	198.74857	5.6311035
10.445169	199.87384	5.6408691
10.444715	208.69208	5.6506348
10.446503	206.25578	5.6604004
10.446779	202.093	5.670166
10.447821	196.9249	5.6799316
10.448647	199.77817	5.6896973
10.449387	207.49417	5.6994629
10.450233	207.4364	5.7092285
10.451428	210.46179	5.7189941
10.451732	207.70267	5.7287598
10.452686	203.82118	5.7385254
10.454003	201.80702	5.748291
10.453591	203.65646	5.7580566
10.4545	211.73674	5.7678223
10.456205	217.38023	5.7775879
10.456744	212.5127	5.7873535
10.456473	206.40388	5.7971191
10.458785	203.97017	5.8068848
10.458744	208.06735	5.8166504
10.460019	211.73294	5.826416
10.460735	219.04939	5.8361816
10.462274	217.71536	5.8459473
10.462481	215.37358	5.8557129
10.46347	207.93663	5.8654785
10.463525	208.65239	5.8752441
10.464293	214.15265	5.8850098
10.465793	222.0786	5.8947754
10.466755	223.59511	5.904541
10.467043	216.57732	5.9143066
10.469044	212.21111	5.9240723
10.469596	212.78603	5.9338379
10.46944	214.62665	5.9436035
10.469872	221.97566	5.9533691
10.471478	223.10431	5.9631348
10.472396	224.59792	5.9729004
10.473484	218.6445	5.982666
10.47366	212.26443	5.9924316
10.474394	217.6506	6.0021973
10.474848	222.82735	6.0119629
10.476359	229.63815	6.0217285
10.477298	228.91125	6.0314941
10.479161	221.85719	6.0412598
10.47962	220.3047	6.0510254
10.478976	219.43443	6.060791
10.479831	223.83746	6.0705566
10.481007	228.59007	6.0803223
10.481905	231.65598	6.0900879
10.482736	231.80302	6.0998535
10.484162	222.82657	6.1096191
10.485054	221.50201	6.1193848
10.485036	227.09132	6.1291504
10.486394	231.28421	6.138916
10.486354	235.29932	6.1486816
10.488609	232.42084	6.1584473
10.488863	228.74171	6.1682129
10.489542	229.75507	6.1779785
10.490082	228.54967	6.1877441
10.490775	231.37646	6.1975098
10.492281	238.11816	6.2072754
10.492953	239.0791	6.217041
10.493947	236.34447	6.2268066
10.493535	233.45714	6.2365723
10.495227	229.47861	6.2463379
10.49544	236.83842	6.2561035
10.497576	238.60042	6.2658691
10.497468	239.99629	6.2756348
10.49784	241.0437	6.2854004
10.49906	236.61008	6.295166
10.500162	235.12282	6.3049316
10.50042	234.09991	6.3146973
10.501661	240.07477	6.3244629
10.502726	245.80884	6.3342285
10.503415	244.90865	6.3439941
10.503767	242.88336	6.3537598
10.505077	236.36806	6.3635254
10.50605	239.20886	6.373291
10.506633	242.2829	6.3830566
10.508287	245.69621	6.3928223
10.507277	251.47322	6.4025879
10.508768	249.19452	6.4123535
10.509524	243.80925	6.4221191
10.510755	241.32097	6.4318848
10.511142	239.30768	6.4416504
10.511696	249.1109	6.451416
10.512917	254.72166	6.4611816
10.514303	253.58522	6.4709473
10.51377	247.27261	6.4807129
10.515018	241.85605	6.4904785
10.516332	245.66719	6.5002441
10.516779	249.47231	6.5100098
10.51844	256.89841	6.5197754
10.517949	257.28922	6.529541
10.519829	256.14304	6.5393066
10.519601	249.69347	6.5490723
10.521205	245.67738	6.5588379
10.521323	248.72383	6.5686035
10.52333	259.1315	6.5783691
10.523459	263.13779	6.5881348
10.524056	256.58405	6.5979004
10.523935	253.71576	6.607666
10.525923	251.20116	6.6174316
10.526079	253.60379	6.6271973
10.528131	259.08536	6.6369629
10.527997	260.0788	6.6467285
10.528655	266.9566	6.6564941
10.530444	259.72672	6.6662598
10.530222	252.90549	6.6760254
10.531686	254.8289	6.685791
10.532081	260.17035	6.6955566
10.533757	268.61917	6.7053223
10.533849	268.64993	6.7150879
10.535379	261.56934	6.7248535
10.53528	261.97098	6.7346191
10.535581	258.04813	6.7443848
10.537282	262.883	6.7541504
10.538297	265.36496	6.763916
10.538958	269.97571	6.7736816
10.539504	273.35281	6.7834473
10.540348	264.02457	6.7932129
10.541278	262.89685	6.8029785
10.542511	264.31354	6.8127441
10.542873	268.5528	6.8225098
10.54392	274.10535	6.8322754
10.545039	271.7402	6.842041
10.544655	270.24377	6.8518066
10.545459	267.0556	6.8615723
10.546606	265.91696	6.8713379
10.547997	268.62592	6.8811035
10.54841	274.13815	6.8908691
10.549729	280.21722	6.9006348
10.550542	277.18314	6.9104004
10.551747	271.42368	6.920166
10.552046	268.86295	6.9299316
10.552088	270.992	6.9396973
10.553537	275.85385	6.9494629
10.55563	279.94803	6.9592285
10.555428	280.86438	6.9689941
10.554623	279.38336	6.9787598
10.556828	276.00134	6.9885254
10.558295	271.43048	6.998291
10.557773	276.25421	7.0080566
10.559015	282.91293	7.0178223
10.560162	284.85577	7.0275879
10.561932	284.41678	7.0373535
10.562404	277.14438	7.0471191
10.562181	277.4039	7.0568848
10.563107	278.62347	7.0666504
10.56412	282.11554	7.076416
10.564897	289.52643	7.0861816
10.565563	287.79755	7.0959473
10.565926	285.10785	7.1057129
10.566874	279.12332	7.1154785
10.567696	276.32651	7.1252441
10.570092	285.9007	7.1350098
10.569886	292.16071	7.1447754
10.57003	293.82803	7.154541
10.571585	288.70044	7.1643066
10.572118	282.88855	7.1740723
10.57327	284.535	7.1838379
10.573314	285.04514	7.1936035
10.574632	294.38522	7.2033691
10.57531	296.71689	7.2131348
10.575937	293.90308	7.2229004
10.577319	290.49396	7.232666
10.577686	284.59894	7.2424316
10.578959	286.70575	7.2521973
10.580442	296.5296	7.2619629
10.580239	298.6738	7.2717285
10.581125	298.68707	7.2814941
10.582136	292.97491	7.2912598
10.582871	290.07083	7.3010254
10.583481	290.44537	7.310791
10.584518	295.54596	7.3205566
10.586138	300.12909	7.3303223
10.586587	302.07437	7.3400879
10.586919	300.21347	7.3498535
10.587825	293.62451	7.3596191
10.588347	292.59427	7.3693848
10.589458	296.7442	7.3791504
10.590199	303.07333	7.388916
10.591022	303.66226	7.3986816
10.591862	302.82291	7.4084473
10.592921	299.25989	7.4182129
10.593508	297.58389	7.4279785
10.594528	297.80237	7.4377441
10.59482	300.617	7.4475098
10.595931	308.40833	7.4572754
10.596988	311.77634	7.467041
10.596756	305.26074	7.4768066
10.598975	302.14935	7.4865723
10.598963	299.53732	7.4963379
10.599918	304.72476	7.5061035
10.600594	310.87576	7.5158691
10.601604	309.29648	7.5256348
10.602966	310.39767	7.5354004
10.602408	307.64493	7.545166
10.603442	305.03131	7.5549316
10.604751	305.8165	7.5646973
10.60545	308.20935	7.5744629
10.606536	317.09073	7.5842285
10.607038	316.83469	7.5939941
10.608866	312.05777	7.6037598
10.607515	308.11588	7.6135254
10.609766	306.37497	7.623291
10.61039	312.83121	7.6330566
10.61173	314.86514	7.6428223
10.612552	317.95648	7.6525879
10.612719	319.23706	7.6623535
10.613414	314.23132	7.6721191
10.613859	309.85574	7.6818848
10.614827	311.20306	7.6916504
10.615653	317.03461	7.701416
10.616044	325.23782	7.7111816
10.61788	322.82648	7.7209473
10.619108	316.69165	7.7307129
10.619304	315.25848	7.7404785
10.619521	314.20172	7.7502441
10.620854	317.58261	7.7600098
10.621423	325.24387	7.7697754
10.622238	326.79993	7.779541
10.622946	324.79184	7.7893066
10.624545	317.90695	7.7990723
10.62461	314.16052	7.8088379
10.625846	320.86078	7.8186035
10.627466	326.96405	7.8283691
10.628559	331.89093	7.8381348
10.628263	327.36902	7.8479004
10.628782	322.08682	7.857666
10.630798	323.38388	7.8674316
10.630691	320.83463	7.8771973
10.63133	328.78931	7.8869629
10.632401	332.92752	7.8967285
10.63153	333.02875	7.9064941
10.63402	331.06534	7.9162598
10.635183	321.71243	7.9260254
10.634968	323.13818	7.935791
10.63612	330.57986	7.9455566
10.636649	335.91898	7.9553223
10.637926	337.30765	7.9650879
10.638992	332.34491	7.9748535
10.640358	330.86566	7.9846191
10.640046	328.53839	7.9943848
10.640798	330.77982	8.0041504
10.642072	335.85968	8.013916
10.643844	339.91891	8.0236816
10.642652	340.18835	8.0334473
10.644213	334.00217	8.0432129
10.644761	331.0542	8.0529785
10.645993	334.50351	8.0627441
10.646699	338.31967	8.0725098
10.647425	343.1597	8.0822754
10.648439	340.90378	8.092041
10.65008	339.97241	8.1018066
10.650249	338.10382	8.1115723
10.651395	336.6499	8.1213379
10.651723	336.19971	8.1311035
10.652617	344.16055	8.1408691
10.653232	346.84424	8.1506348
10.654326	343.64917	8.1604004
10.654696	341.12985	8.170166
10.656085	336.87219	8.1799316
10.657335	341.76965	8.1896973
10.65846	345.82727	8.1994629
10.658134	347.59357	8.2092285
10.659854	351.61243	8.2189941
10.660611	348.07681	8.2287598
10.659794	345.27368	8.2385254
10.660981	340.60446	8.248291
10.662667	342.00534	8.2580566
10.663409	353.40628	8.2678223
10.664248	352.97174	8.2775879
10.664869	352.38629	8.2873535
10.665949	346.26419	8.2971191
10.666644	344.56641	8.3068848
10.666333	348.19342	8.3166504
10.668057	349.02737	8.326416
10.667564	357.27869	8.3361816
10.669477	359.81033	8.3459473
10.670785	354.03647	8.3557129
10.671161	348.05914	8.3654785
10.672404	346.32147	8.3752441
10.672716	355.00729	8.3850098
10.67329	361.98059	8.3947754
10.673523	361.50565	8.404541
10.675797	357.92758	8.4143066
10.6762	351.78595	8.4240723
10.675982	351.51053	8.4338379
10.678903	354.42191	8.4436035
10.67873	360.58908	8.4533691
10.679516	366.71997	8.4631348
10.680717	366.0802	8.4729004
10.681409	358.69736	8.482666
10.682653	353.12009	8.4924316
10.681628	355.3031	8.5021973
10.683776	363.16138	8.5119629
10.684546	370.21799	8.5217285
10.684744	366.31326	8.5314941
10.685595	364.00409	8.5412598
10.687592	360.32904	8.5510254
10.688009	356.83197	8.560791
10.687502	363.22879	8.5705566
10.689531	369.19046	8.5803223
10.690277	373.03958	8.5900879
10.690888	370.47528	8.5998535
10.690406	361.13718	8.6096191
10.692635	362.02036	8.6193848
10.694407	366.71402	8.6291504
10.693509	372.08978	8.638916
10.695531	375.74139	8.6486816
10.69564	370.94293	8.6584473
10.697192	369.37134	8.6682129
10.698048	365.76807	8.6779785
10.697477	367.27527	8.6877441
10.698512	370.56262	8.6975098
10.699144	377.05789	8.7072754
10.701672	380.50256	8.717041
10.700935	373.33102	8.7268066
10.701928	368.80548	8.7365723
10.703362	369.51901	8.7463379
10.704631	373.31192	8.7561035
10.705371	378.83905	8.7658691
10.706153	380.52185	8.7756348
10.705593	378.72211	8.7854004
10.706627	378.0936	8.795166
10.707699	372.97757	8.8049316
10.70918	373.40622	8.8146973
10.709286	381.03467	8.8244629
10.709967	384.86017	8.8342285
10.711433	384.34708	8.8439941
10.711524	382.57178	8.8537598
10.712909	375.67752	8.8635254
10.712712	379.31924	8.873291
10.714409	378.71106	8.8830566
10.715272	383.87323	8.8928223
10.71719	388.49246	8.9025879
10.715698	388.29752	8.9123535
10.717937	382.9313	8.9221191
10.718027	377.20438	8.9318848
10.720277	378.74741	8.9416504
10.721103	388.16599	8.951416
10.72108	392.00107	8.9611816
10.721976	394.38953	8.9709473
10.722422	384.91605	8.9807129
10.723412	383.23621	8.9904785
10.72421	384.16333	9.0002441
10.724889	385.78903	9.0100098
10.72576	395.36755	9.0197754
10.725896	396.15076	9.029541
10.727673	393.17606	9.0393066
10.728189	387.96173	9.0490723
10.728928	381.1796	9.0588379
10.729688	389.27521	9.0686035
10.730383	397.54095	9.0783691
10.731627	400.94489	9.0881348
10.731686	396.59299	9.0979004
10.733554	391.44821	9.107666
10.734501	389.35846	9.1174316
10.734606	389.23782	9.1271973
10.735666	395.61682	9.1369629
10.736341	403.49857	9.1467285
10.736942	404.32309	9.1564941
10.737128	398.4339	9.1662598
10.738219	391.33728	9.1760254
10.741411	389.52515	9.185791
10.739146	399.97693	9.1955566
10.741062	404.58337	9.2053223
10.742383	406.35547	9.2150879
10.742729	403.40781	9.2248535
10.743287	399.56427	9.2346191
10.745034	394.84366	9.2443848
10.744956	399.13504	9.2541504
10.745344	403.85663	9.263916
10.747112	413.38657	9.2736816
10.747801	409.15317	9.2834473
10.749252	401.7384	9.2932129
10.748653	399.72446	9.3029785
10.749675	400.00519	9.3127441
10.751485	407.45172	9.3225098
10.752069	409.06927	9.3322754
10.752267	411.3439	9.342041
10.753687	409.93436	9.3518066
10.754618	403.49387	9.3615723
10.755175	405.33356	9.3713379
10.756545	404.15869	9.3811035
10.756936	411.9834	9.3908691
10.75806	418.04175	9.4006348
10.758142	413.87241	9.4104004
10.758824	411.03931	9.420166
10.76021	405.76428	9.4299316
10.760163	409.1189	9.4396973
10.762031	413.25705	9.4494629
10.763122	417.38782	9.4592285
10.762367	419.54834	9.4689941
10.763139	417.82224	9.4787598
10.76508	410.4747	9.4885254
10.765273	408.96313	9.498291
10.767109	413.7641	9.5080566
10.767645	421.6485	9.5178223
10.767822	424.10834	9.5275879
10.770437	421.3222	9.5373535
10.770227	415.67685	9.5471191
10.771356	414.08206	9.5568848
10.77232	415.68814	9.5666504
10.771922	419.92401	9.576416
10.773197	424.8562	9.5861816
10.77359	427.24249	9.5959473
10.775421	424.28241	9.6057129
10.774539	414.65063	9.6154785
10.776372	415.19913	9.6252441
10.777312	423.01855	9.6350098
10.777489	429.31424	9.6447754
10.779082	431.72284	9.654541
10.77984	425.24091	9.6643066
10.780203	422.99872	9.6740723
10.780672	418.5668	9.6838379
10.78173	419.55371	9.6936035
10.782881	431.94449	9.7033691
10.783157	434.25946	9.7131348
10.785491	434.36597	9.7229004
10.784973	425.46136	9.732666
10.785298	420.59448	9.7424316
10.78667	425.19455	9.7521973
10.787881	431.99973	9.7619629
10.787568	436.97623	9.7717285
10.789522	436.819	9.7814941
10.789731	431.6846	9.7912598
10.790973	428.07391	9.8010254
10.790935	424.54202	9.810791
10.793147	432.72226	9.8205566
10.793511	438.13889	9.8303223
10.793939	441.26422	9.8400879
10.795175	438.67447	9.8498535
10.795594	429.93872	9.8596191
10.796639	427.23318	9.8693848
10.798312	434.31848	9.8791504
10.798205	441.32449	9.888916
10.7993	444.02771	9.8986816
10.799702	441.34796	9.9084473
10.80055	437.66745	9.9182129
10.800373	433.42285	9.9279785
10.80252	434.40958	9.9377441
10.803433	438.71661	9.9475098
10.80467	446.86719	9.9572754
10.80478	445.21982	9.967041
10.805387	442.02301	9.9768066
10.805797	437.35461	9.9865723
10.807681	437.4595	9.9963379
10.807887	443.84729	10.006104
10.809392	445.31375	10.015869
10.809073	449.07877	10.025635
10.810158	450.24109	10.0354
10.810947	445.17654	10.045166
10.811896	441.25928	10.054932
10.812968	439.76379	10.064697
10.814274	448.53818	10.074463
10.815564	453.6593	10.084229
10.815215	450.63416	10.093994
10.816143	452.18173	10.10376
10.818377	443.97012	10.113525
10.817161	445.58276	10.123291
10.818208	447.84723	10.133057
10.819863	450.91223	10.142822
10.820395	457.79947	10.152588
10.820815	456.34415	10.162354
10.821101	450.10214	10.172119
10.822655	445.40036	10.181885
10.82385	447.64548	10.19165
10.82417	456.43588	10.201416
10.825416	460.2164	10.211182
10.825979	459.70166	10.220947
10.827538	456.51605	10.230713
10.827852	450.23795	10.240479
10.828265	452.05429	10.250244
10.830048	453.29764	10.26001
10.830546	460.61411	10.269775
10.831389	466.17151	10.279541
10.831112	463.13953	10.289307
10.831629	453.34775	10.299072
10.832966	451.67984	10.308838
10.834523	456.879	10.318604
10.835464	465.90683	10.328369
10.835351	468.25714	10.338135
10.836002	463.23489	10.3479
10.837399	460.11951	10.357666
10.837857	456.99881	10.367432
10.838918	457.07053	10.377197
10.839965	465.33087	10.386963
10.839924	470.70117	10.396729
10.84143	474.56152	10.406494
10.842059	465.63751	10.41626
10.843006	458.28134	10.426025
10.84339	460.53787	10.435791
10.843795	465.66519	10.445557
10.846517	472.77225	10.455322
10.846422	474.56763	10.465088
10.847865	471.29462	10.474854
10.848343	466.73212	10.484619
10.850009	461.21951	10.494385
10.849264	467.97647	10.50415
10.850257	471.82684	10.513916
10.851305	477.96048	10.523682
10.851375	476.35556	10.533447
10.853225	470.18613	10.543213
10.853696	467.16565	10.552979
10.854612	468.91464	10.562744
10.855855	474.7359	10.57251
10.855821	479.36185	10.582275
10.857472	480.65546	10.592041
10.857822	478.33597	10.601807
10.858821	473.24332	10.611572
10.859921	469.95624	10.621338
10.860004	475.5141	10.631104
10.860752	481.24265	10.640869
10.862082	484.37686	10.650635
10.862584	481.40347	10.6604
10.862573	475.90552	10.670166
10.863445	474.36411	10.679932
10.864365	477.97958	10.689697
10.865998	480.06903	10.699463
10.866415	485.36118	10.709229
10.86798	487.27878	10.718994
10.869041	482.97293	10.72876
10.868878	478.40417	10.738525
10.869218	475.3446	10.748291
10.870755	483.36996	10.758057
10.87299	489.30203	10.767822
10.871462	489.52252	10.777588
10.87406	490.61581	10.787354
10.874498	481.24573	10.797119
10.875301	482.23657	10.806885
10.875348	483.12967	10.81665
10.876478	485.82648	10.826416
10.878423	494.70255	10.836182
10.878268	494.73328	10.845947
10.879697	489.41684	10.855713
10.878732	483.3721	10.865479
10.880965	482.49979	10.875244
10.88131	491.4491	10.88501
10.882255	494.07205	10.894775
10.883031	500.0553	10.904541
10.884009	493.16898	10.914307
10.884209	488.32059	10.924072
10.885502	487.28696	10.933838
10.885201	486.85629	10.943604
10.886449	495.85416	10.953369
10.888844	503.67801	10.963135
10.888308	499.8844	10.9729
10.890114	495.34341	10.982666
10.889959	488.83008	10.992432
10.890782	490.40436	11.002197
10.891803	498.85941	11.011963
10.892447	504.59827	11.021729
10.893791	504.53375	11.031494
10.894225	500.04865	11.04126
10.894783	493.87692	11.051025
10.896194	491.63672	11.060791
10.897829	498.24713	11.070557
10.897245	505.94516	11.080322
10.899458	511.81042	11.090088
10.898872	503.47125	11.099854
10.90081	497.86398	11.109619
10.900736	495.11365	11.119385
10.90185	500.30862	11.12915
10.902719	506.34454	11.138916
10.903237	509.54919	11.148682
10.903267	509.74744	11.158447
10.904412	505.67322	11.168213
10.906797	498.19101	11.177979
10.906525	503.69418	11.187744
10.907659	506.92303	11.19751
10.908631	514.82294	11.207275
10.909069	513.84186	11.217041
10.909974	507.96371	11.226807
10.910495	505.60379	11.236572
10.91112	504.67789	11.246338
10.911674	508.18454	11.256104
10.913446	513.59326	11.265869
10.913951	516.2948	11.275635
10.914405	516.38422	11.2854
10.914848	511.00815	11.295166
10.917022	506.74469	11.304932
10.916568	508.84039	11.314697
10.917558	514.74829	11.324463
10.918885	521.27661	11.334229
10.920224	518.80066	11.343994
10.919632	512.46973	11.35376
10.920935	512.98865	11.363525
10.921165	511.17737	11.373291
10.923116	514.52393	11.383057
10.92366	518.93903	11.392822
10.924289	523.81689	11.402588
10.925528	523.11932	11.412354
10.925713	517.64038	11.422119
10.92619	512.62341	11.431885
10.927917	516.86194	11.44165
10.928041	522.12317	11.451416
10.929371	526.27832	11.461182
10.93052	528.46643	11.470947
10.931334	522.27551	11.480713
10.931215	518.7265	11.490479
10.933064	516.56769	11.500244
10.933082	520.83698	11.51001
10.93483	529.02667	11.519775
10.934041	531.90033	11.529541
10.935409	529.5437	11.539307
10.936961	520.03351	11.549072
10.937268	517.92822	11.558838
10.937997	524.8089	11.568604
10.937908	530.03607	11.578369
10.940162	535.94092	11.588135
10.941245	531.50293	11.5979
10.941998	527.43256	11.607666
10.942824	524.67609	11.617432
10.944183	522.96942	11.627197
10.943262	531.70105	11.636963
10.944742	536.65057	11.646729
10.945037	538.87781	11.656494
10.945853	532.75262	11.66626
10.94582	523.26917	11.676025
10.947412	527.19659	11.685791
10.948895	533.55872	11.695557
10.949092	538.92694	11.705322
10.950278	540.81073	11.715088
10.952314	538.30536	11.724854
10.952568	530.76813	11.734619
10.952671	526.1861	11.744385
10.953826	530.52423	11.75415
10.954878	537.62103	11.763916
10.955312	545.11609	11.773682
10.955773	542.21234	11.783447
10.956709	534.50183	11.793213
10.957312	530.3371	11.802979
10.958672	534.10132	11.812744
10.959358	540.18732	11.82251
10.960936	543.16998	11.832275
10.959892	545.32794	11.842041
10.962317	543.56317	11.851807
10.96297	535.97955	11.861572
10.96337	536.57385	11.871338
10.96458	538.94519	11.881104
10.964282	547.50232	11.890869
10.965583	550.03882	11.900635
10.966631	545.91425	11.9104
10.96777	542.60382	11.920166
10.96806	538.02618	11.929932
10.96888	544.77338	11.939697
10.970303	545.11804	11.949463
10.971078	548.5174	11.959229
10.97337	553.89417	11.968994
10.971867	546.44861	11.97876
10.972309	543.17993	11.988525
10.97375	540.32916	11.998291
10.975023	546.29529	12.008057
10.975971	554.92981	12.017822
10.977255	554.32513	12.027588
10.976648	554.07733	12.037354
10.977996	549.84802	12.047119
10.978433	545.91278	12.056885
10.97974	547.26343	12.06665
10.979772	549.64441	12.076416
10.981095	558.77881	12.086182
10.983433	560.62115	12.095947
10.982587	553.39032	12.105713
10.983345	547.28729	12.115479
10.984335	547.55475	12.125244
10.985167	554.27539	12.13501
10.986421	560.70581	12.144775
10.986958	561.61371	12.154541
10.98806	559.20496	12.164307
10.988729	554.05035	12.174072
10.989629	549.79865	12.183838
10.990332	554.1618	12.193604
10.990905	560.81122	12.203369
10.991336	567.52325	12.213135
10.992889	566.39783	12.2229
10.994164	555.32233	12.232666
10.994712	553.06378	12.242432
10.994619	556.58875	12.252197
10.996608	561.72528	12.261963
10.996669	570.77618	12.271729
10.998128	566.30646	12.281494
10.99754	565.2937	12.29126
10.999247	558.27454	12.301025
10.999678	554.09296	12.310791
11.001205	562.42419	12.320557
11.001365	570.35736	12.330322
11.003407	574.90509	12.340088
11.003151	568.28082	12.349854
11.002594	559.72705	12.359619
11.004133	561.20374	12.369385
11.004642	564.59827	12.37915
11.006721	571.23877	12.388916
11.007325	574.5166	12.398682
11.008679	573.12781	12.408447
11.009044	570.03412	12.418213
11.009491	561.75739	12.427979
11.010924	564.40686	12.437744
11.011286	573.0061	12.44751
11.011024	578.55511	12.457275
11.013479	579.38843	12.467041
11.013601	570.65845	12.476807
11.01536	568.46967	12.486572
11.016247	569.44135	12.496338
11.016164	571.90796	12.506104
11.017509	575.16553	12.515869
11.017973	579.84485	12.525635
11.017762	580.51862	12.5354
11.020392	573.35077	12.545166
11.021156	570.73914	12.554932
11.020684	571.62915	12.564697
11.022147	580.1792	12.574463
11.022988	583.88934	12.584229
11.024131	582.88916	12.593994
11.024402	578.45245	12.60376
11.026007	574.76093	12.613525
11.027095	576.47845	12.623291
11.026741	577.53979	12.633057
11.028944	583.62933	12.642822
11.027947	588.10291	12.652588
11.029402	585.01178	12.662354
11.030542	581.79834	12.672119
11.031234	576.10303	12.681885
11.031631	580.52863	12.69165
11.033176	588.09424	12.701416
11.033924	588.84955	12.711182
11.034188	591.03369	12.720947
11.03484	586.64349	12.730713
11.03566	583.24579	12.740479
11.036943	581.44043	12.750244
11.038907	583.52399	12.76001
11.03776	593.00305	12.769775
11.038833	596.95435	12.779541
11.040514	590.88556	12.789307
11.040709	584.94611	12.799072
11.041861	581.70435	12.808838
11.04244	589.6958	12.818604
11.044286	591.06415	12.828369
11.043863	597.84521	12.838135
11.045215	598.11304	12.8479
11.044753	591.39105	12.857666
11.046391	587.72559	12.867432
11.047519	586.86957	12.877197
11.048701	593.85577	12.886963
11.048652	601.75397	12.896729
11.050525	603.146	12.906494
11.050563	594.01855	12.91626
11.051184	590.04138	12.926025
11.051659	588.86493	12.935791
11.052774	595.96057	12.945557
11.054258	603.18286	12.955322
11.055164	603.89838	12.965088
11.055848	602.52313	12.974854
11.056475	594.02948	12.984619
11.058194	589.68488	12.994385
11.058434	595.06897	13.00415
11.05888	602.06604	13.013916
11.058487	609.51941	13.023682
11.060928	605.11688	13.033447
11.061359	598.11096	13.043213
11.062049	596.79218	13.052979
11.062857	596.77448	13.062744
11.063639	604.51892	13.07251
11.063899	607.49902	13.082275
11.065521	609.41449	13.092041
11.066097	608.01611	13.101807
11.066282	598.5647	13.111572
11.067708	599.42908	13.121338
11.068729	603.45679	13.131104
11.069146	609.7149	13.140869
11.070561	615.33044	13.150635
11.071833	609.52893	13.1604
11.071461	604.75995	13.170166
11.072428	605.49927	13.179932
11.073006	604.31201	13.189697
11.073997	609.97534	13.199463
11.075439	614.43359	13.209229
11.076246	617.83752	13.218994
11.076856	610.82886	13.22876
11.077665	606.01611	13.238525
11.078568	606.26611	13.248291
11.078884	613.10956	13.258057
11.079978	615.74805	13.267822
11.08122	618.25	13.277588
11.08059	616.09668	13.287354
11.08172	613.53265	13.297119
11.083067	611.06812	13.306885
11.083706	610.35138	13.31665
11.084614	615.71722	13.326416
11.084877	622.75513	13.336182
11.086314	623.73346	13.345947
11.086719	617.53381	13.355713
11.088032	611.19629	13.365479
11.089415	614.17828	13.375244
11.090051	618.87445	13.38501
11.089883	622.84485	13.394775
11.090497	626.2392	13.404541
11.092709	622.30121	13.414307
11.092196	619.6322	13.424072
11.092837	613.81641	13.433838
11.095401	616.68207	13.443604
11.095037	626.5094	13.453369
11.096135	630.39081	13.463135
11.096245	629.10596	13.4729
11.097853	621.66351	13.482666
11.098068	616.31799	13.492432
11.098974	621.69135	13.502197
11.101075	625.09875	13.511963
11.10135	633.17072	13.521729
11.102607	633.02997	13.531494
11.101935	627.97748	13.54126
11.103481	623.74213	13.551025
11.104588	618.60541	13.560791
11.10461	625.12073	13.570557
11.105975	635.4538	13.580322
11.107096	637.47711	13.590088
11.107409	632.37964	13.599854
11.108233	625.47333	13.609619
11.110043	624.16284	13.619385
11.110093	628.11237	13.62915
11.110579	632.789	13.638916
11.110832	638.97101	13.648682
11.112035	638.33276	13.658447
11.113136	631.30566	13.668213
11.113181	624.67932	13.677979
11.114596	627.09003	13.687744
11.115181	635.13214	13.69751
11.117345	642.82013	13.707275
11.117914	639.3316	13.717041
11.118186	635.18811	13.726807
11.118519	633.09155	13.736572
11.119562	631.32806	13.746338
11.121547	636.50092	13.756104
11.121162	639.3927	13.765869
11.121465	646.73846	13.775635
11.123152	644.78223	13.7854
11.124187	634.7785	13.795166
11.124943	634.94061	13.804932
11.125249	633.62006	13.814697
11.126521	643.56274	13.824463
11.127848	646.23615	13.834229
11.128766	643.95667	13.843994
11.129641	641.30206	13.85376
11.128734	638.02228	13.863525
11.130014	638.21436	13.873291
11.130754	641.84082	13.883057
11.1334	646.59167	13.892822
11.131741	652.00427	13.902588
11.133437	648.49591	13.912354
11.134125	643.14264	13.922119
11.135908	639.82086	13.931885
11.135717	642.85254	13.94165
11.136794	649.68207	13.951416
11.137572	651.67279	13.961182
11.138911	652.62598	13.970947
11.13947	651.17236	13.980713
11.139524	645.98969	13.990479
11.141104	642.79767	14.000244
11.141417	647.91052	14.01001
11.143279	654.91931	14.019775
11.143653	659.70258	14.029541
11.144225	655.32983	14.039307
11.145055	646.23181	14.049072
11.146229	645.94946	14.058838
11.146533	652.50592	14.068604
11.14733	654.82715	14.078369
11.14845	661.49792	14.088135
11.149076	660.3501	14.0979
11.150619	656.1394	14.107666
11.150398	648.91754	14.117432
11.150865	648.50183	14.127197
11.152051	656.32452	14.136963
11.152908	664.20947	14.146729
11.153862	665.70721	14.156494
11.154048	656.94928	14.16626
11.155892	652.92999	14.176025
11.156143	653.75549	14.185791
11.156064	656.45551	14.195557
11.157978	666.02362	14.205322
11.158771	666.56116	14.215088
11.159669	666.75439	14.224854
11.160154	658.43823	14.234619
11.160785	652.74744	14.244385
11.161608	658.8786	14.25415
11.163288	666.27655	14.263916
11.163493	670.49957	14.273682
11.164156	668.97711	14.283447
11.165848	661.71588	14.293213
11.166798	660.4115	14.302979
11.167426	659.8327	14.312744
11.167312	665.49799	14.32251
11.168044	671.45404	14.332275
11.16951	672.26721	14.342041
11.169379	669.42419	14.351807
11.170333	663.21893	14.361572
11.172075	659.88116	14.371338
11.172822	667.77142	14.381104
11.173464	674.46912	14.390869
11.174098	674.85699	14.400635
11.175705	672.63629	14.4104
11.176272	667.22888	14.420166
11.177876	667.59363	14.429932
11.177437	668.92987	14.439697
11.177441	669.67126	14.449463
11.179909	678.30011	14.459229
11.18054	678.31201	14.468994
11.181087	673.0304	14.47876
11.181231	669.06335	14.488525
11.182542	665.66534	14.498291
11.181807	675.51953	14.508057
11.184179	678.36169	14.517822
11.184684	678.80078	14.527588
11.185664	680.27252	14.537354
11.186539	673.57074	14.547119
11.187449	672.71112	14.556885
11.188107	671.61084	14.56665
11.188356	678.24475	14.576416
11.190439	685.83044	14.586182
11.190412	681.98438	14.595947
11.190261	680.46924	14.605713
11.192607	672.96619	14.615479
11.192728	675.53247	14.625244
11.195022	680.48639	14.63501
11.194541	682.24023	14.644775
11.19543	686.45367	14.654541
11.196234	684.81537	14.664307
11.197316	679.75696	14.674072
11.19822	677.01031	14.683838
11.19813	679.04718	14.693604
11.199502	686.14545	14.703369
11.200387	693.18927	14.713135
11.1997	690.01025	14.7229
11.202259	684.09473	14.732666
11.202125	679.07471	14.742432
11.203814	681.63318	14.752197
11.204261	687.09857	14.761963
11.205462	692.00897	14.771729
11.206627	695.1875	14.781494
11.206283	690.57465	14.79126
11.207479	681.15924	14.801025
11.208844	680.40894	14.810791
11.208581	687.39862	14.820557
11.209991	696.35626	14.830322
11.211863	699.27191	14.840088
11.211942	693.26563	14.849854
11.212378	687.11951	14.859619
11.213724	686.89728	14.869385
11.213403	687.29852	14.87915
11.215044	696.16852	14.888916
11.21569	699.28925	14.898682
11.216142	700.92798	14.908447
11.216989	694.22614	14.918213
11.217876	684.82367	14.927979
11.218946	689.50043	14.937744
11.219414	697.40424	14.94751
11.220862	703.68799	14.957275
11.222155	702.07813	14.967041
11.222257	696.08923	14.976807
11.223648	695.19305	14.986572
11.223922	690.17133	14.996338
11.22415	696.37781	15.006104
11.224982	700.71106	15.015869
11.226661	705.28448	15.025635
11.227804	705.98468	15.0354
11.229185	696.90851	15.045166
11.227587	696.24249	15.054932
11.231078	697.79144	15.064697
11.230065	704.48553	15.074463
11.230867	707.841	15.084229
11.231017	705.55316	15.093994
11.232496	703.44611	15.10376
11.233686	699.98047	15.113525
11.234776	699.64685	15.123291
11.235183	702.50171	15.133057
11.236351	708.47906	15.142822
11.236111	712.83978	15.152588
11.238391	709.74506	15.162354
11.238483	703.48615	15.172119
11.239154	700.5188	15.181885
11.240576	705.76038	15.19165
11.241297	709.47284	15.201416
11.242093	711.37244	15.211182
11.242016	712.90088	15.220947
11.243176	709.82562	15.230713
11.244079	706.81378	15.240479
11.2451	704.22742	15.250244
11.244504	710.07385	15.26001
11.246575	716.55914	15.269775
11.246686	716.80194	15.279541
11.249362	717.40533	15.289307
11.249681	707.8172	15.299072
11.249823	709.69189	15.308838
11.251002	711.99091	15.318604
11.251969	713.92218	15.328369
11.251493	721.29346	15.338135
11.252783	719.92438	15.3479
11.253431	715.31122	15.357666
11.254994	710.05035	15.367432
11.256502	708.59613	15.377197
11.255436	718.84613	15.386963
11.257674	724.76605	15.396729
11.258069	724.05707	15.406494
11.259007	719.19019	15.41626
11.259643	711.39563	15.426025
11.261681	713.78876	15.435791
11.261434	716.85309	15.445557
11.262316	723.72961	15.455322
11.262608	727.67371	15.465088
11.264286	725.14709	15.474854
11.264919	717.47479	15.484619
11.265312	712.96094	15.494385
11.266139	717.02039	15.50415
11.267631	726.59528	15.513916
11.267448	729.55493	15.523682
11.268882	726.99591	15.533447
11.26896	722.03943	15.543213
11.271245	719.35345	15.552979
11.271405	720.35645	15.562744
11.271785	726.64288	15.57251
11.272798	729.90149	15.582275
11.273078	734.40546	15.592041
11.274779	728.54181	15.601807
11.274034	720.82104	15.611572
11.275798	720.04736	15.621338
11.277227	726.3858	15.631104
11.277415	735.03351	15.640869
11.278618	733.22882	15.650635
11.279515	731.1908	15.6604
11.279994	727.97046	15.670166
11.280377	724.19904	15.679932
11.281689	726.37848	15.689697
11.282077	731.43713	15.699463
11.28315	736.89758	15.709229
11.284093	740.26563	15.718994
11.284277	730.0451	15.72876
11.286251	728.69684	15.738525
11.286535	730.20471	15.748291
11.287393	734.14917	15.758057
11.287687	738.66919	15.767822
11.288669	739.14954	15.777588
11.290174	739.29553	15.787354
11.290414	734.69098	15.797119
11.291165	730.37677	15.806885
11.291879	730.25299	15.81665
11.292976	738.25128	15.826416
11.294201	744.13263	15.836182
11.29491	742.4093	15.845947
11.296018	736.87415	15.855713
11.297043	734.53821	15.865479
11.297791	736.02264	15.875244
11.298833	738.00745	15.88501
11.298141	743.32336	15.894775
11.299255	745.80029	15.904541
11.299918	745.73065	15.914307
11.301863	739.771	15.924072
11.302504	735.37061	15.933838
11.303132	739.83087	15.943604
11.304483	745.40308	15.953369
11.304309	749.30688	15.963135
11.305233	749.42145	15.9729
11.30579	741.61865	15.982666
11.306837	740.07611	15.992432
11.307649	740.22906	16.002197
11.30863	743.40582	16.011963
11.309256	752.76965	16.021729
11.310444	752.4715	16.031494
11.311217	749.90588	16.04126
11.312334	741.99915	16.051025
11.31314	739.05304	16.060791
11.313726	747.59076	16.070557
11.314165	753.41553	16.080322
11.314915	757.26404	16.090088
11.315781	753.28857	16.099854
11.31616	746.79974	16.109619
11.317345	746.61572	16.119385
11.318098	743.87805	16.12915
11.318869	754.67834	16.138916
11.320642	760.2804	16.148682
11.320523	759.96301	16.158447
11.321443	752.83099	16.168213
11.322238	744.1568	16.177979
11.324177	746.58752	16.187744
11.323897	755.91565	16.19751
11.325233	760.6748	16.207275
11.326168	760.73981	16.217041
11.326544	755.86554	16.226807
11.327301	752.71973	16.236572
11.328379	749.17511	16.246338
11.328373	754.02112	16.256104
11.329271	760.97418	16.265869
11.330151	765.3089	16.275635
11.331083	761.54938	16.2854
11.331011	754.5224	16.295166
11.333949	752.93396	16.304932
11.334099	756.47778	16.314697
11.33479	762.73291	16.324463
11.335513	765.1427	16.334229
11.336323	764.45917	16.343994
11.337765	761.13574	16.35376
11.337384	757.04932	16.363525
11.338906	756.8158	16.373291
11.339182	760.5827	16.383057
11.33989	768.46204	16.392822
11.340421	769.51996	16.402588
11.342476	767.06256	16.412354
11.342856	762.1214	16.422119
11.343301	758.37048	16.431885
11.344172	762.15393	16.44165
11.345244	768.79462	16.451416
11.346085	768.66138	16.461182
11.347122	772.84851	16.470947
11.347773	767.50867	16.480713
11.348795	763.41925	16.490479
11.348865	761.82947	16.500244
11.349723	765.42657	16.51001
11.35125	775.54077	16.519775
11.351808	773.48566	16.529541
11.352154	770.68823	16.539307
11.354089	767.29248	16.549072
11.353706	764.89124	16.558838
11.355812	768.57843	16.568604
11.355166	771.89081	16.578369
11.357288	776.82776	16.588135
11.357009	777.76727	16.5979
11.357604	772.02771	16.607666
11.358424	765.0401	16.617432
11.359981	768.15741	16.627197
11.361064	774.92059	16.636963
11.3603	781.08405	16.646729
11.362691	781.31238	16.656494
11.362665	776.11243	16.66626
11.36376	771.27332	16.676025
11.364045	768.91516	16.685791
11.366523	773.68329	16.695557
11.366445	780.95807	16.705322
11.366002	784.46454	16.715088
11.367634	784.1366	16.724854
11.36878	773.37134	16.734619
11.369768	770.3512	16.744385
11.370618	775.95746	16.75415
11.370603	782.4234	16.763916
11.370998	788.82489	16.773682
11.372879	784.83447	16.783447
11.373675	780.32892	16.793213
11.372839	776.74451	16.802979
11.375906	773.28571	16.812744
11.375968	782.77411	16.82251
11.377106	788.5069	16.832275
11.376962	790.70673	16.842041
11.378189	786.70026	16.851807
11.379314	777.57367	16.861572
11.379164	778.54193	16.871338
11.380647	784.25183	16.881104
11.38198	789.91254	16.890869
11.382767	791.94763	16.900635
11.384068	787.87524	16.9104
11.383998	784.50964	16.920166
11.384388	779.51086	16.929932
11.385222	783.20624	16.939697
11.386411	788.0932	16.949463
11.388518	794.44745	16.959229
11.38775	795.77618	16.968994
11.38859	786.36389	16.97876
11.389274	782.80902	16.988525
11.390635	785.04596	16.998291
11.391264	790.88788	17.008057
11.391711	794.50342	17.017822
11.393382	796.19879	17.027588
11.394084	794.36676	17.037354
11.395759	790.58148	17.047119
11.395272	786.71399	17.056885
11.396686	785.85394	17.06665
11.397219	795.49213	17.076416
11.398124	800.17914	17.086182
11.399226	797.75745	17.095947
11.398998	794.31702	17.105713
11.39919	789.66138	17.115479
11.401438	792.26947	17.125244
11.401566	796.01953	17.13501
11.402568	798.2403	17.144775
11.404029	802.65533	17.154541
11.404234	800.22174	17.164307
11.405054	796.27563	17.174072
11.405725	791.44733	17.183838
11.407269	796.15906	17.193604
11.407223	802.44427	17.203369
11.407694	805.638	17.213135
11.409195	804.5437	17.2229
11.410784	799.17163	17.232666
11.411498	796.83582	17.242432
11.412079	796.6236	17.252197
11.413075	798.76959	17.261963
11.41359	807.56494	17.271729
11.414019	810.3042	17.281494
11.41536	805.62927	17.29126
11.415175	799.05316	17.301025
11.416699	796.0274	17.310791
11.416811	802.57214	17.320557
11.418143	809.23962	17.330322
11.418958	811.30902	17.340088
11.421028	807.15405	17.349854
11.41957	803.40649	17.359619
11.421761	799.89508	17.369385
11.422377	801.65216	17.37915
11.422413	807.80157	17.388916
11.42378	814.46362	17.398682
11.425436	814.16412	17.408447
11.425598	807.04901	17.418213
11.426893	800.56262	17.427979
11.42752	804.24579	17.437744
11.42859	808.67499	17.44751
11.42848	817.03345	17.457275
11.430025	814.65454	17.467041
11.429977	813.18066	17.476807
11.431422	808.50378	17.486572
11.43188	804.47327	17.496338
11.432633	809.40466	17.506104
11.434543	816.07874	17.515869
11.434269	821.94995	17.525635
11.435527	817.48682	17.5354
11.435556	809.14856	17.545166
11.437286	807.39343	17.554932
11.437259	810.54962	17.564697
11.439156	817.54163	17.574463
11.440125	820.11383	17.584229
11.43996	819.22089	17.593994
11.441127	818.0321	17.60376
11.44295	812.42249	17.613525
11.442547	812.42865	17.623291
11.443636	816.06805	17.633057
11.444615	824.16565	17.642822
11.445047	824.15692	17.652588
11.445948	820.50238	17.662354
11.446213	816.79285	17.672119
11.448124	815.44989	17.681885
11.449158	817.27411	17.69165
11.449834	823.29333	17.701416
11.45022	823.49518	17.711182
11.451021	826.59222	17.720947
11.451008	821.86926	17.730713
11.452454	817.41748	17.740479
11.453039	816.30475	17.750244
11.453718	822.9389	17.76001
11.455419	826.95911	17.769775
11.455869	828.71149	17.779541
11.456568	825.57654	17.789307
11.456409	820.91052	17.799072
11.458711	820.63367	17.808838
11.458602	822.48267	17.818604
11.460715	827.23132	17.828369
11.46082	830.41571	17.838135
11.460848	831.46576	17.8479
11.461384	827.91614	17.857666
11.4639	819.03931	17.867432
11.463756	821.37372	17.877197
11.465523	830.48834	17.886963
11.465446	832.93811	17.896729
11.465469	835.10321	17.906494
11.467487	828.70862	17.91626
11.468775	826.82928	17.926025
11.468466	825.57544	17.935791
11.469622	824.20148	17.945557
11.470375	835.00989	17.955322
11.471562	838.01776	17.965088
11.471373	835.91986	17.974854
11.472419	829.51697	17.984619
11.473558	823.95654	17.994385
11.474455	829.64691	18.00415
11.475718	834.96002	18.013916
11.475091	840.58295	18.023682
11.477593	838.02606	18.033447
11.47792	833.36151	18.043213
11.479145	830.37622	18.052979
11.479231	827.58105	18.062744
11.480211	836.23694	18.07251
11.481518	843.28644	18.082275
11.479994	843.33734	18.092041
11.482377	839.88593	18.101807
11.482866	830.25873	18.111572
11.483812	829.4483	18.121338
11.484221	839.07147	18.131104
11.485732	844.50177	18.140869
11.486957	843.8692	18.150635
11.486705	843.74274	18.1604
11.488677	839.0238	18.170166
11.489537	834.40967	18.179932
11.489544	836.77368	18.189697
11.490483	841.42566	18.199463
11.491077	849.77795	18.209229
11.492839	845.78802	18.218994
11.493533	840.31927	18.22876
11.494358	836.67859	18.238525
11.495047	838.34174	18.248291
11.494713	845.01465	18.258057
11.495639	846.17743	18.267822
11.496469	849.99725	18.277588
11.498264	848.88794	18.287354
11.498088	840.92017	18.297119
11.50021	840.3606	18.306885
11.500174	843.0827	18.31665
11.501904	849.14111	18.326416
11.502414	853.19543	18.336182
11.50287	846.2868	18.345947
11.503337	847.21289	18.355713
11.505013	842.45782	18.365479
11.505173	843.82446	18.375244
11.506802	846.27069	18.38501
11.507092	848.1676	18.394775
11.507821	853.27545	18.404541
11.509008	850.99011	18.414307
11.50985	843.99146	18.424072
11.511004	840.96204	18.433838
11.510755	846.92328	18.443604
11.51234	852.92487	18.453369
11.511967	853.32196	18.463135
11.514158	852.94141	18.4729
11.514517	848.50519	18.482666
11.515068	845.01141	18.492432
11.516457	845.65857	18.502197
11.516257	850.36163	18.511963
11.517599	854.3913	18.521729
11.518483	859.04907	18.531494
11.519171	853.85254	18.54126
11.520246	845.08954	18.551025
11.520656	846.03241	18.560791
11.521502	851.55255	18.570557
11.522876	856.7337	18.580322
11.524307	860.46149	18.590088
11.523216	854.53015	18.599854
11.525336	852.90808	18.609619
11.525788	849.54706	18.619385
11.52695	848.16364	18.62915
11.527749	857.24011	18.638916
11.52759	862.76807	18.648682
11.528542	864.67828	18.658447
11.529832	855.00287	18.668213
11.530723	848.93781	18.677979
11.532237	852.74377	18.687744
11.53241	858.8642	18.69751
11.533426	864.02234	18.707275
11.534948	863.54865	18.717041
11.534658	858.12854	18.726807
11.534723	856.18378	18.736572
11.535303	850.90967	18.746338
11.537429	857.76331	18.756104
11.53862	863.13397	18.765869
11.539024	866.64453	18.775635
11.539439	866.33252	18.7854
11.541436	857.53827	18.795166
11.541754	855.59045	18.804932
11.541754	859.0321	18.814697
11.542322	863.63098	18.824463
11.542778	868.41028	18.834229
11.544625	867.03619	18.843994
11.544543	864.14197	18.85376
11.546915	859.51331	18.863525
11.54628	858.88806	18.873291
11.546951	861.96948	18.883057
11.548703	871.14087	18.892822
11.54925	870.4187	18.902588
11.551523	865.37299	18.912354
11.550876	861.57422	18.922119
11.551553	861.32928	18.931885
11.552891	864.30115	18.94165
11.553757	867.53162	18.951416
11.553637	872.8515	18.961182
11.5567	872.37848	18.970947
11.555403	866.09406	18.980713
11.557346	864.1311	18.990479
11.557871	863.93158	19.000244
11.557965	869.57813	19.01001
11.559442	875.73193	19.019775
11.559693	872.5459	19.029541
11.561481	873.90771	19.039307
11.561948	868.00989	19.049072
11.562791	866.98621	19.058838
11.562982	868.14056	19.068604
11.564383	871.74786	19.078369
11.564301	879.15662	19.088135
11.565599	877.11737	19.0979
11.566791	871.80621	19.107666
11.567439	866.22186	19.117432
11.568828	867.7381	19.127197
11.569125	875.60126	19.136963
11.569655	877.55054	19.146729
11.570086	880.315	19.156494
11.571198	877.77386	19.16626
11.571943	871.20172	19.176025
11.572854	869.90088	19.185791
11.574718	874.13367	19.195557
11.574925	880.42847	19.205322
11.574918	884.59503	19.215088
11.576434	881.82269	19.224854
11.577221	873.37732	19.234619
11.577979	871.64868	19.244385
11.578328	875.16089	19.25415
11.579569	881.68958	19.263916
11.579075	884.95923	19.273682
11.581144	884.12164	19.283447
11.582155	880.85028	19.293213
11.582802	875.71887	19.302979
11.582234	872.13269	19.312744
11.583609	878.80554	19.32251
11.585319	888.46649	19.332275
11.58455	889.37946	19.342041
11.586351	882.1369	19.351807
11.589429	877.09753	19.361572
11.589193	878.39111	19.371338
11.589589	880.16217	19.381104
11.590796	889.14624	19.390869
11.591253	889.59229	19.400635
11.591844	889.09711	19.4104
11.592437	883.13617	19.420166
11.59334	876.71417	19.429932
11.595514	881.883	19.439697
11.595906	887.31525	19.449463
11.595643	893.21942	19.459229
11.596059	891.79114	19.468994
11.596815	882.93378	19.47876
11.597749	881.5611	19.488525
11.599504	884.3288	19.498291
11.600169	887.05872	19.508057
11.600796	890.42529	19.517822
11.602269	892.29199	19.527588
11.602279	891.53607	19.537354
11.602591	884.65533	19.547119
11.60329	882.42102	19.556885
11.605019	885.8183	19.56665
11.604949	892.31342	19.576416
11.606759	895.77704	19.586182
11.607064	891.67682	19.595947
11.608227	888.44757	19.605713
11.607986	887.56927	19.615479
11.609909	887.4436	19.625244
11.60993	890.62469	19.63501
11.611493	896.01642	19.644775
11.611729	898.08179	19.654541
11.61264	895.13776	19.664307
11.613311	888.94049	19.674072
11.613329	885.81891	19.683838
11.61511	892.6806	19.693604
11.615579	896.50598	19.703369
11.617181	899.36615	19.713135
11.617819	898.65918	19.7229
11.618309	893.81952	19.732666
11.619211	892.61755	19.742432
11.62058	889.90332	19.752197
11.620521	894.91266	19.761963
11.622137	902.29321	19.771729
11.622894	904.54291	19.781494
11.624208	898.39465	19.79126
11.624934	892.41888	19.801025
11.624914	892.20007	19.810791
11.625001	899.11761	19.820557
11.626596	899.77985	19.830322
11.627865	905.72205	19.840088
11.627431	902.86493	19.849854
11.629057	898.00238	19.859619
11.629034	894.97815	19.869385
11.631723	893.53052	19.87915
11.631754	902.93445	19.888916
11.631515	908.65527	19.898682
11.632453	906.25153	19.908447
11.634068	900.60529	19.918213
11.635178	896.52362	19.927979
11.635878	896.76288	19.937744
11.636355	903.23169	19.94751
11.637297	907.75531	19.957275
11.639114	910.09235	19.967041
11.639145	906.79791	19.976807
11.640285	900.58417	19.986572
11.640991	897.12689	19.996338
11.641367	901.88977	20.006104
11.641631	910.57483	20.015869


Data Header:			0.254_solid_uprint_typei_090_r0			Time:	31.426514	s	4/15/2019 2:56:47 PM
Data Acquisition:	Timed
Station Name:	ft40.cfg
Test File Name:	monotonic_0.2540_typei_solid_090_uprint.tst
Displacement	Force	Running Time
mm	N	s
11.643476	913.79126	20.025635
11.642921	908.25854	20.0354
11.644245	903.66644	20.045166
11.645683	900.42529	20.054932
11.645735	903.59454	20.064697
11.647122	910.53802	20.074463
11.647648	912.18866	20.084229
11.648524	913.34503	20.093994
11.648454	909.50836	20.10376
11.649422	899.8689	20.113525
11.651548	903.36163	20.123291
11.652014	907.52582	20.133057
11.652877	914.78156	20.142822
11.653567	915.58331	20.152588
11.654147	909.60242	20.162354
11.656308	906.93616	20.172119
11.655873	905.53143	20.181885
11.656613	908.2915	20.19165
11.658119	911.75677	20.201416
11.657217	916.92261	20.211182
11.658908	918.78003	20.220947
11.660185	910.25732	20.230713
11.661416	908.62958	20.240479
11.661492	908.80267	20.250244
11.662354	912.39471	20.26001
11.662586	920.01398	20.269775
11.663745	915.96429	20.279541
11.664987	915.04645	20.289307
11.665914	912.17596	20.299072
11.666332	909.71155	20.308838
11.667433	911.27594	20.318604
11.667903	916.82642	20.328369
11.668433	920.89807	20.338135
11.670103	920.87671	20.3479
11.671057	913.90631	20.357666
11.670757	910.52649	20.367432
11.671963	912.72449	20.377197
11.6734	918.74329	20.386963
11.674175	921.13611	20.396729
11.673855	922.63788	20.406494
11.675508	920.66351	20.41626
11.676813	915.86639	20.426025
11.676754	911.43268	20.435791
11.677809	914.55237	20.445557
11.67879	921.40381	20.455322
11.680385	928.2243	20.465088
11.68162	923.00995	20.474854
11.680267	914.51355	20.484619
11.682877	914.57648	20.494385
11.684002	917.74188	20.50415
11.684079	919.98016	20.513916
11.684138	928.54846	20.523682
11.684601	925.96576	20.533447
11.686236	923.82086	20.543213
11.687221	916.86102	20.552979
11.687753	914.16016	20.562744
11.689425	921.27374	20.57251
11.689356	929.44312	20.582275
11.689928	931.21045	20.592041
11.691175	925.84369	20.601807
11.692631	917.95605	20.611572
11.693081	920.27252	20.621338
11.693715	921.42432	20.631104
11.694186	928.85785	20.640869
11.695444	930.14508	20.650635
11.69651	930.27008	20.6604
11.697407	925.63123	20.670166
11.698002	918.30975	20.679932
11.698625	921.95123	20.689697
11.699158	928.23785	20.699463
11.700317	932.4104	20.709229
11.700586	932.03101	20.718994
11.701271	926.09924	20.72876
11.702723	921.17273	20.738525
11.702626	924.24487	20.748291
11.704006	929.48273	20.758057
11.70584	931.17169	20.767822
11.705297	935.42603	20.777588
11.70689	932.00183	20.787354
11.706985	926.87665	20.797119
11.708456	923.5354	20.806885
11.70947	926.00385	20.81665
11.709626	934.81824	20.826416
11.71174	936.97833	20.836182
11.711929	931.19434	20.845947
11.711898	930.37042	20.855713
11.712026	927.66498	20.865479
11.713156	928.82465	20.875244
11.715618	929.57739	20.88501
11.715038	936.76978	20.894775
11.715912	939.21851	20.904541
11.718148	931.84332	20.914307
11.717699	930.70917	20.924072
11.718715	926.79535	20.933838
11.719277	932.97504	20.943604
11.720532	938.3158	20.953369
11.721639	936.46558	20.963135
11.721626	936.91901	20.9729
11.722691	934.93079	20.982666
11.724216	929.89319	20.992432
11.724368	931.7276	21.002197
11.725349	934.11493	21.011963
11.725979	941.00507	21.021729
11.726934	942.49585	21.031494
11.728924	937.03284	21.04126
11.728756	930.85364	21.051025
11.729181	933.00854	21.060791
11.730836	934.92047	21.070557
11.730908	939.79834	21.080322
11.730781	943.37732	21.090088
11.732921	942.65967	21.099854
11.733726	936.06458	21.109619
11.733311	931.44458	21.119385
11.73559	931.99054	21.12915
11.73704	940.18878	21.138916
11.736361	946.59625	21.148682
11.737164	944.94513	21.158447
11.737918	938.90894	21.168213
11.738874	934.60791	21.177979
11.738913	936.35156	21.187744
11.740918	939.16302	21.19751
11.741128	946.94574	21.207275
11.742176	946.29858	21.217041
11.742968	945.23273	21.226807
11.744911	936.69617	21.236572
11.744639	933.68945	21.246338
11.745646	938.19293	21.256104
11.745578	947.27625	21.265869
11.747411	950.9679	21.275635
11.748997	945.55945	21.2854
11.749225	938.63483	21.295166
11.749882	938.6358	21.304932
11.751288	938.09454	21.314697
11.751123	945.70679	21.324463
11.751866	947.77405	21.334229
11.752748	949.80048	21.343994
11.753605	946.21356	21.35376
11.754879	937.08783	21.363525
11.75539	939.5033	21.373291
11.756166	944.27423	21.383057
11.756407	951.18463	21.392822
11.757678	952.51807	21.402588
11.758065	946.38123	21.412354
11.760271	941.97687	21.422119
11.760554	942.461	21.431885
11.760886	942.87915	21.44165
11.761735	947.09503	21.451416
11.763432	953.13922	21.461182
11.762542	951.35107	21.470947
11.765324	945.81732	21.480713
11.765367	942.87372	21.490479
11.764794	942.77576	21.500244
11.766941	948.52588	21.51001
11.768142	951.72949	21.519775
11.768012	952.00787	21.529541
11.768469	948.64648	21.539307
11.770365	947.07672	21.549072
11.770086	945.56921	21.558838
11.771199	943.26282	21.568604
11.771665	952.0141	21.578369
11.772655	956.79169	21.588135
11.77378	952.31219	21.5979
11.774241	949.96497	21.607666
11.776671	942.8399	21.617432
11.775635	948.44922	21.627197
11.77746	950.16785	21.636963
11.778072	953.26428	21.646729
11.779004	956.78088	21.656494
11.779668	952.08673	21.66626
11.780391	948.96478	21.676025
11.781151	944.22705	21.685791
11.782413	946.74725	21.695557
11.782799	956.10364	21.705322
11.784091	959.68494	21.715088
11.784403	955.25067	21.724854
11.784744	949.47681	21.734619
11.78678	946.50793	21.744385
11.786284	950.97638	21.75415
11.787404	953.64746	21.763916
11.78845	960.59015	21.773682
11.790121	960.47772	21.783447
11.789799	954.06506	21.793213
11.790587	948.64673	21.802979
11.791595	944.96118	21.812744
11.793197	953.07996	21.82251
11.793795	961.46802	21.832275
11.795385	962.60376	21.842041
11.794705	954.61133	21.851807
11.796176	952.03839	21.861572
11.797945	949.73969	21.871338
11.797209	953.3855	21.881104
11.797732	959.60681	21.890869
11.799823	962.80573	21.900635
11.800031	960.48987	21.9104
11.800714	953.69006	21.920166
11.801862	949.66479	21.929932
11.803219	953.4754	21.939697
11.804855	958.70795	21.949463
11.8052	965.36633	21.959229
11.805437	960.13312	21.968994
11.805629	957.28552	21.97876
11.807517	954.58624	21.988525
11.806717	953.1416	21.998291
11.808579	958.83344	22.008057
11.809208	961.49768	22.017822
11.810019	965.35815	22.027588
11.811607	963.85596	22.037354
11.811538	954.14264	22.047119
11.812486	953.79425	22.056885
11.813123	958.04535	22.06665
11.813877	964.68817	22.076416
11.815199	965.64392	22.086182
11.81602	960.96606	22.095947
11.81704	959.44849	22.105713
11.81708	956.27454	22.115479
11.818386	956.74005	22.125244
11.818678	960.27057	22.13501
11.819595	963.37408	22.144775
11.820353	967.90289	22.154541
11.821086	961.98938	22.164307
11.82222	956.71362	22.174072
11.823012	956.98895	22.183838
11.823926	960.19141	22.193604
11.82503	964.82092	22.203369
11.825659	965.27795	22.213135
11.826258	965.47992	22.2229
11.826921	963.2099	22.232666
11.828041	959.51556	22.242432
11.827787	958.55872	22.252197
11.82982	963.44977	22.261963
11.830425	967.66742	22.271729
11.831665	967.92596	22.281494
11.831125	965.05115	22.29126
11.832789	958.76147	22.301025
11.833061	961.35114	22.310791
11.833801	962.29584	22.320557
11.835564	965.82367	22.330322
11.83502	970.83154	22.340088
11.8373	967.88654	22.349854
11.836781	964.58075	22.359619
11.837345	959.48834	22.369385
11.84052	960.7644	22.37915
11.83941	966.77393	22.388916
11.840938	972.7674	22.398682
11.841804	970.74744	22.408447
11.842507	963.6745	22.418213
11.843587	960.27716	22.427979
11.844974	963.4845	22.437744
11.844498	964.28467	22.44751
11.845486	971.4953	22.457275
11.846202	971.849	22.467041
11.846642	970.54016	22.476807
11.84827	963.76996	22.486572
11.849233	958.78802	22.496338
11.850388	964.18213	22.506104
11.850842	972.65356	22.515869
11.850817	974.19281	22.525635
11.853177	971.78082	22.5354
11.852268	964.29736	22.545166
11.853838	963.33728	22.554932
11.854585	963.38745	22.564697
11.855696	968.7229	22.574463
11.85717	972.9032	22.584229
11.856714	974.80237	22.593994
11.858776	969.19012	22.60376
11.858973	962.38037	22.613525
11.859985	963.1554	22.623291
11.859287	969.07495	22.633057
11.861519	974.33527	22.642822
11.861936	974.08972	22.652588
11.861889	970.03888	22.662354
11.863397	966.31952	22.672119
11.864032	965.64203	22.681885
11.865081	968.63354	22.69165
11.865158	970.53699	22.701416
11.866761	977.46521	22.711182
11.868085	974.03705	22.720947
11.868334	967.29364	22.730713
11.869626	966.20422	22.740479
11.869746	965.06909	22.750244
11.871634	972.99359	22.76001
11.871974	975.33636	22.769775
11.873383	972.73804	22.779541
11.873016	974.39905	22.789307
11.874333	969.84644	22.799072
11.875731	967.14502	22.808838
11.876499	968.0921	22.818604
11.876783	974.38037	22.828369
11.877513	979.38647	22.838135
11.877626	973.89362	22.8479
11.877993	971.28796	22.857666
11.880366	967.98157	22.867432
11.880587	969.49054	22.877197
11.881238	974.63165	22.886963
11.882555	974.49292	22.896729
11.883026	977.45593	22.906494
11.883501	976.1156	22.91626
11.884613	968.97388	22.926025
11.885731	968.45374	22.935791
11.886522	973.03204	22.945557
11.886896	977.07312	22.955322
11.887812	979.63556	22.965088
11.88806	976.11462	22.974854
11.889033	970.94037	22.984619
11.890125	969.71332	22.994385
11.89107	969.69226	23.00415
11.892429	974.51691	23.013916
11.892504	980.23572	23.023682
11.893662	979.01874	23.033447
11.89466	977.03241	23.043213
11.89522	968.12659	23.052979
11.895923	967.94104	23.062744
11.896969	974.42786	23.07251
11.897062	981.39014	23.082275
11.898107	981.53693	23.092041
11.899972	974.1568	23.101807
11.900353	972.16583	23.111572
11.902405	970.89319	23.121338
11.901841	971.81866	23.131104
11.902069	979.15009	23.140869
11.90353	980.66003	23.150635
11.904192	982.75232	23.1604
11.904467	974.47736	23.170166
11.905972	967.0752	23.179932
11.905492	970.96545	23.189697
11.907723	978.52106	23.199463
11.907845	983.17389	23.209229
11.908844	981.47748	23.218994
11.910553	975.49542	23.22876
11.909758	973.83905	23.238525
11.911646	970.43762	23.248291
11.912642	975.11041	23.258057
11.912796	981.98633	23.267822
11.914034	983.526	23.277588
11.914292	979.1615	23.287354
11.916062	972.36761	23.297119
11.915645	969.8703	23.306885
11.916502	974.56757	23.31665
11.917246	979.87476	23.326416
11.918581	983.26563	23.336182
11.919972	979.54773	23.345947
11.921545	975.77454	23.355713
11.920832	974.34875	23.365479
11.92148	974.07098	23.375244
11.923392	975.02094	23.38501
11.923599	983.20135	23.394775
11.923602	983.93732	23.404541
11.925593	979.48517	23.414307
11.926107	973.98047	23.424072
11.926909	972.87439	23.433838
11.927485	979.35199	23.443604
11.92852	982.03381	23.453369
11.929774	982.37878	23.463135
11.930408	982.34863	23.4729
11.931004	978.49109	23.482666
11.932501	975.55328	23.492432
11.932034	974.03778	23.502197
11.933432	978.05017	23.511963
11.933649	985.08606	23.521729
11.93513	982.31042	23.531494
11.935762	980.76343	23.54126
11.936537	974.75903	23.551025
11.938615	975.03772	23.560791
11.938277	979.61633	23.570557
11.939426	979.62421	23.580322
11.939655	985.53339	23.590088
11.941285	985.05505	23.599854
11.94185	976.71594	23.609619
11.942827	973.4245	23.619385
11.943574	974.13245	23.62915
11.944873	983.50555	23.638916
11.944709	985.25201	23.648682
11.946026	983.89624	23.658447
11.946315	980.39801	23.668213
11.948018	975.42639	23.677979
11.948577	975.58252	23.687744
11.94938	979.27081	23.69751
11.949686	985.15485	23.707275
11.950539	988.43256	23.717041
11.951853	984.23804	23.726807
11.952165	975.3114	23.736572
11.953491	973.28601	23.746338
11.953558	977.05518	23.756104
11.955136	984.341	23.765869
11.954752	986.86829	23.775635
11.95583	981.72742	23.7854
11.957526	978.73511	23.795166
11.958012	974.30457	23.804932
11.958341	974.37433	23.814697
11.959025	982.81738	23.824463
11.960839	984.61627	23.834229
11.961241	987.9563	23.843994
11.962579	981.07764	23.85376
11.963568	973.30768	23.863525
11.963954	977.28052	23.873291
11.964941	980.25146	23.883057
11.964974	986.81451	23.892822
11.96625	986.26044	23.902588
11.966446	981.85437	23.912354
11.968439	980.41492	23.922119
11.968863	974.07458	23.931885
11.969559	979.2868	23.94165
11.969681	983.14203	23.951416
11.970555	987.48907	23.961182
11.971289	986.80933	23.970947
11.97274	977.18408	23.980713
11.973149	976.99243	23.990479
11.973389	977.88977	24.000244
11.975527	981.93909	24.01001
11.975858	986.2948	24.019775
11.975586	984.99109	24.029541
11.977103	980.45563	24.039307
11.97771	979.79431	24.049072
11.980473	975.3866	24.058838
11.980031	979.01526	24.068604
11.981493	984.75427	24.078369
11.98128	987.04407	24.088135
11.981716	983.05841	24.0979
11.983151	981.36755	24.107666
11.984308	977.59027	24.117432
11.985493	980.33002	24.127197
11.985373	980.42859	24.136963
11.986753	985.35699	24.146729
11.986739	985.60754	24.156494
11.987834	983.14978	24.16626
11.989708	979.19965	24.176025
11.989487	974.40424	24.185791
11.990677	979.06696	24.195557
11.991189	986.46521	24.205322
11.992264	985.85138	24.215088
11.992665	986.84521	24.224854
11.993191	978.10919	24.234619
11.994844	977.62592	24.244385
11.994966	980.0022	24.25415
11.996123	980.26996	24.263916
11.997703	987.53619	24.273682
11.99701	987.80084	24.283447
11.997714	984.047	24.293213
11.999957	976.7475	24.302979
12.000841	974.52332	24.312744
12.001613	983.37592	24.32251
12.001814	988.16907	24.332275
12.002575	988.34229	24.342041
12.003583	985.83484	24.351807
12.004465	978.24976	24.361572
12.004489	978.59106	24.371338
12.005333	976.65277	24.381104
12.007088	985.57672	24.390869
12.00775	990.11169	24.400635
12.008877	986.82019	24.4104
12.009493	980.97327	24.420166
12.010885	973.66345	24.429932
12.010734	977.89771	24.439697
12.012227	985.55554	24.449463
12.013131	987.5058	24.459229
12.014193	985.51605	24.468994
12.013568	982.94861	24.47876
12.015229	977.81384	24.488525
12.015415	976.73163	24.498291
12.016626	981.72357	24.508057
12.017955	986.54938	24.517822
12.018137	990.80829	24.527588
12.019093	984.15521	24.537354
12.019058	976.70038	24.547119
12.021832	975.01184	24.556885
12.021023	981.68433	24.56665
12.021951	987.10034	24.576416
12.023106	986.3446	24.586182
12.023167	985.87579	24.595947
12.024133	983.27643	24.605713
12.025661	976.82581	24.615479
12.026435	979.17316	24.625244
12.027369	980.35352	24.63501
12.02816	987.70776	24.644775
12.028925	988.88177	24.654541
12.029309	981.61353	24.664307
12.030163	978.26807	24.674072
12.031442	978.43921	24.683838
12.032282	980.89404	24.693604
12.032416	984.57819	24.703369
12.03359	984.97809	24.713135
12.034183	986.43781	24.7229
12.03517	980.82965	24.732666
12.036395	976.26691	24.742432
12.036438	977.12598	24.752197
12.038098	982.42334	24.761963
12.038973	988.05554	24.771729
12.039481	985.58771	24.781494
12.040533	980.20264	24.79126
12.040363	976.51019	24.801025
12.042807	977.69122	24.810791
12.042466	980.29102	24.820557
12.043516	984.10468	24.830322
12.044321	985.38068	24.840088
12.044312	986.43347	24.849854
12.046022	981.09393	24.859619
12.046267	973.66504	24.869385
12.0473	976.29425	24.87915
12.04857	983.96191	24.888916
12.048488	985.77942	24.898682
12.049286	987.87976	24.908447
12.050343	979.61694	24.918213
12.051394	978.27277	24.927979
12.053321	976.07642	24.937744
12.053234	979.37506	24.94751
12.054278	986.07349	24.957275
12.054837	986.90277	24.967041
12.055861	985.91498	24.976807
12.056687	977.06927	24.986572
12.056937	973.49713	24.996338
12.057775	979.83032	25.006104
12.058825	985.27026	25.015869
12.059629	988.24194	25.025635
12.060236	985.05829	25.0354
12.061569	978.89294	25.045166
12.061746	977.02112	25.054932
12.063208	974.25745	25.064697
12.063699	982.55542	25.074463
12.06405	987.48071	25.084229
12.06565	987.05164	25.093994
12.067164	981.02173	25.10376
12.067615	974.39117	25.113525
12.066478	976.32214	25.123291
12.068673	980.72717	25.133057
12.068825	985.4389	25.142822
12.070218	986.91046	25.152588
12.07091	982.81415	25.162354
12.072178	979.52905	25.172119
12.072468	974.68152	25.181885
12.072368	978.37842	25.19165
12.075022	982.38806	25.201416
12.075809	989.37463	25.211182
12.075178	984.37262	25.220947
12.077382	978.49762	25.230713
12.077016	975.26678	25.240479
12.077374	976.63	25.250244
12.077803	982.67383	25.26001
12.079461	983.03821	25.269775
12.081657	985.716	25.279541
12.081613	981.74738	25.289307
12.083236	976.04309	25.299072
12.084008	977.91418	25.308838
12.084263	976.38574	25.318604
12.086248	984.41406	25.328369
12.085382	986.37256	25.338135
12.086673	980.11157	25.3479
12.08701	978.23987	25.357666
12.086904	974.17639	25.367432
12.089334	976.53461	25.377197
12.089462	979.97009	25.386963
12.091294	982.20251	25.396729
12.091364	985.37659	25.406494
12.092234	981.138	25.41626
12.093301	976.02368	25.426025
12.093938	973.93347	25.435791
12.094182	978.25983	25.445557
12.096037	984.41589	25.455322
12.096501	983.46228	25.465088
12.097598	982.91479	25.474854
12.098556	977.80292	25.484619
12.09819	975.93518	25.494385
12.098665	978.14178	25.50415
12.100084	978.65851	25.513916
12.101469	981.29999	25.523682
12.101916	986.74005	25.533447
12.102789	980.10956	25.543213
12.10365	973.56549	25.552979
12.104809	974.67432	25.562744
12.105741	980.0249	25.57251
12.10704	984.88379	25.582275
12.106703	984.974	25.592041
12.107243	980.95447	25.601807
12.108794	977.20221	25.611572
12.109207	973.22101	25.621338
12.110438	975.0899	25.631104
12.110281	981.09784	25.640869
12.111643	985.51776	25.650635
12.114091	984.16278	25.6604
12.113339	974.39551	25.670166
12.1139	971.9826	25.679932
12.116433	974.46759	25.689697
12.115351	980.25879	25.699463
12.116683	987.15906	25.709229
12.117973	983.13672	25.718994
12.118393	981.06262	25.72876
12.119188	975.2373	25.738525
12.119662	970.3288	25.748291
12.120091	977.89874	25.758057
12.123177	982.96985	25.767822
12.122037	987.05719	25.777588
12.124399	982.76202	25.787354
12.123489	972.16241	25.797119
12.124421	972.20343	25.806885
12.124836	976.84589	25.81665
12.126174	981.98639	25.826416
12.127205	983.97284	25.836182
12.128044	980.73297	25.845947
12.128636	978.21094	25.855713
12.130229	972.00195	25.865479
12.13026	973.62018	25.875244
12.131305	978.2193	25.88501
12.131821	983.58392	25.894775
12.133042	985.01044	25.904541
12.133937	977.84186	25.914307
12.134253	973.19989	25.924072
12.13533	974.64209	25.933838
12.135912	976.87512	25.943604
12.136682	979.92651	25.953369
12.13752	981.99768	25.963135
12.139493	981.65381	25.9729
12.139401	975.40698	25.982666
12.140368	973.40503	25.992432
12.142101	972.17474	26.002197
12.14187	980.96985	26.011963
12.141273	983.60919	26.021729
12.143291	981.10425	26.031494
12.144873	977.04688	26.04126
12.145106	972.7641	26.051025
12.145011	974.08228	26.060791
12.147053	975.67444	26.070557
12.148087	978.59161	26.080322
12.148945	982.78442	26.090088
12.149745	980.38855	26.099854
12.149859	975.58698	26.109619
12.150772	969.297	26.119385
12.15077	972.34137	26.12915
12.152289	980.32642	26.138916
12.153165	980.30609	26.148682
12.153468	982.5166	26.158447
12.154639	976.78064	26.168213
12.156226	972.84668	26.177979
12.157103	971.41418	26.187744
12.15771	972.51746	26.19751
12.158613	981.2041	26.207275
12.160366	982.65454	26.217041
12.158344	977.88226	26.226807
12.160185	973.3623	26.236572
12.161497	969.48059	26.246338
12.161942	974.23016	26.256104
12.163006	980.47894	26.265869
12.164052	981.9856	26.275635
12.164728	979.01202	26.2854
12.164825	974.68671	26.295166
12.166852	969.63391	26.304932
12.168079	970.59381	26.314697
12.167682	974.26678	26.324463
12.169072	982.31512	26.334229
12.169773	982.85193	26.343994
12.171123	974.69934	26.35376
12.170429	970.37891	26.363525
12.172265	970.36945	26.373291
12.172131	974.8938	26.383057
12.173512	979.87622	26.392822
12.1745	980.09125	26.402588
12.174609	978.12811	26.412354
12.176661	972.43652	26.422119
12.176808	967.65216	26.431885
12.17852	973.05243	26.44165
12.178219	976.30347	26.451416
12.179122	981.94525	26.461182
12.180328	980.84302	26.470947
12.180336	971.04926	26.480713
12.181652	969.66467	26.490479
12.182701	969.93988	26.500244
12.183954	975.76678	26.51001
12.184556	978.63922	26.519775
12.185624	978.55414	26.529541
12.187458	977.44293	26.539307
12.187393	969.25616	26.549072
12.187743	970.10876	26.558838
12.188977	972.76172	26.568604
12.189298	977.06104	26.578369
12.190052	981.25037	26.588135
12.190952	974.69934	26.5979
12.191405	971.37573	26.607666
12.192812	970.20221	26.617432
12.193237	971.06647	26.627197
12.194189	974.88312	26.636963
12.195086	978.37665	26.646729
12.195853	977.79297	26.656494
12.195937	975.86176	26.66626
12.197155	969.59406	26.676025
12.197685	967.04645	26.685791
12.19883	974.27643	26.695557
12.199746	976.9317	26.705322
12.200297	978.46313	26.715088
12.20128	975.69348	26.724854
12.200997	971.76953	26.734619
12.203036	971.68506	26.744385
12.203861	968.73212	26.75415
12.203573	973.60016	26.763916
12.206203	977.75513	26.773682
12.205737	979.43024	26.783447
12.207283	973.54785	26.793213
12.20716	965.20667	26.802979
12.209022	967.38684	26.812744
12.210764	973.29114	26.82251
12.209966	974.8064	26.832275
12.211014	980.68079	26.842041
12.211525	974.45569	26.851807
12.21292	970.13733	26.861572
12.21426	968.00415	26.871338
12.214906	966.85602	26.881104
12.215294	975.82697	26.890869
12.214988	977.64502	26.900635
12.216303	977.70721	26.9104
12.217574	968.81531	26.920166
12.218171	963.6936	26.929932
12.217954	968.24683	26.939697
12.220245	973.02826	26.949463
12.220799	979.08661	26.959229
12.221439	975.77875	26.968994
12.223039	973.01074	26.97876
12.222836	966.96997	26.988525
12.223484	962.05859	26.998291
12.225312	969.26727	27.008057
12.225929	977.53284	27.017822
12.227259	979.17944	27.027588
12.227552	974.36523	27.037354
12.228652	966.01233	27.047119
12.22878	964.83502	27.056885
12.230075	969.86432	27.06665
12.230663	973.38141	27.076416
12.231882	974.79199	27.086182
12.232332	975.10828	27.095947
12.233491	970.68079	27.105713
12.234187	963.85199	27.115479
12.234706	967.64111	27.125244
12.234797	969.76337	27.13501
12.235361	977.91266	27.144775
12.237124	975.76514	27.154541
12.238209	968.46332	27.164307
12.23864	965.95648	27.174072
12.238762	965.10687	27.183838
12.240636	969.02081	27.193604
12.241418	972.37347	27.203369
12.241155	974.76648	27.213135
12.243899	976.06982	27.2229
12.243951	967.6488	27.232666
12.244107	964.93427	27.242432
12.245202	964.05597	27.252197
12.245686	972.95581	27.261963
12.247274	974.39484	27.271729
12.246945	971.06714	27.281494
12.249866	969.30896	27.29126
12.249784	965.14374	27.301025
12.250089	964.49774	27.310791
12.251337	966.71777	27.320557
12.252069	970.78955	27.330322
12.254199	975.50317	27.340088
12.252954	972.43445	27.349854
12.254856	966.13251	27.359619
12.254686	962.45569	27.369385
12.256986	966.26019	27.37915
12.255997	971.65558	27.388916
12.258114	971.73602	27.398682
12.258309	972.78833	27.408447
12.259837	968.59277	27.418213
12.260977	965.07507	27.427979
12.261082	961.96881	27.437744
12.260886	965.82422	27.44751
12.262275	970.51056	27.457275
12.263646	977.44409	27.467041
12.263412	969.59528	27.476807
12.264566	961.22339	27.486572
12.266008	961.3988	27.496338
12.266731	966.05707	27.506104
12.266363	970.17517	27.515869
12.268791	975.435	27.525635
12.268682	968.66992	27.5354
12.26967	968.16699	27.545166
12.26991	963.05231	27.554932
12.271866	961.15533	27.564697
12.272344	969.26398	27.574463
12.272767	972.65741	27.584229
12.273575	974.94812	27.593994
12.274627	967.60797	27.60376
12.2755	960.4267	27.613525
12.276393	963.90344	27.623291
12.276815	965.67877	27.633057
12.278135	972.62646	27.642822
12.277985	971.96747	27.652588
12.27965	969.2373	27.662354
12.280729	965.70526	27.672119
12.281315	958.12543	27.681885
12.28239	963.59467	27.69165
12.282625	970.57159	27.701416
12.283959	973.61639	27.711182
12.284285	970.03607	27.720947
12.285821	963.37146	27.730713
12.285189	959.79254	27.740479
12.285849	963.2558	27.750244
12.288517	966.2536	27.76001
12.2883	970.85602	27.769775
12.289698	970.81427	27.779541
12.289131	967.33734	27.789307
12.29104	960.50647	27.799072
12.29245	959.69183	27.808838
12.292905	963.87708	27.818604
12.292497	970.78119	27.828369
12.293576	971.19513	27.838135
12.29562	966.50903	27.8479
12.296007	963.02454	27.857666
12.297194	960.79309	27.867432
12.29677	964.85248	27.877197
12.298919	963.32123	27.886963
12.298542	968.93994	27.896729
12.299898	970.67926	27.906494
12.301308	964.2066	27.91626
12.299718	961.71912	27.926025
12.301844	959.586	27.935791
12.303108	964.95068	27.945557
12.304006	968.75934	27.955322
12.305223	969.25714	27.965088
12.305639	969.16876	27.974854
12.305797	961.80066	27.984619
12.307435	960.79309	27.994385
12.307641	961.19348	28.00415
12.308832	964.22961	28.013916
12.308997	970.86615	28.023682
12.309943	969.73804	28.033447
12.311447	964.09277	28.043213
12.31146	959.01086	28.052979
12.313311	957.79419	28.062744
12.313866	966.04639	28.07251
12.313695	967.48853	28.082275
12.315652	970.1145	28.092041
12.316349	966.1073	28.101807
12.316621	961.33362	28.111572
12.317433	957.7666	28.121338
12.318012	959.45074	28.131104
12.319658	965.73419	28.140869
12.32055	972.07391	28.150635
12.320687	967.88043	28.1604
12.322371	960.49713	28.170166
12.322377	957.31989	28.179932
12.322364	959.88483	28.189697
12.324687	964.67883	28.199463
12.32615	968.7962	28.209229
12.32493	966.73846	28.218994
12.326435	966.0304	28.22876
12.327766	959.40106	28.238525
12.327393	955.42194	28.248291
12.328552	961.8371	28.258057
12.329916	967.20398	28.267822
12.331096	970.46869	28.277588
12.331802	963.15344	28.287354
12.331961	958.39185	28.297119
12.332646	957.13232	28.306885
12.334291	958.07043	28.31665
12.334229	965.58691	28.326416
12.335885	966.84064	28.336182
12.336901	967.53302	28.345947
12.336556	963.13702	28.355713
12.338266	954.80267	28.365479
12.338872	957.84113	28.375244
12.33982	961.96661	28.38501
12.340563	968.03564	28.394775
12.340595	967.14917	28.404541
12.342275	961.52393	28.414307
12.343642	957.32751	28.424072
12.344395	958.23364	28.433838
12.344242	961.25232	28.443604
12.345723	964.01648	28.453369
12.346164	965.03485	28.463135
12.347792	965.08801	28.4729
12.347403	957.84167	28.482666
12.348217	955.62579	28.492432
12.348824	958.10425	28.502197
12.350435	962.95465	28.511963
12.351361	964.12354	28.521729
12.352599	964.05054	28.531494
12.353206	959.25317	28.54126
12.35231	957.67847	28.551025
12.354343	955.7818	28.560791
12.355321	958.7821	28.570557
12.35592	963.13702	28.580322
12.358436	965.09424	28.590088
12.356786	963.92535	28.599854
12.358972	958.95386	28.609619
12.3596	953.68329	28.619385
12.3604	958.09027	28.62915
12.360118	961.54279	28.638916
12.361979	963.04431	28.648682
12.362021	963.05365	28.658447
12.363029	959.8855	28.668213
12.36381	956.68921	28.677979
12.365387	953.30347	28.687744
12.365056	956.59967	28.69751
12.366853	964.65259	28.707275
12.366825	966.41266	28.717041
12.367908	962.60968	28.726807
12.368922	953.65118	28.736572
12.369397	954.88104	28.746338
12.370633	957.59961	28.756104
12.371468	959.28705	28.765869
12.372546	965.32892	28.775635
12.373428	962.33868	28.7854
12.373587	958.9729	28.795166
12.374687	953.94537	28.804932
12.376138	951.08575	28.814697
12.375813	958.24207	28.824463
12.377978	965.63611	28.834229
12.378316	964.47339	28.843994
12.378442	957.05786	28.85376
12.379863	950.33105	28.863525
12.380912	954.4884	28.873291
12.381092	957.6217	28.883057
12.382365	961.97345	28.892822
12.382144	962.55109	28.902588
12.383779	959.76947	28.912354
12.384358	953.79926	28.922119
12.385501	949.69989	28.931885
12.386188	951.41577	28.94165
12.386209	961.5097	28.951416
12.387857	963.95221	28.961182
12.388511	959.36017	28.970947
12.389418	954.39191	28.980713
12.389548	950.06921	28.990479
12.390041	952.48456	29.000244
12.391832	956.4339	29.01001
12.392187	957.95221	29.019775
12.393619	962.31274	29.029541
12.393707	957.40814	29.039307
12.395696	949.35736	29.049072
12.39547	953.05139	29.058838
12.395796	952.24219	29.068604
12.397235	960.04443	29.078369
12.398026	959.85223	29.088135
12.39941	954.16705	29.0979
12.399992	951.79865	29.107666
12.400726	947.5014	29.117432
12.410948	-8.8080864	29.127197
12.408573	-41.727962	29.136963
12.409299	-30.215765	29.146729
12.407863	-28.979366	29.156494
12.408854	-50.615837	29.16626
12.409686	-43.866947	29.176025
12.409183	-49.151669	29.185791
12.409595	-39.596561	29.195557
12.410123	-38.343025	29.205322
12.412053	-39.545456	29.215088
12.411486	-42.079952	29.224854
12.411678	-43.121826	29.234619
12.412519	-46.24332	29.244385
12.413303	-46.111538	29.25415
12.413994	-42.283947	29.263916
12.414802	-36.924313	29.273682
12.414774	-35.672638	29.283447
12.416802	-43.312092	29.293213
12.417612	-47.193539	29.302979
12.417978	-45.177189	29.312744
12.419334	-43.275543	29.32251
12.419578	-38.861679	29.332275
12.42017	-36.423798	29.342041
12.42051	-39.945862	29.351807
12.421787	-43.666367	29.361572
12.422266	-48.903679	29.371338
12.423656	-47.532455	29.381104
12.423813	-40.419098	29.390869
12.425792	-37.056984	29.400635
12.425925	-38.253269	29.4104
12.426021	-46.23103	29.420166
12.427679	-48.504402	29.429932
12.42647	-46.493179	29.439697
12.428701	-41.762566	29.449463
12.429255	-36.60931	29.459229
12.430676	-38.759285	29.468994
12.432409	-40.148525	29.47876
12.433129	-45.694843	29.488525
12.433567	-50.780689	29.498291
12.433728	-43.435421	29.508057
12.434087	-36.529305	29.517822
12.434689	-35.896927	29.527588
12.436245	-39.746361	29.537354
12.437546	-48.618904	29.547119
12.437746	-46.903587	29.556885
12.43796	-43.98254	29.56665
12.440131	-40.877533	29.576416
12.440349	-36.802155	29.586182
12.440834	-36.737923	29.595947
12.441865	-44.378326	29.605713
12.442747	-49.633915	29.615479
12.444214	-47.994419	29.625244
12.443955	-40.777653	29.63501
12.444831	-36.392033	29.644775
12.445161	-38.316158	29.654541
12.44608	-43.225758	29.664307
12.447637	-46.04509	29.674072
12.448483	-45.160835	29.683838
12.449504	-42.571194	29.693604
12.450796	-40.358177	29.703369
12.450397	-37.043003	29.713135
12.45112	-37.545307	29.7229
12.452543	-45.689041	29.732666
12.45356	-47.196323	29.742432
12.453914	-46.230541	29.752197
12.455001	-37.39764	29.761963
12.455349	-38.461899	29.771729
12.456574	-41.393955	29.781494
12.457741	-42.108444	29.79126
12.457335	-45.059837	29.801025
12.459023	-44.200138	29.810791
12.459985	-45.254181	29.820557
12.460876	-40.516949	29.830322
12.462084	-35.313713	29.840088
12.463591	-41.85479	29.849854
12.462275	-42.540672	29.859619
12.46323	-48.089375	29.869385
12.464374	-44.204281	29.87915
12.465916	-38.486649	29.888916
12.465851	-39.534077	29.898682
12.466876	-37.989231	29.908447
12.466833	-40.781616	29.918213
12.469121	-45.567951	29.927979
12.470201	-45.852131	29.937744
12.470247	-43.774628	29.94751
12.471202	-37.270222	29.957275
12.471847	-35.564514	29.967041
12.472648	-40.997475	29.976807
12.47342	-44.679626	29.986572
12.474328	-46.665073	29.996338
12.47543	-44.158272	30.006104
12.475524	-41.893112	30.015869
12.475715	-37.651661	30.025635
12.477887	-37.339218	30.0354
12.478354	-41.242592	30.045166
12.479568	-48.156658	30.054932
12.480761	-46.640556	30.064697
12.480848	-42.346638	30.074463
12.48107	-35.588772	30.084229
12.482649	-35.523937	30.093994
12.482359	-43.810978	30.10376
12.483812	-46.166962	30.113525
12.485463	-46.578342	30.123291
12.485533	-44.237038	30.133057
12.485417	-37.330498	30.142822
12.48665	-36.206463	30.152588
12.488108	-36.310425	30.162354
12.489923	-44.33194	30.172119
12.490299	-49.365963	30.181885
12.490314	-46.10519	30.19165
12.49233	-38.440388	30.201416
12.491858	-33.732323	30.211182
12.492548	-37.470459	30.220947
12.494009	-45.571629	30.230713
12.49395	-45.769444	30.240479
12.495392	-47.939697	30.250244
12.496351	-42.125156	30.26001
12.498588	-37.757729	30.269775
12.49803	-37.805233	30.279541
12.498793	-39.529259	30.289307
12.500596	-47.862083	30.299072
12.500441	-47.823505	30.308838
12.50072	-41.943851	30.318604
12.501912	-36.182888	30.328369
12.502746	-36.474567	30.338135
12.503552	-39.982983	30.3479
12.505008	-43.219894	30.357666
12.505862	-44.271431	30.367432
12.50593	-45.484425	30.377197
12.506549	-42.539661	30.386963
12.507036	-37.543579	30.396729
12.507998	-35.705067	30.406494
12.509535	-42.820221	30.41626
12.510804	-46.346527	30.426025
12.511117	-46.075199	30.435791
12.511901	-39.932865	30.445557
12.513063	-39.578381	30.455322
12.513494	-38.01001	30.465088
12.514532	-41.054176	30.474854
12.515697	-42.145283	30.484619
12.516314	-44.291298	30.494385
12.516563	-46.579876	30.50415
12.517824	-42.134987	30.513916
12.51797	-36.47459	30.523682
12.519506	-38.890434	30.533447
12.519601	-41.466949	30.543213
12.521915	-47.264473	30.552979
12.521374	-45.333111	30.562744
12.522695	-42.175503	30.57251
12.522854	-39.734512	30.582275
12.524911	-37.122295	30.592041
12.524474	-39.423454	30.601807
12.525683	-44.608963	30.611572
12.525978	-47.750732	30.621338
12.527381	-46.386513	30.631104
12.529076	-38.195259	30.640869
12.528554	-36.080265	30.650635
12.528953	-37.838314	30.6604
12.531164	-43.708447	30.670166
12.531261	-47.102306	30.679932
12.533329	-44.967194	30.689697
12.53288	-42.082237	30.699463
12.533693	-38.756603	30.709229
12.534135	-34.711113	30.718994
12.535688	-40.281818	30.72876
12.535704	-47.920368	30.738525
12.537578	-49.451244	30.748291
12.537781	-43.745285	30.758057
12.538543	-35.800205	30.767822
12.539609	-36.050529	30.777588
12.53968	-40.784252	30.787354
12.540663	-45.096157	30.797119
12.54218	-47.888893	30.806885
12.543153	-45.502174	30.81665
12.543951	-39.938374	30.826416
12.544397	-37.673515	30.836182
12.545413	-35.012878	30.845947
12.545508	-42.736843	30.855713
12.546613	-49.694752	30.865479
12.547923	-47.527264	30.875244
12.547832	-41.328686	30.88501
12.548907	-36.236691	30.894775
12.549626	-38.981293	30.904541
12.550982	-41.56649	30.914307
12.550814	-45.004642	30.924072
12.553372	-46.914112	30.933838
12.553483	-41.524025	30.943604
12.553959	-41.318348	30.953369
12.55467	-36.307472	30.963135
12.555648	-36.63195	30.9729
12.557537	-47.356575	30.982666
12.557065	-46.18261	30.992432
12.558825	-44.697483	31.002197
12.559024	-41.19553	31.011963
12.560298	-37.564503	31.021729
12.560812	-39.810036	31.031494
12.5616	-42.115784	31.04126
12.562556	-44.209579	31.051025
12.562675	-45.472691	31.060791
12.563968	-44.208889	31.070557
12.564996	-39.515156	31.080322
12.565046	-36.769001	31.090088
12.567339	-40.858414	31.099854
12.567592	-45.627186	31.109619
12.568521	-46.176258	31.119385
12.567513	-43.342922	31.12915
12.569165	-42.062168	31.138916
12.570984	-39.397987	31.148682
12.570816	-40.439098	31.158447
12.572419	-41.558018	31.168213
12.572788	-45.623474	31.177979
12.573028	-49.010529	31.187744
12.574689	-41.470203	31.19751
12.573993	-37.690956	31.207275
12.575494	-36.634811	31.217041
12.57613	-40.352482	31.226807
12.578216	-48.440891	31.236572
12.577772	-45.402004	31.246338
12.579546	-46.1278	31.256104
12.580098	-43.21278	31.265869
12.580729	-37.04208	31.275635
12.581162	-37.753647	31.2854
12.58236	-41.820553	31.295166
12.582901	-48.783333	31.304932
12.583441	-49.563282	31.314697
12.584963	-42.851337	31.324463
12.586071	-35.987457	31.334229
12.586935	-38.080009	31.343994
12.588359	-42.498024	31.35376
12.588782	-46.55677	31.363525
12.58875	-45.943584	31.373291
12.589906	-45.888588	31.383057
12.590792	-38.649097	31.392822
12.591525	-36.171413	31.402588
12.591424	-38.582203	31.412354
12.593354	-44.562866	31.422119

