MTS793|BTW|ENU|1|2|.|/|:|1|0|0|A

Data Header:			0.254_hd_dimension_typeiv_090_r0			Time:	20.01709	s	4/14/2019 12:33:00 AM
Data Acquisition:	Timed
Station Name:	ft40.cfg
Test File Name:	monotonic_0.2540_typeiv_hd_090_dimension.tst
Displacement	Force	Running Time
mm	N	s
-40.04084	-33.143204	0.022460938
-40.041546	-31.827606	0.032226563
-40.040268	-27.40803	0.041992188
-40.040855	-26.489782	0.051757813
-40.040939	-30.99436	0.061523438
-40.041233	-34.974464	0.071289063
-40.040165	-33.403439	0.081054688
-40.040543	-33.438484	0.090820313
-40.039986	-30.132961	0.10058594
-40.038738	-29.355236	0.11035156
-40.037487	-26.363523	0.12011719
-40.036648	-25.956728	0.12988281
-40.036518	-32.538002	0.13964844
-40.035965	-30.219915	0.14941406
-40.035084	-28.199394	0.15917969
-40.033585	-24.002695	0.16894531
-40.032894	-23.045113	0.17871094
-40.03252	-26.616272	0.18847656
-40.031307	-24.941738	0.19824219
-40.030979	-26.326757	0.20800781
-40.030312	-26.247101	0.21777344
-40.029541	-24.62396	0.22753906
-40.027493	-25.131609	0.23730469
-40.026993	-19.143667	0.24707031
-40.026306	-23.25688	0.25683594
-40.026207	-24.441296	0.26660156
-40.024731	-22.66913	0.27636719
-40.023918	-23.63102	0.28613281
-40.023422	-19.082253	0.29589844
-40.02285	-20.042122	0.30566406
-40.022514	-19.212374	0.31542969
-40.020679	-17.21907	0.32519531
-40.01881	-21.438223	0.33496094
-40.01936	-20.777498	0.34472656
-40.017475	-18.618721	0.35449219
-40.01749	-14.334736	0.36425781
-40.016254	-13.64348	0.37402344
-40.016556	-15.366276	0.38378906
-40.015274	-19.920368	0.39355469
-40.015339	-17.492498	0.40332031
-40.013805	-15.836391	0.41308594
-40.013363	-14.811035	0.42285156
-40.011604	-9.4725809	0.43261719
-40.011093	-10.426505	0.44238281
-40.010281	-13.035182	0.45214844
-40.010609	-16.563908	0.46191406
-40.007671	-15.904622	0.47167969
-40.008869	-11.278458	0.48144531
-40.006992	-6.5017362	0.49121094
-40.006565	-5.8595405	0.50097656
-40.00573	-10.169387	0.51074219
-40.004211	-13.00349	0.52050781
-40.003483	-9.5607681	0.53027344
-40.003475	-10.63735	0.54003906
-40.002247	-5.6666341	0.54980469
-40.002617	-4.2225304	0.55957031
-40.000389	-4.9000225	0.56933594
-39.998913	-6.6231904	0.57910156
-40.00024	-11.680251	0.58886719
-39.99765	-8.1701374	0.59863281
-39.9981	0.0093293898	0.60839844
-39.99691	-1.6942954	0.61816406
-39.995781	-2.1091068	0.62792969
-39.99514	-7.2063107	0.63769531
-39.99403	-6.9282193	0.64746094
-39.993484	-4.8728561	0.65722656
-39.992977	-2.9802608	0.66699219
-39.991898	1.8631696	0.67675781
-39.990707	1.8418449	0.68652344
-39.990093	-0.017681204	0.69628906
-39.988888	-5.0312538	0.70605469
-39.988918	-3.4073346	0.71582031
-39.987965	0.099526957	0.72558594
-39.986687	4.657896	0.73535156
-39.986519	3.9279783	0.74511719
-39.986431	2.3147686	0.75488281
-39.983574	0.91146046	0.76464844
-39.984528	1.1400459	0.77441406
-39.982681	1.8781974	0.78417969
-39.981972	3.9956808	0.79394531
-39.981335	6.5581765	0.80371094
-39.979477	8.4939804	0.81347656
-39.980244	3.0592999	0.82324219
-39.979198	3.5821433	0.83300781
-39.978638	4.3908043	0.84277344
-39.977051	7.6068254	0.85253906
-39.975964	12.776558	0.86230469
-39.975513	8.540576	0.87207031
-39.974247	9.6010113	0.88183594
-39.973625	7.6492572	0.89160156
-39.973637	9.3144693	0.90136719
-39.97205	8.3252373	0.91113281
-39.971436	9.3110514	0.92089844
-39.970032	15.372931	0.93066406
-39.969433	12.628973	0.94042969
-39.967648	12.209491	0.95019531
-39.968395	10.461301	0.95996094
-39.967201	9.8871393	0.96972656
-39.967186	14.635318	0.97949219
-39.964615	13.027877	0.98925781
-39.965096	14.952744	0.99902344
-39.964256	18.037041	1.0087891
-39.962921	14.367044	1.0185547
-39.962151	14.20027	1.0283203
-39.961803	13.534501	1.0380859
-39.960892	18.698093	1.0478516
-39.9599	22.232683	1.0576172
-39.959061	19.430065	1.0673828
-39.958	17.227606	1.0771484
-39.957848	16.868828	1.0869141
-39.956181	17.18507	1.0966797
-39.955124	19.679441	1.1064453
-39.953854	23.854424	1.1162109
-39.954906	23.270475	1.1259766
-39.952892	23.662685	1.1357422
-39.952007	19.877848	1.1455078
-39.952194	16.445063	1.1552734
-39.952122	21.393616	1.1650391
-39.950264	26.476671	1.1748047
-39.949028	29.037863	1.1845703
-39.948284	23.980927	1.1943359
-39.948292	20.717321	1.2041016
-39.947739	24.027729	1.2138672
-39.945763	22.445528	1.2236328
-39.944839	28.891733	1.2333984
-39.944061	28.689299	1.2431641
-39.943455	29.291264	1.2529297
-39.943451	27.65983	1.2626953
-39.941277	20.926725	1.2724609
-39.941261	27.990404	1.2822266
-39.939903	31.188576	1.2919922
-39.939339	32.517933	1.3017578
-39.93821	32.95697	1.3115234
-39.938728	28.620565	1.3212891
-39.937527	29.528574	1.3310547
-39.936924	30.601608	1.3408203
-39.935478	30.129684	1.3505859
-39.934803	34.580544	1.3603516
-39.933834	34.92815	1.3701172
-39.933231	34.979206	1.3798828
-39.932243	30.883112	1.3896484
-39.931553	31.163073	1.3994141
-39.929886	33.856892	1.4091797
-39.929775	37.894867	1.4189453
-39.928791	39.122372	1.4287109
-39.928066	37.459213	1.4384766
-39.927734	36.296864	1.4482422
-39.925911	37.093246	1.4580078
-39.925251	35.459667	1.4677734
-39.925194	37.890659	1.4775391
-39.924122	41.638729	1.4873047
-39.924122	43.090786	1.4970703
-39.922375	41.139282	1.5068359
-39.92062	39.487957	1.5166016
-39.920563	37.117939	1.5263672
-39.920113	41.268997	1.5361328
-39.91938	44.868259	1.5458984
-39.918587	42.107025	1.5556641
-39.917797	45.946838	1.5654297
-39.915974	42.903492	1.5751953
-39.917057	42.72184	1.5849609
-39.915401	40.986042	1.5947266
-39.915241	43.189919	1.6044922
-39.914391	48.369484	1.6142578
-39.912926	49.974564	1.6240234
-39.913162	48.119633	1.6337891
-39.911835	45.111122	1.6435547
-39.910522	43.998333	1.6533203
-39.909374	48.996109	1.6630859
-39.909054	48.125317	1.6728516
-39.907429	53.192142	1.6826172
-39.907074	53.037796	1.6923828
-39.90567	50.794991	1.7021484
-39.905453	48.082527	1.7119141
-39.904243	45.072693	1.7216797
-39.90387	50.531174	1.7314453
-39.902233	57.480736	1.7412109
-39.901539	54.35495	1.7509766
-39.902287	51.107731	1.7607422
-39.900955	49.085808	1.7705078
-39.899109	50.210556	1.7802734
-39.899525	52.60548	1.7900391
-39.898643	57.430046	1.7998047
-39.897419	57.299927	1.8095703
-39.897274	58.615463	1.8193359
-39.896664	54.446407	1.8291016
-39.893738	50.613564	1.8388672
-39.894268	55.304256	1.8486328
-39.893433	58.743534	1.8583984
-39.892391	63.471436	1.8681641
-39.891846	60.537533	1.8779297
-39.890472	54.437046	1.8876953
-39.889866	57.047737	1.8974609
-39.889412	57.180241	1.9072266
-39.887955	61.496353	1.9169922
-39.887329	63.164799	1.9267578
-39.88728	63.314766	1.9365234
-39.885052	65.263588	1.9462891
-39.886093	56.148067	1.9560547
-39.884594	60.003727	1.9658203
-39.88419	62.886833	1.9755859
-39.88324	65.249336	1.9853516
-39.881966	68.248581	1.9951172
-39.88192	63.504398	2.0048828
-39.880405	62.981525	2.0146484
-39.878345	64.851707	2.0244141
-39.87941	63.908844	2.0341797
-39.877186	67.546249	2.0439453
-39.876591	68.5495	2.0537109
-39.875645	71.82312	2.0634766
-39.874985	66.741287	2.0732422
-39.874397	65.659767	2.0830078
-39.873802	66.132462	2.0927734
-39.872581	69.382843	2.1025391
-39.872917	71.768944	2.1123047
-39.872005	72.146179	2.1220703
-39.870235	72.525551	2.1318359
-39.869553	71.059288	2.1416016
-39.868187	70.276077	2.1513672
-39.86771	69.879272	2.1611328
-39.86813	72.620697	2.1708984
-39.867535	76.55954	2.1806641
-39.867245	76.641525	2.1904297
-39.864597	74.388214	2.2001953
-39.864185	69.988861	2.2099609
-39.86343	72.362762	2.2197266
-39.862049	76.601974	2.2294922
-39.861008	75.277969	2.2392578
-39.861164	79.074783	2.2490234
-39.859814	76.699234	2.2587891
-39.858978	77.009468	2.2685547
-39.857502	74.699669	2.2783203
-39.857384	73.497841	2.2880859
-39.856598	80.883774	2.2978516
-39.855373	82.493469	2.3076172
-39.855877	82.891281	2.3173828
-39.854107	77.456329	2.3271484
-39.854092	75.411591	2.3369141
-39.85326	80.74279	2.3466797
-39.852085	79.758759	2.3564453
-39.85104	86.051323	2.3662109
-39.85017	85.467079	2.3759766
-39.849468	83.269432	2.3857422
-39.849102	81.985809	2.3955078
-39.847427	78.138107	2.4052734
-39.846878	84.412399	2.4150391
-39.847195	90.057068	2.4248047
-39.844311	89.424095	2.4345703
-39.844105	85.490707	2.4443359
-39.844227	83.112892	2.4541016
-39.842781	83.937698	2.4638672
-39.841484	85.660606	2.4736328
-39.841316	89.49353	2.4833984
-39.840935	91.188644	2.4931641
-39.839417	92.672462	2.5029297
-39.838459	90.092438	2.5126953
-39.838173	83.828239	2.5224609
-39.836777	86.11647	2.5322266
-39.836651	92.23127	2.5419922
-39.835384	97.128006	2.5517578
-39.83527	92.796822	2.5615234
-39.833351	89.65065	2.5712891
-39.831989	89.492615	2.5810547
-39.834084	91.856758	2.5908203
-39.832336	92.671082	2.6005859
-39.831177	94.627884	2.6103516
-39.830082	95.547745	2.6201172
-39.829075	97.689697	2.6298828
-39.829399	90.483864	2.6396484
-39.827049	94.207962	2.6494141
-39.827282	94.000534	2.6591797
-39.82637	97.384293	2.6689453
-39.825573	101.49783	2.6787109
-39.823883	95.877441	2.6884766
-39.824177	97.023392	2.6982422
-39.823341	98.037354	2.7080078
-39.821701	96.852097	2.7177734
-39.820808	100.19386	2.7275391
-39.819477	99.657944	2.7373047
-39.818226	106.1698	2.7470703
-39.819847	101.04975	2.7568359
-39.81868	99.892685	2.7666016
-39.81649	98.894371	2.7763672
-39.816353	100.67405	2.7861328
-39.815311	106.4958	2.7958984
-39.815704	103.60703	2.8056641
-39.812859	107.51231	2.8154297
-39.813354	104.65496	2.8251953
-39.81216	104.8438	2.8349609
-39.811844	101.51879	2.8447266
-39.809017	103.09613	2.8544922
-39.808552	107.79717	2.8642578
-39.808979	110.67384	2.8740234
-39.807713	109.14233	2.8837891
-39.80801	104.92937	2.8935547
-39.806774	105.79785	2.9033203
-39.805367	108.17763	2.9130859
-39.804596	109.6422	2.9228516
-39.803848	115.34065	2.9326172
-39.803749	111.07339	2.9423828
-39.801785	110.94664	2.9521484
-39.801273	108.73277	2.9619141
-39.801231	105.68964	2.9716797
-39.80027	113.55406	2.9814453
-39.79887	117.01966	2.9912109
-39.79871	118.70989	3.0009766
-39.797764	113.18159	3.0107422
-39.797337	109.11225	3.0205078
-39.795444	112.83415	3.0302734
-39.795246	113.58658	3.0400391
-39.794052	119.41497	3.0498047
-39.79324	120.1171	3.0595703
-39.79184	117.91708	3.0693359
-39.792095	116.03564	3.0791016
-39.790775	111.00507	3.0888672
-39.790096	117.54102	3.0986328
-39.789021	120.55814	3.1083984
-39.788544	122.43316	3.1181641
-39.787041	121.18867	3.1279297
-39.787037	116.21444	3.1376953
-39.786488	117.99495	3.1474609
-39.78463	118.48695	3.1572266
-39.784363	120.96976	3.1669922
-39.782948	123.18998	3.1767578
-39.783348	124.43193	3.1865234
-39.78289	124.46133	3.1962891
-39.780682	118.93407	3.2060547
-39.779438	120.76299	3.2158203
-39.778992	121.46162	3.2255859
-39.778641	128.18912	3.2353516
-39.778385	127.55413	3.2451172
-39.776905	124.17186	3.2548828
-39.775833	124.18296	3.2646484
-39.774784	123.14484	3.2744141
-39.774654	127.09457	3.2841797
-39.774181	127.99265	3.2939453
-39.772961	129.63474	3.3037109
-39.773201	132.22049	3.3134766
-39.771236	127.78543	3.3232422
-39.770832	126.94711	3.3330078
-39.768936	126.57936	3.3427734
-39.76828	130.69295	3.3525391
-39.768379	134.49228	3.3623047
-39.768967	129.41557	3.3720703
-39.766113	133.815	3.3818359
-39.765617	130.13521	3.3916016
-39.76442	130.95119	3.4013672
-39.76376	131.79321	3.4111328
-39.764572	130.52557	3.4208984
-39.762142	137.86839	3.4306641
-39.76107	137.26039	3.4404297
-39.761265	133.50284	3.4501953
-39.759724	131.02017	3.4599609
-39.75967	132.15569	3.4697266
-39.759048	137.14316	3.4794922
-39.75737	136.56705	3.4892578
-39.756065	138.89824	3.4990234
-39.755627	138.54729	3.5087891
-39.753654	136.08662	3.5185547
-39.753841	134.6891	3.5283203
-39.752773	134.74098	3.5380859
-39.753078	140.00861	3.5478516
-39.752876	145.67804	3.5576172
-39.752499	143.04205	3.5673828
-39.74942	137.60027	3.5771484
-39.749031	136.66362	3.5869141
-39.747482	139.16336	3.5966797
-39.748032	140.54579	3.6064453
-39.746746	147.41063	3.6162109
-39.745823	144.58914	3.6259766
-39.746147	143.21317	3.6357422
-39.744228	141.25462	3.6455078
-39.745388	137.86292	3.6552734
-39.742882	143.88995	3.6650391
-39.742565	148.38596	3.6748047
-39.741711	150.01501	3.6845703
-39.740635	146.38483	3.6943359
-39.73967	139.67133	3.7041016
-39.739075	143.31372	3.7138672
-39.73774	144.30968	3.7236328
-39.737736	150.28482	3.7333984
-39.73547	151.23302	3.7431641
-39.735924	150.48	3.7529297
-39.734585	149.19812	3.7626953
-39.734127	143.10587	3.7724609
-39.734352	146.2157	3.7822266
-39.732441	152.81531	3.7919922
-39.731621	154.33727	3.8017578
-39.730362	154.0907	3.8115234
-39.730286	149.28331	3.8212891
-39.729321	148.93515	3.8310547
-39.729492	150.68092	3.8408203
-39.727974	153.23819	3.8505859
-39.726185	155.67924	3.8603516
-39.726768	155.79643	3.8701172
-39.726189	155.61766	3.8798828
-39.723797	152.18486	3.8896484
-39.724884	151.63075	3.8994141
-39.722725	152.48203	3.9091797
-39.722775	158.09735	3.9189453
-39.721249	159.6176	3.9287109
-39.719849	157.17999	3.9384766
-39.718563	157.13757	3.9482422
-39.717587	157.55408	3.9580078
-39.717377	158.51067	3.9677734
-39.717171	157.95744	3.9775391
-39.715366	159.47766	3.9873047
-39.714294	162.2903	3.9970703
-39.713528	160.79617	4.0068359
-39.71386	159.04532	4.0166016
-39.7127	157.38638	4.0263672
-39.712234	159.14485	4.0361328
-39.712395	163.40964	4.0458984
-39.711208	160.92644	4.0556641
-39.709129	164.54311	4.0654297
-39.709019	161.82933	4.0751953
-39.707951	161.82236	4.0849609
-39.705822	161.74342	4.0947266
-39.707054	160.65367	4.1044922
-39.705215	168.62088	4.1142578
-39.704453	169.64114	4.1240234
-39.703854	168.08055	4.1337891
-39.703003	164.25699	4.1435547
-39.702156	162.53333	4.1533203
-39.700695	166.96675	4.1630859
-39.700424	167.18504	4.1728516
-39.69968	170.87634	4.1826172
-39.699535	171.70105	4.1923828
-39.697605	168.30994	4.2021484
-39.698299	167.29308	4.2119141
-39.695889	165.67114	4.2216797
-39.695316	169.42406	4.2314453
-39.69595	176.45627	4.2412109
-39.694603	175.89241	4.2509766
-39.693512	171.01555	4.2607422
-39.692814	167.46741	4.2705078
-39.691437	170.49129	4.2802734
-39.691257	173.96451	4.2900391
-39.690163	176.65947	4.2998047
-39.688423	175.28607	4.3095703
-39.688271	177.15485	4.3193359
-39.687775	173.72173	4.3291016
-39.686737	169.39105	4.3388672
-39.685741	176.28426	4.3486328
-39.685165	178.64644	4.3583984
-39.684658	183.42679	4.3681641
-39.683426	178.81557	4.3779297
-39.682636	173.35713	4.3876953
-39.682999	176.01051	4.3974609
-39.680695	176.78142	4.4072266
-39.679363	180.74591	4.4169922
-39.679695	180.99796	4.4267578
-39.678417	182.44049	4.4365234
-39.678001	183.21454	4.4462891
-39.677185	175.03293	4.4560547
-39.677017	178.82823	4.4658203
-39.675465	180.33534	4.4755859
-39.675014	182.90312	4.4853516
-39.673702	187.07768	4.4951172
-39.672588	182.41505	4.5048828
-39.671402	181.91473	4.5146484
-39.671223	183.92154	4.5244141
-39.670162	181.65877	4.5341797
-39.669178	186.56369	4.5439453
-39.669518	186.20792	4.5537109
-39.668507	188.51425	4.5634766
-39.667606	186.99574	4.5732422
-39.666058	186.10287	4.5830078
-39.665474	184.10968	4.5927734
-39.664944	188.48404	4.6025391
-39.664803	190.77614	4.6123047
-39.662746	189.73239	4.6220703
-39.662483	190.02542	4.6318359
-39.662384	189.06825	4.6416016
-39.660683	189.68839	4.6513672
-39.659363	188.63156	4.6611328
-39.659595	190.46735	4.6708984
-39.658619	193.70293	4.6806641
-39.657867	196.60173	4.6904297
-39.6567	193.29593	4.7001953
-39.656448	188.54893	4.7099609
-39.654194	190.03972	4.7197266
-39.653561	193.87727	4.7294922
-39.652637	194.53156	4.7392578
-39.65136	198.55846	4.7490234
-39.65147	194.09966	4.7587891
-39.651268	193.85826	4.7685547
-39.649963	192.57361	4.7783203
-39.649273	191.14417	4.7880859
-39.648029	198.8353	4.7978516
-39.648438	201.15474	4.8076172
-39.648273	200.39726	4.8173828
-39.645794	197.463	4.8271484
-39.64632	193.36185	4.8369141
-39.644489	197.82388	4.8466797
-39.643993	199.39815	4.8564453
-39.642551	202.37856	4.8662109
-39.642574	203.4026	4.8759766
-39.642235	201.94431	4.8857422
-39.641376	199.42635	4.8955078
-39.639568	195.74768	4.9052734
-39.637966	201.06407	4.9150391
-39.638073	207.8269	4.9248047
-39.636974	207.67078	4.9345703
-39.63755	204.60715	4.9443359
-39.634998	199.23692	4.9541016
-39.635159	201.6916	4.9638672
-39.633408	204.75165	4.9736328
-39.632839	207.93919	4.9833984
-39.633965	208.28279	4.9931641
-39.632004	208.92358	5.0029297
-39.630322	207.34639	5.0126953
-39.631168	201.78255	5.0224609
-39.629124	204.79118	5.0322266
-39.628292	208.16463	5.0419922
-39.628384	213.90804	5.0517578
-39.62809	211.42798	5.0615234
-39.626762	207.15584	5.0712891
-39.625122	206.59952	5.0810547
-39.623978	207.6449	5.0908203
-39.623817	211.76445	5.1005859
-39.621662	212.19005	5.1103516
-39.621719	212.1852	5.1201172
-39.621765	215.00067	5.1298828
-39.62048	208.88429	5.1396484
-39.618938	210.8183	5.1494141
-39.618664	211.77463	5.1591797
-39.617531	214.10548	5.1689453
-39.617443	218.3396	5.1787109
-39.616066	213.92715	5.1884766
-39.616215	216.45792	5.1982422
-39.615131	215.05247	5.2080078
-39.614376	213.09142	5.2177734
-39.61253	216.0219	5.2275391
-39.613041	216.77875	5.2373047
-39.610653	221.09317	5.2470703
-39.609818	220.35155	5.2568359
-39.609333	217.15268	5.2666016
-39.609207	216.38116	5.2763672
-39.608948	217.26494	5.2861328
-39.607769	222.36575	5.2958984
-39.607391	222.68065	5.3056641
-39.604855	223.37598	5.3154297
-39.604069	220.80334	5.3251953
-39.604401	222.04948	5.3349609
-39.604111	219.59213	5.3447266
-39.602215	221.362	5.3544922
-39.601833	225.59389	5.3642578
-39.601536	228.67026	5.3740234
-39.600601	225.84914	5.3837891
-39.599182	221.1738	5.3935547
-39.597427	222.10632	5.4033203
-39.597649	225.22099	5.4130859
-39.596382	227.1143	5.4228516
-39.595985	231.57738	5.4326172
-39.594856	227.77649	5.4423828
-39.594788	227.09465	5.4521484
-39.59333	225.77109	5.4619141
-39.591576	220.97348	5.4716797
-39.59214	229.69508	5.4814453
-39.590347	233.44467	5.4912109
-39.589867	234.2081	5.5009766
-39.589115	229.04868	5.5107422
-39.587753	223.34273	5.5205078
-39.587311	228.58261	5.5302734
-39.586987	230.73329	5.5400391
-39.586124	235.20688	5.5498047
-39.585052	236.08571	5.5595703
-39.584873	232.97391	5.5693359
-39.584221	232.05394	5.5791016
-39.581963	227.85054	5.5888672
-39.582115	233.19656	5.5986328
-39.58263	236.69046	5.6083984
-39.581085	239.20448	5.6181641
-39.579098	238.91846	5.6279297
-39.579876	232.47879	5.6376953
-39.579464	231.39987	5.6474609
-39.577129	236.34758	5.6572266
-39.575432	236.24176	5.6669922
-39.576069	239.48834	5.6767578
-39.574966	240.19229	5.6865234
-39.574154	240.09465	5.6962891
-39.572807	233.72421	5.7060547
-39.572266	236.71152	5.7158203
-39.572094	237.4964	5.7255859
-39.571182	243.77888	5.7353516
-39.57103	244.94955	5.7451172
-39.570499	240.49092	5.7548828
-39.567665	240.64113	5.7646484
-39.566803	240.43733	5.7744141
-39.566986	240.77066	5.7841797
-39.56535	243.15923	5.7939453
-39.565208	244.04776	5.8037109
-39.562542	248.67467	5.8134766
-39.56374	242.31639	5.8232422
-39.562828	244.09071	5.8330078
-39.562729	240.67529	5.8427734
-39.560509	243.52823	5.8525391
-39.560108	249.68544	5.8623047
-39.559616	246.28737	5.8720703
-39.558479	248.42824	5.8818359
-39.557091	245.89557	5.8916016
-39.556664	245.2442	5.9013672
-39.556194	246.88115	5.9111328
-39.555588	245.97223	5.9208984
-39.553131	252.67625	5.9306641
-39.553032	252.72726	5.9404297
-39.552761	248.84473	5.9501953
-39.552235	247.17618	5.9599609
-39.5513	245.58952	5.9697266
-39.54953	252.12845	5.9794922
-39.550133	252.46849	5.9892578
-39.549805	254.68185	5.9990234
-39.547596	254.05402	6.0087891
-39.546783	251.92383	6.0185547
-39.547966	249.6487	6.0283203
-39.545521	248.29869	6.0380859
-39.544228	255.24852	6.0478516
-39.543774	259.70081	6.0576172
-39.5438	258.97662	6.0673828
-39.541668	252.91109	6.0771484
-39.541897	250.6647	6.0869141
-39.540962	253.16489	6.0966797
-39.539707	256.6366	6.1064453
-39.538673	263.08066	6.1162109
-39.537655	259.4198	6.1259766
-39.536873	258.55682	6.1357422
-39.535831	255.98827	6.1455078
-39.536621	251.98349	6.1552734
-39.533947	259.81296	6.1650391
-39.533825	262.36017	6.1748047
-39.53384	265.03046	6.1845703
-39.534111	261.64938	6.1943359
-39.532745	255.27394	6.2041016
-39.52993	257.91531	6.2138672
-39.530205	260.83734	6.2236328
-39.529568	263.97397	6.2333984
-39.528133	267.46826	6.2431641
-39.527355	265.02203	6.2529297
-39.526398	264.47906	6.2626953
-39.52634	257.49268	6.2724609
-39.524727	261.99988	6.2822266
-39.52383	265.95801	6.2919922
-39.523369	269.4202	6.3017578
-39.522125	270.48691	6.3115234
-39.52182	264.01532	6.3212891
-39.520538	263.19501	6.3310547
-39.5205	265.53726	6.3408203
-39.519665	266.74033	6.3505859
-39.518375	269.5679	6.3603516
-39.516907	269.87381	6.3701172
-39.516766	271.34109	6.3798828
-39.5159	267.80731	6.3896484
-39.515793	265.55875	6.3994141
-39.515091	266.07687	6.4091797
-39.513622	272.02988	6.4189453
-39.512581	273.99139	6.4287109
-39.511929	271.84964	6.4384766
-39.511333	271.57098	6.4482422
-39.51141	269.92499	6.4580078
-39.50946	272.1424	6.4677734
-39.508286	271.22412	6.4775391
-39.508121	274.36258	6.4873047
-39.507156	278.17383	6.4970703
-39.505779	274.84485	6.5068359
-39.505577	274.58661	6.5166016
-39.504101	270.41156	6.5263672
-39.504353	272.46249	6.5361328
-39.502655	278.51663	6.5458984
-39.502171	276.57568	6.5556641
-39.50251	278.53513	6.5654297
-39.500999	276.8186	6.5751953
-39.499428	276.87152	6.5849609
-39.499241	276.3071	6.5947266
-39.499191	274.52417	6.6044922
-39.498726	282.57556	6.6142578
-39.49609	285.42184	6.6240234
-39.496609	280.53302	6.6337891
-39.494823	277.69742	6.6435547
-39.493671	274.43719	6.6533203
-39.493515	280.50043	6.6630859
-39.492676	282.87296	6.6728516
-39.491985	285.02753	6.6826172
-39.490742	283.20193	6.6923828
-39.490189	280.50262	6.7021484
-39.489208	278.74136	6.7119141
-39.488228	278.52747	6.7216797
-39.488525	282.6048	6.7314453
-39.487324	291.35641	6.7412109
-39.48637	289.98438	6.7509766
-39.485352	284.06143	6.7607422
-39.483994	280.22614	6.7705078
-39.48378	283.25955	6.7802734
-39.482468	287.72934	6.7900391
-39.481838	290.59195	6.7998047
-39.48209	289.00912	6.8095703
-39.480721	289.04132	6.8193359
-39.480633	286.72183	6.8291016
-39.478497	282.06857	6.8388672
-39.477402	285.38617	6.8486328
-39.477177	291.47421	6.8583984
-39.476269	295.74246	6.8681641
-39.475166	292.20334	6.8779297
-39.474564	287.8541	6.8876953
-39.472778	289.40393	6.8974609
-39.473457	289.99588	6.9072266
-39.472294	294.19467	6.9169922
-39.471584	294.57449	6.9267578
-39.470818	292.36057	6.9365234
-39.470207	297.04398	6.9462891
-39.469234	289.65637	6.9560547
-39.467747	291.2728	6.9658203
-39.468102	294.18997	6.9755859
-39.467155	296.87653	6.9853516
-39.466797	300.59726	6.9951172
-39.465042	294.24899	7.0048828
-39.464512	294.90323	7.0146484
-39.463699	296.03183	7.0244141
-39.462387	295.87906	7.0341797
-39.461315	298.50262	7.0439453
-39.461296	298.88205	7.0537109
-39.459286	300.97891	7.0634766
-39.458355	298.84082	7.0732422
-39.458206	295.98425	7.0830078
-39.458328	295.23053	7.0927734
-39.456264	299.5271	7.1025391
-39.455448	303.27222	7.1123047
-39.455467	301.78735	7.1220703
-39.45414	301.1156	7.1318359
-39.45417	300.26575	7.1416016
-39.452305	302.0878	7.1513672
-39.451141	297.87863	7.1611328
-39.450985	301.1048	7.1708984
-39.450535	305.6951	7.1806641
-39.449947	306.82108	7.1904297
-39.449535	304.54596	7.2001953
-39.448242	299.30643	7.2099609
-39.446358	300.69302	7.2197266
-39.446438	307.8172	7.2294922
-39.44453	306.2283	7.2392578
-39.444565	311.31131	7.2490234
-39.444912	306.80502	7.2587891
-39.44249	306.53033	7.2685547
-39.442123	304.06122	7.2783203
-39.441971	301.50348	7.2880859
-39.439838	309.79245	7.2978516
-39.439495	312.9971	7.3076172
-39.43869	312.0191	7.3173828
-39.437954	307.38651	7.3271484
-39.438251	302.60065	7.3369141
-39.4356	308.12552	7.3466797
-39.435066	309.87259	7.3564453
-39.435429	314.3049	7.3662109
-39.434616	312.76611	7.3759766
-39.432804	309.54712	7.3857422
-39.432026	309.20941	7.3955078
-39.432167	307.52338	7.4052734
-39.430832	313.08206	7.4150391
-39.429916	316.59711	7.4248047
-39.428715	317.81509	7.4345703
-39.428074	312.95737	7.4443359
-39.427299	310.00323	7.4541016
-39.425949	310.87524	7.4638672
-39.425877	315.63004	7.4736328
-39.425579	319.13803	7.4833984
-39.424568	317.5271	7.4931641
-39.424019	318.04297	7.5029297
-39.422756	315.89987	7.5126953
-39.420879	312.48322	7.5224609
-39.420368	315.56848	7.5322266
-39.419308	318.14111	7.5419922
-39.418659	323.38336	7.5517578
-39.418316	320.69611	7.5615234
-39.417416	316.52228	7.5712891
-39.418945	317.98828	7.5810547
-39.416214	315.09293	7.5908203
-39.415665	321.43564	7.6005859
-39.413586	321.94357	7.6103516
-39.413532	322.05707	7.6201172
-39.414215	325.65857	7.6298828
-39.411373	318.68558	7.6396484
-39.410702	319.83142	7.6494141
-39.410244	320.3959	7.6591797
-39.410072	324.31918	7.6689453
-39.408623	328.27646	7.6787109
-39.407551	322.96564	7.6884766
-39.40712	323.1918	7.6982422
-39.406139	322.30481	7.7080078
-39.405437	322.04361	7.7177734
-39.404766	324.3089	7.7275391
-39.404079	325.30988	7.7373047
-39.402939	328.88388	7.7470703
-39.402454	328.00391	7.7568359
-39.402542	324.18201	7.7666016
-39.400227	322.24066	7.7763672
-39.400265	325.66464	7.7861328
-39.398514	329.35992	7.7958984
-39.398586	329.28799	7.8056641
-39.398155	331.2728	7.8154297
-39.396	329.44638	7.8251953
-39.395023	329.10986	7.8349609
-39.394882	325.96619	7.8447266
-39.393276	328.85461	7.8544922
-39.393089	332.84058	7.8642578
-39.393318	336.37323	7.8740234
-39.391502	332.79004	7.8837891
-39.392235	327.53018	7.8935547
-39.391632	326.48685	7.9033203
-39.388645	332.07333	7.9130859
-39.389263	334.05267	7.9228516
-39.388039	338.98215	7.9326172
-39.386826	335.18567	7.9423828
-39.386181	332.3988	7.9521484
-39.384472	333.14526	7.9619141
-39.384438	328.40863	7.9716797
-39.383114	337.07648	7.9814453
-39.38258	339.27463	7.9912109
-39.381386	339.91861	8.0009766
-39.380795	335.83337	8.0107422
-39.380615	329.2438	8.0205078
-39.37915	334.93829	8.0302734
-39.379246	338.09314	8.0400391
-39.378628	340.80649	8.0498047
-39.377403	342.27194	8.0595703
-39.37672	338.69516	8.0693359
-39.376125	338.5647	8.0791016
-39.374619	334.25464	8.0888672
-39.374104	337.36816	8.0986328
-39.373116	343.62915	8.1083984
-39.371613	345.39746	8.1181641
-39.370152	344.82977	8.1279297
-39.370834	338.98438	8.1376953
-39.368591	336.68051	8.1474609
-39.369408	341.25247	8.1572266
-39.369171	344.8797	8.1669922
-39.366989	346.10571	8.1767578
-39.366859	346.24045	8.1865234
-39.365799	344.32974	8.1962891
-39.364872	340.73489	8.2060547
-39.363815	343.50092	8.2158203
-39.363346	342.97321	8.2255859
-39.362099	348.55191	8.2353516
-39.362625	349.35663	8.2451172
-39.360905	347.01645	8.2548828
-39.359997	346.14694	8.2646484
-39.358128	343.72638	8.2744141
-39.359474	347.82434	8.2841797
-39.357758	347.51236	8.2939453
-39.356964	349.4892	8.3037109
-39.355698	351.30865	8.3134766
-39.355034	349.32855	8.3232422
-39.354111	347.15579	8.3330078
-39.353142	346.05441	8.3427734
-39.352257	347.86386	8.3525391
-39.350643	356.00858	8.3623047
-39.35096	350.79617	8.3720703
-39.349571	353.92999	8.3818359
-39.348557	349.99335	8.3916016
-39.348808	348.55228	8.4013672
-39.348579	350.25247	8.4111328
-39.346664	350.35022	8.4208984
-39.346771	356.08633	8.4306641
-39.346848	357.54852	8.4404297
-39.34536	353.82257	8.4501953
-39.345108	349.72571	8.4599609
-39.343006	348.6597	8.4697266
-39.342319	357.25757	8.4794922
-39.34037	357.36374	8.4892578
-39.34182	357.17178	8.4990234
-39.339451	358.20435	8.5087891
-39.33913	355.57614	8.5185547
-39.337128	353.6998	8.5283203
-39.336552	353.57932	8.5380859
-39.335999	358.70868	8.5478516
-39.335052	362.98233	8.5576172
-39.334557	361.88812	8.5673828
-39.334976	356.13351	8.5771484
-39.332752	353.73486	8.5869141
-39.332363	356.76184	8.5966797
-39.330345	359.52631	8.6064453
-39.331112	363.30521	8.6162109
-39.3298	362.5231	8.6259766
-39.329548	361.10251	8.6357422
-39.329159	358.40994	8.6455078
-39.327198	354.49805	8.6552734
-39.326488	361.83444	8.6650391
-39.325504	363.94818	8.6748047
-39.325134	366.84265	8.6845703
-39.323875	365.50592	8.6943359
-39.322914	358.46973	8.7041016
-39.322365	359.95959	8.7138672
-39.320751	364.17679	8.7236328
-39.320755	367.35947	8.7333984
-39.320282	367.76337	8.7431641
-39.320621	366.37219	8.7529297
-39.318932	367.08646	8.7626953
-39.318268	361.01947	8.7724609
-39.316948	365.35275	8.7822266
-39.314423	368.25052	8.7919922
-39.315022	370.46133	8.8017578
-39.313675	371.93979	8.8115234
-39.312508	363.75601	8.8212891
-39.313473	364.1795	8.8310547
-39.311901	367.45505	8.8408203
-39.311535	369.68442	8.8505859
-39.31023	371.66135	8.8603516
-39.309643	371.71475	8.8701172
-39.309597	370.23077	8.8798828
-39.308037	370.43671	8.8896484
-39.307632	369.31067	8.8994141
-39.305561	367.64841	8.9091797
-39.304977	375.28003	8.9189453
-39.305397	375.61124	8.9287109
-39.303928	374.21429	8.9384766
-39.302795	373.04514	8.9482422
-39.301296	370.62485	8.9580078
-39.301739	372.02771	8.9677734
-39.300068	372.55185	8.9775391
-39.298958	374.44012	8.9873047
-39.299149	378.06323	8.9970703
-39.297924	376.42245	9.0068359
-39.297394	374.62964	9.0166016
-39.296326	370.51392	9.0263672
-39.295876	373.39044	9.0361328
-39.294811	379.30161	9.0458984
-39.293968	377.07901	9.0556641
-39.293144	380.48178	9.0654297
-39.292137	377.02521	9.0751953
-39.291698	375.01208	9.0849609
-39.290981	375.81229	9.0947266
-39.290417	375.19604	9.1044922
-39.288467	381.45517	9.1142578
-39.2887	383.31769	9.1240234
-39.288124	381.08194	9.1337891
-39.286083	378.49475	9.1435547
-39.285885	374.4245	9.1533203
-39.284977	380.75903	9.1630859
-39.284874	381.88309	9.1728516
-39.282982	385.67444	9.1826172
-39.283131	382.74658	9.1923828
-39.282536	381.31091	9.2021484
-39.280472	379.16415	9.2119141
-39.280449	377.22882	9.2216797
-39.278706	383.86658	9.2314453
-39.278446	388.66583	9.2412109
-39.278221	389.35104	9.2509766
-39.27702	382.32953	9.2607422
-39.277092	378.55899	9.2705078
-39.274727	380.4671	9.2802734
-39.274422	384.85043	9.2900391
-39.273514	389.20087	9.2998047
-39.273323	386.6236	9.3095703
-39.271675	388.48633	9.3193359
-39.270378	383.14804	9.3291016
-39.271519	380.89322	9.3388672
-39.26899	385.9866	9.3486328
-39.268932	388.56833	9.3583984
-39.267117	393.69003	9.3681641
-39.267097	390.58789	9.3779297
-39.266792	383.60721	9.3876953
-39.265659	385.17313	9.3974609
-39.264862	387.82285	9.4072266
-39.264359	390.86118	9.4169922
-39.262836	392.19034	9.4267578
-39.263119	390.99149	9.4365234
-39.261021	392.47467	9.4462891
-39.261429	385.66388	9.4560547
-39.260342	387.52948	9.4658203
-39.258339	390.67212	9.4755859
-39.257984	393.35126	9.4853516
-39.257732	397.12943	9.4951172
-39.25687	389.20102	9.5048828
-39.255066	390.86841	9.5146484
-39.254795	390.11371	9.5244141
-39.253937	390.94733	9.5341797
-39.25317	394.48703	9.5439453
-39.251587	394.49756	9.5537109
-39.251686	395.71985	9.5634766
-39.250202	396.0806	9.5732422
-39.250355	392.52444	9.5830078
-39.249104	389.7601	9.5927734
-39.248867	394.79495	9.6025391
-39.248268	397.87967	9.6123047
-39.247074	398.2106	9.6220703
-39.246559	397.66995	9.6318359
-39.245537	394.35468	9.6416016
-39.244606	394.70624	9.6513672
-39.24305	394.34518	9.6611328
-39.242935	395.94205	9.6708984
-39.241905	399.58444	9.6806641
-39.239899	400.1073	9.6904297
-39.24041	398.11212	9.7001953
-39.240063	392.19327	9.7099609
-39.239265	395.1409	9.7197266
-39.237156	400.4884	9.7294922
-39.23595	400.04266	9.7392578
-39.236721	403.34241	9.7490234
-39.234844	399.78275	9.7587891
-39.23452	398.34784	9.7685547
-39.233479	396.90924	9.7783203
-39.233253	396.36853	9.7880859
-39.231556	403.60947	9.7978516
-39.230995	407.59396	9.8076172
-39.230091	404.91354	9.8173828
-39.230354	399.52023	9.8271484
-39.228149	395.25372	9.8369141
-39.229271	401.13803	9.8466797
-39.227524	403.66934	9.8564453
-39.226875	407.40466	9.8662109
-39.224789	406.81049	9.8759766
-39.224766	402.12061	9.8857422
-39.224052	402.02774	9.8955078
-39.223011	399.41125	9.9052734
-39.221931	404.1712	9.9150391
-39.22023	410.66431	9.9248047
-39.222046	409.92621	9.9345703
-39.220371	407.88126	9.9443359
-39.218628	399.6795	9.9541016
-39.218307	402.00894	9.9638672
-39.217915	407.65231	9.9736328
-39.216454	409.94226	9.9833984
-39.215652	409.93903	9.9931641
-39.214523	409.41458	10.00293
-39.214302	407.24414	10.012695
-39.213005	402.5174	10.022461
-39.213341	407.11545	10.032227
-39.212391	408.36014	10.041992
-39.210152	415.44839	10.051758
-39.210762	413.39264	10.061523
-39.209846	406.41931	10.071289
-39.209042	406.76419	10.081055
-39.209499	407.46121	10.09082
-39.20792	411.14774	10.100586
-39.205795	412.32693	10.110352
-39.205112	410.99112	10.120117
-39.203796	414.21606	10.129883
-39.203609	410.21692	10.139648
-39.20356	409.03903	10.149414
-39.202808	409.02063	10.15918
-39.202	412.84204	10.168945
-39.20052	418.38687	10.178711
-39.198463	412.56732	10.188477
-39.199043	413.32474	10.198242
-39.197361	411.81866	10.208008
-39.196293	411.10397	10.217773
-39.196472	415.20547	10.227539
-39.195683	413.50574	10.237305
-39.194553	416.95813	10.24707
-39.193069	416.55008	10.256836
-39.193687	413.07333	10.266602
-39.192127	411.85367	10.276367
-39.191528	413.15247	10.286133
-39.192322	416.93579	10.295898
-39.190132	416.95145	10.305664
-39.189285	418.7002	10.31543
-39.188026	416.50458	10.325195
-39.187626	415.008	10.334961
-39.187134	414.10712	10.344727
-39.184216	415.59161	10.354492
-39.18531	420.65723	10.364258
-39.182991	425.10529	10.374023
-39.182968	420.93369	10.383789
-39.182758	415.41693	10.393555
-39.181698	413.74142	10.40332
-39.180618	418.81998	10.413086
-39.180012	420.99243	10.422852
-39.179317	424.30536	10.432617
-39.17894	421.23737	10.442383
-39.177864	419.67319	10.452148
-39.177631	418.11627	10.461914
-39.176495	413.09113	10.47168
-39.175465	422.8175	10.481445
-39.17448	425.46735	10.491211
-39.173027	427.22556	10.500977
-39.173241	421.33612	10.510742
-39.17189	415.34351	10.520508
-39.171532	420.27521	10.530273
-39.170353	423.41446	10.540039
-39.169804	426.9743	10.549805
-39.168892	426.76337	10.55957
-39.167675	423.56628	10.569336
-39.166801	423.10889	10.579102
-39.165558	416.83719	10.588867
-39.164734	422.68585	10.598633
-39.16515	426.61853	10.608398
-39.163921	426.93597	10.618164
-39.163319	427.81317	10.62793
-39.162296	420.75415	10.637695
-39.160675	420.20981	10.647461
-39.160519	425.83978	10.657227
-39.160149	425.89465	10.666992
-39.159527	427.19968	10.676758
-39.158905	428.59656	10.686523
-39.157265	426.26755	10.696289
-39.156784	422.58475	10.706055
-39.156082	423.57999	10.71582
-39.154541	424.85593	10.725586
-39.153923	430.9982	10.735352
-39.153851	431.297	10.745117
-39.153339	427.01581	10.754883
-39.151276	427.86093	10.764648
-39.150684	425.35681	10.774414
-39.148762	427.83673	10.78418
-39.148308	428.32855	10.793945
-39.148003	429.06842	10.803711
-39.145981	433.33499	10.813477
-39.146042	429.16394	10.823242
-39.147091	427.68057	10.833008
-39.144646	425.34811	10.842773
-39.14389	426.96503	10.852539
-39.144169	434.69629	10.862305
-39.142937	430.29315	10.87207
-39.14072	431.77377	10.881836
-39.141151	428.68918	10.891602
-39.140594	428.42258	10.901367
-39.140255	430.22067	10.911133
-39.138931	429.61133	10.920898
-39.137665	435.3457	10.930664
-39.136684	435.43039	10.94043
-39.135639	431.45551	10.950195
-39.134205	428.24619	10.959961
-39.134247	427.49377	10.969727
-39.134174	432.41766	10.979492
-39.132828	434.05728	10.989258
-39.131382	435.43427	10.999023
-39.130928	433.54782	11.008789
-39.13036	429.93771	11.018555
-39.129395	430.54782	11.02832
-39.129528	429.9924	11.038086
-39.128136	434.78729	11.047852
-39.126934	439.94919	11.057617
-39.126987	437.30994	11.067383
-39.125462	431.09497	11.077148
-39.124325	428.56461	11.086914
-39.123619	433.45166	11.09668
-39.123051	436.11734	11.106445
-39.122875	438.76871	11.116211
-39.122208	434.7265	11.125977
-39.120064	435.27484	11.135742
-39.120647	432.84424	11.145508
-39.118813	429.35797	11.155273
-39.117935	435.81741	11.165039
-39.117531	438.18951	11.174805
-39.116852	440.76239	11.18457
-39.116009	438.95349	11.194336
-39.114697	429.69247	11.204102
-39.113056	432.51218	11.213867
-39.113712	436.44492	11.223633
-39.112534	438.96793	11.233398
-39.111717	439.01678	11.243164
-39.110668	437.19846	11.25293
-39.110264	437.45761	11.262695
-39.108921	431.93115	11.272461
-39.108585	433.39072	11.282227
-39.108109	438.43774	11.291992
-39.107677	441.58514	11.301758
-39.10627	441.02426	11.311523
-39.104343	435.09378	11.321289
-39.104595	434.81058	11.331055
-39.104145	438.27252	11.34082
-39.102928	438.73529	11.350586
-39.102238	440.37668	11.360352
-39.100346	440.69641	11.370117
-39.100533	439.94565	11.379883
-39.100182	437.83087	11.389648
-39.099331	435.63623	11.399414
-39.097198	436.44067	11.40918
-39.097187	440.19	11.418945
-39.095737	443.73071	11.428711
-39.095226	441.18607	11.438477
-39.093998	439.89902	11.448242
-39.093494	437.26761	11.458008
-39.092941	438.31271	11.467773
-39.092896	437.84674	11.477539
-39.091076	441.07468	11.487305
-39.090088	443.97818	11.49707
-39.089806	442.35928	11.506836
-39.088425	438.45206	11.516602
-39.087944	436.43439	11.526367
-39.088142	437.99622	11.536133
-39.086498	443.22717	11.545898
-39.08643	441.40082	11.555664
-39.083862	445.20474	11.56543
-39.083752	438.61084	11.575195
-39.08416	439.14819	11.584961
-39.082867	440.74149	11.594727
-39.081093	438.319	11.604492
-39.080223	444.54535	11.614258
-39.079292	446.8656	11.624023
-39.078796	443.73416	11.633789
-39.077526	439.67047	11.643555
-39.078133	436.20715	11.65332
-39.0784	443.21909	11.663086
-39.075985	443.63184	11.672852
-39.073895	446.04477	11.682617
-39.074551	443.25156	11.692383
-39.072868	441.46887	11.702148
-39.074146	439.92828	11.711914
-39.072361	436.43417	11.72168
-39.071251	441.7077	11.731445
-39.068405	447.51657	11.741211
-39.069973	447.90485	11.750977
-39.067368	442.88034	11.760742
-39.06818	437.87848	11.770508
-39.066093	439.62076	11.780273
-39.065746	444.33389	11.790039
-39.065464	446.89496	11.799805
-39.064487	445.54556	11.80957
-39.064358	445.03098	11.819336
-39.062714	441.14645	11.829102
-39.061142	437.95627	11.838867
-39.060993	443.7644	11.848633
-39.059742	445.34784	11.858398
-39.060017	448.30536	11.868164
-39.058292	447.28644	11.87793
-39.056622	440.3208	11.887695
-39.05666	442.86108	11.897461
-39.056519	441.56445	11.907227
-39.05616	446.75665	11.916992
-39.056236	446.81604	11.926758
-39.054111	445.63669	11.936523
-39.05241	446.44235	11.946289
-39.052135	441.65656	11.956055
-39.051624	441.92938	11.96582
-39.050606	443.8739	11.975586
-39.049286	446.3613	11.985352
-39.048706	450.16403	11.995117
-39.047375	443.23425	12.004883
-39.046444	443.03604	12.014648
-39.046021	443.59924	12.024414
-39.04631	442.7948	12.03418
-39.044914	446.83481	12.043945
-39.044727	446.01251	12.053711
-39.04229	449.49203	12.063477
-39.041855	447.72311	12.073242
-39.040951	443.29086	12.083008
-39.040943	442.5629	12.092773
-39.039921	445.50061	12.102539
-39.03854	448.20166	12.112305
-39.037853	447.2478	12.12207
-39.037483	447.96729	12.131836
-39.037395	444.6669	12.141602
-39.035824	445.64166	12.151367
-39.035698	443.18994	12.161133
-39.033833	446.64026	12.170898
-39.032982	449.58737	12.180664
-39.03299	449.93814	12.19043
-39.030884	447.39053	12.200195
-39.031075	440.89944	12.209961
-39.03046	443.13794	12.219727
-39.029648	447.2623	12.229492
-39.029083	448.03082	12.239258
-39.028309	451.08374	12.249023
-39.027439	448.61911	12.258789
-39.026806	444.92886	12.268555
-39.026138	444.14218	12.27832
-39.023937	443.06116	12.288086
-39.024723	448.46594	12.297852
-39.023224	453.39703	12.307617
-39.021252	450.50122	12.317383
-39.020893	446.0849	12.327148
-39.019737	440.21521	12.336914
-39.020695	446.62833	12.34668
-39.019081	450.41129	12.356445
-39.018261	450.41943	12.366211
-39.016586	451.32977	12.375977
-39.016926	445.8252	12.385742
-39.016018	445.04285	12.395508
-39.014252	441.61374	12.405273
-39.014603	446.3541	12.415039
-39.012142	450.57791	12.424805
-39.012241	451.93164	12.43457
-39.012177	447.22595	12.444336
-39.009521	443.86526	12.454102
-39.009922	442.8154	12.463867
-39.009056	447.78772	12.473633
-39.008446	450.08578	12.483398
-39.007736	449.25983	12.493164
-39.007565	447.67007	12.50293
-39.00544	447.34546	12.512695
-39.005146	442.07687	12.522461
-39.004841	445.99695	12.532227
-39.003765	445.76947	12.541992
-39.002857	453.06348	12.551758
-39.002068	450.4985	12.561523
-39.000553	444.23666	12.571289
-39.00103	443.73212	12.581055
-38.999241	444.38742	12.59082
-38.99828	449.40988	12.600586
-38.998753	450.33026	12.610352
-38.997944	448.45361	12.620117
-38.994144	451.21387	12.629883
-38.995384	445.21249	12.639648
-38.995052	445.08673	12.649414
-38.994404	444.26099	12.65918
-38.993591	447.16458	12.668945
-38.992428	453.80276	12.678711
-38.991127	445.33984	12.688477
-38.991325	448.36987	12.698242
-38.988964	445.12906	12.708008
-38.989166	444.90079	12.717773
-38.986839	448.06226	12.727539
-38.986912	447.11142	12.737305
-38.986156	450.59055	12.74707
-38.986034	450.21832	12.756836
-38.984692	444.14658	12.766602
-38.984936	442.88275	12.776367
-38.983593	444.8187	12.786133
-38.982872	449.47589	12.795898
-38.981434	451.03851	12.805664
-38.980133	449.28476	12.81543
-38.978626	444.93652	12.825195
-38.979748	444.65063	12.834961
-38.978851	444.4881	12.844727
-38.978016	445.21234	12.854492
-38.977917	449.77109	12.864258
-38.976357	452.34375	12.874023
-38.974445	449.13058	12.883789
-38.974186	442.24081	12.893555
-38.972031	442.48312	12.90332
-38.971893	445.44925	12.913086
-38.972244	448.13998	12.922852
-38.972092	451.61435	12.932617
-38.969852	447.56516	12.942383
-38.96822	446.56226	12.952148
-38.968498	443.62479	12.961914
-38.967354	439.77341	12.97168
-38.966866	448.13431	12.981445
-38.966309	449.7998	12.991211
-38.965366	450.53928	13.000977
-38.964054	445.93173	13.010742
-38.964333	439.1843	13.020508
-38.962753	443.89099	13.030273
-38.962555	445.44705	13.040039
-38.961452	450.07581	13.049805
-38.960491	449.72443	13.05957
-38.959656	445.20279	13.069336
-38.957153	444.10736	13.079102
-38.95863	439.27902	13.088867
-38.95657	443.34027	13.098633
-38.95686	448.90958	13.108398
-38.955128	449.98364	13.118164
-38.954239	450.02832	13.12793
-38.954578	441.07324	13.137695
-38.952728	443.5751	13.147461
-38.952465	445.0564	13.157227
-38.951118	446.01004	13.166992
-38.951153	449.44244	13.176758
-38.949238	446.62332	13.186523
-38.949707	445.49005	13.196289
-38.949188	441.95795	13.206055
-38.947353	441.30484	13.21582
-38.94585	444.12796	13.225586
-38.946503	448.3652	13.235352
-38.943932	447.5282	13.245117
-38.944424	443.83606	13.254883
-38.945057	441.71939	13.264648
-38.943172	441.0238	13.274414
-38.941338	442.63168	13.28418
-38.940495	444.29852	13.293945
-38.939869	444.41013	13.303711
-38.939651	446.64502	13.313477
-38.938511	445.12421	13.323242
-38.937641	442.62527	13.333008
-38.937557	441.02258	13.342773
-38.934929	443.74496	13.352539
-38.934364	448.52866	13.362305
-38.934074	444.2655	13.37207
-38.932457	447.57584	13.381836
-38.932098	442.74963	13.391602
-38.93121	439.93344	13.401367
-38.931225	443.35791	13.411133
-38.931446	442.3439	13.420898
-38.928005	447.63849	13.430664
-38.929188	446.39545	13.44043
-38.92712	443.60229	13.450195
-38.927029	439.83301	13.459961
-38.926964	437.87234	13.469727
-38.925354	443.49652	13.479492
-38.925125	446.1369	13.489258
-38.923504	445.14142	13.499023
-38.92263	444.2822	13.508789
-38.922249	440.26477	13.518555
-38.921085	438.43646	13.52832
-38.919659	438.51535	13.538086
-38.91909	443.90201	13.547852
-38.919949	448.11642	13.557617
-38.917706	445.6857	13.567383
-38.917366	439.30157	13.577148
-38.916336	435.61832	13.586914
-38.915421	440.38315	13.59668
-38.914474	443.18039	13.606445
-38.914478	446.57382	13.616211
-38.912228	444.03403	13.625977
-38.912682	441.78424	13.635742
-38.911465	438.64438	13.645508
-38.910671	436.06085	13.655273
-38.910202	442.09656	13.665039
-38.908417	442.66513	13.674805
-38.908768	446.8418	13.68457
-38.905613	442.62772	13.694336
-38.906994	435.078	13.704102
-38.905281	436.79785	13.713867
-38.9048	438.59579	13.723633
-38.903854	443.11395	13.733398
-38.903149	443.71146	13.743164
-38.902348	440.04233	13.75293
-38.900871	440.38248	13.762695
-38.901855	434.21457	13.772461
-38.899834	436.13385	13.782227
-38.899349	440.50989	13.791992
-38.899239	442.85419	13.801758
-38.897823	444.66333	13.811523
-38.896553	437.06235	13.821289
-38.896172	436.60306	13.831055
-38.895744	437.41217	13.84082
-38.894775	438.59579	13.850586
-38.893593	441.90585	13.860352
-38.892342	440.79031	13.870117
-38.890434	440.50092	13.879883
-38.890865	437.93646	13.889648
-38.889713	435.48529	13.899414
-38.889545	436.91547	13.90918
-38.888767	439.79715	13.918945
-38.887493	443.36313	13.928711
-38.886456	439.09842	13.938477
-38.886478	438.34424	13.948242
-38.88541	436.68436	13.958008
-38.883881	438.02588	13.967773
-38.884331	437.50388	13.977539
-38.883804	438.8667	13.987305
-38.881615	443.1676	13.99707
-38.881523	439.84274	14.006836
-38.879509	437.75293	14.016602
-38.87986	432.18301	14.026367
-38.878876	435.05188	14.036133
-38.878899	439.43268	14.045898
-38.877136	438.1286	14.055664
-38.876526	440.38275	14.06543
-38.875408	436.42825	14.075195
-38.874935	435.33154	14.084961
-38.874649	434.86951	14.094727
-38.871941	433.3364	14.104492
-38.87215	441.67197	14.114258
-38.870995	441.3046	14.124023
-38.870289	438.03641	14.133789
-38.869095	434.29132	14.143555
-38.86932	431.4483	14.15332
-38.868893	436.81946	14.163086
-38.86718	438.92859	14.172852
-38.867611	441.55609	14.182617
-38.865894	439.6369	14.192383
-38.864777	434.34262	14.202148
-38.864811	435.53793	14.211914
-38.862579	430.7514	14.22168
-38.862759	436.03467	14.231445
-38.86269	439.92828	14.241211
-38.860504	441.55502	14.250977
-38.859726	435.86935	14.260742
-38.85952	432.00174	14.270508
-38.858501	433.30716	14.280273
-38.856895	438.08292	14.290039
-38.857021	439.47092	14.299805
-38.856178	438.88171	14.30957
-38.854645	437.43066	14.319336
-38.855831	434.91187	14.329102
-38.85339	430.172	14.338867
-38.852913	435.51706	14.348633
-38.851387	435.96899	14.358398
-38.851315	441.20135	14.368164
-38.850384	437.41095	14.37793
-38.850845	431.88675	14.387695
-38.847874	430.72107	14.397461
-38.846848	434.83011	14.407227
-38.847103	437.06647	14.416992
-38.845844	436.08029	14.426758
-38.843967	434.85114	14.436523
-38.844215	436.83325	14.446289
-38.842422	430.43689	14.456055
-38.842289	432.21823	14.46582
-38.84206	434.22156	14.475586
-38.841442	437.61673	14.485352
-38.840755	439.94797	14.495117
-38.840122	433.02469	14.504883
-38.838203	434.17456	14.514648
-38.838161	432.25665	14.524414
-38.837681	433.19672	14.53418
-38.835281	435.6629	14.543945
-38.836262	436.05438	14.553711
-38.835133	439.0416	14.563477
-38.83453	435.88943	14.573242
-38.832951	430.94162	14.583008
-38.831932	432.13507	14.592773
-38.831455	433.39362	14.602539
-38.831036	436.70895	14.612305
-38.830063	434.4061	14.62207
-38.829205	433.46924	14.631836
-38.82848	432.38577	14.641602
-38.827209	431.83762	14.651367
-38.827015	431.09314	14.661133
-38.825237	432.6199	14.670898
-38.824497	436.4856	14.680664
-38.823898	438.02155	14.69043
-38.823193	435.42252	14.700195
-38.823082	428.69437	14.709961
-38.821812	427.215	14.719727
-38.820732	434.9328	14.729492
-38.820663	434.2149	14.739258
-38.818672	439.22882	14.749023
-38.819073	431.8287	14.758789
-38.817932	431.1044	14.768555
-38.817085	429.23828	14.77832
-38.815784	428.22952	14.788086
-38.815781	435.08197	14.797852
-38.813831	437.07538	14.807617
-38.814644	438.14523	14.817383
-38.814034	430.59509	14.827148
-38.81218	425.66376	14.836914
-38.810947	431.35318	14.84668
-38.811497	432.51462	14.856445
-38.809669	436.63855	14.866211
-38.809273	436.58411	14.875977
-38.807285	431.37631	14.885742
-38.806801	430.54153	14.895508
-38.806332	427.31171	14.905273
-38.805477	432.02698	14.915039
-38.80505	436.86563	14.924805
-38.803848	436.40891	14.93457
-38.803276	436.03784	14.944336
-38.801407	426.95056	14.954102
-38.801693	427.36456	14.963867
-38.799904	432.31348	14.973633
-38.799599	434.38217	14.983398
-38.799984	434.63406	14.993164
-38.798565	434.90964	15.00293
-38.798241	432.09213	15.012695
-38.79586	427.37244	15.022461
-38.79668	429.68616	15.032227
-38.795799	431.31238	15.041992
-38.794277	437.73819	15.051758
-38.794361	434.11865	15.061523
-38.792053	430.52881	15.071289
-38.792156	428.94733	15.081055
-38.791176	427.72342	15.09082
-38.789631	432.76376	15.100586
-38.78941	432.60098	15.110352
-38.789528	432.82889	15.120117
-38.788589	434.15643	15.129883
-38.7864	429.29489	15.139648
-38.786823	428.82242	15.149414
-38.785397	427.41742	15.15918
-38.785336	432.41388	15.168945
-38.783024	434.2966	15.178711
-38.783104	430.19809	15.188477
-38.782299	431.45981	15.198242
-38.781532	428.81635	15.208008
-38.781502	427.82513	15.217773
-38.779408	430.90634	15.227539
-38.778133	431.82825	15.237305
-38.7766	433.92255	15.24707
-38.777256	433.4585	15.256836
-38.775841	429.61749	15.266602
-38.777187	426.39502	15.276367
-38.773735	428.12411	15.286133
-38.774109	433.06723	15.295898
-38.773319	433.81595	15.305664
-38.771992	433.88977	15.31543
-38.772324	430.49075	15.325195
-38.770679	428.79446	15.334961
-38.770256	427.24496	15.344727
-38.76936	428.93567	15.354492
-38.768467	431.82681	15.364258
-38.7663	434.4614	15.374023
-38.767559	433.01941	15.383789
-38.76635	425.46722	15.393555
-38.764751	423.77475	15.40332
-38.764774	428.39069	15.413086
-38.763145	431.28812	15.422852
-38.76194	433.87579	15.432617
-38.760586	429.02615	15.442383
-38.761097	429.51773	15.452148
-38.760174	425.9353	15.461914
-38.759411	424.78848	15.47168
-38.759483	431.07422	15.481445
-38.757538	433.95987	15.491211
-38.75539	435.49692	15.500977
-38.756729	428.39642	15.510742
-38.755066	421.82129	15.520508
-38.754822	427.06467	15.530273
-38.753258	428.08484	15.540039
-38.752621	433.35214	15.549805
-38.752209	431.3783	15.55957
-38.750046	429.55084	15.569336
-38.749386	428.48627	15.579102
-38.750401	422.42856	15.588867
-38.748814	427.03305	15.598633
-38.747086	432.78171	15.608398
-38.74715	432.88632	15.618164
-38.746567	432.68732	15.62793
-38.746998	424.99832	15.637695
-38.744858	424.19186	15.647461
-38.74366	427.29385	15.657227
-38.744064	430.19427	15.666992
-38.741344	432.27747	15.676758
-38.741989	429.70505	15.686523
-38.739674	429.8826	15.696289
-38.739143	426.63791	15.706055
-38.738674	426.19583	15.71582
-38.738804	426.75845	15.725586
-38.737583	431.76031	15.735352
-38.736931	431.50772	15.745117
-38.736332	427.45779	15.754883
-38.734764	426.3685	15.764648
-38.734211	426.65588	15.774414
-38.733227	429.5856	15.78418
-38.731834	429.27652	15.793945
-38.732193	429.68198	15.803711
-38.731281	431.4397	15.813477
-38.72963	428.63846	15.823242
-38.729153	424.94186	15.833008
-38.728226	421.86551	15.842773
-38.726719	426.96994	15.852539
-38.726933	431.73273	15.862305
-38.725967	427.95853	15.87207
-38.724525	430.48312	15.881836
-38.723305	426.95084	15.891602
-38.723774	425.31616	15.901367
-38.723221	427.43155	15.911133
-38.72097	425.96786	15.920898
-38.721046	430.8598	15.930664
-38.720654	430.73001	15.94043
-38.719551	428.8154	15.950195
-38.719147	422.5123	15.959961
-38.717922	422.24597	15.969727
-38.716511	430.74997	15.979492
-38.717819	428.7963	15.989258
-38.715107	431.35065	15.999023
-38.714592	428.94305	16.008789
-38.713928	424.32965	16.018555
-38.712677	424.10477	16.02832
-38.711063	424.07996	16.038086
-38.71257	428.71292	16.047852
-38.711197	433.79041	16.057617
-38.708984	430.50037	16.067383
-38.708851	425.52588	16.077148
-38.708454	422.41721	16.086914
-38.70792	424.00217	16.09668
-38.706371	429.66537	16.106445
-38.706112	431.30176	16.116211
-38.704155	430.05719	16.125977
-38.704243	425.4166	16.135742
-38.703049	425.47223	16.145508
-38.703121	421.34607	16.155273
-38.700737	427.26947	16.165039
-38.700848	430.78195	16.174805
-38.700684	433.27264	16.18457
-38.698601	427.64777	16.194336
-38.698956	422.6868	16.204102
-38.697502	423.19873	16.213867
-38.696976	425.62311	16.223633
-38.695988	430.2998	16.233398
-38.694916	430.03552	16.243164
-38.694328	427.24048	16.25293
-38.69315	427.36075	16.262695
-38.693287	419.93008	16.272461
-38.692173	424.82568	16.282227
-38.691559	427.39426	16.291992
-38.690571	429.84204	16.301758
-38.689175	430.83072	16.311523
-38.68837	423.54846	16.321289
-38.687702	424.03442	16.331055
-38.686417	425.11972	16.34082
-38.68626	426.64862	16.350586
-38.685787	429.26794	16.360352
-38.683495	428.53842	16.370117
-38.683342	428.70615	16.379883
-38.682972	427.26031	16.389648
-38.681091	422.28159	16.399414
-38.6805	424.10568	16.40918
-38.680702	427.24561	16.418945
-38.678612	430.76105	16.428711
-38.67981	426.82678	16.438477
-38.677814	426.61206	16.448242
-38.677029	425.02362	16.458008
-38.677055	425.48749	16.467773
-38.674973	424.97192	16.477539
-38.675907	426.27722	16.487305
-38.674534	430.42041	16.49707
-38.673466	429.08557	16.506836
-38.673244	425.74173	16.516602
-38.670048	421.62244	16.526367
-38.670048	425.62369	16.536133
-38.669857	428.9808	16.545898
-38.668819	429.24527	16.555664
-38.668056	429.76953	16.56543
-38.667362	425.29803	16.575195
-38.666576	424.12424	16.584961
-38.665607	423.59827	16.594727
-38.664127	422.42978	16.604492
-38.66407	429.05124	16.614258
-38.663116	431.06528	16.624023
-38.663261	427.68948	16.633789
-38.66172	422.99603	16.643555
-38.660381	419.92093	16.65332
-38.660751	427.37079	16.663086
-38.659912	426.5412	16.672852
-38.658619	429.84943	16.682617
-38.657475	428.26672	16.692383
-38.657288	423.94559	16.702148
-38.655437	423.28714	16.711914
-38.65411	421.73993	16.72168
-38.65377	425.06726	16.731445
-38.653618	431.66238	16.741211
-38.652927	429.85846	16.750977
-38.651546	424.86075	16.760742
-38.651581	420.73816	16.770508
-38.650089	422.2175	16.780273
-38.649399	427.63028	16.790039
-38.648521	429.0853	16.799805
-38.646832	428.24994	16.80957
-38.647675	427.55383	16.819336
-38.646381	424.03708	16.829102
-38.646194	419.85229	16.838867
-38.645004	422.27692	16.848633
-38.644772	427.78314	16.858398
-38.644135	431.86035	16.868164
-38.642834	428.83487	16.87793
-38.640961	423.22174	16.887695
-38.639973	421.21054	16.897461
-38.639767	423.83835	16.907227
-38.638729	427.54886	16.916992
-38.636612	427.24225	16.926758
-38.637371	427.10684	16.936523
-38.634529	426.72174	16.946289
-38.635586	420.29477	16.956055
-38.634731	422.48929	16.96582
-38.634186	424.95276	16.975586
-38.632671	426.7283	16.985352
-38.631886	429.81702	16.995117
-38.630123	423.64594	17.004883
-38.631317	424.1434	17.014648
-38.629631	423.47153	17.024414
-38.628895	423.2168	17.03418
-38.629333	428.24789	17.043945
-38.628445	425.61734	17.053711
-38.627266	429.6011	17.063477
-38.625809	425.94385	17.073242
-38.62431	423.1543	17.083008
-38.624874	422.58194	17.092773
-38.623463	424.01633	17.102539
-38.622696	428.18076	17.112305
-38.6222	426.01126	17.12207
-38.621243	426.32889	17.131836
-38.619625	424.9996	17.141602
-38.619446	424.40042	17.151367
-38.618481	422.12885	17.161133
-38.618294	424.33121	17.170898
-38.617401	426.46198	17.180664
-38.616154	428.94806	17.19043
-38.614799	423.61627	17.200195
-38.616028	420.07578	17.209961
-38.61409	419.26904	17.219727
-38.612148	425.02444	17.229492
-38.611637	425.48236	17.239258
-38.611298	428.88867	17.249023
-38.611019	424.35086	17.258789
-38.609676	423.61383	17.268555
-38.608139	420.70493	17.27832
-38.60844	421.42322	17.288086
-38.606926	425.62009	17.297852
-38.606834	429.0376	17.307617
-38.60516	428.15759	17.317383
-38.604855	421.69766	17.327148
-38.60413	417.77563	17.336914
-38.602627	425.32553	17.34668
-38.602489	424.55829	17.356445
-38.601078	428.77835	17.366211
-38.599693	426.37082	17.375977
-38.599495	423.7601	17.385742
-38.598301	424.04279	17.395508
-38.598553	418.88632	17.405273
-38.597908	424.98535	17.415039
-38.595898	429.11093	17.424805
-38.595627	428.99765	17.43457
-38.594627	426.42932	17.444336
-38.594978	419.20554	17.454102
-38.592712	419.24469	17.463867
-38.592434	423.75146	17.473633
-38.591793	426.71179	17.483398
-38.590313	428.09219	17.493164
-38.590004	425.79929	17.50293
-38.587574	422.707	17.512695
-38.588745	419.09097	17.522461
-38.588524	419.25406	17.532227
-38.586056	426.26556	17.541992
-38.586018	429.07968	17.551758
-38.585129	427.62534	17.561523
-38.585373	422.27588	17.571289
-38.583035	420.62506	17.581055
-38.582687	421.51761	17.59082
-38.583061	425.10385	17.600586
-38.581272	424.19464	17.610352
-38.579479	425.35507	17.620117
-38.579487	427.55884	17.629883
-38.579227	420.72586	17.639648
-38.576733	421.60147	17.649414
-38.577629	420.63184	17.65918
-38.576096	426.71014	17.668945
-38.575027	429.18195	17.678711
-38.575249	423.48941	17.688477
-38.574287	424.92114	17.698242
-38.573063	422.75665	17.708008
-38.571594	422.84793	17.717773
-38.571762	423.67093	17.727539
-38.569248	422.70728	17.737305
-38.570198	427.83716	17.74707
-38.569649	426.69205	17.756836
-38.567276	422.57504	17.766602
-38.567051	420.50601	17.776367
-38.566879	420.97015	17.786133
-38.565826	426.86545	17.795898
-38.564674	425.58575	17.805664
-38.564758	425.80063	17.81543
-38.562851	425.21454	17.825195
-38.562424	421.49323	17.834961
-38.561756	420.54596	17.844727
-38.561436	422.00485	17.854492
-38.560238	424.48224	17.864258
-38.558781	429.1731	17.874023
-38.558331	424.93832	17.883789
-38.556374	421.04974	17.893555
-38.556042	417.77899	17.90332
-38.55677	421.12103	17.913086
-38.554512	424.07574	17.922852
-38.554665	427.57065	17.932617
-38.552959	424.56802	17.942383
-38.552032	424.65375	17.952148
-38.552204	419.76639	17.961914
-38.550884	418.81033	17.97168
-38.549961	422.75012	17.981445
-38.549366	426.40671	17.991211
-38.548214	428.29092	18.000977
-38.547886	421.11304	18.010742
-38.547253	417.32742	18.020508
-38.546963	420.61682	18.030273
-38.54393	421.12112	18.040039
-38.543835	425.81818	18.049805
-38.543762	424.58224	18.05957
-38.543503	423.27975	18.069336
-38.542603	421.81711	18.079102
-38.541584	416.09631	18.088867
-38.540543	421.68784	18.098633
-38.539501	425.186	18.108398
-38.539051	426.84988	18.118164
-38.539089	427.13693	18.12793
-38.536499	417.67166	18.137695
-38.534889	418.44733	18.147461
-38.535652	421.29205	18.157227
-38.53373	422.69955	18.166992
-38.534443	427.31888	18.176758
-38.533775	425.36292	18.186523
-38.53154	423.87717	18.196289
-38.530735	419.28775	18.206055
-38.530476	420.0661	18.21582
-38.529881	421.42023	18.225586
-38.528412	427.77063	18.235352
-38.528656	427.25946	18.245117
-38.527813	422.12341	18.254883
-38.52766	421.35239	18.264648
-38.52354	421.2966	18.274414
-38.524483	423.48419	18.28418
-38.524967	422.34296	18.293945
-38.52393	424.4537	18.303711
-38.523552	425.81949	18.313477
-38.522194	423.23145	18.323242
-38.521839	420.42737	18.333008
-38.519295	418.99536	18.342773
-38.519485	423.29211	18.352539
-38.518333	425.80652	18.362305
-38.516632	422.3407	18.37207
-38.516712	424.35248	18.381836
-38.515808	422.62073	18.391602
-38.515903	420.19028	18.401367
-38.513687	420.7337	18.411133
-38.51358	420.77231	18.420898
-38.512142	426.35959	18.430664
-38.511345	425.58032	18.44043
-38.51133	423.01288	18.450195
-38.510086	418.91025	18.459961
-38.509167	417.18781	18.469727
-38.50956	425.91412	18.479492
-38.508389	423.33286	18.489258
-38.507282	425.49973	18.499023
-38.507492	423.72784	18.508789
-38.505428	420.11304	18.518555
-38.50367	420.20032	18.52832
-38.504345	417.95966	18.538086
-38.502865	423.27985	18.547852
-38.502781	427.41858	18.557617
-38.500484	424.08386	18.567383
-38.500042	421.526	18.577148
-38.499615	417.46579	18.586914
-38.499046	419.84625	18.59668
-38.498241	424.17905	18.606445
-38.497101	427.9321	18.616211
-38.496067	424.2334	18.625977
-38.495419	422.41144	18.635742
-38.493874	418.93539	18.645508
-38.493908	417.569	18.655273
-38.492958	422.12524	18.665039
-38.492577	425.49918	18.674805
-38.491753	427.12076	18.68457
-38.491108	423.16577	18.694336
-38.488918	417.95938	18.704102
-38.489502	418.92395	18.713867
-38.488369	420.98636	18.723633
-38.486031	426.86649	18.733398
-38.486931	424.95068	18.743164
-38.486023	424.93417	18.75293
-38.485657	422.94269	18.762695
-38.485641	415.65106	18.772461
-38.4842	421.25705	18.782227
-38.483406	422.16953	18.791992
-38.481056	426.66483	18.801758
-38.479725	427.52652	18.811523
-38.479809	418.44952	18.821289
-38.479122	419.18573	18.831055
-38.478054	421.00711	18.84082
-38.477684	423.09982	18.850586
-38.477386	424.61795	18.860352
-38.475506	423.25375	18.870117
-38.474842	424.99545	18.879883
-38.474628	420.60077	18.889648
-38.474548	419.07565	18.899414
-38.473091	419.83832	18.90918
-38.472301	423.62677	18.918945
-38.471413	427.77475	18.928711
-38.469879	424.56824	18.938477
-38.468998	421.64676	18.948242
-38.469292	420.82898	18.958008
-38.466892	419.62277	18.967773
-38.46767	422.29645	18.977539
-38.467564	423.46777	18.987305
-38.464569	426.67548	18.99707
-38.464859	424.28702	19.006836
-38.463322	421.31586	19.016602
-38.46312	419.28732	19.026367
-38.462406	421.86383	19.036133
-38.461849	424.88223	19.045898
-38.460171	424.18964	19.055664
-38.459473	425.33322	19.06543
-38.458664	421.32596	19.075195
-38.457798	421.67017	19.084961
-38.456833	419.30795	19.094727
-38.458359	422.05676	19.104492
-38.456043	428.1232	19.114258
-38.454159	427.14325	19.124023
-38.453438	424.77032	19.133789
-38.452797	418.62042	19.143555
-38.452557	417.02786	19.15332
-38.451859	422.58789	19.163086
-38.450909	422.55518	19.172852
-38.449211	426.77863	19.182617
-38.448975	424.43378	19.192383
-38.44902	421.02994	19.202148
-38.447926	419.84656	19.211914
-38.446301	416.63309	19.22168
-38.445625	422.68747	19.231445
-38.445866	426.06555	19.241211
-38.44339	425.81494	19.250977
-38.443794	420.76654	19.260742
-38.442776	416.43787	19.270508
-38.441372	419.70239	19.280273
-38.441452	420.87915	19.290039
-38.440941	424.16953	19.299805
-38.439716	424.53467	19.30957
-38.438488	425.13943	19.319336
-38.436836	420.20816	19.329102
-38.436562	415.98911	19.338867
-38.436478	419.48004	19.348633
-38.434746	425.83514	19.358398
-38.433987	428.45468	19.368164
-38.433617	423.01047	19.37793
-38.43359	418.35208	19.387695
-38.432194	419.40533	19.397461
-38.430691	420.7608	19.407227
-38.430077	425.44022	19.416992
-38.428886	423.18802	19.426758
-38.429794	424.43192	19.436523
-38.426941	422.99106	19.446289
-38.428135	417.57651	19.456055
-38.426456	419.96381	19.46582
-38.425537	418.92957	19.475586
-38.425522	426.21295	19.485352
-38.424931	425.85013	19.495117
-38.423401	421.20041	19.504883
-38.421024	420.52158	19.514648
-38.421886	419.23642	19.524414
-38.420486	420.7944	19.53418
-38.419697	423.24707	19.543945
-38.418285	422.43115	19.553711
-38.417728	425.68448	19.563477
-38.417542	420.69354	19.573242
-38.417839	418.40918	19.583008
-38.41563	418.82513	19.592773
-38.416119	420.73651	19.602539
-38.413952	425.46237	19.612305
-38.414314	421.48526	19.62207
-38.413162	422.9678	19.631836
-38.411434	421.39313	19.641602
-38.410023	419.75433	19.651367
-38.410049	420.97995	19.661133
-38.409634	421.8736	19.670898
-38.409405	425.79648	19.680664
-38.408463	425.86923	19.69043
-38.406036	420.77008	19.700195
-38.40604	417.08786	19.709961
-38.404995	419.20859	19.719727
-38.403812	421.90363	19.729492
-38.404572	423.93561	19.739258
-38.403091	425.33563	19.749023
-38.401947	421.96973	19.758789
-38.400864	421.05338	19.768555
-38.400993	416.41397	19.77832
-38.399338	416.80701	19.788086
-38.399048	423.78128	19.797852
-38.397427	426.14047	19.807617
-38.397625	424.84857	19.817383
-38.396523	419.42966	19.827148
-38.395622	415.63754	19.836914
-38.395199	420.11072	19.84668
-38.393776	419.79819	19.856445
-38.39349	426.58652	19.866211
-38.392662	425.0946	19.875977
-38.391582	421.44379	19.885742
-38.390327	419.53726	19.895508
-38.388607	414.34497	19.905273
-38.388805	422.01627	19.915039
-38.389175	425.06174	19.924805
-38.387165	425.03058	19.93457
-38.386524	423.54446	19.944336
-38.385963	415.88315	19.954102
-38.384827	417.50616	19.963867
-38.38308	419.90518	19.973633
-38.384674	422.38864	19.983398
-38.382336	424.24957	19.993164
-38.382919	422.97443	20.00293
-38.379009	422.36517	20.012695


Data Header:			0.254_hd_dimension_typeiv_090_r0			Time:	26.233154	s	4/14/2019 12:33:06 AM
Data Acquisition:	Timed
Station Name:	ft40.cfg
Test File Name:	monotonic_0.2540_typeiv_hd_090_dimension.tst
Displacement	Force	Running Time
mm	N	s
-38.380112	415.63162	20.022461
-38.37846	417.832	20.032227
-38.37735	423.00549	20.041992
-38.379108	426.50882	20.051758
-38.376228	424.93304	20.061523
-38.376709	418.26443	20.071289
-38.374577	416.66321	20.081055
-38.374889	418.93793	20.09082
-38.373268	419.74823	20.100586
-38.373775	422.56705	20.110352
-38.371483	425.74789	20.120117
-38.371643	422.77325	20.129883
-38.370663	416.98364	20.139648
-38.369923	418.28323	20.149414
-38.368969	419.28564	20.15918
-38.367714	423.6272	20.168945
-38.367191	423.23462	20.178711
-38.365768	421.12839	20.188477
-38.365406	422.02969	20.198242
-38.364506	418.43365	20.208008
-38.363342	419.4975	20.217773
-38.363186	419.19214	20.227539
-38.36153	420.77277	20.237305
-38.360619	423.74872	20.24707
-38.361027	421.0993	20.256836
-38.360031	420.5433	20.266602
-38.359222	416.79105	20.276367
-38.357834	418.06119	20.286133
-38.357437	424.54404	20.295898
-38.356197	422.34583	20.305664
-38.356201	423.64594	20.31543
-38.355629	422.69656	20.325195
-38.354092	417.58145	20.334961
-38.352818	419.15802	20.344727
-38.351574	417.12909	20.354492
-38.352242	424.85855	20.364258
-38.350719	426.7457	20.374023
-38.349983	421.63736	20.383789
-38.349113	418.10846	20.393555
-38.347996	416.97638	20.40332
-38.347328	420.34344	20.413086
-38.34679	421.22925	20.422852
-38.345795	424.07837	20.432617
-38.345024	423.66425	20.442383
-38.344666	420.47632	20.452148
-38.342854	416.81064	20.461914
-38.343021	417.22516	20.47168
-38.342709	419.60434	20.481445
-38.340492	425.23697	20.491211
-38.340401	424.18918	20.500977
-38.338375	420.67621	20.510742
-38.338615	416.45224	20.520508
-38.339092	419.09262	20.530273
-38.337357	418.18988	20.540039
-38.335773	423.36188	20.549805
-38.335945	422.95816	20.55957
-38.33485	422.2926	20.569336
-38.33371	419.39313	20.579102
-38.330936	413.22781	20.588867
-38.332069	418.81686	20.598633
-38.330135	422.72021	20.608398
-38.330631	425.39597	20.618164
-38.329556	424.03003	20.62793
-38.328346	415.40118	20.637695
-38.327744	417.30685	20.647461
-38.327984	418.04108	20.657227
-38.326279	420.87299	20.666992
-38.324856	423.89508	20.676758
-38.324619	422.13556	20.686523
-38.324192	422.26221	20.696289
-38.323071	414.50537	20.706055
-38.322826	416.3894	20.71582
-38.321735	420.40454	20.725586
-38.320423	423.19641	20.735352
-38.319557	423.26108	20.745117
-38.318222	420.20425	20.754883
-38.317715	417.06946	20.764648
-38.317139	418.87192	20.774414
-38.316475	418.62982	20.78418
-38.315342	419.80478	20.793945
-38.315464	422.67346	20.803711
-38.314232	424.29764	20.813477
-38.313538	420.08508	20.823242
-38.313107	416.79449	20.833008
-38.312069	417.04916	20.842773
-38.311317	421.64877	20.852539
-38.309994	422.35294	20.862305
-38.309383	420.17252	20.87207
-38.308334	420.3381	20.881836
-38.308353	418.46872	20.891602
-38.307022	417.93286	20.901367
-38.305885	417.55496	20.911133
-38.305885	419.03271	20.920898
-38.304417	424.81653	20.930664
-38.303402	421.53857	20.94043
-38.303177	420.39474	20.950195
-38.301964	416.92899	20.959961
-38.300549	416.51807	20.969727
-38.301357	421.04321	20.979492
-38.300125	418.9476	20.989258
-38.299194	423.69153	20.999023
-38.298351	421.27216	21.008789
-38.297039	417.07574	21.018555
-38.296341	417.46442	21.02832
-38.295513	414.33789	21.038086
-38.295147	422.89053	21.047852
-38.293724	425.03094	21.057617
-38.292995	422.9386	21.067383
-38.292152	419.59305	21.077148
-38.292217	415.49231	21.086914
-38.290657	418.86227	21.09668
-38.289509	419.19839	21.106445
-38.288563	423.86517	21.116211
-38.28754	423.84961	21.125977
-38.287537	421.82379	21.135742
-38.285572	416.34198	21.145508
-38.286137	414.1398	21.155273
-38.285088	418.05377	21.165039
-38.283661	425.15604	21.174805
-38.284164	423.46759	21.18457
-38.282806	420.98758	21.194336
-38.281738	416.78082	21.204102
-38.280525	415.70612	21.213867
-38.27943	418.15335	21.223633
-38.279408	423.10831	21.233398
-38.278015	422.14432	21.243164
-38.277172	422.43628	21.25293
-38.27692	419.10626	21.262695
-38.276165	413.22308	21.272461
-38.274891	416.76392	21.282227
-38.274799	419.42435	21.291992
-38.273529	424.37369	21.301758
-38.272358	423.15912	21.311523
-38.272041	417.47504	21.321289
-38.269653	418.00568	21.331055
-38.271404	415.97668	21.34082
-38.269951	419.56006	21.350586
-38.26757	420.70654	21.360352
-38.267498	421.13016	21.370117
-38.267239	422.34561	21.379883
-38.265968	414.74866	21.389648
-38.264687	415.58777	21.399414
-38.264877	418.30637	21.40918
-38.264111	420.78976	21.418945
-38.262547	423.96017	21.428711
-38.260509	419.83859	21.438477
-38.26049	417.11804	21.448242
-38.259983	417.93457	21.458008
-38.259678	415.79446	21.467773
-38.259003	418.62042	21.477539
-38.257778	419.48584	21.487305
-38.257153	422.70786	21.49707
-38.256447	419.10577	21.506836
-38.255547	417.46445	21.516602
-38.255096	415.82291	21.526367
-38.253506	419.60388	21.536133
-38.253578	421.65781	21.545898
-38.251358	421.3161	21.555664
-38.25103	419.66632	21.56543
-38.25095	419.23135	21.575195
-38.250237	418.10233	21.584961
-38.24786	413.80017	21.594727
-38.247253	416.56958	21.604492
-38.248283	421.70941	21.614258
-38.2463	422.57468	21.624023
-38.245266	420.49844	21.633789
-38.245171	414.6853	21.643555
-38.243893	413.8428	21.65332
-38.243267	418.0965	21.663086
-38.241673	416.78003	21.672852
-38.241894	425.38641	21.682617
-38.240658	421.61191	21.692383
-38.240005	418.43988	21.702148
-38.239822	415.99963	21.711914
-38.238358	412.72998	21.72168
-38.237606	418.37274	21.731445
-38.236977	423.18674	21.741211
-38.236942	422.67334	21.750977
-38.234722	419.15445	21.760742
-38.23455	412.4614	21.770508
-38.23394	416.79581	21.780273
-38.23299	417.35153	21.790039
-38.231361	422.21436	21.799805
-38.231281	422.8555	21.80957
-38.230072	421.24988	21.819336
-38.228706	416.7597	21.829102
-38.22781	412.90588	21.838867
-38.227291	415.44	21.848633
-38.227955	422.40836	21.858398
-38.226616	423.75458	21.868164
-38.225872	421.59018	21.87793
-38.223675	417.48499	21.887695
-38.223793	415.9921	21.897461
-38.222473	415.67273	21.907227
-38.221737	418.36484	21.916992
-38.221069	420.26974	21.926758
-38.220421	421.85474	21.936523
-38.219109	419.9863	21.946289
-38.219528	412.90091	21.956055
-38.217884	415.46231	21.96582
-38.217312	416.85461	21.975586
-38.216164	423.37817	21.985352
-38.215572	422.5123	21.995117
-38.216499	418.91821	22.004883
-38.213848	416.22742	22.014648
-38.212997	416.76447	22.024414
-38.212627	417.65317	22.03418
-38.211674	418.38065	22.043945
-38.212418	418.75073	22.053711
-38.209892	423.58328	22.063477
-38.209217	415.79733	22.073242
-38.207989	414.30038	22.083008
-38.208511	415.90744	22.092773
-38.207146	417.06171	22.102539
-38.205124	423.06143	22.112305
-38.204182	418.60092	22.12207
-38.202923	418.60449	22.131836
-38.203098	417.96896	22.141602
-38.203674	416.3356	22.151367
-38.202332	416.82999	22.161133
-38.20042	417.60037	22.170898
-38.199318	422.67841	22.180664
-38.198044	420.98999	22.19043
-38.198727	416.43445	22.200195
-38.198257	415.66434	22.209961
-38.19664	415.36288	22.219727
-38.195778	419.35059	22.229492
-38.195606	418.94955	22.239258
-38.194218	422.07715	22.249023
-38.193466	422.10696	22.258789
-38.192848	416.88058	22.268555
-38.192059	413.19611	22.27832
-38.190826	415.74359	22.288086
-38.189846	419.59637	22.297852
-38.189816	423.25705	22.307617
-38.188705	421.90649	22.317383
-38.188282	414.04794	22.327148
-38.186897	413.93738	22.336914
-38.186291	416.63998	22.34668
-38.185802	416.86514	22.356445
-38.18512	422.44336	22.366211
-38.183231	420.9415	22.375977
-38.183575	419.10437	22.385742
-38.181892	415.30994	22.395508
-38.181648	411.74765	22.405273
-38.181015	417.91718	22.415039
-38.179382	422.84396	22.424805
-38.178802	422.97449	22.43457
-38.178078	418.24683	22.444336
-38.177841	413.57013	22.454102
-38.177181	415.48297	22.463867
-38.176495	414.39087	22.473633
-38.17458	420.02298	22.483398
-38.17403	422.94391	22.493164
-38.173897	421.52841	22.50293
-38.17289	418.99683	22.512695
-38.172169	410.76041	22.522461
-38.171074	415.10873	22.532227
-38.169827	421.38831	22.541992
-38.168591	422.13913	22.551758
-38.168289	420.61276	22.561523
-38.167221	416.8826	22.571289
-38.167324	415.41913	22.581055
-38.165154	415.65805	22.59082
-38.165066	418.58258	22.600586
-38.163372	420.40491	22.610352
-38.163982	422.82574	22.620117
-38.163158	420.04431	22.629883
-38.162254	415.08737	22.639648
-38.161411	414.06516	22.649414
-38.160019	416.6994	22.65918
-38.158997	420.81924	22.668945
-38.15863	419.69348	22.678711
-38.157124	417.78409	22.688477
-38.156456	417.01871	22.698242
-38.156929	415.59689	22.708008
-38.15575	415.44998	22.717773
-38.155064	415.00272	22.727539
-38.153954	419.29315	22.737305
-38.154488	423.45175	22.74707
-38.152016	416.62085	22.756836
-38.15202	415.87103	22.766602
-38.150616	412.53659	22.776367
-38.150604	417.5907	22.786133
-38.148155	420.11856	22.795898
-38.147766	417.73642	22.805664
-38.146736	420.27829	22.81543
-38.146355	418.57767	22.825195
-38.145664	414.84329	22.834961
-38.145546	414.34909	22.844727
-38.144966	414.37173	22.854492
-38.141994	422.69827	22.864258
-38.1427	420.8165	22.874023
-38.142582	417.5166	22.883789
-38.140884	414.18069	22.893555
-38.140171	413.50851	22.90332
-38.138657	417.05988	22.913086
-38.138462	416.91782	22.922852
-38.138153	420.8837	22.932617
-38.137207	421.63208	22.942383
-38.135811	416.32278	22.952148
-38.134956	412.97345	22.961914
-38.135933	412.02698	22.97168
-38.133888	416.98444	22.981445
-38.131496	423.6062	22.991211
-38.13245	420.82202	23.000977
-38.130405	416.03223	23.010742
-38.130383	413.18237	23.020508
-38.129261	414.63037	23.030273
-38.128613	413.20767	23.040039
-38.127785	420.33481	23.049805
-38.127113	419.80609	23.05957
-38.125622	421.21948	23.069336
-38.125061	415.00534	23.079102
-38.123344	411.10327	23.088867
-38.122787	415.40417	23.098633
-38.122784	420.62766	23.108398
-38.122234	423.32495	23.118164
-38.121086	418.18103	23.12793
-38.120293	414.40189	23.137695
-38.119587	415.7767	23.147461
-38.120327	414.46881	23.157227
-38.118145	418.57709	23.166992
-38.116867	420.73376	23.176758
-38.116714	419.33508	23.186523
-38.115688	418.48349	23.196289
-38.114403	411.32983	23.206055
-38.113319	414.89127	23.21582
-38.11351	417.76193	23.225586
-38.111862	419.62973	23.235352
-38.112507	421.08868	23.245117
-38.111115	416.57761	23.254883
-38.110043	414.763	23.264648
-38.108639	415.28738	23.274414
-38.108547	412.96429	23.28418
-38.106873	418.13644	23.293945
-38.10648	418.89423	23.303711
-38.106762	419.84421	23.313477
-38.104736	416.13528	23.323242
-38.103642	412.57037	23.333008
-38.102234	413.59293	23.342773
-38.102402	415.61505	23.352539
-38.101883	417.76489	23.362305
-38.101768	418.48285	23.37207
-38.100052	417.81769	23.381836
-38.099514	417.74399	23.391602
-38.098545	413.79907	23.401367
-38.097916	411.41776	23.411133
-38.096958	417.68265	23.420898
-38.094883	421.24731	23.430664
-38.094395	416.54413	23.44043
-38.093735	418.18713	23.450195
-38.09391	412.57916	23.459961
-38.092831	413.86664	23.469727
-38.091896	420.09052	23.479492
-38.090797	415.82172	23.489258
-38.091103	420.09076	23.499023
-38.0895	417.69608	23.508789
-38.08889	415.51901	23.518555
-38.088291	411.60214	23.52832
-38.087151	411.48486	23.538086
-38.085602	419.34619	23.547852
-38.085728	420.04321	23.557617
-38.085182	420.19571	23.567383
-38.08437	414.85965	23.577148
-38.083138	411.42087	23.586914
-38.082108	415.53445	23.59668
-38.081123	414.36765	23.606445
-38.081421	419.08005	23.616211
-38.079201	421.62881	23.625977
-38.078655	417.60995	23.635742
-38.077766	413.90326	23.645508
-38.075909	408.35779	23.655273
-38.076458	414.47153	23.665039
-38.074268	421.13879	23.674805
-38.074566	419.63364	23.68457
-38.074463	417.57373	23.694336
-38.073429	412.22354	23.704102
-38.071957	413.01129	23.713867
-38.071507	411.67114	23.723633
-38.071747	418.01627	23.733398
-38.0704	419.65182	23.743164
-38.068676	420.36795	23.75293
-38.068348	414.30441	23.762695
-38.066814	410.19949	23.772461
-38.066639	412.83862	23.782227
-38.066357	417.74634	23.791992
-38.065083	422.15329	23.801758
-38.064384	417.32898	23.811523
-38.064671	414.93204	23.821289
-38.061974	414.46771	23.831055
-38.061913	412.35822	23.84082
-38.06189	414.79471	23.850586
-38.060783	416.43124	23.860352
-38.059753	419.42514	23.870117
-38.06002	418.92191	23.879883
-38.057011	410.48575	23.889648
-38.057594	412.25018	23.899414
-38.05666	413.81171	23.90918
-38.055927	418.46161	23.918945
-38.055779	419.99396	23.928711
-38.054539	415.94809	23.938477
-38.052765	415.75894	23.948242
-38.052448	411.58447	23.958008
-38.051174	412.52649	23.967773
-38.051495	414.27524	23.977539
-38.049767	417.73877	23.987305
-38.050152	420.01453	23.99707
-38.047283	414.48401	24.006836
-38.046787	412.23129	24.016602
-38.046055	413.23163	24.026367
-38.044975	412.57135	24.036133
-38.04406	416.78134	24.045898
-38.044067	416.3252	24.055664
-38.043797	416.74139	24.06543
-38.042774	415.86047	24.075195
-38.041267	413.67902	24.084961
-38.039879	410.98206	24.094727
-38.040684	414.224	24.104492
-38.039227	417.94897	24.114258
-38.038769	418.22324	24.124023
-38.038387	417.34122	24.133789
-38.036804	410.57556	24.143555
-38.035938	412.55908	24.15332
-38.034824	413.91415	24.163086
-38.034431	414.62552	24.172852
-38.034103	417.56024	24.182617
-38.0322	418.64041	24.192383
-38.03196	415.69418	24.202148
-38.031422	411.12991	24.211914
-38.029823	408.2193	24.22168
-38.029305	415.74985	24.231445
-38.028828	418.772	24.241211
-38.026676	418.43454	24.250977
-38.026989	412.42972	24.260742
-38.026711	410.03973	24.270508
-38.025696	413.59647	24.280273
-38.025497	411.66837	24.290039
-38.023972	417.23016	24.299805
-38.022999	419.66559	24.30957
-38.020355	416.48059	24.319336
-38.020638	413.44049	24.329102
-38.020088	406.9856	24.338867
-38.019543	411.94321	24.348633
-38.018826	416.08063	24.358398
-38.017262	418.59232	24.368164
-38.01685	416.17081	24.37793
-38.015854	410.42941	24.387695
-38.015553	412.79553	24.397461
-38.01416	410.75452	24.407227
-38.013134	414.09451	24.416992
-38.013821	417.46884	24.426758
-38.011673	417.62714	24.436523
-38.01178	414.41315	24.446289
-38.010578	409.13654	24.456055
-38.009823	409.13147	24.46582
-38.009502	413.59805	24.475586
-38.007797	416.87177	24.485352
-38.007793	416.12189	24.495117
-38.006058	414.39603	24.504883
-38.00547	412.94846	24.514648
-38.005062	408.77716	24.524414
-38.004738	411.56818	24.53418
-38.004044	413.03683	24.543945
-38.001175	417.37177	24.553711
-38.001114	417.18903	24.563477
-38.000629	409.9519	24.573242
-37.999687	410.84967	24.583008
-37.999973	409.97314	24.592773
-37.998703	413.00696	24.602539
-37.998043	415.46906	24.612305
-37.99646	412.22812	24.62207
-37.996082	415.28653	24.631836
-37.995834	412.38077	24.641602
-37.99435	409.94424	24.651367
-37.993515	410.44003	24.661133
-37.99226	412.82593	24.670898
-37.992092	418.31158	24.680664
-37.991119	412.17178	24.69043
-37.990383	412.18756	24.700195
-37.988243	408.87546	24.709961
-37.988766	409.51428	24.719727
-37.987682	413.75534	24.729492
-37.98764	411.89474	24.739258
-37.987148	416.20828	24.749023
-37.985466	415.5419	24.758789
-37.984985	409.70663	24.768555
-37.98357	408.34927	24.77832
-37.983719	407.48972	24.788086
-37.98267	413.66275	24.797852
-37.981796	415.23328	24.807617
-37.980461	414.42551	24.817383
-37.979675	410.38809	24.827148
-37.978523	410.05966	24.836914
-37.97744	408.87906	24.84668
-37.977135	409.6478	24.856445
-37.976929	414.85696	24.866211
-37.973965	414.98102	24.875977
-37.975506	413.15247	24.885742
-37.973633	406.33932	24.895508
-37.972244	403.81213	24.905273
-37.972584	411.68707	24.915039
-37.970749	412.85999	24.924805
-37.969654	415.72952	24.93457
-37.969803	410.4053	24.944336
-37.969696	408.36209	24.954102
-37.968269	408.71494	24.963867
-37.967747	404.57065	24.973633
-37.967014	411.58707	24.983398
-37.965729	413.29132	24.993164
-37.965057	412.53467	25.00293
-37.964409	409.94928	25.012695
-37.962761	401.97964	25.022461
-37.962326	406.26337	25.032227
-37.961426	410.91403	25.041992
-37.961342	411.13632	25.051758
-37.959	411.9382	25.061523
-37.959568	405.2998	25.071289
-37.958656	406.84933	25.081055
-37.957447	402.32553	25.09082
-37.956821	406.86951	25.100586
-37.956963	411.01929	25.110352
-37.955479	411.43274	25.120117
-37.954529	410.02927	25.129883
-37.954178	404.09146	25.139648
-37.953861	402.49164	25.149414
-37.952168	405.9299	25.15918
-37.951775	408.72641	25.168945
-37.948914	408.51074	25.178711
-37.950573	407.17075	25.188477
-37.948524	404.18988	25.198242
-37.947662	400.66238	25.208008
-37.946232	401.50583	25.217773
-37.945274	400.84738	25.227539
-37.945915	404.76166	25.237305
-37.945492	402.76721	25.24707
-37.943508	394.24423	25.256836
-37.94297	389.55743	25.266602
-37.942013	374.67737	25.276367
-37.93898	-52.641651	25.286133
-37.938324	-51.790901	25.295898
-37.938229	-52.003372	25.305664
-37.936783	-32.716274	25.31543
-37.936302	-39.828514	25.325195
-37.936501	-42.95945	25.334961
-37.935535	-46.250561	25.344727
-37.935371	-43.598434	25.354492
-37.934395	-36.146381	25.364258
-37.932964	-41.638512	25.374023
-37.932365	-38.369762	25.383789
-37.931549	-43.697311	25.393555
-37.93029	-42.672207	25.40332
-37.930195	-40.259254	25.413086
-37.930138	-42.442719	25.422852
-37.928024	-37.692116	25.432617
-37.927738	-36.164509	25.442383
-37.92675	-41.573624	25.452148
-37.926044	-43.457378	25.461914
-37.925797	-45.857655	25.47168
-37.925037	-39.426769	25.481445
-37.923313	-36.81012	25.491211
-37.923744	-39.041103	25.500977
-37.922359	-40.085857	25.510742
-37.921329	-44.036331	25.520508
-37.920349	-44.442123	25.530273
-37.919643	-43.405426	25.540039
-37.919281	-38.918709	25.549805
-37.918217	-35.463161	25.55957
-37.91695	-36.844475	25.569336
-37.917042	-44.202808	25.579102
-37.914753	-45.906414	25.588867
-37.914188	-41.819786	25.598633
-37.915329	-38.617725	25.608398
-37.914009	-34.760441	25.618164
-37.912766	-40.503922	25.62793
-37.912037	-40.449379	25.637695
-37.9109	-44.196949	25.647461
-37.91058	-47.252232	25.657227
-37.909508	-39.458782	25.666992
-37.909233	-38.777233	25.676758
-37.907978	-35.75362	25.686523
-37.90683	-41.136753	25.696289
-37.907166	-47.574947	25.706055
-37.905083	-44.58165	25.71582
-37.904427	-40.44788	25.725586
-37.902508	-38.601124	25.735352
-37.902782	-37.558189	25.745117
-37.902077	-42.441528	25.754883
-37.899914	-40.626472	25.764648
-37.900314	-45.818951	25.774414
-37.899265	-42.391399	25.78418
-37.899197	-40.054539	25.793945
-37.897526	-36.032749	25.803711
-37.897007	-36.833794	25.813477
-37.896095	-44.286964	25.823242
-37.895439	-44.334888	25.833008
-37.894573	-41.720058	25.842773
-37.894337	-39.500542	25.852539
-37.893536	-38.006664	25.862305
-37.893349	-39.565052	25.87207
-37.891048	-39.218784	25.881836
-37.889519	-42.390106	25.891602
-37.890038	-43.407692	25.901367
-37.888779	-44.233505	25.911133
-37.887608	-40.568485	25.920898
-37.887703	-37.305031	25.930664
-37.886513	-40.754482	25.94043
-37.88591	-41.311981	25.950195
-37.885937	-42.463486	25.959961
-37.883759	-41.247044	25.969727
-37.883305	-40.078495	25.979492
-37.881588	-41.856285	25.989258
-37.882168	-37.464752	25.999023
-37.880863	-39.731064	26.008789
-37.881165	-42.742455	26.018555
-37.879547	-46.597836	26.02832
-37.878654	-43.332832	26.038086
-37.878025	-36.36898	26.047852
-37.875809	-40.320801	26.057617
-37.876217	-38.057472	26.067383
-37.875618	-41.725033	26.077148
-37.87402	-43.241436	26.086914
-37.873074	-41.00021	26.09668
-37.872913	-43.066914	26.106445
-37.872009	-38.420967	26.116211
-37.871868	-36.817211	26.125977
-37.869923	-39.59388	26.135742
-37.870373	-44.363102	26.145508
-37.868263	-47.600811	26.155273
-37.868504	-42.881641	26.165039
-37.866325	-38.964355	26.174805
-37.865856	-36.587727	26.18457
-37.865097	-38.748161	26.194336
-37.864044	-42.948277	26.204102
-37.864037	-42.110958	26.213867
-37.862465	-45.847546	26.223633

