MTS793|BTW|ENU|1|2|.|/|:|1|0|0|A

Data Header:			0.254_hd_uprint_typeiv_090_r0			Time:	20.018311	s	4/13/2019 11:14:08 PM
Data Acquisition:	Timed
Station Name:	ft40.cfg
Test File Name:	monotonic_0.2540_typeiv_solid_4545_uprint.tst
Displacement	Force	Running Time
mm	N	s
-40.043003	-142.97766	0.022705078
-40.042252	-143.97493	0.032470703
-40.04142	-142.16391	0.042236328
-40.042137	-144.53915	0.052001953
-40.041534	-139.88806	0.061767578
-40.041752	-139.01659	0.071533203
-40.041405	-140.51802	0.081298828
-40.041042	-142.87408	0.091064453
-40.040916	-147.22261	0.10083008
-40.037891	-145.0826	0.1105957
-40.038044	-139.38657	0.12036133
-40.036469	-136.55257	0.13012695
-40.036766	-138.38966	0.13989258
-40.035786	-140.3064	0.1496582
-40.035271	-142.21979	0.15942383
-40.034046	-141.33765	0.16918945
-40.033867	-137.75439	0.17895508
-40.032509	-135.25731	0.1887207
-40.031345	-131.46729	0.19848633
-40.031921	-133.8119	0.20825195
-40.030128	-139.01799	0.21801758
-40.029659	-137.70123	0.2277832
-40.028774	-136.18196	0.23754883
-40.027687	-130.7769	0.24731445
-40.027592	-130.45505	0.25708008
-40.025616	-132.81351	0.2668457
-40.026695	-131.78755	0.27661133
-40.023819	-134.40947	0.28637695
-40.023853	-133.69078	0.29614258
-40.023018	-132.73293	0.3059082
-40.021935	-128.63133	0.31567383
-40.020191	-123.61796	0.32543945
-40.020596	-132.50719	0.33520508
-40.019562	-130.5621	0.3449707
-40.01823	-131.86197	0.35473633
-40.018219	-128.07774	0.36450195
-40.017437	-125.35894	0.37426758
-40.016094	-128.54115	0.3840332
-40.015125	-125.63493	0.39379883
-40.014999	-126.34293	0.40356445
-40.01421	-128.66325	0.41333008
-40.012863	-128.76254	0.4230957
-40.012478	-127.47179	0.43286133
-40.011761	-121.04538	0.44262695
-40.011383	-122.21979	0.45239258
-40.010357	-123.32821	0.4621582
-40.010029	-126.61105	0.47192383
-40.009514	-126.13276	0.48168945
-40.007092	-124.05346	0.49145508
-40.006367	-120.4257	0.5012207
-40.005856	-121.19762	0.51098633
-40.005486	-118.85905	0.52075195
-40.003799	-119.74036	0.53051758
-40.003036	-124.6871	0.5402832
-40.002186	-123.20113	0.55004883
-40.0014	-118.09168	0.55981445
-40.000427	-115.55326	0.56958008
-40.000103	-115.17522	0.5793457
-39.999241	-120.51435	0.58911133
-39.998341	-118.47759	0.59887695
-39.99778	-118.60917	0.60864258
-39.996902	-119.60264	0.6184082
-39.996067	-112.04478	0.62817383
-39.995468	-111.85249	0.63793945
-39.996044	-109.4999	0.64770508
-39.993393	-114.81906	0.6574707
-39.992722	-120.98931	0.66723633
-39.991879	-114.53172	0.67700195
-39.990704	-110.08154	0.68676758
-39.989536	-107.18115	0.6965332
-39.990589	-108.98988	0.70629883
-39.988171	-113.83332	0.71606445
-39.987026	-112.30545	0.72583008
-39.987797	-113.75544	0.7355957
-39.986313	-110.25705	0.74536133
-39.986359	-105.17738	0.75512695
-39.984699	-104.96255	0.76489258
-39.982857	-107.31509	0.7746582
-39.983425	-113.91669	0.78442383
-39.980652	-112.37582	0.79418945
-39.980228	-105.91447	0.80395508
-39.980846	-103.8265	0.8137207
-39.980042	-105.30701	0.82348633
-39.977982	-106.22185	0.83325195
-39.979607	-107.55369	0.84301758
-39.976963	-105.23666	0.8527832
-39.976669	-106.2076	0.86254883
-39.975658	-103.24115	0.87231445
-39.975151	-98.64769	0.88208008
-39.9744	-100.68958	0.8918457
-39.975243	-103.51554	0.90161133
-39.972359	-105.14783	0.91137695
-39.971371	-103.63621	0.92114258
-39.969742	-99.449684	0.9309082
-39.970097	-99.043594	0.94067383
-39.968925	-100.34362	0.95043945
-39.968136	-97.386208	0.96020508
-39.966866	-99.802071	0.9699707
-39.9669	-100.63587	0.97973633
-39.965759	-101.71704	0.98950195
-39.965584	-96.72686	0.99926758
-39.963333	-92.391258	1.0090332
-39.964539	-97.845573	1.0187988
-39.962772	-96.429718	1.0285645
-39.961746	-98.36837	1.0383301
-39.961521	-97.23111	1.0480957
-39.960251	-92.202316	1.0578613
-39.959911	-94.63163	1.067627
-39.958626	-91.433464	1.0773926
-39.957741	-90.695992	1.0871582
-39.956661	-95.050957	1.0969238
-39.955486	-95.197647	1.1066895
-39.953651	-94.530571	1.1164551
-39.954323	-90.342697	1.1262207
-39.954189	-86.954323	1.1359863
-39.952961	-88.20224	1.145752
-39.951824	-90.882645	1.1555176
-39.951271	-91.912346	1.1652832
-39.950485	-89.374443	1.1750488
-39.949963	-90.074982	1.1848145
-39.948723	-85.410515	1.1945801
-39.948597	-83.037537	1.2043457
-39.947655	-85.300217	1.2141113
-39.946156	-89.648773	1.223877
-39.946129	-91.473564	1.2336426
-39.945595	-86.758911	1.2434082
-39.943493	-79.280121	1.2531738
-39.942928	-80.402122	1.2629395
-39.941841	-85.822632	1.2727051
-39.941067	-86.000999	1.2824707
-39.941242	-85.559753	1.2922363
-39.940746	-87.14135	1.302002
-39.939327	-78.11734	1.3117676
-39.938496	-79.991348	1.3215332
-39.937618	-77.775963	1.3312988
-39.936455	-81.185905	1.3410645
-39.935333	-86.511757	1.3508301
-39.935062	-81.162292	1.3605957
-39.934483	-76.956161	1.3703613
-39.932991	-74.547516	1.380127
-39.932846	-75.219421	1.3898926
-39.931362	-79.500389	1.3996582
-39.930668	-77.604538	1.4094238
-39.930126	-80.127289	1.4191895
-39.930485	-78.37645	1.4289551
-39.927784	-75.340996	1.4387207
-39.927177	-72.758263	1.4484863
-39.926987	-73.315674	1.458252
-39.9258	-78.649338	1.4680176
-39.925076	-77.721428	1.4777832
-39.924095	-73.541199	1.4875488
-39.924706	-72.532738	1.4973145
-39.922646	-70.290314	1.5070801
-39.921963	-72.033562	1.5168457
-39.921772	-71.927116	1.5266113
-39.920879	-73.727997	1.536377
-39.920654	-73.281395	1.5461426
-39.918278	-71.33429	1.5559082
-39.918396	-66.445938	1.5656738
-39.918274	-65.78524	1.5754395
-39.916046	-69.681152	1.5852051
-39.915607	-71.095543	1.5949707
-39.914433	-72.333435	1.6047363
-39.913151	-66.612144	1.614502
-39.912289	-66.824356	1.6242676
-39.912445	-65.053123	1.6340332
-39.911568	-64.24295	1.6437988
-39.911125	-65.393311	1.6535645
-39.909889	-65.574341	1.6633301
-39.909122	-68.464127	1.6730957
-39.9086	-66.418106	1.6828613
-39.907005	-60.625053	1.692627
-39.905529	-61.944881	1.7023926
-39.905579	-62.332512	1.7121582
-39.905743	-65.817635	1.7219238
-39.90517	-63.909256	1.7316895
-39.903393	-61.292053	1.7414551
-39.901863	-62.734901	1.7512207
-39.901138	-59.373028	1.7609863
-39.901478	-58.034397	1.770752
-39.901012	-59.14444	1.7805176
-39.898678	-62.370392	1.7902832
-39.898701	-62.869884	1.8000488
-39.897274	-56.40535	1.8098145
-39.897427	-51.576256	1.8195801
-39.89642	-53.469772	1.8293457
-39.894051	-58.067425	1.8391113
-39.89386	-58.328999	1.848877
-39.892761	-57.59211	1.8586426
-39.893234	-55.485519	1.8684082
-39.891663	-52.34354	1.8781738
-39.890804	-49.837528	1.8879395
-39.89064	-51.97113	1.8977051
-39.890614	-56.201283	1.9074707
-39.888683	-58.783558	1.9172363
-39.887615	-55.836681	1.927002
-39.88763	-47.349571	1.9367676
-39.886711	-47.309532	1.9465332
-39.883869	-51.084888	1.9562988
-39.88533	-52.742374	1.9660645
-39.884903	-53.072964	1.9758301
-39.883583	-52.437023	1.9855957
-39.882427	-47.924789	1.9953613
-39.88192	-47.267155	2.005127
-39.880432	-43.784786	2.0148926
-39.881012	-46.984715	2.0246582
-39.879551	-53.194839	2.0344238
-39.879189	-51.39241	2.0441895
-39.877201	-48.213799	2.0539551
-39.876457	-43.817459	2.0637207
-39.875805	-44.272594	2.0734863
-39.874878	-45.968399	2.083252
-39.873665	-46.068775	2.0930176
-39.873203	-47.11993	2.1027832
-39.873219	-44.907104	2.1125488
-39.872612	-42.166782	2.1223145
-39.871613	-42.195595	2.1320801
-39.870052	-38.769588	2.1418457
-39.869579	-43.874672	2.1516113
-39.868587	-44.769753	2.161377
-39.866268	-42.279858	2.1711426
-39.865952	-39.625919	2.1809082
-39.865532	-38.263428	2.1906738
-39.864857	-38.699371	2.2004395
-39.863743	-39.232506	2.2102051
-39.862335	-38.035816	2.2199707
-39.863358	-39.370625	2.2297363
-39.862801	-41.09948	2.239502
-39.860821	-36.572315	2.2492676
-39.859177	-34.009396	2.2590332
-39.858643	-34.358368	2.2687988
-39.858891	-37.785732	2.2785645
-39.856937	-39.271843	2.2883301
-39.857689	-35.985157	2.2980957
-39.856758	-36.587009	2.3078613
-39.855591	-35.001236	2.317627
-39.85495	-31.781622	2.3273926
-39.853901	-32.892029	2.3371582
-39.85281	-32.498676	2.3469238
-39.852379	-38.306412	2.3566895
-39.85062	-35.649349	2.3664551
-39.850441	-30.553677	2.3762207
-39.849632	-29.218649	2.3859863
-39.848457	-27.984169	2.395752
-39.848164	-33.243965	2.4055176
-39.847515	-32.473927	2.4152832
-39.846157	-29.956087	2.4250488
-39.846603	-32.200897	2.4348145
-39.84486	-25.505117	2.4445801
-39.843864	-25.013388	2.4543457
-39.843288	-27.149212	2.4641113
-39.842529	-29.382879	2.473877
-39.840729	-33.015804	2.4836426
-39.841816	-27.710199	2.4934082
-39.839542	-21.607927	2.5031738
-39.839279	-22.228125	2.5129395
-39.838551	-24.769348	2.5227051
-39.837887	-28.472536	2.5324707
-39.836498	-27.104139	2.5422363
-39.835251	-27.054096	2.552002
-39.834854	-22.115568	2.5617676
-39.834167	-18.787123	2.5715332
-39.833088	-19.380684	2.5812988
-39.83255	-23.383307	2.5910645
-39.830956	-25.494431	2.6008301
-39.830582	-23.87571	2.6105957
-39.830418	-17.57262	2.6203613
-39.830341	-15.640753	2.630127
-39.828972	-17.907207	2.6398926
-39.828274	-20.645117	2.6496582
-39.827034	-19.997255	2.6594238
-39.825733	-19.642277	2.6691895
-39.824852	-18.012289	2.6789551
-39.824177	-17.011229	2.6887207
-39.824532	-12.643094	2.6984863
-39.823772	-14.547672	2.708252
-39.822296	-19.998695	2.7180176
-39.82156	-17.510355	2.7277832
-39.820045	-17.309162	2.7375488
-39.819427	-10.898404	2.7473145
-39.818966	-11.614817	2.7570801
-39.818642	-13.850212	2.7668457
-39.817154	-14.327351	2.7766113
-39.816803	-14.355884	2.786377
-39.816116	-13.905445	2.7961426
-39.815285	-12.090681	2.8059082
-39.813511	-10.328385	2.8156738
-39.812042	-9.2054462	2.8254395
-39.81134	-11.125851	2.8352051
-39.811298	-11.315732	2.8449707
-39.810432	-12.076441	2.8547363
-39.810013	-9.9102077	2.864502
-39.810886	-5.6430101	2.8742676
-39.808655	-7.0907907	2.8840332
-39.807541	-6.6873403	2.8937988
-39.805954	-6.4043918	2.9035645
-39.806793	-9.4588156	2.9133301
-39.805328	-8.4955797	2.9230957
-39.805008	-7.8132095	2.9328613
-39.80302	-2.5975761	2.942627
-39.802021	-0.12941061	2.9523926
-39.802326	-4.3032517	2.9621582
-39.800621	-8.2617426	2.9719238
-39.799706	-4.4877172	2.9816895
-39.799442	-4.5377922	2.9914551
-39.798626	-1.7383534	3.0012207
-39.797337	1.4818833	3.0109863
-39.796471	1.1834099	3.020752
-39.796638	-0.086201943	3.0305176
-39.794811	-4.2261868	3.0402832
-39.795212	-3.2484818	3.0500488
-39.79269	0.89974689	3.0598145
-39.792934	4.2976546	3.0695801
-39.791462	6.2581806	3.0793457
-39.791103	-0.097811945	3.0891113
-39.789932	-1.2308069	3.098877
-39.791019	1.4272095	3.1086426
-39.787971	1.6557329	3.1184082
-39.788956	7.6745386	3.1281738
-39.78616	6.0511065	3.1379395
-39.786663	7.2841997	3.1477051
-39.784237	4.7993498	3.1574707
-39.784172	0.08372245	3.1672363
-39.783531	4.2539282	3.177002
-39.783375	9.2629538	3.1867676
-39.782829	11.120098	3.1965332
-39.781322	9.2646322	3.2062988
-39.780815	4.0358238	3.2160645
-39.77943	5.5954685	3.2258301
-39.779789	8.5504665	3.2355957
-39.778698	7.8915248	3.2453613
-39.776707	13.300923	3.255127
-39.776669	12.526264	3.2648926
-39.775532	10.240151	3.2746582
-39.775795	8.3719254	3.2844238
-39.77438	8.1147137	3.2941895
-39.772171	11.696538	3.3039551
-39.773289	15.947517	3.3137207
-39.771023	15.396083	3.3234863
-39.771713	11.835413	3.333252
-39.770267	12.644238	3.3430176
-39.769028	12.470016	3.3527832
-39.768383	14.513781	3.3625488
-39.76754	14.756782	3.3723145
-39.766895	18.818138	3.3820801
-39.765659	20.293106	3.3918457
-39.764671	15.706291	3.4016113
-39.765095	15.512488	3.411377
-39.76368	13.21575	3.4211426
-39.76239	20.176508	3.4309082
-39.762058	20.426268	3.4406738
-39.761677	18.42968	3.4504395
-39.76041	21.444368	3.4602051
-39.758663	18.88929	3.4699707
-39.758713	19.146128	3.4797363
-39.758175	18.500557	3.489502
-39.75782	20.214409	3.4992676
-39.75544	26.871101	3.5090332
-39.754974	24.782249	3.5187988
-39.753853	23.279903	3.5285645
-39.753914	19.695786	3.5383301
-39.753036	21.056221	3.5480957
-39.751183	25.604431	3.5578613
-39.751507	24.837984	3.567627
-39.750431	26.171192	3.5773926
-39.74926	27.400438	3.5871582
-39.749855	24.421293	3.5969238
-39.747913	22.812014	3.6066895
-39.748108	24.214918	3.6164551
-39.747753	27.086451	3.6262207
-39.745899	32.749329	3.6359863
-39.744732	29.599016	3.645752
-39.743847	27.106833	3.6555176
-39.74345	26.039614	3.6652832
-39.742645	27.102472	3.6750488
-39.741684	29.857315	3.6848145
-39.741188	33.040878	3.6945801
-39.739525	32.689739	3.7043457
-39.739002	32.854656	3.7141113
-39.738682	27.471672	3.723877
-39.737617	27.017189	3.7336426
-39.736221	32.88028	3.7434082
-39.736485	37.2827	3.7531738
-39.735893	38.22699	3.7629395
-39.734058	34.283733	3.7727051
-39.733589	31.388674	3.7824707
-39.73238	32.933823	3.7922363
-39.731747	34.786018	3.802002
-39.730564	39.359303	3.8117676
-39.730007	39.987465	3.8215332
-39.730659	39.878437	3.8312988
-39.727879	38.089638	3.8410645
-39.726707	31.820086	3.8508301
-39.727215	36.110798	3.8605957
-39.726677	38.275612	3.8703613
-39.725464	43.288292	3.880127
-39.723454	43.017044	3.8898926
-39.723072	37.75383	3.8996582
-39.723022	39.258232	3.9094238
-39.721561	39.718616	3.9191895
-39.721931	40.738583	3.9289551
-39.720001	43.382584	3.9387207
-39.720413	44.263592	3.9484863
-39.718681	46.287155	3.958252
-39.717213	40.712288	3.9680176
-39.717678	38.735954	3.9777832
-39.716087	40.813343	3.9875488
-39.715992	45.863338	3.9973145
-39.715065	47.264133	4.0070801
-39.714638	46.654156	4.0168457
-39.71299	43.893147	4.0266113
-39.711742	46.301357	4.036377
-39.711685	47.261703	4.0461426
-39.710392	45.285164	4.0559082
-39.710045	49.296013	4.0656738
-39.709721	50.525276	4.0754395
-39.708492	49.950214	4.0852051
-39.707127	48.254379	4.0949707
-39.705425	44.766869	4.1047363
-39.705864	48.153519	4.114502
-39.704758	51.757191	4.1242676
-39.703529	51.644653	4.1340332
-39.702595	53.852001	4.1437988
-39.703091	51.474792	4.1535645
-39.702122	51.218151	4.1633301
-39.700897	48.817982	4.1730957
-39.700665	49.278854	4.1828613
-39.699215	55.877403	4.192627
-39.698139	58.561489	4.2023926
-39.697502	56.290035	4.2121582
-39.696629	53.592197	4.2219238
-39.697159	50.267559	4.2316895
-39.694656	55.217388	4.2414551
-39.694538	55.71497	4.2512207
-39.692513	60.154736	4.2609863
-39.692715	60.269547	4.270752
-39.69244	56.834717	4.2805176
-39.69083	55.421989	4.2902832
-39.691422	54.837017	4.3000488
-39.689327	59.12748	4.3098145
-39.688671	65.655441	4.3195801
-39.688259	62.13813	4.3293457
-39.686668	60.051308	4.3391113
-39.686241	57.331409	4.348877
-39.685326	57.330627	4.3586426
-39.684147	63.276649	4.3684082
-39.683521	64.681984	4.3781738
-39.683289	65.076431	4.3879395
-39.682186	65.008911	4.3977051
-39.682301	62.795429	4.4074707
-39.68111	59.921444	4.4172363
-39.679691	63.09285	4.427002
-39.679047	66.051483	4.4367676
-39.67873	70.892303	4.4465332
-39.675747	66.24897	4.4562988
-39.677307	62.811554	4.4660645
-39.67551	63.463516	4.4758301
-39.674923	64.1017	4.4855957
-39.674454	69.067505	4.4953613
-39.672756	70.237602	4.505127
-39.672146	72.226982	4.5148926
-39.671062	71.406219	4.5246582
-39.67046	65.508423	4.5344238
-39.668522	69.81031	4.5441895
-39.668198	68.720505	4.5539551
-39.669064	74.994278	4.5637207
-39.667091	75.628677	4.5734863
-39.666992	70.303558	4.583252
-39.665115	71.44873	4.5930176
-39.664566	71.142288	4.6027832
-39.664326	72.976059	4.6125488
-39.663635	75.301056	4.6223145
-39.664074	74.089706	4.6320801
-39.662151	79.087822	4.6418457
-39.661304	73.984604	4.6516113
-39.660007	73.536575	4.661377
-39.659271	73.80378	4.6711426
-39.658562	76.127129	4.6809082
-39.658062	79.461159	4.6906738
-39.656239	79.838562	4.7004395
-39.655884	78.022163	4.7102051
-39.655167	77.729698	4.7199707
-39.65451	76.397743	4.7297363
-39.654076	75.698555	4.739502
-39.653236	78.108368	4.7492676
-39.652977	82.685677	4.7590332
-39.65136	83.505669	4.7687988
-39.650879	81.224571	4.7785645
-39.649628	76.110481	4.7883301
-39.648354	80.528862	4.7980957
-39.648922	82.797554	4.8078613
-39.646984	83.002312	4.817627
-39.645206	87.079041	4.8273926
-39.645706	83.711296	4.8371582
-39.643879	84.158417	4.8469238
-39.644119	81.436081	4.8566895
-39.642464	79.428902	4.8664551
-39.641003	85.187431	4.8762207
-39.641048	90.66539	4.8859863
-39.640282	89.838058	4.895752
-39.639599	84.305061	4.9055176
-39.63892	80.246254	4.9152832
-39.638504	86.088699	4.9250488
-39.636906	88.676102	4.9348145
-39.637356	92.960602	4.9445801
-39.635406	91.359665	4.9543457
-39.634735	89.372154	4.9641113
-39.634476	86.60598	4.973877
-39.634342	83.894325	4.9836426
-39.63171	89.363823	4.9934082
-39.631466	94.699387	5.0031738
-39.631733	95.293488	5.0129395
-39.630009	92.533836	5.0227051
-39.630234	88.339218	5.0324707
-39.628704	88.184715	5.0422363
-39.628345	92.666908	5.052002
-39.627567	95.523178	5.0617676
-39.625496	97.977425	5.0715332
-39.624763	96.634796	5.0812988
-39.625538	94.78614	5.0910645
-39.622608	91.088745	5.1008301
-39.621918	94.423035	5.1105957
-39.622498	97.765228	5.1203613
-39.621307	102.31932	5.130127
-39.619823	99.445076	5.1398926
-39.620029	94.452019	5.1496582
-39.618889	94.811165	5.1594238
-39.617367	96.172691	5.1691895
-39.617283	100.18994	5.1789551
-39.616512	99.307617	5.1887207
-39.613991	101.47246	5.1984863
-39.613735	101.84916	5.208252
-39.612961	98.916534	5.2180176
-39.613785	99.241638	5.2277832
-39.611866	96.959778	5.2375488
-39.611355	104.29751	5.2473145
-39.61042	105.60341	5.2570801
-39.610012	103.26466	5.2668457
-39.609352	102.81976	5.2766113
-39.609035	101.73036	5.286377
-39.607063	101.87862	5.2961426
-39.606499	104.19695	5.3059082
-39.605553	104.00291	5.3156738
-39.604969	108.17323	5.3254395
-39.604538	107.55492	5.3352051
-39.603447	103.98186	5.3449707
-39.602516	102.70071	5.3547363
-39.601509	105.38589	5.364502
-39.601944	110.37168	5.3742676
-39.600033	110.92461	5.3840332
-39.599735	110.59578	5.3937988
-39.598545	111.12228	5.4035645
-39.596836	107.45323	5.4133301
-39.596699	108.33141	5.4230957
-39.593987	108.54955	5.4328613
-39.594604	113.08127	5.442627
-39.594635	116.12864	5.4523926
-39.592628	115.11136	5.4621582
-39.591961	108.48418	5.4719238
-39.591133	110.11352	5.4816895
-39.591293	112.85091	5.4914551
-39.589874	115.71837	5.5012207
-39.589611	118.36945	5.5109863
-39.588951	114.08446	5.520752
-39.58807	115.70184	5.5305176
-39.587826	111.63766	5.5402832
-39.585659	111.06976	5.5500488
-39.585751	117.91423	5.5598145
-39.58466	121.46241	5.5695801
-39.584351	121.4208	5.5793457
-39.58345	116.75804	5.5891113
-39.582928	113.33623	5.598877
-39.582573	117.09496	5.6086426
-39.580414	118.53033	5.6184082
-39.579437	124.5399	5.6281738
-39.579205	122.57852	5.6379395
-39.57819	121.04674	5.6477051
-39.577263	121.33683	5.6574707
-39.575569	116.17991	5.6672363
-39.575588	120.45206	5.677002
-39.574409	124.85123	5.6867676
-39.573872	126.4513	5.6965332
-39.572632	124.84003	5.7062988
-39.572449	120.51823	5.7160645
-39.570969	120.97935	5.7258301
-39.570438	125.05119	5.7355957
-39.570957	126.19461	5.7453613
-39.570114	126.6629	5.755127
-39.568714	128.95206	5.7648926
-39.565727	127.50684	5.7746582
-39.566429	125.97367	5.7844238
-39.565937	124.81773	5.7941895
-39.563843	126.09133	5.8039551
-39.563759	131.99298	5.8137207
-39.563747	130.91069	5.8234863
-39.5625	127.85752	5.833252
-39.561535	128.29707	5.8430176
-39.560566	128.59772	5.8527832
-39.559357	131.28589	5.8625488
-39.559868	131.88905	5.8723145
-39.558617	133.73959	5.8820801
-39.558529	135.67004	5.8918457
-39.556969	132.89186	5.9016113
-39.555779	132.29933	5.911377
-39.554771	128.79097	5.9211426
-39.554413	132.10983	5.9309082
-39.553936	136.55219	5.9406738
-39.553059	135.46405	5.9504395
-39.552189	136.4624	5.9602051
-39.551937	134.3168	5.9699707
-39.549698	133.4966	5.9797363
-39.548668	134.12628	5.989502
-39.548832	135.63466	5.9992676
-39.54808	141.34718	6.0090332
-39.54744	141.7261	6.0187988
-39.54512	138.07021	6.0285645
-39.545433	135.95	6.0383301
-39.544769	135.05904	6.0480957
-39.543774	139.74831	6.0578613
-39.543133	142.63943	6.067627
-39.542469	142.06351	6.0773926
-39.541691	142.70493	6.0871582
-39.540955	139.45369	6.0969238
-39.539406	138.54976	6.1066895
-39.539085	138.59198	6.1164551
-39.53857	142.04239	6.1262207
-39.536793	146.87569	6.1359863
-39.53558	146.01218	6.145752
-39.534657	141.0372	6.1555176
-39.535793	140.83397	6.1652832
-39.534416	141.24954	6.1750488
-39.533859	146.98169	6.1848145
-39.532501	149.4548	6.1945801
-39.531662	144.8712	6.2043457
-39.531986	146.91818	6.2141113
-39.530563	143.79524	6.223877
-39.530167	142.5313	6.2336426
-39.52914	146.69188	6.2434082
-39.528366	150.23251	6.2531738
-39.526672	152.89772	6.2629395
-39.526455	149.35429	6.2727051
-39.524929	144.06674	6.2824707
-39.525211	144.81529	6.2922363
-39.522793	148.65392	6.302002
-39.521847	153.01338	6.3117676
-39.521835	151.99652	6.3215332
-39.520226	152.54893	6.3312988
-39.519756	153.38419	6.3410645
-39.519737	148.10735	6.3508301
-39.517635	150.39334	6.3605957
-39.518066	153.80687	6.3703613
-39.515949	155.24583	6.380127
-39.516731	157.75137	6.3898926
-39.515148	151.54001	6.3996582
-39.513794	152.03464	6.4094238
-39.513172	154.53986	6.4191895
-39.514011	155.81305	6.4289551
-39.512634	158.28772	6.4387207
-39.511204	158.5332	6.4484863
-39.511162	159.53333	6.458252
-39.509132	157.47797	6.4680176
-39.508621	155.22409	6.4777832
-39.508423	155.81212	6.4875488
-39.506214	159.6963	6.4973145
-39.505238	161.6748	6.5070801
-39.506077	161.45738	6.5168457
-39.505497	159.91516	6.5266113
-39.503609	159.22823	6.536377
-39.503052	161.59192	6.5461426
-39.502754	158.70598	6.5559082
-39.50061	162.83244	6.5656738
-39.501667	164.23778	6.5754395
-39.499809	165.66051	6.5852051
-39.499813	162.23235	6.5949707
-39.497478	157.78041	6.6047363
-39.497833	161.59355	6.614502
-39.496761	166.81416	6.6242676
-39.495533	166.08461	6.6340332
-39.495201	168.84863	6.6437988
-39.494019	165.82457	6.6535645
-39.493176	166.61459	6.6633301
-39.49292	164.187	6.6730957
-39.492519	162.71265	6.6828613
-39.490536	172.09673	6.692627
-39.489445	172.3894	6.7023926
-39.489456	171.33571	6.7121582
-39.487808	164.59187	6.7219238
-39.4888	163.58453	6.7316895
-39.487022	169.39003	6.7414551
-39.485771	172.5408	6.7512207
-39.484531	173.18861	6.7609863
-39.484295	172.65767	6.770752
-39.483204	170.27977	6.7805176
-39.482536	170.52261	6.7902832
-39.482101	166.02135	6.8000488
-39.480686	172.59161	6.8098145
-39.480373	177.55276	6.8195801
-39.479401	176.71983	6.8293457
-39.478436	172.517	6.8391113
-39.479183	168.73232	6.848877
-39.477825	170.95818	6.8586426
-39.476688	175.01944	6.8684082
-39.475632	179.0204	6.8781738
-39.472931	178.57147	6.8879395
-39.472843	177.35413	6.8977051
-39.473904	175.09328	6.9074707
-39.471729	172.35573	6.9172363
-39.471481	178.01855	6.927002
-39.470795	179.00323	6.9367676
-39.469604	184.38387	6.9465332
-39.469597	180.67178	6.9562988
-39.46825	176.26056	6.9660645
-39.467358	176.08832	6.9758301
-39.466137	178.03722	6.9855957
-39.466526	182.06668	6.9953613
-39.465305	183.32367	7.005127
-39.46452	183.05226	7.0148926
-39.46397	183.44281	7.0246582
-39.463428	179.4893	7.0344238
-39.461334	179.62984	7.0441895
-39.460155	184.04536	7.0539551
-39.459831	184.26971	7.0637207
-39.459316	189.42351	7.0734863
-39.459908	184.71809	7.083252
-39.457527	184.74179	7.0930176
-39.457401	185.8228	7.1027832
-39.455986	184.10045	7.1125488
-39.45525	187.20473	7.1223145
-39.455116	187.33969	7.1320801
-39.45293	188.96606	7.1418457
-39.452042	189.1342	7.1516113
-39.452843	186.88258	7.161377
-39.451008	184.5645	7.1711426
-39.450291	188.01929	7.1809082
-39.448143	193.36224	7.1906738
-39.448738	193.37688	7.2004395
-39.447884	192.22279	7.2102051
-39.447517	187.77803	7.2199707
-39.446499	191.03253	7.2297363
-39.445465	189.43176	7.239502
-39.444565	190.25238	7.2492676
-39.444241	194.43744	7.2590332
-39.443485	196.067	7.2687988
-39.441971	195.46602	7.2785645
-39.440834	188.91676	7.2883301
-39.44038	191.53564	7.2980957
-39.439289	195.92049	7.3078613
-39.439804	197.7744	7.317627
-39.438267	200.84766	7.3273926
-39.436462	195.79289	7.3371582
-39.436337	195.16246	7.3469238
-39.435871	195.5509	7.3566895
-39.434776	193.29903	7.3664551
-39.43449	199.69569	7.3762207
-39.433929	203.0652	7.3859863
-39.432182	202.13208	7.395752
-39.431511	198.45551	7.4055176
-39.431133	194.38959	7.4152832
-39.430141	198.69017	7.4250488
-39.429333	202.97147	7.4348145
-39.427582	204.92621	7.4445801
-39.427822	205.78899	7.4543457
-39.427597	201.21269	7.4641113
-39.426247	200.50386	7.473877
-39.425968	199.29724	7.4836426
-39.424847	202.34967	7.4934082
-39.423786	207.69388	7.5031738
-39.422421	207.31371	7.5129395
-39.421413	205.68863	7.5227051
-39.420887	201.52368	7.5324707
-39.421196	200.60896	7.5422363
-39.419903	206.02071	7.552002
-39.418129	208.43692	7.5617676
-39.417915	208.94368	7.5715332
-39.417343	210.73892	7.5812988
-39.416222	206.44067	7.5910645
-39.415375	205.10718	7.6008301
-39.414761	207.39285	7.6105957
-39.413696	206.85478	7.6203613
-39.413185	213.31114	7.630127
-39.412399	211.48898	7.6398926
-39.410652	208.9243	7.6496582
-39.410851	209.00749	7.6594238
-39.409721	208.76559	7.6691895
-39.408875	213.0863	7.6789551
-39.407959	213.1713	7.6887207
-39.407261	212.70279	7.6984863
-39.406219	214.56366	7.708252
-39.40641	211.81393	7.7180176
-39.40551	212.09863	7.7277832
-39.403725	211.73309	7.7375488
-39.403404	213.94885	7.7473145
-39.401505	219.43555	7.7570801
-39.401196	214.70656	7.7668457
-39.400101	215.92123	7.7766113
-39.39949	215.04187	7.786377
-39.399368	213.07253	7.7961426
-39.398792	217.01494	7.8059082
-39.397892	217.84479	7.8156738
-39.396847	219.92924	7.8254395
-39.394676	220.922	7.8352051
-39.395294	216.84946	7.8449707
-39.393837	214.72774	7.8547363
-39.393337	215.81917	7.864502
-39.392391	220.50792	7.8742676
-39.393085	223.5724	7.8840332
-39.391987	224.09908	7.8937988
-39.391289	219.72569	7.9035645
-39.389267	219.43704	7.9133301
-39.388905	218.49272	7.9230957
-39.388531	221.07437	7.9328613
-39.387306	227.00612	7.942627
-39.386524	228.52467	7.9523926
-39.384575	226.74623	7.9621582
-39.385281	220.61516	7.9719238
-39.383175	217.75215	7.9816895
-39.382755	224.54465	7.9914551
-39.381145	228.11107	8.0012207
-39.381088	229.88947	8.0109863
-39.378864	224.37099	8.020752
-39.37933	225.03394	8.0305176
-39.379654	223.95493	8.0402832
-39.378357	222.2793	8.0500488
-39.377193	230.24655	8.0598145
-39.376247	231.47229	8.0695801
-39.37619	231.97368	8.0793457
-39.374916	231.64517	8.0891113
-39.373753	222.4117	8.098877
-39.372379	226.94949	8.1086426
-39.372345	231.7357	8.1184082
-39.371044	234.83334	8.1281738
-39.369865	234.92912	8.1379395
-39.369312	230.59177	8.1477051
-39.368816	232.11011	8.1574707
-39.366898	228.53725	8.1672363
-39.368191	232.84041	8.177002
-39.366966	235.84409	8.1867676
-39.36628	238.25752	8.1965332
-39.365311	237.47159	8.2062988
-39.364105	231.26013	8.2160645
-39.364037	231.37947	8.2258301
-39.362335	235.40677	8.2355957
-39.360386	236.45032	8.2453613
-39.35981	239.2594	8.255127
-39.358932	237.55595	8.2648926
-39.35778	236.72963	8.2746582
-39.358543	236.51805	8.2844238
-39.357525	235.16119	8.2941895
-39.357315	235.00409	8.3039551
-39.355858	241.51579	8.3137207
-39.354149	243.40541	8.3234863
-39.354122	238.87274	8.333252
-39.353077	239.13924	8.3430176
-39.352615	236.06644	8.3527832
-39.351978	241.13091	8.3625488
-39.351479	241.77702	8.3723145
-39.350857	242.56607	8.3820801
-39.349174	245.48544	8.3918457
-39.349316	243.58641	8.4016113
-39.348255	241.32317	8.411377
-39.347027	239.298	8.4211426
-39.34621	240.97975	8.4309082
-39.345058	248.23634	8.4406738
-39.344612	246.88734	8.4504395
-39.343838	247.93082	8.4602051
-39.342793	244.3437	8.4699707
-39.34269	243.38982	8.4797363
-39.342171	244.60112	8.489502
-39.340481	245.02025	8.4992676
-39.338905	249.42476	8.5090332
-39.339272	251.76123	8.5187988
-39.338833	249.13055	8.5285645
-39.337166	244.88289	8.5383301
-39.335266	243.73688	8.5480957
-39.334625	248.60611	8.5578613
-39.333752	254.20802	8.567627
-39.334694	252.73038	8.5773926
-39.333538	250.54581	8.5871582
-39.333237	248.10326	8.5969238
-39.33099	246.98691	8.6066895
-39.330296	248.92593	8.6164551
-39.329876	254.99019	8.6262207
-39.328815	255.90656	8.6359863
-39.328968	256.28778	8.645752
-39.327698	250.50232	8.6555176
-39.327198	247.79709	8.6652832
-39.325539	251.44737	8.6750488
-39.324589	255.70506	8.6848145
-39.323883	260.78571	8.6945801
-39.323719	256.49994	8.7043457
-39.321888	254.5182	8.7141113
-39.321598	253.90906	8.723877
-39.321087	251.52409	8.7336426
-39.320454	257.31342	8.7434082
-39.320099	258.76001	8.7531738
-39.319752	261.45477	8.7629395
-39.316936	259.09161	8.7727051
-39.316933	251.33293	8.7824707
-39.316929	255.29987	8.7922363
-39.314793	260.11819	8.802002
-39.314651	261.80365	8.8117676
-39.313156	262.66534	8.8215332
-39.312527	261.19955	8.8312988
-39.31184	260.66232	8.8410645
-39.312016	257.96063	8.8508301
-39.310314	258.30463	8.8605957
-39.308937	262.0661	8.8703613
-39.30846	264.60803	8.880127
-39.307922	267.5556	8.8898926
-39.306641	263.26569	8.8996582
-39.306221	261.39539	8.9094238
-39.305313	262.41022	8.9191895
-39.303955	263.89676	8.9289551
-39.304901	265.72186	8.9387207
-39.304085	267.20529	8.9484863
-39.302216	264.98642	8.958252
-39.301868	266.46652	8.9680176
-39.300713	264.73575	8.9777832
-39.30014	263.04858	8.9875488
-39.298939	268.62729	8.9973145
-39.299442	271.9325	9.0070801
-39.297363	270.78525	9.0168457
-39.296947	268.83347	9.0266113
-39.295517	265.10367	9.036377
-39.294674	267.88019	9.0461426
-39.292858	269.78113	9.0559082
-39.293659	269.55225	9.0656738
-39.291321	273.76239	9.0754395
-39.29126	272.15692	9.0852051
-39.290642	271.8381	9.0949707
-39.290726	268.3298	9.1047363
-39.289558	268.38474	9.114502
-39.288704	275.29672	9.1242676
-39.2883	276.15237	9.1340332
-39.286346	276.24646	9.1437988
-39.287285	272.70319	9.1535645
-39.284584	270.73419	9.1633301
-39.285202	272.97232	9.1730957
-39.283073	272.35504	9.1828613
-39.28336	279.33572	9.192627
-39.282154	279.9368	9.2023926
-39.281647	276.95108	9.2121582
-39.280506	274.59982	9.2219238
-39.279228	270.65906	9.2316895
-39.279186	276.69244	9.2414551
-39.277737	283.48822	9.2512207
-39.277348	281.73483	9.2609863
-39.275967	280.45227	9.270752
-39.275181	277.84576	9.2805176
-39.273521	276.02591	9.2902832
-39.273487	276.41562	9.3000488
-39.273449	281.59818	9.3098145
-39.271271	284.66772	9.3195801
-39.271275	284.59998	9.3293457
-39.270794	281.0603	9.3391113
-39.269409	277.79605	9.348877
-39.26825	278.5755	9.3586426
-39.268658	283.35687	9.3684082
-39.266857	287.23514	9.3781738
-39.266903	284.88986	9.3879395
-39.265518	285.10931	9.3977051
-39.264122	282.6748	9.4074707
-39.263012	281.95145	9.4172363
-39.262203	286.73373	9.427002
-39.261757	284.87479	9.4367676
-39.26218	289.39404	9.4465332
-39.260174	289.2616	9.4562988
-39.260761	281.79626	9.4660645
-39.259468	286.14401	9.4758301
-39.258099	286.51324	9.4855957
-39.257465	289.61569	9.4953613
-39.257244	291.06253	9.505127
-39.25605	289.8768	9.5148926
-39.255707	290.0816	9.5246582
-39.253994	290.76648	9.5344238
-39.253532	287.90475	9.5441895
-39.252541	290.1579	9.5539551
-39.252045	291.11792	9.5637207
-39.250607	295.35275	9.5734863
-39.250755	293.70758	9.583252
-39.249977	291.26318	9.5930176
-39.248772	289.57965	9.6027832
-39.247334	291.73434	9.6125488
-39.247044	293.91324	9.6223145
-39.246014	294.39136	9.6320801
-39.245808	294.83533	9.6418457
-39.24435	298.48685	9.6516113
-39.243637	293.8443	9.661377
-39.24284	291.23581	9.6711426
-39.241512	294.06512	9.6809082
-39.241535	298.1908	9.6906738
-39.239624	300.48856	9.7004395
-39.237671	298.0004	9.7102051
-39.239929	294.72043	9.7199707
-39.237965	296.25565	9.7297363
-39.236675	296.52609	9.739502
-39.237217	298.51129	9.7492676
-39.235672	301.9346	9.7590332
-39.234406	302.26007	9.7687988
-39.234341	300.72998	9.7785645
-39.234764	296.52536	9.7883301
-39.232906	294.293	9.7980957
-39.231892	300.78598	9.8078613
-39.230522	303.29279	9.817627
-39.231075	304.68124	9.8273926
-39.229725	300.53845	9.8371582
-39.228683	298.3718	9.8469238
-39.227375	301.58481	9.8566895
-39.22588	299.32291	9.8664551
-39.225288	306.0134	9.8762207
-39.224903	307.05377	9.8859863
-39.224255	305.42932	9.895752
-39.223713	303.76312	9.9055176
-39.22406	299.45123	9.9152832
-39.22266	300.72574	9.9250488
-39.220104	307.25043	9.9348145
-39.220966	308.56366	9.9445801
-39.219196	309.00958	9.9543457
-39.218235	303.92007	9.9641113
-39.217968	303.23065	9.973877
-39.216629	304.08896	9.9836426
-39.216679	307.82501	9.9934082
-39.215599	310.49835	10.003174
-39.215034	312.81357	10.012939
-39.213428	310.87479	10.022705
-39.213428	304.91376	10.032471
-39.212383	306.16772	10.042236
-39.211544	309.21933	10.052002
-39.209839	314.23917	10.061768
-39.209473	313.24713	10.071533
-39.209232	310.43109	10.081299
-39.208557	310.36023	10.091064
-39.207829	309.6459	10.10083
-39.205597	309.46942	10.110596
-39.204964	309.93488	10.120361
-39.204414	315.68863	10.130127
-39.204117	317.32056	10.139893
-39.202862	312.61838	10.149658
-39.202484	312.1879	10.159424
-39.202061	311.56378	10.169189
-39.201015	314.57321	10.178955
-39.199917	317.60657	10.188721
-39.199657	315.70142	10.198486
-39.198025	316.82413	10.208252
-39.197628	316.54932	10.218018
-39.196884	314.31714	10.227783
-39.195625	313.52008	10.237549
-39.195309	314.50778	10.247314
-39.193375	320.53021	10.25708
-39.19363	320.50711	10.266846
-39.193653	319.15924	10.276611
-39.192142	315.13828	10.286377
-39.191227	314.54398	10.296143
-39.189224	318.73584	10.305908
-39.188084	320.82483	10.315674
-39.189251	321.73853	10.325439
-39.186737	323.77533	10.335205
-39.187572	320.64465	10.344971
-39.185417	317.00226	10.354736
-39.18449	317.32251	10.364502
-39.18475	321.88147	10.374268
-39.184158	327.27173	10.384033
-39.183235	328.40918	10.393799
-39.181614	320.5462	10.403564
-39.181374	321.73383	10.41333
-39.180763	320.50134	10.423096
-39.179543	323.0076	10.432861
-39.178711	328.22009	10.442627
-39.178585	326.39026	10.452393
-39.177227	327.49194	10.462158
-39.174984	323.99469	10.471924
-39.175766	321.32587	10.481689
-39.174465	323.53937	10.491455
-39.175076	331.47418	10.501221
-39.17276	333.29541	10.510986
-39.171734	329.03217	10.520752
-39.170242	323.86609	10.530518
-39.16922	326.32098	10.540283
-39.17046	325.03793	10.550049
-39.168159	330.24448	10.559814
-39.168865	332.28827	10.56958
-39.166698	332.80118	10.579346
-39.165909	331.61084	10.589111
-39.165146	325.202	10.598877
-39.164848	327.44031	10.608643
-39.164768	332.21982	10.618408
-39.162472	335.12872	10.628174
-39.162838	335.66934	10.637939
-39.16127	331.85587	10.647705
-39.160126	330.32626	10.657471
-39.16021	331.8967	10.667236
-39.159466	330.94534	10.677002
-39.158066	334.18793	10.686768
-39.157623	337.62897	10.696533
-39.155807	337.81619	10.706299
-39.156181	334.28833	10.716064
-39.153999	331.93851	10.72583
-39.153427	332.21097	10.735596
-39.153416	337.87558	10.745361
-39.153393	338.51242	10.755127
-39.151672	338.4556	10.764893
-39.150719	336.9202	10.774658
-39.149704	338.20071	10.784424
-39.14975	336.88477	10.794189
-39.148197	334.78198	10.803955
-39.147594	339.44641	10.813721
-39.146976	342.19702	10.823486
-39.146393	340.22287	10.833252
-39.146221	339.54733	10.843018
-39.145226	335.63004	10.852783
-39.144394	339.44983	10.862549
-39.143028	342.50485	10.872314
-39.143822	342.2648	10.88208
-39.14212	344.60901	10.891846
-39.139912	343.00168	10.901611
-39.139603	341.08093	10.911377
-39.139046	339.80707	10.921143
-39.13905	337.28842	10.930908
-39.137985	346.6174	10.940674
-39.136486	348.57733	10.950439
-39.136181	346.68005	10.960205
-39.134533	343.09409	10.969971
-39.134167	339.63748	10.979736
-39.13369	345.71347	10.989502
-39.132557	344.0242	10.999268
-39.130718	347.95752	11.009033
-39.130833	347.50363	11.018799
-39.130688	345.49982	11.028564
-39.13018	342.11545	11.03833
-39.129402	341.51672	11.048096
-39.127369	346.48587	11.057861
-39.126553	352.40369	11.067627
-39.126324	351.75174	11.077393
-39.1259	347.42545	11.087158
-39.123619	345.07727	11.096924
-39.123814	345.54129	11.106689
-39.123302	347.81833	11.116455
-39.122681	352.25323	11.126221
-39.11998	352.4285	11.135986
-39.120495	353.6904	11.145752
-39.12011	347.52869	11.155518
-39.118507	346.80646	11.165283
-39.117622	348.66519	11.175049
-39.116531	353.50833	11.184814
-39.115345	358.48007	11.19458
-39.115849	353.51489	11.204346
-39.11438	350.26309	11.214111
-39.115208	349.79657	11.223877
-39.112839	350.51999	11.233643
-39.112991	355.26889	11.243408
-39.111397	355.92154	11.253174
-39.110699	356.9866	11.262939
-39.109531	357.41	11.272705
-39.107853	350.68539	11.282471
-39.108101	353.51926	11.292236
-39.106255	354.54614	11.302002
-39.107655	358.02856	11.311768
-39.105339	360.37216	11.321533
-39.104534	355.57553	11.331299
-39.10368	354.7601	11.341064
-39.103188	356.09732	11.35083
-39.101677	356.45889	11.360596
-39.101868	357.14014	11.370361
-39.100639	357.96658	11.380127
-39.100597	362.39435	11.389893
-39.098885	359.50067	11.399658
-39.098606	356.39508	11.409424
-39.097008	357.35449	11.419189
-39.097759	360.35641	11.428955
-39.096092	361.88123	11.438721
-39.094437	362.59741	11.448486
-39.094162	360.82977	11.458252
-39.092457	361.03326	11.468018
-39.091866	360.94522	11.477783
-39.092186	358.80869	11.487549
-39.090611	360.87564	11.497314
-39.089794	365.30896	11.50708
-39.089134	366.75681	11.516846
-39.08894	366.33264	11.526611
-39.087246	359.74249	11.536377
-39.085773	362.47705	11.546143
-39.087029	364.58963	11.555908
-39.084866	363.89688	11.565674
-39.083702	369.02484	11.575439
-39.083492	367.2308	11.585205
-39.082676	364.37692	11.594971
-39.082268	362.98242	11.604736
-39.081875	361.48038	11.614502
-39.080372	367.41449	11.624268
-39.079201	372.96863	11.634033
-39.077915	369.49344	11.643799
-39.077843	365.94376	11.653564
-39.077213	362.21625	11.66333
-39.075451	366.37341	11.673096
-39.074738	368.91434	11.682861
-39.074894	372.85327	11.692627
-39.073589	373.99655	11.702393
-39.072483	371.07294	11.712158
-39.072018	367.87195	11.721924
-39.069614	364.20813	11.731689
-39.069874	368.46881	11.741455
-39.070293	374.29645	11.751221
-39.068642	375.76804	11.760986
-39.067455	371.6257	11.770752
-39.066902	368.77911	11.780518
-39.06617	367.47192	11.790283
-39.065498	370.66422	11.800049
-39.064987	374.46057	11.809814
-39.06398	374.81958	11.81958
-39.062748	377.15161	11.829346
-39.062878	372.94019	11.839111
-39.061214	370.03992	11.848877
-39.061329	372.55347	11.858643
-39.059799	373.4306	11.868408
-39.059376	380.83136	11.878174
-39.059055	378.51263	11.887939
-39.056309	372.9054	11.897705
-39.056587	373.03909	11.907471
-39.055626	373.0885	11.917236
-39.054668	377.65057	11.927002
-39.054531	378.60165	11.936768
-39.052505	379.96957	11.946533
-39.052425	380.86823	11.956299
-39.051571	374.80728	11.966064
-39.051464	375.44156	11.97583
-39.051147	375.60043	11.985596
-39.049519	379.93826	11.995361
-39.048332	382.33673	12.005127
-39.046703	379.22333	12.014893
-39.046425	378.4715	12.024658
-39.044765	378.88297	12.034424
-39.04586	377.13608	12.044189
-39.04414	379.17361	12.053955
-39.043095	381.10004	12.063721
-39.043125	382.55322	12.073486
-39.041382	385.22382	12.083252
-39.041527	379.93604	12.093018
-39.040382	377.21213	12.102783
-39.039616	379.82629	12.112549
-39.038639	382.42166	12.122314
-39.037476	384.71844	12.13208
-39.036777	385.92166	12.141846
-39.036053	383.80988	12.151611
-39.036476	381.39523	12.161377
-39.034454	377.74741	12.171143
-39.033607	380.31122	12.180908
-39.033215	384.17825	12.190674
-39.032166	388.37738	12.200439
-39.032276	386.2612	12.210205
-39.030159	379.61752	12.219971
-39.030327	381.64499	12.229736
-39.029144	383.61511	12.239502
-39.028164	384.47311	12.249268
-39.026901	391.24628	12.259033
-39.026413	388.25681	12.268799
-39.025547	386.06366	12.278564
-39.023922	383.97827	12.28833
-39.024319	380.81079	12.298096
-39.024158	387.17401	12.307861
-39.022621	391.50574	12.317627
-39.021111	393.19775	12.327393
-39.020176	387.26974	12.337158
-39.020493	383.43268	12.346924
-39.018509	386.59073	12.356689
-39.018223	388.40182	12.366455
-39.017662	390.28647	12.376221
-39.016266	392.13498	12.385986
-39.015255	390.68588	12.395752
-39.015388	388.68887	12.405518
-39.013908	385.02747	12.415283
-39.013062	386.63922	12.425049
-39.01289	392.18961	12.434814
-39.012302	395.15488	12.44458
-39.010532	392.64346	12.454346
-39.011147	389.72189	12.464111
-39.008785	388.01312	12.473877
-39.008465	390.57144	12.483643
-39.00808	392.38669	12.493408
-39.006847	393.81354	12.503174
-39.005772	395.9299	12.512939
-39.006001	392.95224	12.522705
-39.004642	390.55542	12.532471
-39.004173	392.58572	12.542236
-39.002785	392.09274	12.552002
-39.002651	397.73627	12.561768
-39.001308	397.28418	12.571533
-39.000229	392.89651	12.581299
-38.999249	393.91986	12.591064
-38.99807	392.1152	12.60083
-38.999668	395.50049	12.610596
-38.997787	394.09805	12.620361
-38.997337	396.15524	12.630127
-38.995602	399.91544	12.639893
-38.994621	397.64862	12.649658
-38.994133	394.84885	12.659424
-38.993141	392.3092	12.669189
-38.992081	395.40106	12.678955
-38.99165	400.64096	12.688721
-38.990173	397.27493	12.698486
-38.989914	398.93048	12.708252
-38.988991	396.84796	12.718018
-38.987518	396.43808	12.727783
-38.987328	394.16592	12.737549
-38.986984	396.58594	12.747314
-38.985973	400.39862	12.75708
-38.984184	404.0029	12.766846
-38.984062	398.83493	12.776611
-38.982548	396.05844	12.786377
-38.981918	395.96695	12.796143
-38.981228	400.4617	12.805908
-38.980862	402.03662	12.815674
-38.980934	403.40768	12.825439
-38.97876	401.55765	12.835205
-38.978508	401.47076	12.844971
-38.978222	396.1972	12.854736
-38.975258	397.97736	12.864502
-38.975349	400.91895	12.874268
-38.97438	405.43134	12.884033
-38.974628	405.63266	12.893799
-38.974087	399.17764	12.903564
-38.973404	397.56284	12.91333
-38.972431	400.62891	12.923096
-38.970337	403.1412	12.932861
-38.970207	407.82596	12.942627
-38.97044	402.90942	12.952393
-38.968399	404.87073	12.962158
-38.96899	402.37543	12.971924
-38.967552	397.05493	12.981689
-38.966721	402.21658	12.991455
-38.964584	407.0585	13.001221
-38.965263	409.68613	13.010986
-38.964779	406.73526	13.020752
-38.962845	401.49081	13.030518
-38.962242	399.99484	13.040283
-38.961872	404.89801	13.050049
-38.961643	407.828	13.059814
-38.959949	408.66635	13.06958
-38.958927	407.52216	13.079346
-38.958309	407.492	13.089111
-38.957912	402.42331	13.098877
-38.95668	404.65643	13.108643
-38.95583	407.69382	13.118408
-38.955116	409.20941	13.128174
-38.953712	412.05014	13.137939
-38.952847	406.02252	13.147705
-38.951935	404.63281	13.157471
-38.952515	405.98978	13.167236
-38.950844	407.142	13.177002
-38.949493	408.09543	13.186768
-38.94968	410.69376	13.196533
-38.9492	409.89368	13.206299
-38.947384	409.81995	13.216064
-38.947689	406.82596	13.22583
-38.94569	405.70386	13.235596
-38.945435	410.63333	13.245361
-38.943932	411.89798	13.255127
-38.945107	409.83868	13.264893
-38.942116	411.68628	13.274658
-38.94154	406.68295	13.284424
-38.94141	409.48947	13.294189
-38.941177	408.00949	13.303955
-38.939114	410.52493	13.313721
-38.938023	413.41705	13.323486
-38.937859	413.31604	13.333252
-38.936653	410.60007	13.343018
-38.935493	405.95172	13.352783
-38.935074	409.297	13.362549
-38.934345	413.13629	13.372314
-38.933464	412.95691	13.38208
-38.932503	415.3956	13.391846
-38.932175	410.3031	13.401611
-38.930992	409.35251	13.411377
-38.929478	410.97366	13.421143
-38.930016	407.92651	13.430908
-38.930592	414.93283	13.440674
-38.92778	419.13538	13.450439
-38.92738	414.59479	13.460205
-38.926239	409.86938	13.469971
-38.925507	406.93515	13.479736
-38.923386	411.40094	13.489502
-38.923824	416.2634	13.499268
-38.923676	416.82156	13.509033
-38.922363	418.53336	13.518799
-38.921116	415.01492	13.528564
-38.921295	409.40195	13.53833
-38.920319	409.36951	13.548096
-38.918999	414.95053	13.557861
-38.918045	418.00513	13.567627
-38.917522	420.8942	13.577393
-38.915958	415.3407	13.587158
-38.916164	411.3241	13.596924
-38.914639	409.25574	13.606689
-38.913937	416.22598	13.616455
-38.914112	419.9126	13.626221
-38.912243	418.14532	13.635986
-38.911564	418.47409	13.645752
-38.911808	415.87637	13.655518
-38.910099	410.63898	13.665283
-38.909653	415.84915	13.675049
-38.908474	416.95319	13.684814
-38.906536	422.89044	13.69458
-38.907227	420.72214	13.704346
-38.907452	413.9985	13.714111
-38.906216	413.44351	13.723877
-38.905739	415.41156	13.733643
-38.903568	418.59155	13.743408
-38.902813	420.35229	13.753174
-38.902096	417.69662	13.762939
-38.900589	418.67227	13.772705
-38.901245	415.89026	13.782471
-38.898525	414.10791	13.792236
-38.899376	417.46555	13.802002
-38.897446	419.10553	13.811768
-38.897137	422.40771	13.821533
-38.89563	419.76285	13.831299
-38.895298	417.40002	13.841064
-38.894432	416.95639	13.85083
-38.893948	417.95285	13.860596
-38.892494	417.36569	13.870361
-38.893471	421.93753	13.880127
-38.891018	420.60455	13.889893
-38.890568	421.21161	13.899658
-38.890499	417.89337	13.909424
-38.889297	415.89795	13.919189
-38.88829	418.80841	13.928955
-38.887276	422.43115	13.938721
-38.885151	421.77814	13.948486
-38.886208	422.42282	13.958252
-38.885193	418.38449	13.968018
-38.884563	419.11755	13.977783
-38.882656	417.13916	13.987549
-38.882324	417.71713	13.997314
-38.882519	423.61035	14.00708
-38.880772	423.57281	14.016846
-38.880283	422.04718	14.026611
-38.879623	416.82623	14.036377
-38.877731	417.66327	14.046143
-38.878143	424.01501	14.055908
-38.87669	424.1633	14.065674
-38.87513	427.40942	14.075439
-38.874439	422.37143	14.085205
-38.874481	419.74197	14.094971
-38.873486	419.21521	14.104736
-38.872097	417.88351	14.114502
-38.871494	422.44815	14.124268
-38.871304	427.19196	14.134033
-38.869728	424.56802	14.143799
-38.869774	421.17157	14.153564
-38.868462	416.48587	14.16333
-38.868008	418.34238	14.173096
-38.867989	426.35333	14.182861
-38.865627	424.9212	14.192627
-38.864677	424.56647	14.202393
-38.863728	423.21405	14.212158
-38.864067	419.78467	14.221924
-38.862736	419.16476	14.231689
-38.862553	422.88562	14.241455
-38.861729	426.36697	14.251221
-38.860573	428.22174	14.260986
-38.860001	424.65799	14.270752
-38.858009	420.62885	14.280518
-38.857811	419.63162	14.290283
-38.855858	422.72949	14.300049
-38.857193	426.70172	14.309814
-38.856388	425.44031	14.31958
-38.853958	424.99146	14.329346
-38.854046	424.66104	14.339111
-38.853043	419.07901	14.348877
-38.852234	422.91434	14.358643
-38.850906	421.35257	14.368408
-38.851105	428.35428	14.378174
-38.849644	429.63486	14.387939
-38.850296	422.35291	14.397705
-38.848049	421.70239	14.407471
-38.847057	420.88879	14.417236
-38.846462	423.38965	14.427002
-38.846478	426.19077	14.436768
-38.845047	425.55099	14.446533
-38.844166	427.97183	14.456299
-38.842907	425.26862	14.466064
-38.842834	423.49866	14.47583
-38.841072	421.28809	14.485596
-38.841816	425.24588	14.495361
-38.840328	428.69348	14.505127
-38.837933	426.75067	14.514893
-38.8391	425.74567	14.524658
-38.837696	425.14401	14.534424
-38.836361	421.59433	14.544189
-38.836315	424.37415	14.553955
-38.834705	425.01736	14.563721
-38.835022	425.75266	14.573486
-38.834461	429.06659	14.583252
-38.832474	426.34506	14.593018
-38.832008	421.35318	14.602783
-38.831642	423.29779	14.612549
-38.828854	426.22531	14.622314
-38.8311	428.77795	14.63208
-38.827564	430.75851	14.641846
-38.827919	423.3244	14.651611
-38.827652	425.13852	14.661377
-38.826374	422.6279	14.671143
-38.824799	423.04416	14.680908
-38.825554	428.86575	14.690674
-38.823627	431.586	14.700439
-38.823933	429.94992	14.710205
-38.821693	423.84354	14.719971
-38.821369	421.28815	14.729736
-38.819382	424.01263	14.739502
-38.820774	427.95334	14.749268
-38.819061	431.54782	14.759033
-38.818237	427.7056	14.768799
-38.817493	426.71024	14.778564
-38.8158	424.20862	14.78833
-38.814743	421.35886	14.798096
-38.814636	428.16708	14.807861
-38.815044	430.73691	14.817627
-38.812958	430.88507	14.827393
-38.812901	427.75772	14.837158
-38.811081	422.85013	14.846924
-38.812012	424.13593	14.856689
-38.810822	427.81104	14.866455
-38.80975	431.82553	14.876221
-38.807995	429.10788	14.885986
-38.807205	428.93579	14.895752
-38.806568	425.0553	14.905518
-38.805614	423.79779	14.915283
-38.805607	424.4548	14.925049
-38.803326	427.67651	14.934814
-38.803905	432.17255	14.94458
-38.803059	430.98087	14.954346
-38.801472	425.45364	14.964111
-38.801113	423.40073	14.973877
-38.799755	427.03909	14.983643
-38.799942	429.1344	14.993408
-38.799389	428.02158	15.003174
-38.79747	429.64612	15.012939
-38.796852	427.31192	15.022705
-38.795685	425.83258	15.032471
-38.795963	426.39191	15.042236
-38.794197	425.74326	15.052002
-38.793617	431.07742	15.061768
-38.793648	432.64203	15.071533
-38.792023	428.51437	15.081299
-38.792412	427.98022	15.091064
-38.790794	425.33737	15.10083
-38.788651	427.63593	15.110596
-38.789181	429.2529	15.120361
-38.788551	427.69363	15.130127
-38.786919	431.6864	15.139893
-38.787025	429.34406	15.149658
-38.78516	427.46921	15.159424
-38.783924	424.70068	15.169189
-38.783966	424.97238	15.178955
-38.783287	431.72021	15.188721
-38.783024	431.78125	15.198486
-38.783459	431.02829	15.208252
-38.781799	427.38531	15.218018
-38.779716	425.7836	15.227783
-38.778896	425.94183	15.237549
-38.778854	426.73718	15.247314
-38.777317	430.54306	15.25708
-38.777462	433.39731	15.266846
-38.776089	428.75543	15.276611
-38.775745	425.90878	15.286377
-38.773949	425.35648	15.296143
-38.773994	427.78668	15.305908
-38.773315	431.65793	15.315674
-38.770912	433.98471	15.325439
-38.770851	428.25186	15.335205
-38.770134	427.32498	15.344971
-38.769947	425.8334	15.354736
-38.76881	425.80356	15.364502
-38.76804	429.73077	15.374268
-38.767094	431.68076	15.384033
-38.765549	434.91327	15.393799
-38.765442	426.11398	15.403564
-38.765144	421.862	15.41333
-38.76424	425.68018	15.423096
-38.763088	430.16824	15.432861
-38.76268	435.53555	15.442627
-38.76207	431.46988	15.452393
-38.760796	427.73651	15.462158
-38.759422	427.68347	15.471924
-38.759705	424.88406	15.481689
-38.757778	429.53116	15.491455
-38.757771	431.41016	15.501221
-38.755844	434.4386	15.510986
-38.755169	432.2103	15.520752
-38.755066	426.11755	15.530518
-38.753399	425.49713	15.540283
-38.753212	429.0687	15.550049
-38.753094	431.12839	15.559814
-38.750595	433.72379	15.56958
-38.750645	430.90393	15.579346
-38.749702	429.55194	15.589111
-38.750183	427.93573	15.598877
-38.747669	425.67081	15.608643
-38.746952	428.20233	15.618408
-38.746075	433.4949	15.628174
-38.745945	433.66336	15.637939
-38.744251	428.95688	15.647705
-38.743431	427.59247	15.657471
-38.744789	426.93369	15.667236
-38.742126	428.9697	15.677002
-38.741367	430.39459	15.686768
-38.741272	430.48624	15.696533
-38.740444	431.26752	15.706299
-38.739758	430.57062	15.716064
-38.73888	427.03671	15.72583
-38.737648	424.97882	15.735596
-38.736507	429.99841	15.745361
-38.736282	434.29282	15.755127
-38.735989	430.38547	15.764893
-38.733688	431.54208	15.774658
-38.732906	426.16013	15.784424
-38.732651	426.82935	15.794189
-38.73143	427.66464	15.803955
-38.730408	428.24127	15.813721
-38.730564	430.86795	15.823486
-38.728825	433.651	15.833252
-38.729259	429.88303	15.843018
-38.727589	426.77148	15.852783
-38.727077	424.27841	15.862549
-38.72485	431.70447	15.872314
-38.725266	432.80099	15.88208
-38.724342	432.94888	15.891846
-38.723747	429.05112	15.901611
-38.723114	425.88068	15.911377
-38.72163	425.45526	15.921143
-38.721882	427.99567	15.930908
-38.720062	430.43109	15.940674
-38.71994	434.52936	15.950439
-38.718609	430.24365	15.960205
-38.718845	427.44858	15.969971
-38.717388	424.99316	15.979736
-38.715435	425.3056	15.989502
-38.715214	431.96045	15.999268
-38.71452	433.71912	16.009033
-38.715103	431.3847	16.018799
-38.71381	427.94699	16.028564
-38.712814	426.11978	16.03833
-38.712032	424.84299	16.048096
-38.710461	430.24738	16.057861
-38.710476	431.16547	16.067627
-38.708542	433.07669	16.077393
-38.708607	429.89569	16.087158
-38.707523	423.60263	16.096924
-38.706837	425.44202	16.106689
-38.705818	428.48727	16.116455
-38.704636	431.76141	16.126221
-38.703613	431.22681	16.135986
-38.703339	427.46295	16.145752
-38.703453	427.82123	16.155518
-38.702042	424.64685	16.165283
-38.70079	427.72266	16.175049
-38.700874	428.12268	16.184814
-38.698933	430.61667	16.19458
-38.697178	432.38129	16.204346
-38.697201	424.56769	16.214111
-38.697247	426.61963	16.223877
-38.696598	427.16254	16.233643
-38.695633	428.7933	16.243408
-38.694126	431.50638	16.253174
-38.692852	429.09769	16.262939
-38.693104	426.6821	16.272705
-38.690819	428.35425	16.282471
-38.691761	425.36063	16.292236
-38.690727	425.91544	16.302002
-38.689743	429.10605	16.311768
-38.690125	432.5087	16.321533
-38.687252	430.31601	16.331299
-38.687382	426.15799	16.341064
-38.685539	425.89304	16.35083
-38.68589	427.76083	16.360596
-38.684574	425.08246	16.370361
-38.683533	429.09647	16.380127
-38.683449	429.75217	16.389893
-38.682556	429.3472	16.399658
-38.681305	426.72983	16.409424
-38.680946	422.80093	16.419189
-38.679188	425.06866	16.428955
-38.678963	429.96738	16.438721
-38.678032	431.7677	16.448486
-38.678329	430.1611	16.458252
-38.676472	424.87241	16.468018
-38.676479	424.92819	16.477783
-38.675877	424.78329	16.487549
-38.675777	425.59415	16.497314
-38.672836	431.30914	16.50708
-38.671936	429.53635	16.516846
-38.672623	429.80194	16.526611
-38.670284	424.84891	16.536377
-38.670742	421.25455	16.546143
-38.669258	426.07944	16.555908
-38.668427	430.27725	16.565674
-38.668655	430.20462	16.575439
-38.666721	427.9783	16.585205
-38.6665	423.69547	16.594971
-38.664539	424.48743	16.604736
-38.664165	424.22781	16.614502
-38.663887	427.31689	16.624268
-38.66135	431.41141	16.634033
-38.662769	428.51328	16.643799
-38.661827	425.99753	16.653564
-38.660793	420.45175	16.66333
-38.658901	421.65652	16.673096
-38.657959	429.57373	16.682861
-38.658714	430.59967	16.692627
-38.656631	429.31876	16.702393
-38.654915	424.94086	16.712158
-38.654995	422.1777	16.721924
-38.65419	423.23434	16.731689
-38.65358	424.64398	16.741455
-38.653412	426.65366	16.751221
-38.652523	431.02191	16.760986
-38.652473	426.81186	16.770752
-38.649494	424.02328	16.780518
-38.650196	423.87793	16.790283
-38.648632	423.41434	16.800049
-38.64719	428.89093	16.809814
-38.647041	428.38312	16.81958
-38.646767	426.09888	16.829346
-38.645634	426.10742	16.839111
-38.645226	423.93338	16.848877
-38.643833	425.56229	16.858643
-38.64291	424.45309	16.868408
-38.642612	426.57288	16.878174
-38.642513	429.7908	16.887939
-38.640724	424.43677	16.897705
-38.638611	423.81985	16.907471
-38.638477	423.62357	16.917236
-38.637951	423.633	16.927002
-38.637875	426.51511	16.936768
-38.63623	426.11938	16.946533
-38.636799	426.78619	16.956299
-38.635883	427.189	16.966064
-38.633572	421.94537	16.97583
-38.633835	422.68576	16.985596
-38.63176	424.53146	16.995361
-38.632053	427.99884	17.005127
-38.630043	429.07278	17.014893
-38.630249	425.24756	17.024658
-38.6297	423.64044	17.034424
-38.628757	421.6178	17.044189
-38.627773	423.43219	17.053955
-38.626263	425.6752	17.063721
-38.625111	428.69855	17.073486
-38.625	427.09674	17.083252
-38.623459	423.85446	17.093018
-38.624104	420.02155	17.102783
-38.623791	420.0885	17.112549
-38.623295	424.13184	17.122314
-38.621056	428.93207	17.13208
-38.62038	428.63293	17.141846
-38.619698	421.85223	17.151611
-38.618656	419.48703	17.161377
-38.617542	420.47604	17.171143
-38.618488	421.08942	17.180908
-38.616272	428.0647	17.190674
-38.615185	427.31357	17.200439
-38.613293	426.32086	17.210205
-38.613003	422.85641	17.219971
-38.613499	417.02145	17.229736
-38.614185	421.69879	17.239502
-38.610744	426.29309	17.249268
-38.611534	429.02298	17.259033
-38.610565	425.92334	17.268799
-38.609207	418.94046	17.278564
-38.608498	420.47003	17.28833
-38.606098	421.31232	17.298096
-38.605995	425.40762	17.307861
-38.606297	427.09668	17.317627
-38.605991	427.25629	17.327393
-38.60479	423.51071	17.337158
-38.604095	418.44324	17.346924
-38.602581	418.39267	17.356689
-38.601658	422.96994	17.366455
-38.601147	426.6467	17.376221
-38.599651	425.65512	17.385986
-38.599701	421.41663	17.395752
-38.598217	421.45013	17.405518
-38.597504	421.24091	17.415283
-38.596264	420.15521	17.425049
-38.595367	423.06088	17.434814
-38.595112	427.12677	17.44458
-38.593849	425.76126	17.454346
-38.593887	421.18948	17.464111
-38.592175	421.18268	17.473877
-38.592392	419.49442	17.483643
-38.590611	424.65555	17.493408
-38.589973	425.04941	17.503174
-38.589718	422.3887	17.512939
-38.5872	422.97256	17.522705
-38.587986	418.85358	17.532471
-38.586704	420.97385	17.542236
-38.585407	419.70737	17.552002
-38.585884	422.65424	17.561768
-38.584244	426.67398	17.571533
-38.584198	422.64124	17.581299
-38.583378	423.20996	17.591064
-38.58226	417.67041	17.60083
-38.581081	418.03583	17.610596
-38.579807	422.7413	17.620361
-38.580524	421.97546	17.630127
-38.578579	425.46472	17.639893
-38.578651	423.95203	17.649658
-38.577332	420.42691	17.659424
-38.576473	417.95584	17.669189
-38.576805	416.66849	17.678955
-38.574703	424.04535	17.688721
-38.573353	426.66299	17.698486
-38.572803	422.53912	17.708252
-38.572624	419.68832	17.718018
-38.571419	418.46381	17.727783
-38.568924	418.87405	17.737549
-38.569885	421.21448	17.747314
-38.568714	424.33688	17.75708
-38.568291	424.77982	17.766846
-38.566799	422.56662	17.776611
-38.566353	415.64902	17.786377
-38.565762	415.48529	17.796143
-38.565178	418.41571	17.805908
-38.564632	426.23068	17.815674
-38.56448	427.85922	17.825439
-38.562916	420.82022	17.835205
-38.560692	418.47565	17.844971
-38.561275	419.65515	17.854736
-38.559227	418.99487	17.864502
-38.558887	423.90564	17.874268
-38.558617	422.91495	17.884033
-38.557911	424.90292	17.893799
-38.557667	419.43634	17.903564
-38.556358	414.45847	17.91333
-38.555733	416.715	17.923096
-38.55476	421.71158	17.932861
-38.554295	424.81854	17.942627
-38.552803	424.16968	17.952393
-38.551987	418.08859	17.962158
-38.550426	419.58524	17.971924
-38.55027	418.57031	17.981689
-38.549576	420.69321	17.991455
-38.548264	421.72592	18.001221
-38.547977	423.2258	18.010986
-38.545895	422.50937	18.020752
-38.546219	415.83844	18.030518
-38.545612	416.57068	18.040283
-38.545227	419.08688	18.050049
-38.544281	422.15781	18.059814
-38.54435	423.27051	18.06958
-38.543304	421.51788	18.079346
-38.54348	418.48044	18.089111
-38.540337	418.19894	18.098877
-38.540043	417.729	18.108643
-38.538944	419.25366	18.118408
-38.53759	420.78973	18.128174
-38.537888	423.09735	18.137939
-38.536575	420.74393	18.147705
-38.534416	418.51266	18.157471
-38.534576	415.67831	18.167236
-38.533649	418.18668	18.177002
-38.532925	420.36624	18.186768
-38.531185	420.15475	18.196533
-38.531559	420.64227	18.206299
-38.532303	419.71826	18.216064
-38.530262	417.47513	18.22583
-38.529037	414.06238	18.235596
-38.529469	416.31793	18.245361
-38.525883	422.80121	18.255127
-38.52626	422.6528	18.264893
-38.525845	421.11719	18.274658
-38.524239	415.77567	18.284424
-38.525105	414.53296	18.294189
-38.524494	418.4115	18.303955
-38.522392	419.38293	18.313721
-38.520752	423.48755	18.323486
-38.520733	421.46622	18.333252
-38.519592	417.55273	18.343018
-38.518669	416.52905	18.352783
-38.51907	413.28287	18.362549
-38.518894	418.75519	18.372314
-38.517361	424.49969	18.38208
-38.515995	421.01807	18.391846
-38.515064	417.76721	18.401611
-38.514175	413.44437	18.411377
-38.514084	415.31018	18.421143
-38.512642	417.27753	18.430908
-38.512691	419.77704	18.440674
-38.510864	424.07245	18.450439
-38.510731	421.42462	18.460205
-38.509956	415.18311	18.469971
-38.509594	412.5513	18.479736
-38.507534	416.31241	18.489502
-38.506557	420.89667	18.499268
-38.505398	424.06638	18.509033
-38.505318	420.26523	18.518799
-38.506138	415.20422	18.528564
-38.504345	414.75272	18.53833
-38.502285	415.78973	18.548096
-38.501556	418.95953	18.557861
-38.501678	419.81549	18.567627
-38.499935	421.27234	18.577393
-38.499969	418.81638	18.587158
-38.499844	413.31161	18.596924
-38.498005	413.40128	18.606689
-38.496964	415.57611	18.616455
-38.49633	421.53738	18.626221
-38.495583	421.73853	18.635986
-38.49572	415.41788	18.645752
-38.495358	415.83072	18.655518
-38.492775	414.49036	18.665283
-38.49297	415.40463	18.675049
-38.493004	417.2532	18.684814
-38.490353	418.39822	18.69458
-38.489754	421.66119	18.704346
-38.488747	414.51761	18.714111
-38.48838	413.96603	18.723877
-38.487991	414.37143	18.733643
-38.48658	414.55054	18.743408
-38.487175	420.1304	18.753174
-38.484261	418.50186	18.762939
-38.484047	415.49899	18.772705
-38.483418	418.45157	18.782471
-38.482567	413.89401	18.792236
-38.481361	414.97211	18.802002
-38.480045	416.02127	18.811768
-38.480556	418.34012	18.821533
-38.480206	420.85931	18.831299
-38.478806	415.72009	18.841064
-38.478859	412.15903	18.85083
-38.478054	414.21359	18.860596
-38.477051	416.35648	18.870361
-38.47554	417.60031	18.880127
-38.475002	420.22366	18.889893
-38.473595	416.82355	18.899658
-38.472824	416.19925	18.909424
-38.472664	412.10498	18.919189
-38.471996	412.25067	18.928955
-38.470669	418.44278	18.938721
-38.470379	422.11215	18.948486
-38.469448	419.96671	18.958252
-38.468094	413.65625	18.968018
-38.467613	411.93613	18.977783
-38.46645	413.76294	18.987549
-38.465961	416.00388	18.997314
-38.464191	421.35336	19.00708
-38.46376	419.05447	19.016846
-38.463421	415.38385	19.026611
-38.462723	413.95425	19.036377
-38.460754	408.85144	19.046143
-38.460827	415.00665	19.055908
-38.459126	419.75491	19.065674
-38.459026	419.73438	19.075439
-38.458046	416.50638	19.085205
-38.456898	412.40451	19.094971
-38.456543	413.28424	19.104736
-38.455986	414.93945	19.114502
-38.454281	417.57712	19.124268
-38.454281	419.08405	19.134033
-38.452446	418.32797	19.143799
-38.452332	415.54391	19.153564
-38.451649	411.42752	19.16333
-38.451073	412.45804	19.173096
-38.450268	416.27475	19.182861
-38.449944	421.4884	19.192627
-38.450363	418.59332	19.202393
-38.447216	415.03159	19.212158
-38.44656	411.43875	19.221924
-38.44643	412.31461	19.231689
-38.444939	415.71289	19.241455
-38.444229	415.14886	19.251221
-38.444103	418.65332	19.260986
-38.444096	420.81464	19.270752
-38.442383	412.68796	19.280518
-38.44083	413.95798	19.290283
-38.440975	412.72888	19.300049
-38.439625	418.98572	19.309814
-38.438301	418.9614	19.31958
-38.437344	415.332	19.329346
-38.437122	415.38443	19.339111
-38.436947	413.86618	19.348877
-38.434837	413.91205	19.358643
-38.43502	415.45953	19.368408
-38.434067	414.8891	19.378174
-38.433807	420.20334	19.387939
-38.432529	417.14542	19.397705
-38.430935	412.70279	19.407471
-38.430763	411.76532	19.417236
-38.429382	413.94403	19.427002
-38.429596	416.84753	19.436768
-38.427944	417.04434	19.446533
-38.427242	417.09387	19.456299
-38.426548	417.55661	19.466064
-38.426006	413.82114	19.47583
-38.423752	411.41443	19.485596
-38.425182	412.92438	19.495361
-38.424046	417.12613	19.505127
-38.423061	422.32965	19.514893
-38.422005	416.60272	19.524658
-38.420944	411.621	19.534424
-38.420319	411.54239	19.544189
-38.418232	413.94043	19.553955
-38.417789	416.89069	19.563721
-38.41787	419.36493	19.573486
-38.416187	415.79785	19.583252
-38.416229	414.83173	19.593018
-38.415108	410.67224	19.602783
-38.414619	409.10165	19.612549
-38.413483	414.47949	19.622314
-38.413296	420.64996	19.63208
-38.412304	419.28207	19.641846
-38.41132	414.43106	19.651611
-38.410797	410.58484	19.661377
-38.410309	413.05716	19.671143
-38.40881	411.90341	19.680908
-38.407944	418.8876	19.690674
-38.407269	416.25937	19.700439
-38.405994	417.65903	19.710205
-38.405285	413.46548	19.719971
-38.403725	408.22189	19.729736
-38.404903	412.2634	19.739502
-38.40377	417.98703	19.749268
-38.401623	419.54645	19.759033
-38.402069	417.76065	19.768799
-38.401375	411.84399	19.778564
-38.400276	410.09763	19.78833
-38.398125	413.32651	19.798096
-38.398403	415.50391	19.807861
-38.397629	417.75897	19.817627
-38.396496	417.0029	19.827393
-38.394276	415.24036	19.837158
-38.395824	412.28653	19.846924
-38.393848	409.48688	19.856689
-38.393379	414.07413	19.866455
-38.392441	417.86002	19.876221
-38.390793	416.69772	19.885986
-38.390488	414.32513	19.895752
-38.38929	410.59149	19.905518
-38.390335	411.76419	19.915283
-38.38921	413.38678	19.925049
-38.388069	412.37064	19.934814
-38.387306	415.92319	19.94458
-38.386749	418.46152	19.954346
-38.385384	413.96417	19.964111
-38.384892	412.99667	19.973877
-38.38401	409.8302	19.983643
-38.382912	415.00143	19.993408
-38.381676	416.74362	20.003174
-38.382263	416.00031	20.012939


Data Header:			0.254_hd_uprint_typeiv_090_r0			Time:	29.32373	s	4/13/2019 11:14:17 PM
Data Acquisition:	Timed
Station Name:	ft40.cfg
Test File Name:	monotonic_0.2540_typeiv_solid_4545_uprint.tst
Displacement	Force	Running Time
mm	N	s
-38.380066	415.37366	20.022705
-38.379646	411.43143	20.032471
-38.378422	412.14746	20.042236
-38.37682	412.83932	20.052002
-38.376499	410.97995	20.061768
-38.376766	418.3847	20.071533
-38.376202	417.58813	20.081299
-38.374256	413.43509	20.091064
-38.373466	408.86642	20.10083
-38.373711	409.40845	20.110596
-38.371227	414.40439	20.120361
-38.371048	414.09247	20.130127
-38.370758	416.95605	20.139893
-38.369797	416.88641	20.149658
-38.369656	412.83066	20.159424
-38.368526	411.22919	20.169189
-38.368248	409.82147	20.178955
-38.366589	413.72101	20.188721
-38.3647	418.7341	20.198486
-38.365952	414.57123	20.208252
-38.363316	410.03378	20.218018
-38.363346	409.04013	20.227783
-38.362347	411.0152	20.237549
-38.361286	414.40842	20.247314
-38.360725	416.50339	20.25708
-38.361027	415.55057	20.266846
-38.359501	413.81329	20.276611
-38.358105	411.19089	20.286377
-38.357651	408.01535	20.296143
-38.357498	412.45148	20.305908
-38.356876	415.19077	20.315674
-38.354767	418.65527	20.325439
-38.354862	413.5408	20.335205
-38.353859	409.83347	20.344971
-38.351238	411.22769	20.354736
-38.352077	411.84912	20.364502
-38.350258	416.56723	20.374268
-38.349869	416.04568	20.384033
-38.349636	415.1835	20.393799
-38.348278	413.12036	20.403564
-38.347416	408.78485	20.41333
-38.347363	412.68079	20.423096
-38.345985	414.34375	20.432861
-38.345684	417.56223	20.442627
-38.34507	417.92874	20.452393
-38.344757	410.04227	20.462158
-38.342209	412.1304	20.471924
-38.342247	412.24149	20.481689
-38.340431	413.29745	20.491455
-38.33884	414.81277	20.501221
-38.339211	415.35043	20.510986
-38.338383	414.22412	20.520752
-38.338676	411.59546	20.530518
-38.337463	408.89941	20.540283
-38.337254	411.88501	20.550049
-38.335609	415.89459	20.559814
-38.335354	416.39636	20.56958
-38.333092	413.4375	20.579346
-38.332687	411.68863	20.589111
-38.332554	412.58694	20.598877
-38.331017	411.07346	20.608643
-38.33075	411.64871	20.618408
-38.329491	414.73642	20.628174
-38.32988	416.23383	20.637939
-38.328938	414.84735	20.647705
-38.326782	411.8414	20.657471
-38.326756	407.2236	20.667236
-38.325428	411.32166	20.677002
-38.324772	414.7583	20.686768
-38.323528	414.50311	20.696533
-38.323051	416.06796	20.706299
-38.322296	410.92044	20.716064
-38.322182	411.49701	20.72583
-38.321068	408.53903	20.735596
-38.321186	408.91464	20.745361
-38.31905	416.24713	20.755127
-38.318584	416.37723	20.764893
-38.318565	414.66409	20.774658
-38.316841	409.51666	20.784424
-38.315632	405.85263	20.794189
-38.314857	412.54065	20.803955
-38.313683	413.0834	20.813721
-38.313152	416.35785	20.823486
-38.312988	415.8844	20.833252
-38.311005	411.73016	20.843018
-38.311436	409.51001	20.852783
-38.309593	408.01617	20.862549
-38.309299	411.19995	20.872314
-38.309265	417.51514	20.88208
-38.307945	416.99188	20.891846
-38.30756	412.3689	20.901611
-38.30751	406.97476	20.911377
-38.30621	408.25586	20.921143
-38.305531	413.66907	20.930908
-38.304276	417.24722	20.940674
-38.303135	414.74377	20.950439
-38.302597	414.43912	20.960205
-38.300827	409.57916	20.969971
-38.300442	408.27887	20.979736
-38.29948	410.07559	20.989502
-38.297649	413.7403	20.999268
-38.29821	418.49426	21.009033
-38.298237	414.09259	21.018799
-38.297195	409.0867	21.028564
-38.296375	408.34637	21.03833
-38.295113	410.49829	21.048096
-38.294037	414.67023	21.057861
-38.293079	414.13181	21.067627
-38.29277	415.32892	21.077393
-38.290913	415.85855	21.087158
-38.291393	408.22137	21.096924
-38.290085	409.59119	21.106689
-38.289181	410.69226	21.116455
-38.287441	415.56601	21.126221
-38.287209	416.54092	21.135986
-38.286537	410.34705	21.145752
-38.286297	410.13763	21.155518
-38.284996	410.94586	21.165283
-38.284618	409.55936	21.175049
-38.283646	412.11856	21.184814
-38.282028	413.32968	21.19458
-38.281174	414.37305	21.204346
-38.281841	414.42664	21.214111
-38.28019	409.08759	21.223877
-38.279613	408.00568	21.233643
-38.279278	412.95325	21.243408
-38.27737	415.11899	21.253174
-38.27779	414.49472	21.262939
-38.276928	411.21536	21.272705
-38.276112	411.21402	21.282471
-38.275333	408.55469	21.292236
-38.273438	408.42719	21.302002
-38.271912	410.89948	21.311768
-38.27145	414.52609	21.321533
-38.271206	415.63522	21.331299
-38.26992	412.34369	21.341064
-38.269951	406.8168	21.35083
-38.268898	408.46555	21.360596
-38.268745	411.95044	21.370361
-38.267643	413.20053	21.380127
-38.267273	415.56155	21.389893
-38.26635	410.97507	21.399658
-38.265099	411.62537	21.409424
-38.263374	407.8382	21.419189
-38.264225	407.5379	21.428955
-38.261585	412.11136	21.438721
-38.262455	415.89319	21.448486
-38.260227	416.3595	21.458252
-38.260403	410.98761	21.468018
-38.258984	406.23782	21.477783
-38.258942	409.31729	21.487549
-38.258099	413.24222	21.497314
-38.257217	415.5123	21.50708
-38.256336	415.06729	21.516846
-38.254932	410.85306	21.526611
-38.253826	410.138	21.536377
-38.252563	406.61874	21.546143
-38.251347	411.14581	21.555908
-38.251923	416.25485	21.565674
-38.250866	415.91101	21.575439
-38.249233	414.16299	21.585205
-38.249821	408.2243	21.594971
-38.248508	407.78986	21.604736
-38.246433	411.56299	21.614502
-38.246498	414.8649	21.624268
-38.245987	414.56921	21.634033
-38.247025	414.62943	21.643799
-38.243919	410.50403	21.653564
-38.24284	406.22623	21.66333
-38.242157	410.07401	21.673096
-38.242775	410.91678	21.682861
-38.241386	418.20438	21.692627
-38.240513	414.57095	21.702393
-38.239067	410.82785	21.712158
-38.237953	408.50244	21.721924
-38.238037	409.23813	21.731689
-38.237892	412.44418	21.741455
-38.235069	411.00394	21.751221
-38.235329	413.79102	21.760986
-38.235264	411.96002	21.770752
-38.233364	409.21732	21.780518
-38.233032	409.33954	21.790283
-38.232422	408.09772	21.800049
-38.231754	412.04468	21.809814
-38.23016	415.23871	21.81958
-38.229458	412.21338	21.829346
-38.228527	410.58615	21.839111
-38.228249	409.22772	21.848877
-38.226902	408.74942	21.858643
-38.227287	410.634	21.868408
-38.226479	412.78595	21.878174
-38.224903	414.09695	21.887939
-38.224453	414.1405	21.897705
-38.222157	410.5412	21.907471
-38.223007	407.58438	21.917236
-38.221245	406.39191	21.927002
-38.221455	414.06378	21.936768
-38.221016	413.37643	21.946533
-38.220417	413.73752	21.956299
-38.218021	410.62976	21.966064
-38.216583	407.97614	21.97583
-38.217106	408.45422	21.985596
-38.217392	408.97516	21.995361
-38.215019	412.74692	22.005127
-38.215305	417.00259	22.014893
-38.215103	415.28278	22.024658
-38.212288	406.93665	22.034424
-38.209721	406.66919	22.044189
-38.210678	409.15717	22.053955
-38.210796	413.47134	22.063721
-38.208946	417.25519	22.073486
-38.20863	412.22699	22.083252
-38.20771	410.0881	22.093018
-38.207867	405.56226	22.102783
-38.204533	404.67438	22.112549
-38.205078	411.87222	22.122314
-38.204132	412.61426	22.13208
-38.203075	416.18149	22.141846
-38.203045	410.32547	22.151611
-38.203281	405.42111	22.161377
-38.200932	407.57703	22.171143
-38.200077	412.16995	22.180908
-38.200214	414.80826	22.190674
-38.197826	413.33347	22.200439
-38.198524	411.10419	22.210205
-38.198517	410.0694	22.219971
-38.195583	404.83752	22.229736
-38.195313	409.63611	22.239502
-38.194042	412.9537	22.249268
-38.193428	415.11603	22.259033
-38.192654	413.40311	22.268799
-38.192459	406.8035	22.278564
-38.191788	406.09189	22.28833
-38.191368	411.69458	22.298096
-38.189911	412.25824	22.307861
-38.189095	412.36139	22.317627
-38.188229	413.68661	22.327393
-38.188492	409.91577	22.337158
-38.186272	407.12695	22.346924
-38.186756	408.37222	22.356689
-38.185543	407.79156	22.366455
-38.183788	414.72437	22.376221
-38.184052	412.94138	22.385986
-38.183155	410.29456	22.395752
-38.182285	407.27515	22.405518
-38.181408	406.79306	22.415283
-38.180138	410.92166	22.425049
-38.179951	409.914	22.434814
-38.178417	412.64276	22.44458
-38.177368	413.92087	22.454346
-38.177189	410.24072	22.464111
-38.175922	409.07855	22.473877
-38.174114	406.3371	22.483643
-38.175251	410.67844	22.493408
-38.174191	415.37155	22.503174
-38.173424	412.91183	22.512939
-38.172325	413.6843	22.522705
-38.17054	409.00418	22.532471
-38.17075	408.86963	22.542236
-38.16935	408.8197	22.552002
-38.169209	408.94983	22.561768
-38.167679	414.91919	22.571533
-38.167503	415.94141	22.581299
-38.167053	410.35391	22.591064
-38.165581	405.24228	22.60083
-38.164001	405.18866	22.610596
-38.163879	411.09314	22.620361
-38.16291	411.09225	22.630127
-38.162018	413.20895	22.639893
-38.162094	410.38159	22.649658
-38.160873	406.80524	22.659424
-38.160614	405.99573	22.669189
-38.158825	407.05762	22.678955
-38.158657	410.24069	22.688721
-38.157543	415.44299	22.698486
-38.156013	414.81631	22.708252
-38.155384	406.37274	22.718018
-38.156151	404.72604	22.727783
-38.154686	407.30664	22.737549
-38.153259	410.95465	22.747314
-38.152042	413.99878	22.75708
-38.151272	410.50793	22.766846
-38.150909	409.11508	22.776611
-38.149548	408.72183	22.786377
-38.150089	404.9852	22.796143
-38.149174	409.47327	22.805908
-38.147072	411.64252	22.815674
-38.146488	415.34747	22.825439
-38.145763	411.81293	22.835205
-38.14473	404.20459	22.844971
-38.143833	407.29565	22.854736
-38.141956	408.69162	22.864502
-38.142452	412.49866	22.874268
-38.142075	412.78326	22.884033
-38.141335	408.52722	22.893799
-38.13969	410.92831	22.903564
-38.14019	406.08841	22.91333
-38.13821	407.88235	22.923096
-38.138924	408.55939	22.932861
-38.137241	413.73679	22.942627
-38.136452	414.11612	22.952393
-38.135811	408.85635	22.962158
-38.134365	405.85687	22.971924
-38.132771	409.04605	22.981689
-38.132797	410.13672	22.991455
-38.13142	413.36304	23.001221
-38.131638	410.3577	23.010986
-38.130745	410.53137	23.020752
-38.12973	409.76086	23.030518
-38.129658	407.10895	23.040283
-38.127998	405.89679	23.050049
-38.12682	410.96954	23.059814
-38.126556	413.17218	23.06958
-38.125496	412.71185	23.079346
-38.125595	409.97165	23.089111
-38.123962	405.23495	23.098877
-38.123928	407.71359	23.108643
-38.122047	408.00537	23.118408
-38.122749	410.16248	23.128174
-38.120895	413.04932	23.137939
-38.119843	410.737	23.147705
-38.118607	409.64493	23.157471
-38.118401	404.17752	23.167236
-38.11655	408.46609	23.177002
-38.115913	412.17612	23.186768
-38.117344	412.05875	23.196533
-38.115906	413.45477	23.206299
-38.114017	408.20401	23.216064
-38.113815	407.46851	23.22583
-38.11171	407.18878	23.235596
-38.111671	405.94415	23.245361
-38.11208	411.54047	23.255127
-38.109505	415.52545	23.264893
-38.109528	410.88358	23.274658
-38.107769	406.48117	23.284424
-38.107052	403.17728	23.294189
-38.108124	410.28021	23.303955
-38.106529	411.69003	23.313721
-38.105091	413.91077	23.323486
-38.104061	411.50702	23.333252
-38.103569	407.46957	23.343018
-38.1045	406.33609	23.352783
-38.102085	404.01926	23.362549
-38.101357	409.33957	23.372314
-38.101074	414.26086	23.38208
-38.099262	414.0574	23.391846
-38.097721	408.93945	23.401611
-38.09856	403.94409	23.411377
-38.096733	404.83737	23.421143
-38.096428	409.87009	23.430908
-38.096207	412.20862	23.440674
-38.095039	410.66071	23.450439
-38.09391	410.64377	23.460205
-38.092609	405.75543	23.469971
-38.092148	404.41806	23.479736
-38.091831	407.67197	23.489502
-38.089943	410.38611	23.499268
-38.089577	414.30115	23.509033
-38.088326	411.31033	23.518799
-38.088684	404.67883	23.528564
-38.087101	405.57553	23.53833
-38.08662	406.0108	23.548096
-38.086014	410.52573	23.557861
-38.085461	410.63797	23.567627
-38.083931	410.01105	23.577393
-38.083641	410.3743	23.587158
-38.082439	405.98175	23.596924
-38.081295	405.79547	23.606689
-38.080193	408.60062	23.616455
-38.079929	410.2019	23.626221
-38.079487	413.1424	23.635986
-38.078423	407.75232	23.645752
-38.077808	407.9823	23.655518
-38.077038	406.73288	23.665283
-38.075874	407.10623	23.675049
-38.075489	409.66861	23.684814
-38.075275	409.55688	23.69458
-38.073631	410.89044	23.704346
-38.072315	411.05328	23.714111
-38.071175	406.69388	23.723877
-38.070927	404.91745	23.733643
-38.070969	407.99683	23.743408
-38.069855	412.48926	23.753174
-38.068096	413.20404	23.762939
-38.067825	410.50821	23.772705
-38.066223	407.54858	23.782471
-38.066223	407.2291	23.792236
-38.064487	405.40335	23.802002
-38.064629	408.35913	23.811768
-38.064354	411.52206	23.821533
-38.064083	411.96063	23.831299
-38.062042	409.50491	23.841064
-38.061836	403.32709	23.85083
-38.061081	404.11438	23.860596
-38.059349	407.86002	23.870361
-38.059692	411.01212	23.880127
-38.057926	412.00589	23.889893
-38.057652	407.60379	23.899658
-38.056667	405.49146	23.909424
-38.056557	406.49686	23.919189
-38.054268	403.47446	23.928955
-38.053631	412.05273	23.938721
-38.052811	411.59979	23.948486
-38.052395	412.27924	23.958252
-38.051636	406.58365	23.968018
-38.049965	401.0983	23.977783
-38.049698	406.93027	23.987549
-38.048141	410.20517	23.997314
-38.047226	413.44092	24.00708
-38.047112	412.05505	24.016846
-38.046494	407.24734	24.026611
-38.045765	405.58353	24.036377
-38.045948	402.93866	24.046143
-38.044712	409.15463	24.055908
-38.044075	411.95584	24.065674
-38.04327	412.86121	24.075439
-38.041576	409.48669	24.085205
-38.041725	404.12497	24.094971
-38.040634	401.99338	24.104736
-38.039791	408.38138	24.114502
-38.038929	409.944	24.124268
-38.038006	411.3212	24.134033
-38.036694	409.95535	24.143799
-38.035305	407.50015	24.153564
-38.035046	404.82339	24.16333
-38.033855	407.60361	24.173096
-38.033356	407.14471	24.182861
-38.034687	412.60165	24.192627
-38.032139	413.2673	24.202393
-38.03183	405.30237	24.212158
-38.030102	406.83582	24.221924
-38.029339	404.92349	24.231689
-38.028576	409.43845	24.241455
-38.026764	408.99057	24.251221
-38.028507	408.87112	24.260986
-38.026993	411.42825	24.270752
-38.02631	406.64603	24.280518
-38.025013	405.38562	24.290283
-38.023624	405.10318	24.300049
-38.022591	408.08847	24.309814
-38.021687	413.22006	24.31958
-38.02203	408.56055	24.329346
-38.020786	408.18454	24.339111
-38.019852	404.65152	24.348877
-38.01902	405.48828	24.358643
-38.01889	408.12628	24.368408
-38.0173	407.94766	24.378174
-38.016815	410.92349	24.387939
-38.015331	410.33737	24.397705
-38.015079	405.50787	24.407471
-38.014168	404.60269	24.417236
-38.013428	404.61417	24.427002
-38.012833	409.93527	24.436768
-38.012165	413.14252	24.446533
-38.01178	411.12708	24.456299
-38.009773	406.50494	24.466064
-38.009659	405.21719	24.47583
-38.008606	405.04636	24.485596
-38.00703	405.36258	24.495361
-38.006229	410.73578	24.505127
-38.005966	412.38614	24.514893
-38.005196	411.90109	24.524658
-38.004196	402.89056	24.534424
-38.004723	403.85434	24.544189
-38.003132	406.21869	24.553955
-38.002823	411.27646	24.563721
-38.000404	413.79691	24.573486
-37.999428	407.56284	24.583252
-38.000462	406.75262	24.593018
-37.999565	404.47928	24.602783
-37.998222	403.4198	24.612549
-37.997639	411.24466	24.622314
-37.996227	411.37982	24.63208
-37.994675	412.62677	24.641846
-37.993874	408.6489	24.651611
-37.992809	401.27197	24.661377
-37.992886	403.76779	24.671143
-37.991489	409.53485	24.680908
-37.991062	410.7572	24.690674
-37.990417	411.51138	24.700439
-37.990189	408.61188	24.710205
-37.987785	406.45499	24.719971
-37.988121	403.70786	24.729736
-37.987568	407.10135	24.739502
-37.986637	411.05225	24.749268
-37.98518	412.58563	24.759033
-37.985012	412.2916	24.768799
-37.983276	405.49493	24.778564
-37.983208	403.73395	24.78833
-37.981487	409.97583	24.798096
-37.981552	409.12228	24.807861
-37.981552	410.83212	24.817627
-37.980267	409.43304	24.827393
-37.979027	408.12546	24.837158
-37.977657	406.44061	24.846924
-37.977665	404.50537	24.856689
-37.976944	404.00906	24.866455
-37.975773	411.72525	24.876221
-37.974911	411.39609	24.885986
-37.974113	409.34363	24.895752
-37.973534	408.24786	24.905518
-37.972603	403.89639	24.915283
-37.971317	407.59146	24.925049
-37.970222	408.13852	24.934814
-37.969032	407.82037	24.94458
-37.968174	410.04446	24.954346
-37.96862	407.79175	24.964111
-37.968651	406.23907	24.973877
-37.96785	401.69385	24.983643
-37.965813	406.68936	24.993408
-37.964931	411.43475	25.003174
-37.964314	408.0769	25.012939
-37.964161	409.86481	25.022705
-37.963024	406.82019	25.032471
-37.96244	404.99872	25.042236
-37.961163	405.72562	25.052002
-37.96085	405.60028	25.061768
-37.959476	411.83597	25.071533
-37.959156	411.42004	25.081299
-37.957611	407.89282	25.091064
-37.957912	403.74774	25.10083
-37.957478	403.73413	25.110596
-37.955601	406.27225	25.120361
-37.953697	412.21078	25.130127
-37.953339	409.76633	25.139893
-37.95285	407.79419	25.149658
-37.951553	404.6452	25.159424
-37.95137	404.32059	25.169189
-37.95079	403.59497	25.178955
-37.949463	409.09061	25.188721
-37.949051	411.08978	25.198486
-37.948486	411.00949	25.208252
-37.947563	405.69888	25.218018
-37.946682	400.75229	25.227783
-37.946217	403.64569	25.237549
-37.945309	409.892	25.247314
-37.944664	411.76266	25.25708
-37.943069	406.4025	25.266846
-37.943016	406.19101	25.276611
-37.942764	404.80081	25.286377
-37.941048	401.69153	25.296143
-37.939579	408.62192	25.305908
-37.938789	407.36505	25.315674
-37.937939	410.49072	25.325439
-37.937382	408.81976	25.335205
-37.936062	400.62204	25.344971
-37.936218	404.2402	25.354736
-37.934456	406.15131	25.364502
-37.934666	408.83124	25.374268
-37.933952	410.57883	25.384033
-37.931988	405.71268	25.393799
-37.931393	405.10806	25.403564
-37.932297	405.31058	25.41333
-37.930622	404.91556	25.423096
-37.930161	404.34259	25.432861
-37.929092	407.61795	25.442627
-37.92675	409.67276	25.452393
-37.927185	405.1748	25.462158
-37.92585	403.08826	25.471924
-37.925236	404.2402	25.481689
-37.924572	405.44928	25.491455
-37.923405	407.2937	25.501221
-37.92297	407.09244	25.510986
-37.922508	405.90402	25.520752
-37.921482	405.66785	25.530518
-37.920712	404.2374	25.540283
-37.919888	402.83319	25.550049
-37.918251	405.07632	25.559814
-37.917274	407.62021	25.56958
-37.918369	407.99158	25.579346
-37.916615	407.02438	25.589111
-37.914738	402.91083	25.598877
-37.914043	404.84723	25.608643
-37.913895	404.44144	25.618408
-37.913567	405.74084	25.628174
-37.912369	406.54758	25.637939
-37.911652	407.68182	25.647705
-37.911095	405.09497	25.657471
-37.909443	397.5097	25.667236
-37.90876	400.53439	25.677002
-37.907993	406.64639	25.686768
-37.906956	407.814	25.696533
-37.906895	407.34818	25.706299
-37.906128	402.73776	25.716064
-37.905369	401.30829	25.72583
-37.905048	401.49304	25.735596
-37.903362	399.759	25.745361
-37.902016	406.26437	25.755127
-37.902401	404.58597	25.764893
-37.900959	399.81671	25.774658
-37.899841	394.10764	25.784424
-37.899914	384.9552	25.794189
-37.898186	375.64609	25.803955
-37.897934	370.2186	25.813721
-37.897175	362.11258	25.823486
-37.896515	350.16873	25.833252
-37.894749	278.86566	25.843018
-37.893005	-28.04661	25.852783
-37.891293	-39.66597	25.862549
-37.889885	-52.405205	25.872314
-37.890476	-36.860981	25.88208
-37.889988	-37.488792	25.891846
-37.889557	-40.287193	25.901611
-37.889645	-48.087414	25.911377
-37.887691	-48.22374	25.921143
-37.888119	-41.478874	25.930908
-37.887272	-37.972878	25.940674
-37.886158	-40.234062	25.950439
-37.885124	-41.679783	25.960205
-37.883514	-43.851494	25.969971
-37.88327	-45.807411	25.979736
-37.882286	-41.993046	25.989502
-37.882496	-42.280602	25.999268
-37.881012	-37.193455	26.009033
-37.879883	-39.509251	26.018799
-37.879112	-45.739967	26.028564
-37.877369	-44.722378	26.03833
-37.877697	-44.311535	26.048096
-37.876133	-39.588306	26.057861
-37.875671	-40.539204	26.067627
-37.8759	-41.893269	26.077393
-37.87384	-40.084255	26.087158
-37.873295	-43.169899	26.096924
-37.873352	-42.370388	26.106689
-37.872189	-44.398148	26.116455
-37.87159	-40.967407	26.126221
-37.869915	-37.788105	26.135986
-37.869312	-42.631428	26.145752
-37.869389	-42.87001	26.155518
-37.86795	-45.5093	26.165283
-37.867176	-45.246281	26.175049
-37.864468	-42.5807	26.184814
-37.866066	-42.455299	26.19458
-37.865868	-39.632374	26.204346
-37.862808	-40.820435	26.214111
-37.863697	-44.009209	26.223877
-37.863075	-47.800716	26.233643
-37.861542	-45.042374	26.243408
-37.860645	-40.763493	26.253174
-37.859669	-38.960983	26.262939
-37.859921	-41.080173	26.272705
-37.858761	-44.569317	26.282471
-37.85704	-45.559399	26.292236
-37.857304	-45.652931	26.302002
-37.855434	-44.310146	26.311768
-37.854851	-40.086014	26.321533
-37.853783	-40.495335	26.331299
-37.853039	-40.146351	26.341064
-37.853489	-47.651237	26.35083
-37.85265	-49.220154	26.360596
-37.850597	-42.377502	26.370361
-37.850254	-39.479622	26.380127
-37.850506	-37.593571	26.389893
-37.84811	-42.676163	26.399658
-37.848461	-45.478233	26.409424
-37.846581	-44.996586	26.419189
-37.847378	-45.369194	26.428955
-37.84486	-39.699329	26.438721
-37.843948	-38.453819	26.448486
-37.843929	-40.107918	26.458252
-37.84407	-42.379604	26.468018
-37.842155	-49.949688	26.477783
-37.842445	-45.671635	26.487549
-37.840458	-40.032261	26.497314
-37.839516	-37.794743	26.50708
-37.837681	-41.374435	26.516846
-37.838745	-44.274136	26.526611
-37.837536	-46.012001	26.536377
-37.836582	-45.682819	26.546143
-37.834854	-43.197586	26.555908
-37.835369	-40.524708	26.565674
-37.834743	-39.305389	26.575439
-37.832493	-40.876797	26.585205
-37.831963	-46.791134	26.594971
-37.83271	-48.02866	26.604736
-37.829868	-43.636353	26.614502
-37.830494	-39.1464	26.624268
-37.829624	-41.773716	26.634033
-37.829086	-40.638634	26.643799
-37.827621	-44.768944	26.653564
-37.826279	-44.50127	26.66333
-37.826843	-44.446838	26.673096
-37.825722	-46.616913	26.682861
-37.824005	-38.161289	26.692627
-37.823902	-39.376724	26.702393
-37.822689	-43.525734	26.712158
-37.821636	-44.232224	26.721924
-37.821304	-47.290653	26.731689
-37.820793	-41.627354	26.741455
-37.819069	-41.350475	26.751221
-37.819077	-42.927685	26.760986
-37.818424	-39.918171	26.770752
-37.816956	-43.671089	26.780518
-37.816067	-44.835476	26.790283
-37.815498	-44.064049	26.800049
-37.814819	-44.717396	26.809814
-37.813381	-38.389877	26.81958
-37.813374	-40.167168	26.829346
-37.812683	-42.023041	26.839111
-37.811661	-45.96172	26.848877
-37.810345	-47.071877	26.858643
-37.808556	-42.094223	26.868408
-37.808891	-41.424332	26.878174
-37.807468	-38.666912	26.887939
-37.807384	-40.87949	26.897705
-37.80608	-44.596283	26.907471
-37.805218	-47.240799	26.917236
-37.805256	-45.871956	26.927002
-37.803711	-41.112324	26.936768
-37.80246	-35.300507	26.946533
-37.802364	-40.181015	26.956299
-37.800823	-45.304508	26.966064
-37.801643	-45.560638	26.97583
-37.800488	-45.676586	26.985596
-37.79958	-44.432491	26.995361
-37.798019	-40.500244	27.005127
-37.797333	-40.252155	27.014893
-37.797024	-39.628109	27.024658
-37.796219	-46.955944	27.034424
-37.795479	-47.979279	27.044189
-37.794621	-44.803391	27.053955
-37.792976	-39.851856	27.063721
-37.792049	-36.648666	27.073486
-37.791531	-42.611431	27.083252
-37.790581	-43.555809	27.093018
-37.790279	-45.649448	27.102783
-37.788635	-47.644173	27.112549
-37.788815	-39.930828	27.122314
-37.788021	-39.013844	27.13208
-37.787369	-38.861046	27.141846
-37.785389	-41.386116	27.151611
-37.784977	-50.116409	27.161377
-37.784962	-44.681873	27.171143
-37.783092	-42.871418	27.180908
-37.782322	-39.207176	27.190674
-37.781212	-38.471672	27.200439
-37.782116	-43.895065	27.210205
-37.781151	-43.538696	27.219971
-37.778736	-46.750183	27.229736
-37.779076	-45.882118	27.239502
-37.777863	-41.937576	27.249268
-37.776562	-39.913643	27.259033
-37.776203	-39.785229	27.268799
-37.774734	-45.574188	27.278564
-37.774475	-46.577362	27.28833
-37.774746	-44.784832	27.298096
-37.772972	-40.811924	27.307861
-37.773144	-41.27795	27.317627
-37.771358	-41.674553	27.327393
-37.771751	-44.698624	27.337158
-37.769764	-43.121246	27.346924
-37.768669	-45.162567	27.356689
-37.76712	-44.571396	27.366455
-37.767612	-41.124668	27.376221
-37.76614	-39.40995	27.385986
-37.766037	-42.1618	27.395752
-37.765427	-42.888008	27.405518
-37.764362	-46.561264	27.415283
-37.763977	-43.962231	27.425049
-37.762363	-42.364662	27.434814
-37.760845	-43.279087	27.44458
-37.761429	-39.948742	27.454346
-37.760353	-41.443493	27.464111
-37.758888	-43.999981	27.473877
-37.758251	-46.654949	27.483643
-37.758308	-45.744194	27.493408
-37.756596	-40.025673	27.503174
-37.756382	-39.322227	27.512939
-37.755264	-39.115845	27.522705
-37.753757	-44.479469	27.532471
-37.753113	-45.836151	27.542236
-37.75399	-43.392273	27.552002
-37.7528	-42.746536	27.561768
-37.75053	-39.862896	27.571533
-37.750195	-37.572514	27.581299
-37.749695	-41.727165	27.591064
-37.748814	-45.585861	27.60083
-37.747204	-49.26104	27.610596
-37.747231	-43.252445	27.620361
-37.747253	-37.844486	27.630127
-37.74477	-38.348885	27.639893
-37.74379	-40.871445	27.649658
-37.744972	-45.708691	27.659424
-37.741684	-46.673534	27.669189
-37.741589	-44.382984	27.678955
-37.740902	-39.963223	27.688721
-37.73996	-39.741459	27.698486
-37.73941	-39.830208	27.708252
-37.738838	-45.84515	27.718018
-37.738159	-49.794807	27.727783
-37.737259	-45.610508	27.737549
-37.736732	-42.188725	27.747314
-37.73547	-38.12352	27.75708
-37.734459	-42.056221	27.766846
-37.733959	-43.924271	27.776611
-37.733727	-45.437531	27.786377
-37.731758	-46.182442	27.796143
-37.732075	-43.229057	27.805908
-37.732075	-41.045509	27.815674
-37.730114	-38.168324	27.825439
-37.728699	-39.788189	27.835205
-37.728401	-47.629593	27.844971
-37.72691	-46.295765	27.854736
-37.726852	-43.980354	27.864502
-37.725918	-39.49379	27.874268
-37.724876	-38.351288	27.884033
-37.7239	-44.219524	27.893799
-37.722202	-43.302189	27.903564
-37.722454	-45.036552	27.91333
-37.722225	-45.55888	27.923096
-37.721081	-42.353848	27.932861
-37.719685	-42.077393	27.942627
-37.719803	-38.998245	27.952393
-37.71806	-43.60746	27.962158
-37.716984	-45.939907	27.971924
-37.716309	-46.233627	27.981689
-37.71661	-43.467175	27.991455
-37.715115	-40.930313	28.001221
-37.715237	-41.881119	28.010986
-37.713287	-42.571404	28.020752
-37.712769	-42.500355	28.030518
-37.712872	-44.902309	28.040283
-37.711029	-49.321037	28.050049
-37.710354	-42.774521	28.059814
-37.710037	-40.351948	28.06958
-37.70892	-40.084644	28.079346
-37.708794	-42.403194	28.089111
-37.70763	-47.375748	28.098877
-37.706371	-45.556828	28.108643
-37.704891	-43.047653	28.118408
-37.704906	-42.300892	28.128174
-37.702881	-39.988617	28.137939
-37.702755	-39.418556	28.147705
-37.70293	-42.284092	28.157471
-37.701256	-47.139374	28.167236
-37.70105	-47.413795	28.177002
-37.698895	-40.586487	28.186768
-37.699253	-39.002678	28.196533
-37.698944	-39.157875	28.206299
-37.697441	-44.807781	28.216064
-37.696049	-47.388245	28.22583
-37.695629	-45.073063	28.235596
-37.694859	-45.471001	28.245361
-37.694084	-38.988327	28.255127
-37.692207	-38.574436	28.264893
-37.691505	-42.452328	28.274658
-37.691933	-45.750172	28.284424
-37.691525	-49.0709	28.294189
-37.689327	-44.991722	28.303955
-37.688972	-38.090202	28.313721
-37.689224	-39.965893	28.323486
-37.687737	-41.73053	28.333252
-37.686142	-45.894814	28.343018
-37.687664	-47.584496	28.352783
-37.685204	-44.697308	28.362549
-37.684181	-42.406906	28.372314
-37.683567	-41.060745	28.38208
-37.681969	-40.495617	28.391846
-37.681549	-43.608257	28.401611
-37.68166	-48.421329	28.411377
-37.679867	-48.42886	28.421143
-37.678822	-42.895157	28.430908
-37.680038	-38.340969	28.440674
-37.678192	-40.996201	28.450439
-37.676174	-44.319092	28.460205
-37.676556	-45.881214	28.469971
-37.674622	-45.620243	28.479736
-37.674732	-43.399025	28.489502
-37.67181	-43.529575	28.499268
-37.673973	-40.649239	28.509033
-37.670647	-38.964317	28.518799
-37.6716	-47.273605	28.528564
-37.670391	-46.24012	28.53833
-37.669525	-45.153908	28.548096
-37.669086	-39.649254	28.557861
-37.667816	-39.817688	28.567627
-37.666088	-43.906448	28.577393
-37.666622	-42.965263	28.587158
-37.665092	-43.923962	28.596924
-37.665188	-44.634045	28.606689
-37.663895	-44.331089	28.616455
-37.663406	-41.551453	28.626221
-37.662956	-39.584793	28.635986
-37.661793	-41.739273	28.645752
-37.660473	-43.933594	28.655518
-37.660583	-46.279984	28.665283
-37.659176	-46.42905	28.675049
-37.659126	-42.245235	28.684814
-37.657116	-41.291954	28.69458
-37.656574	-41.76421	28.704346
-37.655777	-41.594734	28.714111
-37.654163	-44.93898	28.723877
-37.654308	-47.659554	28.733643
-37.65287	-45.167454	28.743408
-37.652912	-41.077484	28.753174
-37.651268	-38.460636	28.762939
-37.650837	-41.235298	28.772705
-37.649956	-46.789539	28.782471
-37.649113	-44.434025	28.792236
-37.648621	-45.820267	28.802002
-37.647472	-42.662262	28.811768
-37.647186	-37.728912	28.821533
-37.646049	-41.698402	28.831299
-37.645329	-41.040829	28.841064
-37.644596	-46.326	28.85083
-37.642574	-48.100887	28.860596
-37.643559	-41.656944	28.870361
-37.641537	-39.622421	28.880127
-37.641247	-37.666439	28.889893
-37.640041	-44.521076	28.899658
-37.638618	-47.0653	28.909424
-37.639034	-45.959572	28.919189
-37.637928	-47.322803	28.928955
-37.63773	-39.415752	28.938721
-37.636448	-39.382389	28.948486
-37.636177	-41.90778	28.958252
-37.634605	-43.17067	28.968018
-37.633495	-50.443344	28.977783
-37.633804	-46.040203	28.987549
-37.631474	-41.868504	28.997314
-37.632278	-39.168304	29.00708
-37.630512	-41.721966	29.016846
-37.630558	-44.458164	29.026611
-37.628937	-45.440613	29.036377
-37.628036	-46.321144	29.046143
-37.627605	-44.412128	29.055908
-37.625801	-40.604187	29.065674
-37.625862	-38.703419	29.075439
-37.625031	-43.282898	29.085205
-37.624954	-46.746952	29.094971
-37.623501	-47.479458	29.104736
-37.622475	-44.706295	29.114502
-37.62252	-41.209675	29.124268
-37.620846	-41.409885	29.134033
-37.619453	-43.773697	29.143799
-37.619232	-45.899361	29.153564
-37.618809	-46.318531	29.16333
-37.617523	-45.173069	29.173096
-37.616585	-45.567352	29.182861
-37.615765	-41.513275	29.192627
-37.614712	-39.738613	29.202393
-37.614571	-43.910198	29.212158
-37.613228	-44.355408	29.221924
-37.613468	-49.011948	29.231689
-37.61129	-44.263531	29.241455
-37.609913	-42.335751	29.251221
-37.610859	-43.940365	29.260986
-37.60918	-39.407703	29.270752
-37.609062	-44.391644	29.280518
-37.606857	-44.211739	29.290283
-37.60717	-46.109543	29.300049
-37.606766	-45.284611	29.309814
-37.605164	-38.768284	29.31958

