MTS793|BTW|ENU|1|2|.|/|:|1|0|0|A

Data Header:			0.254_solid_uprint_typei_090_r0			Time:	20.027588	s	4/15/2019 3:01:16 PM
Data Acquisition:	Timed
Station Name:	ft40.cfg
Test File Name:	monotonic_0.2540_typei_solid_090_uprint.tst
Displacement	Force	Running Time
mm	N	s
9.980979	-119.22915	0.032226563
9.9807386	-122.41331	0.041992188
9.9802637	-123.67461	0.051757813
9.9818335	-127.83678	0.061523438
9.9820318	-132.96732	0.071289063
9.9823866	-126.03463	0.081054688
9.9826136	-122.02031	0.090820313
9.9839382	-116.74875	0.10058594
9.9845762	-119.50779	0.11035156
9.9852228	-122.71349	0.12011719
9.985692	-122.93782	0.12988281
9.9873953	-125.85652	0.13964844
9.987319	-120.05009	0.14941406
9.9888487	-116.46319	0.15917969
9.9895992	-115.44139	0.16894531
9.9907465	-114.05693	0.17871094
9.9905052	-121.93269	0.18847656
9.9921207	-123.03988	0.19824219
9.9934149	-117.19878	0.20800781
9.9949141	-113.74944	0.21777344
9.9947615	-111.11845	0.22753906
9.9971132	-113.40882	0.23730469
9.9960833	-114.57907	0.24707031
9.9978561	-116.33408	0.25683594
9.9973125	-115.6405	0.26660156
9.9972544	-112.81102	0.27636719
9.999836	-107.63023	0.28613281
9.9998569	-106.33366	0.29589844
10.00096	-110.82204	0.30566406
10.001991	-111.86835	0.31542969
10.002412	-113.27153	0.32519531
10.003592	-108.70638	0.33496094
10.004099	-106.47028	0.34472656
10.005002	-104.55711	0.35449219
10.006011	-105.95915	0.36425781
10.006464	-107.82583	0.37402344
10.007833	-109.38981	0.38378906
10.008073	-111.77704	0.39355469
10.008604	-105.69533	0.40332031
10.010193	-100.44371	0.41308594
10.011106	-100.90549	0.42285156
10.011665	-102.17958	0.43261719
10.012522	-106.91269	0.44238281
10.013425	-106.31533	0.45214844
10.015101	-100.65143	0.46191406
10.014676	-101.91372	0.47167969
10.015275	-96.07769	0.48144531
10.017262	-95.828484	0.49121094
10.017259	-100.55817	0.50097656
10.018753	-104.82039	0.51074219
10.017579	-104.65527	0.52050781
10.020845	-94.983261	0.53027344
10.021646	-91.719353	0.54003906
10.021132	-92.785652	0.54980469
10.022183	-96.650841	0.55957031
10.023508	-101.49474	0.56933594
10.023756	-98.301567	0.57910156
10.024837	-96.681084	0.58886719
10.024845	-90.135239	0.59863281
10.02594	-86.970604	0.60839844
10.027918	-90.047203	0.61816406
10.02808	-94.759308	0.62792969
10.028399	-97.760323	0.63769531
10.029	-94.121078	0.64746094
10.029492	-85.97699	0.65722656
10.03174	-84.445694	0.66699219
10.03238	-88.837837	0.67675781
10.033066	-91.724922	0.68652344
10.0328	-93.249947	0.69628906
10.035275	-93.35685	0.70605469
10.034991	-85.588364	0.71582031
10.036218	-83.45475	0.72558594
10.036412	-79.296631	0.73535156
10.038086	-86.419312	0.74511719
10.037788	-91.620399	0.75488281
10.039819	-89.728004	0.76464844
10.038936	-84.650261	0.77441406
10.040789	-78.32518	0.78417969
10.042479	-78.891373	0.79394531
10.042412	-83.374855	0.80371094
10.044071	-83.97377	0.81347656
10.043828	-86.387306	0.82324219
10.044572	-82.767761	0.83300781
10.045938	-79.454803	0.84277344
10.046666	-74.281715	0.85253906
10.046926	-71.760826	0.86230469
10.048073	-82.859543	0.87207031
10.048488	-81.757355	0.88183594
10.049218	-80.353607	0.89160156
10.051055	-76.982925	0.90136719
10.051456	-72.561172	0.91113281
10.052504	-75.07814	0.92089844
10.053155	-73.646179	0.93066406
10.05424	-76.846397	0.94042969
10.055043	-79.360374	0.95019531
10.055349	-76.75621	0.95996094
10.05641	-71.294067	0.96972656
10.057492	-66.857689	0.97949219
10.056842	-69.555458	0.98925781
10.059232	-74.628067	0.99902344
10.05999	-74.783897	1.0087891
10.061187	-73.355232	1.0185547
10.061342	-69.153015	1.0283203
10.062284	-67.083702	1.0380859
10.062699	-65.920425	1.0478516
10.063471	-64.505264	1.0576172
10.064951	-69.784286	1.0673828
10.065693	-73.350677	1.0771484
10.065713	-67.798691	1.0869141
10.066934	-62.499504	1.0966797
10.067528	-61.371811	1.1064453
10.068866	-60.021282	1.1162109
10.069777	-67.566849	1.1259766
10.070339	-65.645813	1.1357422
10.071668	-64.722221	1.1455078
10.071074	-64.937004	1.1552734
10.073316	-56.121223	1.1650391
10.073843	-57.032146	1.1748047
10.074782	-57.733452	1.1845703
10.07601	-65.574478	1.1943359
10.075906	-65.644196	1.2041016
10.077537	-58.188248	1.2138672
10.07767	-54.509506	1.2236328
10.078611	-52.260551	1.2333984
10.079241	-57.049866	1.2431641
10.080425	-60.885693	1.2529297
10.08082	-59.347912	1.2626953
10.082335	-60.001396	1.2724609
10.082534	-51.803123	1.2822266
10.08284	-48.607628	1.2919922
10.084058	-49.879269	1.3017578
10.085478	-54.367565	1.3115234
10.08522	-60.48975	1.3212891
10.085247	-55.793015	1.3310547
10.087256	-48.375511	1.3408203
10.088629	-45.507156	1.3505859
10.088693	-46.458534	1.3603516
10.090089	-51.169666	1.3701172
10.09025	-52.312408	1.3798828
10.091123	-54.992115	1.3896484
10.092752	-50.047588	1.3994141
10.09296	-43.66959	1.4091797
10.094089	-41.504959	1.4189453
10.093758	-46.260647	1.4287109
10.095052	-50.093998	1.4384766
10.096175	-50.881283	1.4482422
10.096659	-46.890247	1.4580078
10.097351	-40.866875	1.4677734
10.098181	-40.873577	1.4775391
10.100228	-41.661308	1.4873047
10.100774	-43.400478	1.4970703
10.100457	-45.877041	1.5068359
10.102231	-45.987732	1.5166016
10.102896	-43.871513	1.5263672
10.104088	-37.415424	1.5361328
10.104741	-34.942051	1.5458984
10.105609	-40.524944	1.5556641
10.105924	-41.200481	1.5654297
10.107153	-43.361824	1.5751953
10.10788	-36.947044	1.5849609
10.108243	-36.943764	1.5947266
10.109761	-34.706783	1.6044922
10.109779	-31.009024	1.6142578
10.110641	-36.163223	1.6240234
10.110346	-37.867954	1.6337891
10.112687	-40.865322	1.6435547
10.112356	-34.80286	1.6533203
10.11305	-27.984426	1.6630859
10.114174	-31.289785	1.6728516
10.115838	-31.26688	1.6826172
10.116549	-35.478107	1.6923828
10.117219	-36.044285	1.7021484
10.118191	-32.110771	1.7119141
10.120514	-29.98983	1.7216797
10.12024	-25.821384	1.7314453
10.121061	-23.855898	1.7412109
10.120797	-29.438931	1.7509766
10.122776	-33.401917	1.7607422
10.124461	-31.352003	1.7705078
10.12467	-25.116137	1.7802734
10.126141	-22.554552	1.7900391
10.12546	-22.502975	1.7998047
10.126557	-24.929279	1.8095703
10.127772	-27.748686	1.8193359
10.127456	-28.229036	1.8291016
10.129473	-26.497469	1.8388672
10.128188	-18.389536	1.8486328
10.130003	-17.008194	1.8583984
10.131391	-18.335991	1.8681641
10.132195	-25.465544	1.8779297
10.132763	-25.979462	1.8876953
10.134354	-22.721319	1.8974609
10.133962	-17.285643	1.9072266
10.135268	-12.639687	1.9169922
10.136319	-17.390846	1.9267578
10.136783	-18.881308	1.9365234
10.136679	-19.553062	1.9462891
10.138878	-24.327145	1.9560547
10.139444	-14.148458	1.9658203
10.139999	-12.507213	1.9755859
10.14075	-8.6437025	1.9853516
10.142427	-13.184269	1.9951172
10.141895	-20.61738	2.0048828
10.143344	-17.100721	2.0146484
10.14411	-12.514576	2.0244141
10.145036	-9.226409	2.0341797
10.145941	-6.6761346	2.0439453
10.14657	-11.273694	2.0537109
10.147131	-11.154082	2.0634766
10.147513	-16.035742	2.0732422
10.148664	-11.809432	2.0830078
10.150281	-5.579906	2.0927734
10.150422	-2.4897408	2.1025391
10.151102	-3.7630606	2.1123047
10.152746	-7.7382784	2.1220703
10.15267	-11.961459	2.1318359
10.154408	-7.6063633	2.1416016
10.154765	-4.1129036	2.1513672
10.15617	-1.3819233	2.1611328
10.15661	-1.3367261	2.1708984
10.157042	-1.5628674	2.1806641
10.158176	-4.8418164	2.1904297
10.158842	-5.5894346	2.2001953
10.159657	-4.26896	2.2099609
10.160872	2.6643629	2.2197266
10.161694	4.207654	2.2294922
10.161283	1.4328747	2.2392578
10.162976	-2.7018175	2.2490234
10.163582	-2.924624	2.2587891
10.164373	0.41921103	2.2685547
10.165535	1.4739188	2.2783203
10.165271	5.0454383	2.2880859
10.16699	7.0233531	2.2978516
10.168478	4.60954	2.3076172
10.169019	2.9616661	2.3173828
10.169872	-0.8564285	2.3271484
10.170182	4.5376844	2.3369141
10.171803	10.515053	2.3466797
10.17269	8.0824833	2.3564453
10.172754	9.9194212	2.3662109
10.172853	5.2161393	2.3759766
10.174773	4.9791961	2.3857422
10.175141	7.1772346	2.3955078
10.175948	7.3253684	2.4052734
10.176127	15.54126	2.4150391
10.177224	15.661048	2.4248047
10.178332	11.530901	2.4345703
10.179272	7.8482013	2.4443359
10.179742	7.3725853	2.4541016
10.180019	14.373621	2.4638672
10.182265	17.15955	2.4736328
10.182999	18.694523	2.4833984
10.182958	17.559271	2.4931641
10.184567	12.610062	2.5029297
10.18601	12.293961	2.5126953
10.185757	12.349339	2.5224609
10.187084	17.312286	2.5322266
10.187592	26.28693	2.5419922
10.187886	23.717754	2.5517578
10.189093	16.025141	2.5615234
10.188618	15.402002	2.5712891
10.19063	16.309322	2.5810547
10.191791	22.192524	2.5908203
10.192851	26.501936	2.6005859
10.193804	24.317207	2.6103516
10.194377	23.58674	2.6201172
10.194489	20.501293	2.6298828
10.19572	17.204441	2.6396484
10.19635	24.134668	2.6494141
10.196974	27.296993	2.6591797
10.198128	32.749733	2.6689453
10.198814	28.370375	2.6787109
10.200027	22.743008	2.6884766
10.200839	21.88472	2.6982422
10.20093	24.696152	2.7080078
10.202358	31.255859	2.7177734
10.202547	32.437206	2.7275391
10.204697	31.674295	2.7373047
10.204997	29.697903	2.7470703
10.205659	23.651937	2.7568359
10.20578	28.627359	2.7666016
10.206813	30.39311	2.7763672
10.207739	35.947479	2.7861328
10.208705	36.24052	2.7958984
10.209567	30.570374	2.8056641
10.210114	30.573713	2.8154297
10.210913	31.202248	2.8251953
10.211609	32.423389	2.8349609
10.213347	38.528843	2.8447266
10.213203	38.024082	2.8544922
10.215033	39.293591	2.8642578
10.215774	37.054615	2.8740234
10.216854	32.833282	2.8837891
10.216655	34.091869	2.8935547
10.217774	40.858585	2.9033203
10.218441	43.626919	2.9130859
10.218329	43.349781	2.9228516
10.22136	40.524807	2.9326172
10.220845	38.298195	2.9423828
10.221262	38.409832	2.9521484
10.22258	40.863045	2.9619141
10.223562	44.693947	2.9716797
10.224046	47.282833	2.9814453
10.224534	45.349819	2.9912109
10.224977	44.282951	3.0009766
10.226613	38.540009	3.0107422
10.227043	42.974854	3.0205078
10.228328	47.922832	3.0302734
10.228681	49.758789	3.0400391
10.230894	52.586418	3.0498047
10.230922	46.715458	3.0595703
10.231881	46.495968	3.0693359
10.231769	44.576542	3.0791016
10.232341	45.701645	3.0888672
10.2339	53.629704	3.0986328
10.234902	56.938225	3.1083984
10.235324	55.014832	3.1181641
10.237366	48.401787	3.1279297
10.237588	45.576977	3.1376953
10.238309	53.4538	3.1474609
10.238994	55.001835	3.1572266
10.240198	59.469479	3.1669922
10.24047	57.399525	3.1767578
10.2413	53.272121	3.1865234
10.241796	52.60881	3.1962891
10.242661	50.164303	3.2060547
10.243063	56.766418	3.2158203
10.24431	64.990509	3.2255859
10.245097	63.472912	3.2353516
10.246746	59.265129	3.2451172
10.246934	53.944386	3.2548828
10.248255	55.405556	3.2646484
10.247105	61.002136	3.2744141
10.248891	64.195206	3.2841797
10.249869	66.432442	3.2939453
10.250523	64.619186	3.3037109
10.25187	59.485161	3.3134766
10.252452	57.323502	3.3232422
10.253163	58.955513	3.3330078
10.254024	65.936943	3.3427734
10.254596	73.183823	3.3525391
10.256118	67.888191	3.3623047
10.256191	63.421593	3.3720703
10.257262	61.223743	3.3818359
10.258391	63.844776	3.3916016
10.259748	68.688499	3.4013672
10.259674	70.304573	3.4111328
10.261134	73.930862	3.4208984
10.262127	72.355736	3.4306641
10.262156	65.202614	3.4404297
10.262736	66.951324	3.4501953
10.263593	68.161804	3.4599609
10.264055	75.460579	3.4697266
10.265906	78.120247	3.4794922
10.266699	73.424232	3.4892578
10.266717	71.965523	3.4990234
10.268608	71.113136	3.5087891
10.268517	73.161385	3.5185547
10.269579	75.472229	3.5283203
10.270399	77.601372	3.5380859
10.271379	81.477852	3.5478516
10.271822	76.283379	3.5576172
10.27199	74.005478	3.5673828
10.274681	72.734978	3.5771484
10.274213	79.027145	3.5869141
10.274556	83.875221	3.5966797
10.275955	82.672142	3.6064453
10.276373	81.950249	3.6162109
10.278297	80.873169	3.6259766
10.279137	77.123474	3.6357422
10.278701	78.675346	3.6455078
10.279866	81.318115	3.6552734
10.280959	87.334023	3.6650391
10.282251	90.120102	3.6748047
10.28251	83.460152	3.6845703
10.283665	80.144722	3.6943359
10.284233	81.938126	3.7041016
10.283726	84.298767	3.7138672
10.285367	90.105072	3.7236328
10.286401	92.398041	3.7333984
10.287571	89.19973	3.7431641
10.288325	86.945946	3.7529297
10.288405	84.300438	3.7626953
10.289321	85.255997	3.7724609
10.290358	91.94136	3.7822266
10.291595	95.93605	3.7919922
10.291862	98.079025	3.8017578
10.29363	89.257217	3.8115234
10.293895	87.63279	3.8212891
10.294795	90.878021	3.8310547
10.295887	92.397011	3.8408203
10.295325	99.847038	3.8505859
10.296231	99.180115	3.8603516
10.296916	97.525406	3.8701172
10.299391	93.099342	3.8798828
10.299957	86.695633	3.8896484
10.300896	95.990173	3.8994141
10.301594	102.59644	3.9091797
10.302695	105.1433	3.9189453
10.302896	100.39546	3.9287109
10.304118	95.283897	3.9384766
10.304484	97.025749	3.9482422
10.305319	98.34761	3.9580078
10.306078	101.52747	3.9677734
10.306931	107.28929	3.9775391
10.307864	104.77613	3.9873047
10.308862	103.1498	3.9970703
10.308782	96.905983	4.0068359
10.310086	97.932388	4.0166016
10.310181	107.35823	4.0263672
10.311886	110.22549	4.0361328
10.313044	109.53435	4.0458984
10.315278	105.46311	4.0556641
10.314406	102.34684	4.0654297
10.314926	103.99299	4.0751953
10.316151	107.1884	4.0849609
10.316765	108.52367	4.0947266
10.31892	113.95746	4.1044922
10.318338	112.89106	4.1142578
10.320076	108.0184	4.1240234
10.319881	107.23544	4.1337891
10.319812	106.1258	4.1435547
10.320893	115.75299	4.1533203
10.32271	116.33009	4.1630859
10.324021	113.22421	4.1728516
10.324712	112.26595	4.1826172
10.325282	110.04653	4.1923828
10.325755	111.46185	4.2021484
10.326193	112.35027	4.2119141
10.327532	116.61865	4.2216797
10.327898	121.23125	4.2314453
10.329123	116.82938	4.2412109
10.33009	116.728	4.2509766
10.330117	112.03519	4.2607422
10.331978	115.0835	4.2705078
10.331812	122.71472	4.2802734
10.332681	120.4365	4.2900391
10.333987	123.56458	4.2998047
10.334728	120.86861	4.3095703
10.335445	115.73142	4.3193359
10.335975	117.27216	4.3291016
10.337773	119.22452	4.3388672
10.338377	126.46909	4.3486328
10.339388	128.81795	4.3583984
10.339279	124.71468	4.3681641
10.340119	121.25702	4.3779297
10.341311	120.20526	4.3876953
10.341103	124.26591	4.3974609
10.342681	127.67542	4.4072266
10.343781	132.25227	4.4169922
10.344204	131.36522	4.4267578
10.345675	127.81756	4.4365234
10.3467	122.84113	4.4462891
10.347432	125.29017	4.4560547
10.348038	129.77423	4.4658203
10.348235	137.09621	4.4755859
10.349718	136.27551	4.4853516
10.350448	130.66263	4.4951172
10.350691	128.33447	4.5048828
10.352068	126.31978	4.5146484
10.35294	129.81432	4.5244141
10.353668	138.52077	4.5341797
10.354676	137.54398	4.5439453
10.354702	140.53523	4.5537109
10.356232	132.24699	4.5634766
10.357183	128.22844	4.5732422
10.357448	133.76358	4.5830078
10.358819	138.72446	4.5927734
10.35899	143.39694	4.6025391
10.36003	140.20776	4.6123047
10.359574	136.16594	4.6220703
10.362327	136.85239	4.6318359
10.362903	134.06801	4.6416016
10.363283	139.61501	4.6513672
10.363744	144.74243	4.6611328
10.364259	145.64914	4.6708984
10.366195	145.05014	4.6806641
10.366742	135.05164	4.6904297
10.367002	137.74101	4.7001953
10.367448	143.03714	4.7099609
10.368777	148.74178	4.7197266
10.370303	149.82394	4.7294922
10.370946	146.0237	4.7392578
10.371813	143.96083	4.7490234
10.372184	144.66388	4.7587891
10.373435	142.80153	4.7685547
10.373907	147.79239	4.7783203
10.374375	152.50099	4.7880859
10.374659	154.08154	4.7978516
10.376456	148.27191	4.8076172
10.377506	145.98061	4.8173828
10.377101	146.42706	4.8271484
10.379212	150.98671	4.8369141
10.379203	154.57718	4.8466797
10.380145	155.96027	4.8564453
10.380038	152.5625	4.8662109
10.38161	151.67392	4.8759766
10.382708	150.29282	4.8857422
10.383782	146.85515	4.8955078
10.383677	152.98923	4.9052734
10.385072	156.54213	4.9150391
10.385861	153.64049	4.9248047
10.386525	155.0773	4.9345703
10.387357	148.24222	4.9443359
10.388092	150.8425	4.9541016
10.38975	154.48412	4.9638672
10.390097	155.66844	4.9736328
10.390521	161.57719	4.9833984
10.392771	158.18623	4.9931641
10.391764	155.8131	5.0029297
10.393548	151.47264	5.0126953
10.395774	152.8033	5.0224609
10.39508	161.3728	5.0322266
10.395564	163.4894	5.0419922
10.396849	163.20209	5.0517578
10.397641	158.86201	5.0615234
10.397573	155.08258	5.0712891
10.399296	157.7338	5.0810547
10.399224	159.52692	5.0908203
10.400658	166.7872	5.1005859
10.401184	168.93045	5.1103516
10.402194	165.60492	5.1201172
10.403291	159.62674	5.1298828
10.40295	156.75525	5.1396484
10.404672	161.16037	5.1494141
10.405984	169.86192	5.1591797
10.405671	171.15942	5.1689453
10.407312	167.72023	5.1787109
10.406873	164.68777	5.1884766
10.410017	162.38469	5.1982422
10.409749	164.60799	5.2080078
10.411006	169.94998	5.2177734
10.411208	172.50462	5.2275391
10.411486	175.96584	5.2373047
10.412421	168.77798	5.2470703
10.413482	163.71809	5.2568359
10.414906	167.24493	5.2666016
10.414234	172.42184	5.2763672
10.416087	179.27034	5.2861328
10.41655	176.56522	5.2958984
10.41839	173.91936	5.3056641
10.41958	171.44975	5.3154297
10.419733	169.47133	5.3251953
10.421089	175.06519	5.3349609
10.420712	178.2097	5.3447266
10.421711	182.22957	5.3544922
10.423711	181.02124	5.3642578
10.423293	172.03699	5.3740234
10.424436	174.10725	5.3837891
10.425608	176.02722	5.3935547
10.425106	181.62099	5.4033203
10.427155	184.72131	5.4130859
10.427116	182.92017	5.4228516
10.429168	180.62453	5.4326172
10.428943	178.61464	5.4423828
10.4306	178.56296	5.4521484
10.431317	181.82146	5.4619141
10.432077	186.52573	5.4716797
10.430605	189.79659	5.4814453
10.432832	186.66098	5.4912109
10.434199	182.46399	5.5009766
10.435082	182.31136	5.5107422
10.435596	184.15657	5.5205078
10.436407	189.67424	5.5302734
10.436539	190.02278	5.5400391
10.437527	191.20494	5.5498047
10.439858	190.05925	5.5595703
10.439939	186.53645	5.5693359
10.440421	183.38193	5.5791016
10.441175	190.01276	5.5888672
10.442562	193.64716	5.5986328
10.442728	195.8661	5.6083984
10.444344	194.67551	5.6181641
10.444235	188.72661	5.6279297
10.444711	189.25961	5.6376953
10.446015	190.18007	5.6474609
10.447734	195.49808	5.6572266
10.448509	198.91035	5.6669922
10.448433	199.07999	5.6767578
10.449386	196.47929	5.6865234
10.449251	190.01761	5.6962891
10.451803	189.62206	5.7060547
10.452514	199.15601	5.7158203
10.452588	200.91347	5.7255859
10.454083	204.01404	5.7353516
10.45495	197.15556	5.7451172
10.455466	196.81273	5.7548828
10.455874	196.1842	5.7646484
10.456668	196.60248	5.7744141
10.457313	203.38863	5.7841797
10.459135	208.42981	5.7939453
10.458653	207.37654	5.8037109
10.459904	200.73369	5.8134766
10.459884	194.69406	5.8232422
10.461259	200.0666	5.8330078
10.462868	208.08684	5.8427734
10.463562	209.92116	5.8525391
10.465046	208.85181	5.8623047
10.46601	204.83961	5.8720703
10.465847	203.27206	5.8818359
10.466728	203.97536	5.8916016
10.467009	207.31282	5.9013672
10.468213	213.37555	5.9111328
10.469109	213.82144	5.9208984
10.469678	210.98907	5.9306641
10.470218	205.01967	5.9404297
10.470158	202.90834	5.9501953
10.472097	211.12025	5.9599609
10.473056	216.67332	5.9697266
10.473706	215.64867	5.9794922
10.474023	215.33937	5.9892578
10.474658	212.77148	5.9990234
10.476155	209.43861	6.0087891
10.476345	212.45395	6.0185547
10.47869	214.19519	6.0283203
10.478974	222.43932	6.0380859
10.479646	222.93497	6.0478516
10.479805	214.93774	6.0576172
10.480639	215.42851	6.0673828
10.481723	212.78015	6.0771484
10.482253	221.47766	6.0869141
10.483636	221.00375	6.0966797
10.483989	223.18491	6.1064453
10.484858	223.10762	6.1162109
10.486346	218.38414	6.1259766
10.485794	219.01601	6.1357422
10.488152	217.71909	6.1455078
10.488674	223.43118	6.1552734
10.489839	229.58517	6.1650391
10.49032	224.75513	6.1748047
10.490788	224.76678	6.1845703
10.491812	221.46486	6.1943359
10.492041	221.07487	6.2041016
10.493789	225.9882	6.2138672
10.493826	227.91364	6.2236328
10.495013	231.44728	6.2333984
10.495712	232.12015	6.2431641
10.496245	226.1498	6.2529297
10.498402	223.70625	6.2626953
10.49881	226.74251	6.2724609
10.498933	231.51228	6.2822266
10.500325	235.16782	6.2919922
10.5005	234.49519	6.3017578
10.50226	230.07793	6.3115234
10.501779	230.26698	6.3212891
10.50342	228.13222	6.3310547
10.50411	231.74837	6.3408203
10.504378	236.49783	6.3505859
10.506124	240.16608	6.3603516
10.506979	237.73419	6.3701172
10.506839	230.01924	6.3798828
10.507034	229.45976	6.3896484
10.509451	236.24713	6.3994141
10.509727	240.10895	6.4091797
10.509698	244.20784	6.4189453
10.511215	239.52187	6.4287109
10.512011	236.03313	6.4384766
10.513635	234.39488	6.4482422
10.513974	234.44208	6.4580078
10.514944	241.97751	6.4677734
10.51463	245.63919	6.4775391
10.51498	247.59866	6.4873047
10.516313	241.56963	6.4970703
10.517496	234.44693	6.5068359
10.517799	239.96306	6.5166016
10.519519	244.05472	6.5263672
10.519679	249.78648	6.5361328
10.521615	248.84634	6.5458984
10.520843	245.22623	6.5556641
10.522663	243.63307	6.5654297
10.524089	239.1671	6.5751953
10.523845	244.70105	6.5849609
10.524456	250.36865	6.5947266
10.52673	254.64409	6.6044922
10.526114	252.53311	6.6142578
10.527888	245.6414	6.6240234
10.529018	244.3392	6.6337891
10.528703	249.69331	6.6435547
10.529376	253.55301	6.6533203
10.531589	257.01697	6.6630859
10.531974	253.8344	6.6728516
10.531557	253.752	6.6826172
10.533505	248.90656	6.6923828
10.533889	248.61023	6.7021484
10.535014	253.61827	6.7119141
10.534557	259.49225	6.7216797
10.537368	261.11078	6.7314453
10.538443	257.36136	6.7412109
10.538225	254.34676	6.7509766
10.539026	251.83456	6.7607422
10.539712	256.81247	6.7705078
10.539848	257.8804	6.7802734
10.541242	261.83926	6.7900391
10.541952	265.66394	6.7998047
10.543161	259.21103	6.8095703
10.544414	258.54745	6.8193359
10.544363	256.07788	6.8291016
10.545515	261.81131	6.8388672
10.546121	267.67584	6.8486328
10.546805	264.63507	6.8583984
10.54894	266.0097	6.8681641
10.549434	261.93726	6.8779297
10.549067	261.48837	6.8876953
10.550748	262.6806	6.8974609
10.551348	264.78748	6.9072266
10.552501	272.2251	6.9169922
10.55337	271.11523	6.9267578
10.553273	266.71942	6.9365234
10.554486	262.37875	6.9462891
10.554827	262.31723	6.9560547
10.555538	270.5365	6.9658203
10.556961	272.62653	6.9755859
10.558603	275.84647	6.9853516
10.557833	272.42374	6.9951172
10.560276	268.95404	7.0048828
10.561049	268.43259	7.0146484
10.560643	267.79239	7.0244141
10.561853	276.81427	7.0341797
10.562072	282.29706	7.0439453
10.563107	278.2226	7.0537109
10.56435	271.1991	7.0634766
10.564556	269.23676	7.0732422
10.564986	273.22559	7.0830078
10.566057	278.68088	7.0927734
10.566784	282.31171	7.1025391
10.567662	280.39987	7.1123047
10.568306	279.65771	7.1220703
10.569351	273.98785	7.1318359
10.570032	271.77252	7.1416016
10.571409	280.3447	7.1513672
10.572147	284.14981	7.1611328
10.573811	289.56055	7.1708984
10.57404	280.06808	7.1806641
10.575128	275.09586	7.1904297
10.574507	276.98315	7.2001953
10.575567	281.11972	7.2099609
10.577309	288.58606	7.2197266
10.578243	287.55414	7.2294922
10.57859	287.63037	7.2392578
10.5784	285.6636	7.2490234
10.579887	278.66501	7.2587891
10.580634	281.67847	7.2685547
10.582236	288.03464	7.2783203
10.582983	292.14069	7.2880859
10.584322	293.68756	7.2978516
10.584127	285.10501	7.3076172
10.585363	285.43378	7.3173828
10.58558	286.69144	7.3271484
10.587898	289.46811	7.3369141
10.587053	294.36185	7.3466797
10.589272	294.62616	7.3564453
10.59048	295.2836	7.3662109
10.590308	290.08267	7.3759766
10.589855	287.91696	7.3857422
10.592002	290.81763	7.3955078
10.592292	296.26276	7.4052734
10.594242	299.06049	7.4150391
10.595611	296.83514	7.4248047
10.59629	293.93713	7.4345703
10.595828	293.27075	7.4443359
10.596484	295.02628	7.4541016
10.597206	294.69003	7.4638672
10.598458	299.25092	7.4736328
10.599133	301.98499	7.4833984
10.59957	300.9129	7.4931641
10.600008	295.47528	7.5029297
10.600887	293.30408	7.5126953
10.602858	299.7746	7.5224609
10.604044	301.84045	7.5322266
10.60466	303.85025	7.5419922
10.604109	306.73221	7.5517578
10.60586	301.55786	7.5615234
10.606003	300.56821	7.5712891
10.607844	298.59003	7.5810547
10.60826	302.20502	7.5908203
10.608601	309.81772	7.6005859
10.609565	309.44296	7.6103516
10.611131	308.45724	7.6201172
10.612045	302.14673	7.6298828
10.612933	302.05301	7.6396484
10.613589	309.29858	7.6494141
10.612738	309.05991	7.6591797
10.614234	316.77917	7.6689453
10.615047	311.28244	7.6787109
10.616641	309.1705	7.6884766
10.617723	306.70786	7.6982422
10.618684	303.61856	7.7080078
10.618045	311.84311	7.7177734
10.619122	318.53238	7.7275391
10.621259	316.40051	7.7373047
10.620831	311.73767	7.7470703
10.621963	307.54666	7.7568359
10.622058	308.67099	7.7666016
10.623787	312.52246	7.7763672
10.624779	318.42865	7.7861328
10.625484	320.29318	7.7958984
10.625938	319.31815	7.8056641
10.625812	312.98895	7.8154297
10.627941	310.62207	7.8251953
10.629172	315.30655	7.8349609
10.628639	322.98672	7.8447266
10.629059	326.87311	7.8544922
10.630953	322.39337	7.8642578
10.631948	315.44873	7.8740234
10.633408	315.87509	7.8837891
10.633769	318.78873	7.8935547
10.632191	322.7164	7.9033203
10.634433	325.21817	7.9130859
10.636082	327.97372	7.9228516
10.635852	324.37946	7.9326172
10.638005	316.5574	7.9423828
10.63735	320.8526	7.9521484
10.637952	322.98892	7.9619141
10.639441	332.07349	7.9716797
10.640275	330.54309	7.9814453
10.641668	325.04379	7.9912109
10.641942	324.59494	8.0009766
10.641982	323.67648	8.0107422
10.643819	327.27606	8.0205078
10.645251	329.96088	8.0302734
10.645478	331.63272	8.0400391
10.6461	335.8584	8.0498047
10.647269	328.15167	8.0595703
10.648108	328.58414	8.0693359
10.649065	326.43661	8.0791016
10.649247	332.08051	8.0888672
10.649943	336.63147	8.0986328
10.650073	335.18503	8.1083984
10.652228	334.71542	8.1181641
10.651444	332.0592	8.1279297
10.65436	330.46347	8.1376953
10.654778	332.58081	8.1474609
10.655	337.32718	8.1572266
10.656001	341.39279	8.1669922
10.656299	341.71994	8.1767578
10.657931	335.94901	8.1865234
10.657494	333.6225	8.1962891
10.659239	335.42587	8.2060547
10.660045	339.05032	8.2158203
10.661062	341.82874	8.2255859
10.661942	344.38199	8.2353516
10.662729	342.14557	8.2451172
10.662881	339.81323	8.2548828
10.664192	335.46295	8.2646484
10.665094	336.46252	8.2744141
10.665925	345.41064	8.2841797
10.666972	348.35367	8.2939453
10.668059	347.89163	8.3037109
10.668175	339.33569	8.3134766
10.669598	339.74689	8.3232422
10.670832	343.36417	8.3330078
10.670278	344.94968	8.3427734
10.670876	352.79459	8.3525391
10.672489	349.1489	8.3623047
10.673311	349.29233	8.3720703
10.674491	343.82574	8.3818359
10.673829	339.75464	8.3916016
10.675407	349.47525	8.4013672
10.676002	355.34021	8.4111328
10.676882	356.61118	8.4208984
10.677419	351.82233	8.4306641
10.678414	346.14206	8.4404297
10.679289	349.3819	8.4501953
10.680594	349.74728	8.4599609
10.680207	355.54523	8.4697266
10.681665	359.5686	8.4794922
10.682694	358.65659	8.4892578
10.683926	354.06561	8.4990234
10.685851	347.95398	8.5087891
10.685009	350.74084	8.5185547
10.685923	357.9176	8.5283203
10.686872	362.64926	8.5380859
10.686918	360.76407	8.5478516
10.687429	355.95697	8.5576172
10.689881	353.65018	8.5673828
10.690213	356.42502	8.5771484
10.691324	359.60907	8.5869141
10.691706	361.85849	8.5966797
10.692257	366.40213	8.6064453
10.692702	363.13818	8.6162109
10.694499	357.27744	8.6259766
10.695077	355.67725	8.6357422
10.695575	359.82193	8.6455078
10.696614	367.56949	8.6552734
10.697123	368.12912	8.6650391
10.698771	366.97412	8.6748047
10.699605	363.91992	8.6845703
10.700076	362.34058	8.6943359
10.700194	364.17987	8.7041016
10.701921	365.88269	8.7138672
10.702522	369.66516	8.7236328
10.702937	375.26004	8.7333984
10.704005	368.22827	8.7431641
10.704427	366.44937	8.7529297
10.705803	363.49478	8.7626953
10.707348	367.9147	8.7724609
10.707982	373.49646	8.7822266
10.709192	371.14038	8.7919922
10.707706	373.94727	8.8017578
10.709389	370.67438	8.8115234
10.71015	368.14713	8.8212891
10.71045	367.92697	8.8310547
10.711229	371.76376	8.8408203
10.712938	380.35681	8.8505859
10.71425	379.24997	8.8603516
10.714799	374.73105	8.8701172
10.714965	370.95734	8.8798828
10.715234	370.46298	8.8896484
10.716899	375.56448	8.8994141
10.717546	377.75748	8.9091797
10.718204	381.74698	8.9189453
10.719792	383.24496	8.9287109
10.720853	377.24893	8.9384766
10.720662	373.19467	8.9482422
10.722246	373.4635	8.9580078
10.722767	380.71335	8.9677734
10.722974	388.24161	8.9775391
10.72487	388.02188	8.9873047
10.725564	381.32852	8.9970703
10.726658	376.93082	9.0068359
10.72746	377.80414	9.0166016
10.727807	382.41754	9.0263672
10.727171	387.57385	9.0361328
10.729142	390.2312	9.0458984
10.73029	390.05551	9.0556641
10.731328	383.30286	9.0654297
10.731328	378.90222	9.0751953
10.732558	383.80267	9.0849609
10.732315	390.76404	9.0947266
10.733871	396.25125	9.1044922
10.734134	391.40942	9.1142578
10.736192	387.41229	9.1240234
10.735711	385.61224	9.1337891
10.737253	384.51196	9.1435547
10.737215	393.17966	9.1533203
10.739696	396.96744	9.1630859
10.73899	397.28537	9.1728516
10.740697	394.67212	9.1826172
10.740561	384.87866	9.1923828
10.743497	387.8786	9.2021484
10.743072	393.33472	9.2119141
10.743815	399.34204	9.2216797
10.745062	401.48575	9.2314453
10.745314	397.056	9.2412109
10.746588	393.41125	9.2509766
10.747189	391.88419	9.2607422
10.749159	393.7157	9.2705078
10.748476	400.37033	9.2802734
10.74995	403.06421	9.2900391
10.749959	402.98996	9.2998047
10.750799	398.09598	9.3095703
10.753035	394.74835	9.3193359
10.751307	397.82642	9.3291016
10.75391	401.94626	9.3388672
10.754292	405.8699	9.3486328
10.755333	405.42828	9.3583984
10.755904	405.0553	9.3681641
10.75645	401.97775	9.3779297
10.757461	399.79108	9.3876953
10.758768	399.89517	9.3974609
10.760797	408.362	9.4072266
10.76062	410.66898	9.4169922
10.759509	408.53162	9.4267578
10.761869	406.80511	9.4365234
10.762589	401.2124	9.4462891
10.763188	406.836	9.4560547
10.764409	408.70221	9.4658203
10.765813	410.84	9.4755859
10.765948	413.41818	9.4853516
10.76661	412.05673	9.4951172
10.76745	407.86411	9.5048828
10.768538	403.871	9.5146484
10.769418	407.2189	9.5244141
10.770269	417.47351	9.5341797
10.770587	417.9079	9.5439453
10.770959	417.50125	9.5537109
10.772511	410.02997	9.5634766
10.772557	408.16513	9.5732422
10.774748	412.77905	9.5830078
10.774308	413.77097	9.5927734
10.776372	422.6788	9.6025391
10.776775	422.72476	9.6123047
10.777254	417.9989	9.6220703
10.777898	412.24789	9.6318359
10.778365	409.34879	9.6416016
10.780204	418.04318	9.6513672
10.779613	425.86905	9.6611328
10.781584	425.92114	9.6708984
10.781453	421.64471	9.6806641
10.782892	417.86255	9.6904297
10.783391	417.60703	9.7001953
10.784628	418.65439	9.7099609
10.784774	425.65186	9.7197266
10.786721	429.89749	9.7294922
10.787593	430.06891	9.7392578
10.787606	421.04633	9.7490234
10.78907	416.776	9.7587891
10.789652	419.69611	9.7685547
10.789993	427.60278	9.7783203
10.792242	432.51291	9.7880859
10.791443	430.77472	9.7978516
10.792933	426.61707	9.8076172
10.793329	423.93478	9.8173828
10.795276	422.1647	9.8271484
10.795476	429.047	9.8369141
10.795426	430.86996	9.8466797
10.797094	437.302	9.8564453
10.797142	433.38483	9.8662109
10.79846	424.98685	9.8759766
10.799026	425.91406	9.8857422
10.800884	428.47122	9.8955078
10.80111	434.47833	9.9052734
10.802292	437.90668	9.9150391
10.802	436.11581	9.9248047
10.802333	435.98782	9.9345703
10.804325	429.30096	9.9443359
10.804222	431.08215	9.9541016
10.805475	434.18808	9.9638672
10.807127	441.01822	9.9736328
10.807307	444.62302	9.9833984
10.807862	436.38116	9.9931641
10.809482	434.1452	10.00293
10.809882	434.3996	10.012695
10.810946	438.42102	10.022461
10.810468	441.84329	10.032227
10.811659	443.34909	10.041992
10.812398	444.98853	10.051758
10.813732	442.13263	10.061523
10.814125	436.79532	10.071289
10.81534	436.87009	10.081055
10.816552	443.80576	10.09082
10.816546	449.34055	10.100586
10.818414	447.80206	10.110352
10.818604	443.94852	10.120117
10.818691	441.45422	10.129883
10.820414	442.54718	10.139648
10.821477	444.87796	10.149414
10.820469	448.33792	10.15918
10.822874	452.48917	10.168945
10.823212	451.62823	10.178711
10.824646	446.76437	10.188477
10.825704	440.4371	10.198242
10.826062	445.069	10.208008
10.827024	452.00067	10.217773
10.827837	456.00308	10.227539
10.828697	457.00217	10.237305
10.829752	450.62839	10.24707
10.829271	447.52646	10.256836
10.83163	447.52872	10.266602
10.830824	449.60962	10.276367
10.832513	457.88858	10.286133
10.833461	459.82373	10.295898
10.834167	456.58463	10.305664
10.834902	451.13156	10.31543
10.836508	445.72708	10.325195
10.836156	452.95114	10.334961
10.837538	459.62115	10.344727
10.838194	463.92288	10.354492
10.839067	462.95813	10.364258
10.839978	456.064	10.374023
10.840984	455.49692	10.383789
10.841321	453.16812	10.393555
10.841815	460.25012	10.40332
10.84296	466.17953	10.413086
10.84447	467.06	10.422852
10.844249	463.52509	10.432617
10.844985	453.91544	10.442383
10.846372	454.9176	10.452148
10.847193	464.06696	10.461914
10.847329	467.84409	10.47168
10.848821	468.28033	10.481445
10.850117	467.4953	10.491211
10.851156	462.17593	10.500977
10.850821	458.78311	10.510742
10.852413	462.26083	10.520508
10.853129	467.3389	10.530273
10.853452	475.63446	10.540039
10.854755	471.79208	10.549805
10.854862	466.17673	10.55957
10.856711	463.08972	10.569336
10.856798	465.22424	10.579102
10.858578	472.13565	10.588867
10.859085	473.69354	10.598633
10.860026	473.3295	10.608398
10.859818	473.84354	10.618164
10.86089	467.0087	10.62793
10.861632	468.78339	10.637695
10.861971	468.95401	10.647461
10.863956	475.4946	10.657227
10.864837	480.86026	10.666992
10.865553	473.52997	10.676758
10.865367	474.19879	10.686523
10.866175	469.21909	10.696289
10.867519	472.0885	10.706055
10.868002	476.49319	10.71582
10.869086	478.57034	10.725586
10.870179	482.72382	10.735352
10.871411	480.16833	10.745117
10.871697	475.14789	10.754883
10.872813	474.26157	10.764648
10.87338	476.84052	10.774414
10.87387	484.77411	10.78418
10.875847	486.39795	10.793945
10.87608	482.18564	10.803711
10.876658	480.02606	10.813477
10.876998	478.46463	10.823242
10.878803	478.75967	10.833008
10.878463	483.22873	10.842773
10.880085	488.5672	10.852539
10.88098	490.02634	10.862305
10.882033	484.72974	10.87207
10.882348	478.59491	10.881836
10.883004	480.87857	10.891602
10.883723	486.40656	10.901367
10.883553	491.13431	10.911133
10.885738	495.0835	10.920898
10.885255	488.86478	10.930664
10.887102	486.24231	10.94043
10.888058	483.33243	10.950195
10.88838	482.08478	10.959961
10.888885	492.64038	10.969727
10.890307	496.55682	10.979492
10.891379	496.82785	10.989258
10.891816	490.3132	10.999023
10.893273	484.38205	11.008789
10.894742	487.68985	11.018555
10.89468	492.63443	11.02832
10.894965	500.78528	11.038086
10.896585	498.34604	11.047852
10.897498	494.54279	11.057617
10.897975	492.26312	11.067383
10.899337	488.54767	11.077148
10.899251	494.91324	11.086914
10.900489	501.42395	11.09668
10.901027	503.84879	11.106445
10.901668	501.27118	11.116211
10.902922	491.89447	11.125977
10.902496	492.19247	11.135742
10.90354	498.85715	11.145508
10.905002	501.73663	11.155273
10.906243	505.43857	11.165039
10.906541	505.13632	11.174805
10.907195	501.4335	11.18457
10.909273	496.38651	11.194336
10.909477	497.29379	11.204102
10.909752	501.76663	11.213867
10.911059	509.37097	11.223633
10.911349	510.33676	11.233398
10.91245	504.62973	11.243164
10.913191	500.07999	11.25293
10.914246	500.99683	11.262695
10.914514	504.60852	11.272461
10.91533	507.33691	11.282227
10.917507	513.30865	11.291992
10.916925	511.88809	11.301758
10.917229	505.89301	11.311523
10.918763	504.5675	11.321289
10.919561	502.65533	11.331055
10.920101	511.77078	11.34082
10.921374	516.07709	11.350586
10.922177	512.36914	11.360352
10.92272	513.55365	11.370117
10.924133	506.9834	11.379883
10.923973	508.43866	11.389648
10.924634	512.42053	11.399414
10.926031	513.97498	11.40918
10.92606	520.92139	11.418945
10.927813	519.11914	11.428711
10.928454	513.78406	11.438477
10.929503	508.94672	11.448242
10.930017	512.22534	11.458008
10.932576	520.34357	11.467773
10.931918	519.01331	11.477539
10.933359	523.84503	11.487305
10.93327	518.86957	11.49707
10.934466	513.43237	11.506836
10.935179	514.08124	11.516602
10.935404	515.91785	11.526367
10.936103	524.11884	11.536133
10.93746	529.37738	11.545898
10.937858	524.63135	11.555664
10.93954	517.90295	11.56543
10.939466	514.49365	11.575195
10.940062	518.01917	11.584961
10.942125	526.92303	11.594727
10.942507	530.26587	11.604492
10.944106	528.88867	11.614258
10.944067	524.76825	11.624023
10.944886	520.26245	11.633789
10.946355	520.26721	11.643555
10.946502	526.28235	11.65332
10.946811	532.61163	11.663086
10.94903	534.82776	11.672852
10.94904	526.38672	11.682617
10.949239	522.00159	11.692383
10.951225	523.69769	11.702148
10.951392	528.25513	11.711914
10.952228	535.79791	11.72168
10.953301	535.5451	11.731445
10.953574	535.54193	11.741211
10.954641	530.38593	11.750977
10.955726	522.90582	11.760742
10.956782	531.14001	11.770508
10.956985	535.48474	11.780273
10.95742	540.88721	11.790039
10.959074	538.88599	11.799805
10.958862	530.70679	11.80957
10.960702	530.75018	11.819336
10.960503	533.85889	11.829102
10.96137	536.21643	11.838867
10.96273	541.00653	11.848633
10.964306	541.50262	11.858398
10.964083	542.33087	11.868164
10.966253	532.20142	11.87793
10.96584	532.36804	11.887695
10.966869	537.63647	11.897461
10.967129	543.36469	11.907227
10.968862	544.92981	11.916992
10.968967	541.30774	11.926758
10.97033	538.20898	11.936523
10.970001	539.85468	11.946289
10.971209	538.82251	11.956055
10.972998	542.10278	11.96582
10.973619	545.87115	11.975586
10.97458	549.81561	11.985352
10.97512	545.97791	11.995117
10.974726	540.19812	12.004883
10.976626	539.94458	12.014648
10.977737	544.47095	12.024414
10.97906	550.052	12.03418
10.979127	551.06787	12.043945
10.98044	549.80939	12.053711
10.980208	546.64929	12.063477
10.981259	543.9469	12.073242
10.981385	544.82788	12.083008
10.983314	548.8786	12.092773
10.983682	556.67468	12.102539
10.984996	555.97314	12.112305
10.986024	552.71484	12.12207
10.986296	545.94434	12.131836
10.986954	546.67584	12.141602
10.987901	553.14093	12.151367
10.988772	555.10059	12.161133
10.989698	558.21997	12.170898
10.990705	555.65277	12.180664
10.990845	551.53162	12.19043
10.992388	550.00934	12.200195
10.992552	549.7005	12.209961
10.99437	559.57471	12.219727
10.994887	564.2052	12.229492
10.995314	561.6347	12.239258
10.996201	553.53265	12.249023
10.996415	548.38245	12.258789
10.997663	554.91968	12.268555
10.998954	557.23663	12.27832
10.999082	564.73114	12.288086
10.999874	565.31946	12.297852
11.000929	560.85406	12.307617
11.0018	556.57544	12.317383
11.002876	554.01733	12.327148
11.003332	558.64258	12.336914
11.005574	567.26099	12.34668
11.004825	570.23962	12.356445
11.005475	563.38617	12.366211
11.00655	559.52344	12.375977
11.007405	557.82935	12.385742
11.008654	560.41565	12.395508
11.009229	567.13635	12.405273
11.009619	570.2807	12.415039
11.011333	570.91766	12.424805
11.012209	565.40283	12.43457
11.01222	559.82074	12.444336
11.013226	564.12939	12.454102
11.014261	568.03442	12.463867
11.014569	575.99237	12.473633
11.016128	573.66479	12.483398
11.017012	568.2077	12.493164
11.017114	565.82526	12.50293
11.018248	565.14313	12.512695
11.017853	569.62714	12.522461
11.019386	573.06091	12.532227
11.02053	577.66089	12.541992
11.02175	577.39374	12.551758
11.021464	567.8515	12.561523
11.022644	568.26263	12.571289
11.023512	568.23206	12.581055
11.02495	575.21643	12.59082
11.025764	581.22296	12.600586
11.02667	576.33752	12.610352
11.026368	576.70618	12.620117
11.028087	574.77075	12.629883
11.029453	572.57813	12.639648
11.028573	576.97449	12.649414
11.030123	579.57446	12.65918
11.031512	585.27771	12.668945
11.032417	580.03729	12.678711
11.033186	576.88422	12.688477
11.033787	573.4093	12.698242
11.034168	578.18671	12.708008
11.035327	583.38971	12.717773
11.034758	584.63562	12.727539
11.036976	587.50629	12.737305
11.03737	583.43201	12.74707
11.037709	578.59253	12.756836
11.039223	576.57184	12.766602
11.040133	581.82397	12.776367
11.040905	588.27582	12.786133
11.041042	591.30933	12.795898
11.042921	588.39893	12.805664
11.04383	580.94452	12.81543
11.044655	581.86139	12.825195
11.044695	584.49292	12.834961
11.046135	589.1709	12.844727
11.046885	594.62683	12.854492
11.04641	593.36969	12.864258
11.048359	589.49524	12.874023
11.049242	584.15094	12.883789
11.050602	580.57043	12.893555
11.050472	592.11261	12.90332
11.051813	595.95892	12.913086
11.052479	597.46625	12.922852
11.054109	591.00488	12.932617
11.054417	585.54498	12.942383
11.055655	588.50922	12.952148
11.055713	590.38281	12.961914
11.056361	598.42212	12.97168
11.057869	599.80231	12.981445
11.057813	598.46112	12.991211
11.059367	593.96423	13.000977
11.059478	586.79333	13.010742
11.060284	592.05963	13.020508
11.060893	601.22894	13.030273
11.061419	604.13477	13.040039
11.061983	601.69025	13.049805
11.064874	595.62683	13.05957
11.064523	593.68768	13.069336
11.065464	594.86261	13.079102
11.066591	600.33545	13.088867
11.066804	604.49091	13.098633
11.067797	607.56635	13.108398
11.068393	602.04034	13.118164
11.068389	595.68726	13.12793
11.070277	594.25201	13.137695
11.071303	600.5498	13.147461
11.072079	608.88727	13.157227
11.072147	608.17407	13.166992
11.073155	606.85803	13.176758
11.074142	602.71851	13.186523
11.075807	601.90228	13.196289
11.076112	602.61676	13.206055
11.076369	605.20911	13.21582
11.077192	612.27435	13.225586
11.077908	613.17401	13.235352
11.079889	605.78809	13.245117
11.079702	604.90814	13.254883
11.081519	602.80829	13.264648
11.081185	609.54968	13.274414
11.08352	613.94507	13.28418
11.083162	612.31683	13.293945
11.083709	615.29358	13.303711
11.085134	610.24396	13.313477
11.08619	607.46399	13.323242
11.086564	608.65247	13.333008
11.086784	611.86255	13.342773
11.087784	620.05847	13.352539
11.088958	617.52008	13.362305
11.090053	613.16064	13.37207
11.090801	609.74731	13.381836
11.091171	611.42108	13.391602
11.091855	614.72449	13.401367
11.093201	618.41559	13.411133
11.093634	621.87177	13.420898
11.094901	620.74963	13.430664
11.095996	614.85107	13.44043
11.096524	611.34363	13.450195
11.09717	612.85754	13.459961
11.098047	621.16669	13.469727
11.097662	627.40131	13.479492
11.099037	625.71472	13.489258
11.101047	617.6767	13.499023
11.101519	615.78357	13.508789
11.101904	619.67871	13.518555
11.10335	621.30853	13.52832
11.10309	627.67169	13.538086
11.104099	629.42853	13.547852
11.104625	626.59235	13.557617
11.10655	618.29224	13.567383
11.106084	617.37469	13.577148
11.107694	623.74585	13.586914
11.107618	629.94537	13.59668
11.109299	634.78223	13.606445
11.109661	629.10303	13.616211
11.1107	624.5965	13.625977
11.111398	621.6792	13.635742
11.111948	621.73859	13.645508
11.113745	632.94885	13.655273
11.115175	635.12268	13.665039
11.115275	635.09326	13.674805
11.116789	630.22064	13.68457
11.116622	623.20062	13.694336
11.117534	626.5437	13.704102
11.117205	632.50476	13.713867
11.11894	639.11859	13.723633
11.120024	636.77411	13.733398
11.120705	632.78345	13.743164
11.121564	632.81885	13.75293
11.121778	628.97467	13.762695
11.124297	631.638	13.772461
11.124917	639.34534	13.782227
11.125387	640.92072	13.791992
11.125219	641.02271	13.801758
11.128073	632.63782	13.811523
11.125338	631.18774	13.821289
11.12781	634.2608	13.831055
11.12858	639.55878	13.84082
11.129502	643.11499	13.850586
11.130539	642.14606	13.860352
11.131835	638.89539	13.870117
11.131937	637.37689	13.879883
11.132831	634.14343	13.889648
11.13306	639.21381	13.899414
11.135232	645.8512	13.90918
11.134569	647.48346	13.918945
11.136333	643.18353	13.928711
11.136593	640.51941	13.938477
11.137971	636.93872	13.948242
11.138821	641.34857	13.958008
11.139915	645.01691	13.967773
11.13939	648.00507	13.977539
11.141047	648.7063	13.987305
11.141626	645.33752	13.99707
11.142757	643.66565	14.006836
11.144068	640.29584	14.016602
11.144641	646.32635	14.026367
11.144865	652.98785	14.036133
11.145967	650.76282	14.045898
11.146906	651.94299	14.055664
11.148306	643.84381	14.06543
11.147754	645.11664	14.075195
11.149423	647.4538	14.084961
11.149344	650.03436	14.094727
11.150516	656.05206	14.104492
11.151718	655.9267	14.114258
11.153134	651.64111	14.124023
11.153579	646.24896	14.133789
11.154137	644.87207	14.143555
11.153766	654.10431	14.15332
11.155693	659.55591	14.163086
11.156239	659.20111	14.172852
11.156788	654.18298	14.182617
11.15739	651.35345	14.192383
11.160278	650.25751	14.202148
11.158351	652.88611	14.211914
11.160086	660.32373	14.22168
11.161525	664.47784	14.231445
11.162491	661.11243	14.241211
11.163271	654.93573	14.250977
11.164471	650.41559	14.260742
11.165511	656.70886	14.270508
11.166513	662.69971	14.280273
11.165596	665.49725	14.290039
11.167285	664.35425	14.299805
11.168242	660.07794	14.30957
11.168731	655.62793	14.319336
11.169955	654.73352	14.329102
11.170694	662.20288	14.338867
11.170407	668.38965	14.348633
11.172559	670.50916	14.358398
11.172286	664.32245	14.368164
11.174384	657.68707	14.37793
11.175121	659.23309	14.387695
11.175543	663.60168	14.397461
11.175049	670.75494	14.407227
11.176669	670.44727	14.416992
11.178134	669.12042	14.426758
11.178838	666.69769	14.436523
11.179458	660.05359	14.446289
11.180322	664.82019	14.456055
11.180443	669.84808	14.46582
11.181378	675.33948	14.475586
11.181778	676.39197	14.485352
11.183734	667.6521	14.495117
11.183938	665.17682	14.504883
11.185078	667.6933	14.514648
11.185439	672.2052	14.524414
11.187208	675.76599	14.53418
11.18722	674.07184	14.543945
11.188733	676.32037	14.553711
11.188258	670.92548	14.563477
11.189393	668.74078	14.573242
11.190099	670.06812	14.583008
11.191353	676.07495	14.592773
11.193669	680.80145	14.602539
11.192393	677.57703	14.612305
11.194209	676.75378	14.62207
11.195245	672.40796	14.631836
11.195896	672.48535	14.641602
11.196383	677.31165	14.651367
11.196536	680.45984	14.661133
11.198191	682.12378	14.670898
11.199294	682.52545	14.680664
11.199912	676.67761	14.69043
11.200293	671.23212	14.700195
11.201058	676.73706	14.709961
11.20231	683.98938	14.719727
11.203107	686.21362	14.729492
11.203384	686.99091	14.739258
11.204395	679.39862	14.749023
11.204451	679.01843	14.758789
11.20629	676.15051	14.768555
11.206694	681.93604	14.77832
11.206749	688.70837	14.788086
11.208827	692.42822	14.797852
11.209887	686.39758	14.807617
11.209828	680.1261	14.817383
11.211315	677.15131	14.827148
11.212304	686.09723	14.836914
11.213719	689.0611	14.84668
11.213402	694.05121	14.856445
11.215019	689.15369	14.866211
11.21549	685.39899	14.875977
11.215253	683.67242	14.885742
11.216943	682.53497	14.895508
11.217363	690.87878	14.905273
11.217996	697.70087	14.915039
11.219529	694.71661	14.924805
11.218924	690.05566	14.93457
11.221238	683.1073	14.944336
11.221573	687.33466	14.954102
11.222676	691.74396	14.963867
11.222875	697.81427	14.973633
11.224172	698.26654	14.983398
11.22397	692.89453	14.993164
11.226509	691.41058	15.00293
11.226418	687.98547	15.012695
11.227519	691.18866	15.022461
11.227947	699.48584	15.032227
11.228364	703.172	15.041992
11.230051	700.37744	15.051758
11.231517	691.90149	15.061523
11.230841	691.29663	15.071289
11.232615	694.08002	15.081055
11.232629	701.13287	15.09082
11.234275	701.56042	15.100586
11.234202	705.47504	15.110352
11.234452	700.89148	15.120117
11.236532	694.49304	15.129883
11.236556	697.37219	15.139648
11.237565	697.78516	15.149414
11.23904	706.31622	15.15918
11.239499	708.63	15.168945
11.24046	701.14105	15.178711
11.240374	701.77209	15.188477
11.242234	698.17377	15.198242
11.242069	703.7937	15.208008
11.243621	705.30878	15.217773
11.244319	708.258	15.227539
11.2466	711.07739	15.237305
11.246371	704.76434	15.24707
11.246475	702.85919	15.256836
11.248468	701.68909	15.266602
11.249048	707.53912	15.276367
11.248956	713.4447	15.286133
11.24952	711.43402	15.295898
11.250586	710.62274	15.305664
11.251411	707.67645	15.31543
11.252173	705.8147	15.325195
11.253252	708.36456	15.334961
11.255069	711.34082	15.344727
11.254593	716.95038	15.354492
11.255754	716.71204	15.364258
11.256779	710.02448	15.374023
11.257112	705.72845	15.383789
11.258851	707.77045	15.393555
11.259288	714.75061	15.40332
11.260356	719.27045	15.413086
11.261074	719.46082	15.422852
11.261068	715.97748	15.432617
11.262214	711.8526	15.442383
11.263542	709.50635	15.452148
11.26441	711.50128	15.461914
11.264134	718.95361	15.47168
11.26529	724.78357	15.481445
11.267397	722.63556	15.491211
11.266891	713.14368	15.500977
11.26679	710.57721	15.510742
11.269477	715.14667	15.520508
11.270897	719.6792	15.530273
11.270826	727.44891	15.540039
11.270741	722.88098	15.549805
11.270928	722.45264	15.55957
11.273199	716.97095	15.569336
11.273018	713.72235	15.579102
11.275725	722.07294	15.588867
11.274498	729.37469	15.598633
11.276624	731.69495	15.608398
11.276991	725.26373	15.618164
11.277943	717.57007	15.62793
11.278447	720.32104	15.637695
11.279649	723.17566	15.647461
11.280282	729.43207	15.657227
11.281471	732.41931	15.666992
11.282583	728.05737	15.676758
11.282134	726.17401	15.686523
11.283692	722.08319	15.696289
11.283448	723.56763	15.706055
11.284952	730.06427	15.71582
11.28596	735.44141	15.725586
11.28612	732.56372	15.735352
11.287841	727.93024	15.745117
11.287989	724.18591	15.754883
11.289261	727.61401	15.764648
11.289914	729.23779	15.774414
11.290872	734.72162	15.78418
11.292063	736.69031	15.793945
11.292698	736.01453	15.803711
11.293062	728.68103	15.813477
11.294015	727.69305	15.823242
11.294466	729.8949	15.833008
11.296169	737.80267	15.842773
11.295818	738.98523	15.852539
11.296449	738.64563	15.862305
11.298748	734.67725	15.87207
11.299733	731.65198	15.881836
11.298861	733.50708	15.891602
11.300469	735.10071	15.901367
11.301641	741.75751	15.911133
11.301211	744.30371	15.920898
11.303025	738.34875	15.930664
11.303335	736.36365	15.94043
11.30427	731.73926	15.950195
11.305695	735.84137	15.959961
11.306542	745.53857	15.969727
11.307019	742.4939	15.979492
11.307748	747.13385	15.989258
11.308704	741.14484	15.999023
11.31008	737.84637	16.008789
11.310222	739.90741	16.018555
11.310732	739.18616	16.02832
11.311038	749.39282	16.038086
11.312454	750.03571	16.047852
11.31404	743.54834	16.057617
11.314062	741.31476	16.067383
11.315532	737.276	16.077148
11.316215	746.63977	16.086914
11.316886	746.56744	16.09668
11.317612	752.13208	16.106445
11.318741	750.41675	16.116211
11.319071	745.15436	16.125977
11.320019	742.21313	16.135742
11.321769	742.64789	16.145508
11.322006	749.38635	16.155273
11.323343	756.3869	16.165039
11.32357	754.87823	16.174805
11.324141	748.49829	16.18457
11.325483	743.82483	16.194336
11.326161	746.24176	16.204102
11.326554	749.31335	16.213867
11.328359	756.46417	16.223633
11.327441	756.20691	16.233398
11.329099	755.82916	16.243164
11.330392	747.75696	16.25293
11.331246	745.70007	16.262695
11.331212	752.00989	16.272461
11.331087	758.56946	16.282227
11.333516	764.28601	16.291992
11.333964	757.83539	16.301758
11.334169	751.36963	16.311523
11.33577	751.073	16.321289
11.336198	752.05774	16.331055
11.338157	759.83447	16.34082
11.337767	760.07544	16.350586
11.33804	762.98901	16.360352
11.340379	761.16083	16.370117
11.341106	751.14514	16.379883
11.339972	753.14368	16.389648
11.342739	759.46082	16.399414
11.343568	765.52777	16.40918
11.342553	766.76306	16.418945
11.34531	760.12775	16.428711
11.344285	759.138	16.438477
11.347326	756.62616	16.448242
11.34691	760.75641	16.458008
11.347703	762.13159	16.467773
11.348879	768.14197	16.477539
11.349571	769.54755	16.487305
11.350941	762.69739	16.49707
11.350821	759.31348	16.506836
11.352229	761.48663	16.516602
11.352756	765.39172	16.526367
11.353369	769.03589	16.536133
11.354205	769.28821	16.545898
11.354729	764.91577	16.555664
11.356358	765.96228	16.56543
11.356004	762.93402	16.575195
11.357711	764.85333	16.584961
11.357576	770.6778	16.594727
11.359956	773.91547	16.604492
11.359604	771.72473	16.614258
11.360514	768.28839	16.624023
11.361896	762.82477	16.633789
11.362664	769.94879	16.643555
11.36375	771.82013	16.65332
11.36347	775.03644	16.663086
11.364851	775.86102	16.672852
11.364632	774.46643	16.682617
11.366471	769.59174	16.692383
11.367519	766.78772	16.702148
11.367523	768.76868	16.711914
11.369115	777.5144	16.72168
11.369759	780.61462	16.731445
11.371016	778.41351	16.741211
11.370793	770.61798	16.750977
11.372173	768.98499	16.760742
11.37332	774.52393	16.770508
11.373356	775.83173	16.780273
11.373916	784.55432	16.790039
11.374901	783.01239	16.799805
11.375439	779.81909	16.80957
11.377241	773.62616	16.819336
11.378533	771.33856	16.829102
11.378121	777.58594	16.838867
11.379506	786.00757	16.848633
11.380704	785.86145	16.858398
11.381147	783.01489	16.868164
11.382263	774.92535	16.87793
11.382625	775.6839	16.887695
11.383404	777.65637	16.897461
11.384961	786.11395	16.907227
11.385313	788.53284	16.916992
11.385114	789.12091	16.926758
11.387293	781.71924	16.936523
11.386717	775.90002	16.946289
11.388838	778.79565	16.956055
11.388467	787.72308	16.96582
11.389677	791.73242	16.975586
11.391446	789.80847	16.985352
11.391298	787.46417	16.995117
11.392488	782.58411	17.004883
11.393572	782.80377	17.014648
11.394079	787.09167	17.024414
11.394427	790.48022	17.03418
11.395416	796.13434	17.043945
11.396983	791.68604	17.053711
11.396944	782.91046	17.063477
11.396883	786.03235	17.073242
11.398249	786.35303	17.083008
11.400068	794.88324	17.092773
11.400203	795.68463	17.102539
11.400993	792.87573	17.112305
11.402247	790.7038	17.12207
11.402396	788.46155	17.131836
11.403181	788.85297	17.141602
11.404676	792.09674	17.151367
11.405044	797.3512	17.161133
11.406094	801.27441	17.170898
11.407339	792.64911	17.180664
11.40762	793.38568	17.19043
11.409453	791.05304	17.200195
11.408955	794.56378	17.209961
11.409859	801.22638	17.219727
11.411212	798.59412	17.229492
11.411176	800.35364	17.239258
11.412069	797.50317	17.249023
11.414522	791.98883	17.258789
11.414534	793.65277	17.268555
11.414621	797.60938	17.27832
11.415987	804.5769	17.288086
11.417179	804.25812	17.297852
11.418327	800.3512	17.307617
11.417518	796.22534	17.317383
11.418748	795.37329	17.327148
11.420834	799.55365	17.336914
11.420594	802.11688	17.34668
11.422281	806.62689	17.356445
11.422337	805.64728	17.366211
11.423012	801.08264	17.375977
11.424576	794.89264	17.385742
11.424375	800.18774	17.395508
11.424983	805.01514	17.405273
11.425972	810.6225	17.415039
11.427775	811.04993	17.424805
11.427676	803.92963	17.43457
11.428541	801.45648	17.444336
11.429623	801.04272	17.454102
11.430451	804.27179	17.463867
11.431929	812.13641	17.473633
11.433278	811.59454	17.483398
11.432638	811.50861	17.493164
11.433413	803.26196	17.50293
11.435328	799.96362	17.512695
11.435321	807.21954	17.522461
11.435841	812.79175	17.532227
11.437459	817.06622	17.541992
11.438068	813.32135	17.551758
11.439239	807.6911	17.561523
11.437936	807.02777	17.571289
11.44026	805.25867	17.581055
11.440501	814.521	17.59082
11.442147	818.42792	17.600586
11.443402	818.76538	17.610352
11.443548	813.01514	17.620117
11.444694	806.75983	17.629883
11.445758	807.55457	17.639648
11.44625	816.04901	17.649414
11.447703	819.80121	17.65918
11.448066	820.18744	17.668945
11.449006	816.01599	17.678711
11.449873	813.05151	17.688477
11.450004	811.69025	17.698242
11.451203	813.65607	17.708008
11.452295	821.62262	17.717773
11.453099	825.23083	17.727539
11.453991	823.51263	17.737305
11.454309	815.41296	17.74707
11.454782	814.37439	17.756836
11.456645	815.35089	17.766602
11.456395	822.91693	17.776367
11.457672	823.41699	17.786133
11.458187	825.05737	17.795898
11.458667	823.16589	17.805664
11.460017	818.22131	17.81543
11.461368	817.67267	17.825195
11.460666	817.61603	17.834961
11.462937	824.9444	17.844727
11.464078	830.30072	17.854492
11.46347	823.59949	17.864258
11.463973	822.99023	17.874023
11.466588	818.92468	17.883789
11.467038	822.90784	17.893555
11.467505	827.2915	17.90332
11.468773	827.77985	17.913086
11.468692	829.6814	17.922852
11.468987	828.46466	17.932617
11.470407	823.43652	17.942383
11.471968	820.43384	17.952148
11.472488	824.50165	17.961914
11.474283	833.26581	17.97168
11.473709	831.93219	17.981445
11.473646	831.09485	17.991211
11.475323	827.5412	18.000977
11.477536	824.91382	18.010742
11.476627	828.61194	18.020508
11.479577	828.48669	18.030273
11.479332	834.32965	18.040039
11.479151	836.8418	18.049805
11.481085	831.30701	18.05957
11.481145	826.14349	18.069336
11.481463	826.16107	18.079102
11.482951	831.39612	18.088867
11.482542	838.48755	18.098633
11.485212	839.92993	18.108398
11.484927	835.54846	18.118164
11.48622	831.2348	18.12793
11.486641	827.7901	18.137695
11.487456	830.67493	18.147461
11.48866	837.86835	18.157227
11.489362	842.12067	18.166992
11.490194	841.55139	18.176758
11.49142	833.82153	18.186523
11.492271	829.35089	18.196289
11.493475	833.79272	18.206055
11.49361	838.67944	18.21582
11.4936	844.48755	18.225586
11.495473	841.05396	18.235352
11.495968	838.35187	18.245117
11.497507	835.98346	18.254883
11.497734	832.21692	18.264648
11.497257	840.48291	18.274414
11.499016	844.65393	18.28418
11.499575	848.27197	18.293945
11.499894	844.09045	18.303711
11.500694	835.5321	18.313477
11.501838	836.32916	18.323242
11.502875	840.93665	18.333008
11.504701	846.328	18.342773
11.504985	848.49463	18.352539
11.505383	846.41437	18.362305
11.505314	843.95093	18.37207
11.506096	838.62238	18.381836
11.508747	840.66156	18.391602
11.50895	845.91516	18.401367
11.510175	850.7619	18.411133
11.510695	851.93182	18.420898
11.510231	845.42249	18.430664
11.512587	842.14807	18.44043
11.513954	843.65479	18.450195
11.513804	846.67841	18.459961
11.51476	850.70392	18.469727
11.515693	851.96216	18.479492
11.516383	852.38953	18.489258
11.517082	849.87665	18.499023
11.518284	845.99432	18.508789
11.517859	845.9873	18.518555
11.519409	853.86365	18.52832
11.52082	855.85913	18.538086
11.520396	853.58051	18.547852
11.521666	852.85474	18.557617
11.523381	847.91785	18.567383
11.523651	851.06415	18.577148
11.523715	849.7915	18.586914
11.525605	855.55774	18.59668
11.525121	857.87103	18.606445
11.526834	857.39191	18.616211
11.527493	852.75403	18.625977
11.528746	846.9671	18.635742
11.529375	852.10291	18.645508
11.530377	858.34717	18.655273
11.530869	859.23279	18.665039
11.531756	860.92029	18.674805
11.532904	856.38007	18.68457
11.534419	853.60468	18.694336
11.534912	854.24677	18.704102
11.534867	853.72394	18.713867
11.535641	863.21057	18.723633
11.536812	866.35309	18.733398
11.537913	860.80017	18.743164
11.538268	853.86926	18.75293
11.539303	853.58698	18.762695
11.539678	858.13391	18.772461
11.540046	864.72845	18.782227
11.541125	865.81738	18.791992
11.543199	866.08765	18.801758
11.542938	860.13751	18.811523
11.543489	857.67963	18.821289
11.544331	855.86011	18.831055
11.545477	863.08679	18.84082
11.54594	869.07916	18.850586
11.547382	868.85211	18.860352
11.547694	863.4928	18.870117
11.548161	858.0957	18.879883
11.54949	859.65131	18.889648
11.549632	865.04956	18.899414
11.550488	868.73914	18.90918
11.55202	869.12244	18.918945
11.553032	870.39392	18.928711
11.553886	863.49683	18.938477
11.554827	860.48212	18.948242
11.554493	864.30524	18.958008
11.555374	868.66742	18.967773
11.557481	874.56824	18.977539
11.557571	871.69043	18.987305
11.559367	866.46991	18.99707
11.558953	863.88275	19.006836
11.559441	864.7475	19.016602
11.560688	869.94043	19.026367
11.561454	873.9472	19.036133
11.562749	875.13879	19.045898
11.563367	873.54913	19.055664
11.564222	866.04816	19.06543
11.565845	865.88538	19.075195
11.566463	871.76624	19.084961
11.565594	875.92542	19.094727
11.56689	879.98431	19.104492
11.568426	874.65973	19.114258
11.570072	872.25775	19.124023
11.569664	871.37683	19.133789
11.571072	870.38434	19.143555
11.571651	876.03632	19.15332
11.572696	877.43884	19.163086
11.572927	880.82086	19.172852
11.574862	877.06836	19.182617
11.574328	873.47186	19.192383
11.575456	870.17944	19.202148
11.576614	875.77124	19.211914
11.577229	879.9516	19.22168
11.578244	880.79962	19.231445
11.579076	880.19012	19.241211
11.580965	877.98523	19.250977
11.580173	875.95148	19.260742
11.581324	874.11292	19.270508
11.58157	879.8642	19.280273
11.582731	884.55597	19.290039
11.584663	885.23053	19.299805
11.58447	881.78839	19.30957
11.58482	874.33228	19.319336
11.585953	877.20441	19.329102
11.588634	882.71478	19.338867
11.587325	882.70209	19.348633
11.588254	889.16357	19.358398
11.588742	884.49585	19.368164
11.589272	881.2243	19.37793
11.590981	876.87573	19.387695
11.591295	876.96252	19.397461
11.59371	887.11243	19.407227
11.59278	890.77997	19.416992
11.594127	888.78381	19.426758
11.594889	882.64294	19.436523
11.595881	878.37335	19.446289
11.595979	884.75787	19.456055
11.597939	885.29181	19.46582
11.597886	891.80737	19.475586
11.598488	891.99878	19.485352
11.598972	887.33453	19.495117
11.601627	884.28864	19.504883
11.601327	879.62634	19.514648
11.603005	887.81226	19.524414
11.603045	894.44653	19.53418
11.603907	894.30762	19.543945
11.604793	891.16571	19.553711
11.606794	886.0072	19.563477
11.606586	884.73132	19.573242
11.606635	887.76392	19.583008
11.608451	891.97321	19.592773
11.608968	896.06506	19.602539
11.610184	896.03711	19.612305
11.61062	891.18195	19.62207
11.611497	885.70374	19.631836
11.612087	888.78894	19.641602
11.613071	893.70886	19.651367
11.613385	899.63727	19.661133
11.614612	897.7738	19.670898
11.616006	893.56213	19.680664
11.616367	890.82373	19.69043
11.61722	891.46649	19.700195
11.617884	894.52771	19.709961
11.618752	895.99237	19.719727
11.619098	900.35724	19.729492
11.619545	900.52045	19.739258
11.622074	892.90784	19.749023
11.622234	892.59991	19.758789
11.622662	893.23297	19.768555
11.622625	901.77966	19.77832
11.624104	903.37036	19.788086
11.624304	899.74329	19.797852
11.626974	898.65192	19.807617
11.626883	893.3006	19.817383
11.627648	895.20447	19.827148
11.628751	897.15186	19.836914
11.629565	901.26978	19.84668
11.630362	907.84558	19.856445
11.631363	901.74725	19.866211
11.631823	899.10876	19.875977
11.632168	895.24634	19.885742
11.632947	897.70166	19.895508
11.63483	904.47803	19.905273
11.634701	902.4718	19.915039
11.63608	904.69629	19.924805
11.636901	904.89771	19.93457
11.636904	898.69714	19.944336
11.638081	898.97272	19.954102
11.639343	899.60254	19.963867
11.640485	908.56305	19.973633
11.64111	910.32715	19.983398
11.641191	906.06183	19.993164
11.642149	900.57318	20.00293
11.642525	900.39856	20.012695
11.643408	903.11389	20.022461


Data Header:			0.254_solid_uprint_typei_090_r0			Time:	30.22583	s	4/15/2019 3:01:27 PM
Data Acquisition:	Timed
Station Name:	ft40.cfg
Test File Name:	monotonic_0.2540_typei_solid_090_uprint.tst
Displacement	Force	Running Time
mm	N	s
11.64509	906.85876	20.032227
11.645322	911.4743	20.041992
11.646021	910.62372	20.051758
11.647491	907.12701	20.061523
11.647919	901.427	20.071289
11.648459	901.85071	20.081055
11.650667	907.44904	20.09082
11.650792	913.75061	20.100586
11.651788	915.5733	20.110352
11.651443	907.57654	20.120117
11.653458	904.91772	20.129883
11.653955	904.02271	20.139648
11.654894	905.47491	20.149414
11.654408	913.96808	20.15918
11.655973	913.92175	20.168945
11.657216	913.94989	20.178711
11.65818	908.27716	20.188477
11.659292	901.04535	20.198242
11.659964	908.40009	20.208008
11.660073	915.37543	20.217773
11.66171	918.5141	20.227539
11.662985	914.95367	20.237305
11.661963	908.44934	20.24707
11.663043	909.02893	20.256836
11.664762	908.24841	20.266602
11.665126	912.81317	20.276367
11.666302	919.36737	20.286133
11.667386	919.79498	20.295898
11.667794	917.2876	20.305664
11.667932	909.50146	20.31543
11.669125	907.15405	20.325195
11.669782	914.5639	20.334961
11.670616	920.22369	20.344727
11.671533	920.38989	20.354492
11.672929	917.75159	20.364258
11.672991	914.78326	20.374023
11.674199	912.94019	20.383789
11.674864	914.1178	20.393555
11.675667	916.9646	20.40332
11.676621	922.08575	20.413086
11.677384	922.99139	20.422852
11.678061	917.09308	20.432617
11.679226	915.27399	20.442383
11.679813	915.16791	20.452148
11.68099	919.18964	20.461914
11.682033	921.78333	20.47168
11.683158	922.13013	20.481445
11.682066	922.31183	20.491211
11.683907	919.052	20.500977
11.685373	918.23633	20.510742
11.68566	917.83014	20.520508
11.685764	921.69617	20.530273
11.687926	929.12634	20.540039
11.688148	923.59552	20.549805
11.689843	924.27826	20.55957
11.689136	918.47424	20.569336
11.690615	918.97107	20.579102
11.691069	923.29443	20.588867
11.691866	924.91144	20.598633
11.692732	929.03851	20.608398
11.692649	927.6731	20.618164
11.694757	922.07159	20.62793
11.694635	919.54926	20.637695
11.695534	920.36249	20.647461
11.695753	930.57245	20.657227
11.697725	932.54523	20.666992
11.698428	928.72571	20.676758
11.698997	926.08453	20.686523
11.69951	921.56445	20.696289
11.70215	923.54242	20.706055
11.70175	926.32379	20.71582
11.702535	930.98218	20.725586
11.703631	934.82367	20.735352
11.703628	930.91327	20.745117
11.705266	923.34369	20.754883
11.706145	922.36438	20.764648
11.706258	927.96521	20.774414
11.707957	935.64008	20.78418
11.707167	936.56989	20.793945
11.709623	932.98322	20.803711
11.710132	927.388	20.813477
11.711432	925.66748	20.823242
11.711614	925.50793	20.833008
11.712502	933.33179	20.842773
11.713193	937.39148	20.852539
11.713809	939.65833	20.862305
11.713518	931.60333	20.87207
11.715652	924.77661	20.881836
11.715787	927.14374	20.891602
11.717428	933.84332	20.901367
11.718958	939.74609	20.911133
11.71925	935.90314	20.920898
11.72009	934.60327	20.930664
11.721412	931.41528	20.94043
11.721392	926.10278	20.950195
11.721759	933.15002	20.959961
11.722246	936.88153	20.969727
11.724029	939.98163	20.979492
11.724654	939.28455	20.989258
11.725978	930.31818	20.999023
11.725756	930.59613	21.008789
11.727219	931.67175	21.018555
11.727735	937.55084	21.02832
11.728601	941.92096	21.038086
11.729186	937.47058	21.047852
11.730322	938.18805	21.057617
11.731596	934.2254	21.067383
11.732504	933.95966	21.077148
11.733036	935.82355	21.086914
11.733516	940.66583	21.09668
11.734474	944.88635	21.106445
11.733797	940.76886	21.116211
11.736441	935.68903	21.125977
11.736446	934.93439	21.135742
11.73726	936.60883	21.145508
11.738305	940.00482	21.155273
11.739146	942.17731	21.165039
11.741085	945.01666	21.174805
11.74099	940.39233	21.18457
11.741496	937.49536	21.194336
11.742657	934.45355	21.204102
11.743777	940.53229	21.213867
11.743164	946.35834	21.223633
11.745004	945.61774	21.233398
11.74535	944.28918	21.243164
11.746199	936.98822	21.25293
11.747846	939.08569	21.262695
11.747778	939.17755	21.272461
11.749164	942.74536	21.282227
11.750584	948.47095	21.291992
11.750808	947.74316	21.301758
11.751023	944.22345	21.311523
11.752266	937.69391	21.321289
11.753325	937.22363	21.331055
11.754417	946.5741	21.34082
11.75465	948.27356	21.350586
11.755773	950.27753	21.360352
11.756811	945.57965	21.370117
11.756778	941.09296	21.379883
11.758032	941.32709	21.389648
11.759997	941.33533	21.399414
11.759743	950.08124	21.40918
11.760696	954.65948	21.418945
11.761752	950.93097	21.428711
11.761275	945.71899	21.438477
11.763535	938.36707	21.448242
11.764061	944.22455	21.458008
11.764407	951.61774	21.467773
11.763748	953.22589	21.477539
11.76619	952.19409	21.487305
11.766418	947.24225	21.49707
11.767869	944.60156	21.506836
11.768849	942.37085	21.516602
11.767862	948.50439	21.526367
11.769566	953.12842	21.536133
11.770102	956.24634	21.545898
11.771761	951.80615	21.555664
11.771989	944.04639	21.56543
11.773635	943.48682	21.575195
11.774359	950.09192	21.584961
11.774346	955.30811	21.594727
11.775803	954.6048	21.604492
11.776889	954.46967	21.614258
11.778303	950.26385	21.624023
11.778301	945.23883	21.633789
11.778816	948.34033	21.643555
11.779955	950.78784	21.65332
11.780977	958.34387	21.663086
11.782036	955.08575	21.672852
11.781427	948.54218	21.682617
11.782988	946.77527	21.692383
11.78412	948.18164	21.702148
11.784448	953.68323	21.711914
11.784962	953.98615	21.72168
11.786566	955.08215	21.731445
11.787434	956.14197	21.741211
11.787708	949.89917	21.750977
11.7899	947.20734	21.760742
11.789886	949.66791	21.770508
11.790799	956.06903	21.780273
11.790156	960.18805	21.790039
11.793127	956.4223	21.799805
11.793627	953.30438	21.80957
11.793631	951.1925	21.819336
11.794583	949.6767	21.829102
11.794179	954.21454	21.838867
11.79584	956.24017	21.848633
11.796218	960.42426	21.858398
11.7977	959.80206	21.868164
11.798641	954.28717	21.87793
11.799196	950.59442	21.887695
11.800974	952.41675	21.897461
11.79985	959.18066	21.907227
11.80179	962.9469	21.916992
11.803167	959.52515	21.926758
11.804714	955.95874	21.936523
11.804103	954.47473	21.946289
11.805047	951.40649	21.956055
11.807076	957.54083	21.96582
11.806892	963.10437	21.975586
11.808487	962.96942	21.985352
11.808187	962.1604	21.995117
11.808976	952.63153	22.004883
11.809876	951.99524	22.014648
11.810608	958.20123	22.024414
11.812383	961.39685	22.03418
11.812599	965.8775	22.043945
11.813566	961.12335	22.053711
11.814708	957.88776	22.063477
11.814934	954.85645	22.073242
11.814635	953.0639	22.083008
11.816822	961.7215	22.092773
11.818249	965.81805	22.102539
11.818464	966.43146	22.112305
11.819084	958.703	22.12207
11.819751	952.2135	22.131836
11.820334	958.31403	22.141602
11.821085	962.00732	22.151367
11.821266	966.40393	22.161133
11.823564	965.69891	22.170898
11.823981	962.71014	22.180664
11.824237	960.30432	22.19043
11.825542	956.01514	22.200195
11.826518	960.172	22.209961
11.826808	967.461	22.219727
11.827836	969.00482	22.229492
11.828783	966.24683	22.239258
11.829579	958.93591	22.249023
11.831215	956.70825	22.258789
11.831347	961.75159	22.268555
11.831877	964.2774	22.27832
11.831909	966.13916	22.288086
11.833431	968.54279	22.297852
11.834656	963.91534	22.307617
11.835835	958.6123	22.317383
11.835545	959.8866	22.327148
11.837083	961.81189	22.336914
11.838157	969.85834	22.34668
11.838611	968.29749	22.356445
11.838363	963.97418	22.366211
11.84037	961.75378	22.375977
11.840947	960.24414	22.385742
11.841087	963.5545	22.395508
11.842234	965.72339	22.405273
11.844011	968.72546	22.415039
11.844393	968.91754	22.424805
11.845531	963.39838	22.43457
11.845836	962.13159	22.444336
11.847753	960.1488	22.454102
11.846659	966.58337	22.463867
11.847293	973.2215	22.473633
11.848475	967.39978	22.483398
11.849516	970.01831	22.493164
11.850619	964.13348	22.50293
11.851628	963.19031	22.512695
11.853004	964.18243	22.522461
11.853726	966.20233	22.532227
11.853618	972.185	22.541992
11.854762	972.81	22.551758
11.855748	966.80603	22.561523
11.855857	962.98511	22.571289
11.857934	961.53723	22.581055
11.858255	969.21698	22.59082
11.859389	970.68243	22.600586
11.859016	971.64105	22.610352
11.860044	969.29468	22.620117
11.861353	965.39093	22.629883
11.861412	963.948	22.639648
11.861702	963.87665	22.649414
11.863033	970.96832	22.65918
11.864917	978.3869	22.668945
11.865231	971.19788	22.678711
11.86668	965.0697	22.688477
11.867506	962.96918	22.698242
11.867441	965.99237	22.708008
11.868812	970.51251	22.717773
11.869253	976.76208	22.727539
11.86991	974.75171	22.737305
11.871597	970.88147	22.74707
11.872901	964.01776	22.756836
11.871836	963.84589	22.766602
11.874187	969.62604	22.776367
11.87321	975.99036	22.786133
11.874905	979.31641	22.795898
11.875565	970.995	22.805664
11.876086	965.11902	22.81543
11.876113	968.33441	22.825195
11.877782	967.79755	22.834961
11.878372	975.91724	22.844727
11.880342	975.59387	22.854492
11.880389	974.47668	22.864258
11.882012	971.08807	22.874023
11.88295	964.05524	22.883789
11.884494	968.09021	22.893555
11.882738	974.33063	22.90332
11.885761	977.3465	22.913086
11.886287	975.7749	22.922852
11.886085	969.18658	22.932617
11.886786	967.34027	22.942383
11.887662	966.36145	22.952148
11.888705	971.07166	22.961914
11.889786	975.84894	22.97168
11.890366	976.23145	22.981445
11.891095	976.91772	22.991211
11.892101	968.11023	23.000977
11.89241	965.81171	23.010742
11.894443	970.14471	23.020508
11.894216	974.69391	23.030273
11.895231	978.16693	23.040039
11.896093	973.9884	23.049805
11.897109	970.60913	23.05957
11.897294	969.17297	23.069336
11.898778	968.96252	23.079102
11.899451	970.83173	23.088867
11.900183	974.98938	23.098633
11.900458	977.21899	23.108398
11.901529	973.88684	23.118164
11.90263	969.64026	23.12793
11.903076	965.94202	23.137695
11.904324	971.43152	23.147461
11.905071	975.60809	23.157227
11.905986	975.35022	23.166992
11.906321	977.44476	23.176758
11.908153	970.88599	23.186523
11.908448	970.69299	23.196289
11.909019	968.7074	23.206055
11.910335	972.14478	23.21582
11.911239	980.37714	23.225586
11.911838	978.45837	23.235352
11.912339	975.17163	23.245117
11.914007	968.88568	23.254883
11.914223	966.88843	23.264648
11.9141	973.45203	23.274414
11.916638	973.33264	23.28418
11.916419	979.65643	23.293945
11.917473	977.58899	23.303711
11.918802	970.90247	23.313477
11.918433	968.95172	23.323242
11.919426	966.84656	23.333008
11.920664	975.28882	23.342773
11.922764	981.70593	23.352539
11.922336	978.63245	23.362305
11.923413	974.79578	23.37207
11.92394	968.44116	23.381836
11.923734	970.0307	23.391602
11.925127	973.90674	23.401367
11.926547	978.31854	23.411133
11.927027	979.01282	23.420898
11.928329	978.24988	23.430664
11.92881	971.75513	23.44043
11.928161	967.29828	23.450195
11.9311	971.77783	23.459961
11.930319	979.99969	23.469727
11.932192	983.26337	23.479492
11.933601	978.4425	23.489258
11.933453	972.76086	23.499023
11.934896	970.58942	23.508789
11.935262	970.96985	23.518555
11.936179	979.25	23.52832
11.936959	978.37958	23.538086
11.937866	981.27679	23.547852
11.938746	977.07275	23.557617
11.938968	967.54034	23.567383
11.940296	971.41656	23.577148
11.940205	973.4126	23.586914
11.942119	981.1001	23.59668
11.943569	979.92596	23.606445
11.943589	974.52313	23.616211
11.943561	973.12146	23.625977
11.945127	971.50623	23.635742
11.945755	973.07611	23.645508
11.946519	978.34576	23.655273
11.946127	979.48492	23.665039
11.948525	984.15839	23.674805
11.948931	972.76129	23.68457
11.950251	970.63763	23.694336
11.950085	970.6051	23.704102
11.951301	974.85992	23.713867
11.952654	978.22211	23.723633
11.952521	978.25287	23.733398
11.954226	976.09857	23.743164
11.955352	975.01166	23.75293
11.955948	970.40387	23.762695
11.956723	972.57806	23.772461
11.956858	976.94659	23.782227
11.957953	980.7439	23.791992
11.958028	978.34894	23.801758
11.959772	974.13159	23.811523
11.961555	970.01062	23.821289
11.961632	973.84955	23.831055
11.961254	974.5788	23.84082
11.96404	979.198	23.850586
11.963317	977.65045	23.860352
11.964464	977.02765	23.870117
11.964666	972.61798	23.879883
11.965436	968.80658	23.889648
11.966723	972.0155	23.899414
11.967426	978.88818	23.90918
11.969164	981.94434	23.918945
11.969007	979.55359	23.928711
11.96977	970.5744	23.938477
11.971561	971.22144	23.948242
11.972822	974.54517	23.958008
11.972732	974.92694	23.967773
11.972933	981.46967	23.977539
11.974263	980.99884	23.987305
11.975235	977.54315	23.99707
11.975978	971.33569	24.006836
11.976281	968.4834	24.016602
11.977934	975.3858	24.026367
11.977866	982.59821	24.036133
11.979739	982.68787	24.045898
11.979094	977.11298	24.055664
11.980921	969.41742	24.06543
11.981425	971.30609	24.075195
11.982965	971.77325	24.084961
11.983887	978.65875	24.094727
11.98448	981.22327	24.104492
11.98461	981.22028	24.114258
11.986032	974.22375	24.124023
11.985872	968.01294	24.133789
11.98643	969.73804	24.143555
11.988042	977.95172	24.15332
11.988952	981.8736	24.163086
11.990132	980.20807	24.172852
11.991569	974.2348	24.182617
11.991302	972.47601	24.192383
11.9914	971.6817	24.202148
11.992526	976.04205	24.211914
11.993618	976.42218	24.22168
11.994003	982.08136	24.231445
11.995846	977.94415	24.241211
11.995963	971.16541	24.250977
11.997382	970.10022	24.260742
11.997717	972.66693	24.270508
11.99785	979.47064	24.280273
11.999975	980.36017	24.290039
11.999721	975.88464	24.299805
12.000035	976.30408	24.30957
12.002108	971.37897	24.319336
12.002466	972.32953	24.329102
12.003242	973.59393	24.338867
12.004888	978.45465	24.348633
12.005482	981.77258	24.358398
12.005943	975.06927	24.368164
12.006637	972.7395	24.37793
12.007568	968.32483	24.387695
12.007915	974.32361	24.397461
12.00973	978.67535	24.407227
12.009604	978.2002	24.416992
12.011292	979.10632	24.426758
12.01153	974.09387	24.436523
12.01241	970.77338	24.446289
12.013067	969.83154	24.456055
12.014392	974.11621	24.46582
12.013764	979.76788	24.475586
12.015495	979.26868	24.485352
12.016463	975.19104	24.495117
12.016989	970.9375	24.504883
12.019087	969.73883	24.514648
12.019603	973.01691	24.524414
12.019369	976.02948	24.53418
12.021511	977.88745	24.543945
12.021411	978.47272	24.553711
12.021403	973.09534	24.563477
12.023174	967.35901	24.573242
12.023479	969.40491	24.583008
12.025575	975.77539	24.592773
12.025523	981.9303	24.602539
12.027439	980.98114	24.612305
12.027048	970.8595	24.62207
12.028064	970.36487	24.631836
12.028441	970.62048	24.641602
12.02965	971.08978	24.651367
12.029874	979.60718	24.661133
12.032391	979.53827	24.670898
12.03157	978.34711	24.680664
12.033491	969.89276	24.69043
12.032813	965.56989	24.700195
12.035429	970.85492	24.709961
12.034217	978.06134	24.719727
12.036253	980.27765	24.729492
12.037028	976.62189	24.739258
12.03727	969.26593	24.749023
12.039197	970.07538	24.758789
12.039371	967.23352	24.768555
12.040013	975.20642	24.77832
12.041063	977.70947	24.788086
12.040875	977.0144	24.797852
12.043097	975.02936	24.807617
12.044925	966.04138	24.817383
12.044345	967.08209	24.827148
12.044757	972.7807	24.836914
12.045659	976.72076	24.84668
12.045677	978.44385	24.856445
12.047216	973.07642	24.866211
12.048692	970.48578	24.875977
12.049705	967.51251	24.885742
12.049457	969.91327	24.895508
12.050167	973.78229	24.905273
12.051578	978.40656	24.915039
12.053434	976.35864	24.924805
12.052219	970.03925	24.93457
12.054048	967.23279	24.944336
12.055454	968.57422	24.954102
12.055271	973.69104	24.963867
12.057534	973.93201	24.973633
12.056191	975.24799	24.983398
12.057629	971.92773	24.993164
12.058207	970.31152	25.00293
12.059711	968.88824	25.012695
12.060438	967.46619	25.022461
12.061616	973.90247	25.032227
12.061952	976.88641	25.041992
12.063406	973.09393	25.051758
12.063599	971.79407	25.061523
12.064223	965.41034	25.071289
12.065434	968.04236	25.081055
12.066028	971.75348	25.09082
12.066539	973.83514	25.100586
12.067719	976.50977	25.110352
12.068387	972.87476	25.120117
12.069845	968.90942	25.129883
12.070498	966.75555	25.139648
12.070828	968.09595	25.149414
12.073511	977.38306	25.15918
12.072375	976.35803	25.168945
12.073614	975.28925	25.178711
12.075022	969.95984	25.188477
12.075365	965.85138	25.198242
12.07695	970.58167	25.208008
12.076848	970.48224	25.217773
12.077136	976.37524	25.227539
12.077929	976.18866	25.237305
12.079299	971.70782	25.24707
12.080542	964.89752	25.256836
12.080873	962.56067	25.266602
12.081249	969.60956	25.276367
12.081676	976.81921	25.286133
12.082492	975.0788	25.295898
12.083494	972.02142	25.305664
12.08599	965.97583	25.31543
12.084968	964.40509	25.325195
12.087996	965.74634	25.334961
12.08788	971.69922	25.344727
12.088519	975.3587	25.354492
12.089275	975.70752	25.364258
12.088799	967.79492	25.374023
12.08954	962.37311	25.383789
12.090793	965.25189	25.393555
12.091983	970.91052	25.40332
12.093493	976.29889	25.413086
12.094669	971.85736	25.422852
12.094524	969.34351	25.432617
12.095022	966.49817	25.442383
12.095906	962.44904	25.452148
12.096968	968.8797	25.461914
12.098195	971.90094	25.47168
12.099115	975.01392	25.481445
12.100774	970.77533	25.491211
12.101071	963.59528	25.500977
12.10197	962.7851	25.510742
12.102045	967.98346	25.520508
12.102785	970.7821	25.530273
12.103531	972.44891	25.540039
12.104745	969.5528	25.549805
12.105009	967.39832	25.55957
12.106127	962.37354	25.569336
12.107251	964.40002	25.579102
12.10795	967.24792	25.588867
12.108381	970.22998	25.598633
12.108532	974.15607	25.608398
12.109509	967.32703	25.618164
12.111267	964.11285	25.62793
12.111782	964.323	25.637695
12.112146	966.43683	25.647461
12.113554	969.62213	25.657227
12.114586	969.4873	25.666992
12.115538	969.51434	25.676758
12.116107	966.29346	25.686523
12.116599	961.76416	25.696289
12.117835	960.99017	25.706055
12.118592	968.21533	25.71582
12.119063	972.09521	25.725586
12.119336	969.82574	25.735352
12.120558	967.6308	25.745117
12.12178	963.13751	25.754883
12.122358	963.53058	25.764648
12.122921	963.00024	25.774414
12.124494	966.18256	25.78418
12.125178	972.20959	25.793945
12.125904	968.80865	25.803711
12.127313	965.48639	25.813477
12.127477	958.24451	25.823242
12.128804	961.36627	25.833008
12.129474	969.22644	25.842773
12.130583	970.30078	25.852539
12.129884	971.83893	25.862305
12.131562	963.87671	25.87207
12.132425	960.15894	25.881836
12.133329	962.03558	25.891602
12.134388	961.59357	25.901367
12.135472	969.57098	25.911133
12.135037	970.70923	25.920898
12.136346	970.04297	25.930664
12.136832	961.94806	25.94043
12.137449	957.54584	25.950195
12.137421	962.43677	25.959961
12.139955	968.85052	25.969727
12.140727	970.20111	25.979492
12.141148	968.57727	25.989258
12.142123	961.68933	25.999023
12.142427	960.20935	26.008789
12.143867	959.34644	26.018555
12.145705	963.77618	26.02832
12.145199	970.1972	26.038086
12.146256	970.86548	26.047852
12.146959	963.89587	26.057617
12.147332	957.61707	26.067383
12.147801	957.59918	26.077148
12.149732	963.25153	26.086914
12.150663	968.79126	26.09668
12.150611	966.73962	26.106445
12.151238	966.04651	26.116211
12.153047	961.14429	26.125977
12.153456	957.63086	26.135742
12.153919	961.77765	26.145508
12.155032	963.27148	26.155273
12.156107	970.55493	26.165039
12.157101	966.1424	26.174805
12.157928	959.27362	26.18457
12.158953	958.15381	26.194336
12.158579	958.49573	26.204102
12.159946	964.255	26.213867
12.16051	967.12433	26.223633
12.160399	965.68109	26.233398
12.163005	966.29535	26.243164
12.163204	958.70386	26.25293
12.164014	958.71216	26.262695
12.165324	959.98596	26.272461
12.16486	964.77081	26.282227
12.166307	969.68506	26.291992
12.167105	962.42023	26.301758
12.168466	961.26373	26.311523
12.168398	959.29333	26.321289
12.169168	959.50513	26.331055
12.169652	962.13647	26.34082
12.170656	963.76831	26.350586
12.1717	965.92383	26.360352
12.17216	964.52393	26.370117
12.172983	957.49664	26.379883
12.174733	954.63354	26.389648
12.175182	960.95868	26.399414
12.17577	964.72339	26.40918
12.177279	965.43292	26.418945
12.177518	964.81897	26.428711
12.178622	958.56189	26.438477
12.17953	957.6366	26.448242
12.180125	957.52539	26.458008
12.181965	961.82159	26.467773
12.183082	965.07153	26.477539
12.182201	967.73553	26.487305
12.183461	962.36987	26.49707
12.184489	954.66736	26.506836
12.184631	954.59137	26.516602
12.186101	960.86786	26.526367
12.185825	964.42303	26.536133
12.187402	967.7262	26.545898
12.187419	960.31049	26.555664
12.189425	958.5058	26.56543
12.189724	955.46716	26.575195
12.191743	954.28632	26.584961
12.192435	964.37885	26.594727
12.191157	965.55762	26.604492
12.19262	966.47754	26.614258
12.1942	957.50928	26.624023
12.196319	951.87085	26.633789
12.196001	958.09509	26.643555
12.196732	959.47162	26.65332
12.198318	963.77148	26.663086
12.19784	963.82648	26.672852
12.198424	957.42358	26.682617
12.199688	956.54944	26.692383
12.200186	951.86371	26.702148
12.200965	956.30481	26.711914
12.202762	964.41003	26.72168
12.202643	964.29309	26.731445
12.204606	961.55676	26.741211
12.205433	953.85181	26.750977
12.205274	951.34882	26.760742
12.207521	956.96075	26.770508
12.206541	960.55835	26.780273
12.208329	962.35803	26.790039
12.208968	962.20837	26.799805
12.20984	957.06213	26.80957
12.210892	951.8103	26.819336
12.212127	954.22803	26.829102
12.212643	956.93024	26.838867
12.212455	962.06763	26.848633
12.213472	960.0899	26.858398
12.213348	955.45062	26.868164
12.21579	953.37946	26.87793
12.215837	955.17725	26.887695
12.216883	957.28644	26.897461
12.218215	957.60303	26.907227
12.219095	959.11145	26.916992
12.220143	959.65448	26.926758
12.219444	952.75232	26.936523
12.220406	953.66302	26.946289
12.221493	949.7215	26.956055
12.222864	956.14307	26.96582
12.223318	960.80347	26.975586
12.223471	957.60663	26.985352
12.224177	956.86871	26.995117
12.226176	950.9444	27.004883
12.225688	951.52075	27.014648
12.226926	954.36664	27.024414
12.228276	954.36273	27.03418
12.228545	960.04553	27.043945
12.229285	958.28442	27.053711
12.231143	952.06323	27.063477
12.231675	947.01654	27.073242
12.232192	948.61267	27.083008
12.23352	956.27344	27.092773
12.233924	956.63678	27.102539
12.234098	955.39667	27.112305
12.235556	953.12891	27.12207
12.235378	947.89331	27.131836
12.237296	946.83472	27.141602
12.238517	948.66327	27.151367
12.239039	953.95325	27.161133
12.239171	957.95557	27.170898
12.240442	952.48065	27.180664
12.241043	945.96906	27.19043
12.242888	943.77435	27.200195
12.241984	946.36121	27.209961
12.243304	948.66565	27.219727
12.252338	-80.680077	27.229492
12.251169	11.338927	27.239258
12.250938	-53.330452	27.249023
12.251618	-42.182419	27.258789
12.25138	-53.901382	27.268555
12.250621	-39.520508	27.27832
12.251135	-32.255901	27.288086
12.252173	-36.198196	27.297852
12.253104	-42.30283	27.307617
12.253289	-50.269699	27.317383
12.254632	-46.536751	27.327148
12.254143	-43.895916	27.336914
12.255141	-37.117435	27.34668
12.256024	-37.035316	27.356445
12.257905	-40	27.366211
12.257203	-44.079037	27.375977
12.258194	-51.241005	27.385742
12.258727	-44.627544	27.395508
12.260416	-38.645699	27.405273
12.261899	-34.890141	27.415039
12.261059	-37.103962	27.424805
12.262971	-46.845104	27.43457
12.263662	-46.676598	27.444336
12.26363	-44.308468	27.454102
12.265302	-40.306747	27.463867
12.265352	-38.200954	27.473633
12.267656	-37.060432	27.483398
12.26744	-40.09642	27.493164
12.268105	-46.28968	27.50293
12.26994	-46.79591	27.512695
12.269375	-42.683506	27.522461
12.271038	-39.119743	27.532227
12.272481	-36.780186	27.541992
12.271768	-40.430023	27.551758
12.272617	-43.592087	27.561523
12.273774	-46.01873	27.571289
12.274929	-44.386353	27.581055
12.275922	-42.398983	27.59082
12.27579	-37.528831	27.600586
12.277411	-35.159779	27.610352
12.277418	-40.39473	27.620117
12.279278	-44.65387	27.629883
12.278749	-47.978699	27.639648
12.279507	-41.017612	27.649414
12.281594	-37.19595	27.65918
12.281726	-38.167538	27.668945
12.282184	-38.776691	27.678711
12.284347	-43.534027	27.688477
12.284121	-44.277969	27.698242
12.285302	-45.950832	27.708008
12.285645	-43.360458	27.717773
12.286783	-35.5014	27.727539
12.28753	-36.742561	27.737305
12.288279	-39.664948	27.74707
12.289309	-47.533138	27.756836
12.288898	-47.323547	27.766602
12.29182	-41.004807	27.776367
12.291072	-40.389477	27.786133
12.292214	-35.649162	27.795898
12.292601	-39.937363	27.805664
12.293186	-44.008442	27.81543
12.294351	-45.276012	27.825195
12.294337	-46.061726	27.834961
12.295766	-39.363148	27.844727
12.297417	-35.081211	27.854492
12.298092	-36.509914	27.864258
12.298909	-43.095383	27.874023
12.299817	-47.483395	27.883789
12.300624	-45.479031	27.893555
12.300641	-40.239449	27.90332
12.301051	-36.971817	27.913086
12.302457	-35.944153	27.922852
12.303658	-39.393772	27.932617
12.305154	-44.349743	27.942383
12.305835	-47.872002	27.952148
12.307085	-44.23135	27.961914
12.306603	-34.773792	27.97168
12.306749	-33.425953	27.981445
12.308613	-39.706516	27.991211
12.309558	-45.858097	28.000977
12.310517	-45.847607	28.010742
12.310454	-43.970711	28.020508
12.312237	-38.29837	28.030273
12.312355	-36.873577	28.040039
12.313238	-36.908974	28.049805
12.314576	-40.317551	28.05957
12.31472	-46.81168	28.069336
12.315289	-43.638435	28.079102
12.316104	-41.940693	28.088867
12.31736	-35.218956	28.098633
12.316956	-36.541206	28.108398
12.317785	-43.015316	28.118164
12.320077	-44.195908	28.12793
12.321011	-46.142372	28.137695
12.321551	-43.515221	28.147461
12.322207	-39.950535	28.157227
12.322909	-36.902096	28.166992
12.323682	-37.486313	28.176758
12.326099	-44.476902	28.186523
12.32545	-44.39941	28.196289
12.325863	-45.227203	28.206055
12.326957	-39.433804	28.21582
12.328649	-37.086044	28.225586
12.329322	-40.11121	28.235352
12.32956	-41.583328	28.245117
12.330413	-42.559616	28.254883
12.332067	-45.518127	28.264648
12.331902	-42.917591	28.274414
12.333341	-38.937366	28.28418
12.332586	-36.338261	28.293945
12.334768	-37.410141	28.303711
12.334591	-44.121269	28.313477
12.337104	-46.752316	28.323242
12.337141	-42.120434	28.333008
12.337723	-39.562237	28.342773
12.338632	-37.238976	28.352539
12.340198	-38.074169	28.362305
12.340173	-41.522648	28.37207
12.340783	-43.06448	28.381836
12.341146	-47.92907	28.391602
12.342758	-43.393566	28.401367
12.343572	-36.783524	28.411133
12.343081	-35.548069	28.420898
12.345364	-36.337093	28.430664
12.345669	-47.101341	28.44043
12.345962	-45.441341	28.450195
12.347993	-42.268227	28.459961
12.347097	-41.465492	28.469727
12.349303	-34.072571	28.479492
12.350385	-37.539745	28.489258
12.350114	-41.781879	28.499023
12.351625	-46.124683	28.508789
12.352488	-48.695171	28.518555
12.353415	-41.198055	28.52832
12.354315	-36.210056	28.538086
12.35502	-36.459354	28.547852
12.356627	-40.852741	28.557617
12.356418	-45.650101	28.567383
12.357274	-44.329815	28.577148
12.357627	-43.59882	28.586914
12.358302	-39.479073	28.59668
12.359684	-34.259537	28.606445
12.36017	-39.377293	28.616211
12.361049	-42.45787	28.625977
12.361763	-49.617096	28.635742
12.361972	-46.402775	28.645508
12.363559	-37.941891	28.655273
12.364921	-34.598614	28.665039
12.364816	-37.360313	28.674805
12.366428	-42.217014	28.68457
12.36664	-45.117989	28.694336
12.367571	-44.047829	28.704102
12.368869	-40.860485	28.713867
12.369186	-38.25856	28.723633
12.371201	-36.899094	28.733398
12.372276	-40.229321	28.743164
12.371697	-45.457508	28.75293
12.373235	-46.082478	28.762695
12.373797	-42.967571	28.772461
12.373966	-37.141041	28.782227
12.374999	-36.455261	28.791992
12.37584	-39.300396	28.801758
12.376183	-44.931332	28.811523
12.377168	-46.674622	28.821289
12.378851	-42.882252	28.831055
12.379195	-41.930149	28.84082
12.379803	-38.188934	28.850586
12.380647	-36.082893	28.860352
12.381404	-42.684467	28.870117
12.382901	-45.773441	28.879883
12.383208	-46.861778	28.889648
12.383286	-41.075554	28.899414
12.385598	-36.318707	28.90918
12.385316	-40.800137	28.918945
12.385889	-39.327335	28.928711
12.387963	-41.998638	28.938477
12.387842	-45.963791	28.948242
12.388934	-45.617538	28.958008
12.390005	-43.166473	28.967773
12.390193	-35.293827	28.977539
12.390576	-38.442955	28.987305
12.392404	-41.834751	28.99707
12.394007	-47.538139	29.006836
12.394233	-43.710136	29.016602
12.393859	-41.993263	29.026367
12.395184	-40.841667	29.036133
12.397131	-37.369057	29.045898
12.396575	-39.618706	29.055664
12.397611	-42.387733	29.06543
12.398611	-48.724174	29.075195
12.400431	-46.33881	29.084961
12.400003	-40.891724	29.094727
12.401962	-35.812706	29.104492
12.401978	-37.678158	29.114258
12.401482	-45.747135	29.124023
12.403561	-46.553757	29.133789
12.404987	-45.580193	29.143555
12.40449	-44.107048	29.15332
12.407192	-35.91275	29.163086
12.40653	-38.161922	29.172852
12.40721	-39.464832	29.182617
12.408324	-46.748795	29.192383
12.40917	-48.281399	29.202148
12.409237	-44.614117	29.211914
12.410079	-38.260811	29.22168
12.413077	-34.984978	29.231445
12.413069	-41.54393	29.241211
12.413817	-44.173904	29.250977
12.413814	-45.023838	29.260742
12.413735	-46.509365	29.270508
12.416951	-39.864738	29.280273
12.416248	-37.600719	29.290039
12.41619	-37.918633	29.299805
12.418092	-41.108482	29.30957
12.418214	-50.065804	29.319336
12.419779	-48.407089	29.329102
12.420521	-40.325253	29.338867
12.421707	-36.462669	29.348633
12.422275	-36.792171	29.358398
12.423005	-44.419411	29.368164
12.424523	-44.891434	29.37793
12.42328	-45.723957	29.387695
12.426154	-44.766705	29.397461
12.426277	-41.090149	29.407227
12.426934	-37.46526	29.416992
12.427533	-37.903248	29.426758
12.429059	-45.898438	29.436523
12.4308	-46.090519	29.446289
12.430559	-43.837143	29.456055
12.431231	-39.632984	29.46582
12.432236	-39.795597	29.475586
12.433262	-40.091927	29.485352
12.43349	-41.277493	29.495117
12.434473	-43.982922	29.504883
12.435811	-45.048504	29.514648
12.436684	-43.899342	29.524414
12.437039	-38.347477	29.53418
12.437375	-36.54491	29.543945
12.438241	-42.742786	29.553711
12.440033	-42.729706	29.563477
12.440645	-48.725521	29.573242
12.440532	-43.54081	29.583008
12.441178	-41.03503	29.592773
12.443066	-40.800137	29.602539
12.442189	-39.400578	29.612305
12.445132	-41.002052	29.62207
12.444858	-44.468464	29.631836
12.444979	-47.864475	29.641602
12.446849	-45.497368	29.651367
12.447359	-36.517246	29.661133
12.448453	-36.41922	29.670898
12.449632	-39.686508	29.680664
12.449954	-45.09943	29.69043
12.450182	-46.372974	29.700195
12.452331	-43.116108	29.709961
12.451947	-42.751862	29.719727
12.453312	-36.91608	29.729492
12.452466	-36.308289	29.739258
12.454821	-41.820587	29.749023
12.455467	-46.294567	29.758789
12.457254	-48.706287	29.768555
12.456557	-43.111126	29.77832
12.457725	-36.217136	29.788086
12.459802	-35.966793	29.797852
12.458665	-41.674595	29.807617
12.460483	-46.020626	29.817383
12.461232	-46.986225	29.827148
12.461839	-45.776417	29.836914
12.462676	-38.209461	29.84668
12.462656	-37.62207	29.856445
12.464434	-36.143925	29.866211
12.465086	-44.582344	29.875977
12.46587	-48.673943	29.885742
12.467422	-45.49707	29.895508
12.467154	-40.973862	29.905273
12.469316	-34.315212	29.915039
12.468947	-40.678581	29.924805
12.470381	-44.287373	29.93457
12.470449	-45.371597	29.944336
12.471556	-46.954605	29.954102
12.473972	-42.268559	29.963867
12.473027	-38.982723	29.973633
12.474759	-35.812996	29.983398
12.475063	-36.7687	29.993164
12.476563	-47.203762	30.00293
12.476608	-47.569439	30.012695
12.476929	-43.254826	30.022461
12.478603	-37.294838	30.032227
12.479144	-37.017082	30.041992
12.480027	-40.711109	30.051758
12.479728	-41.959106	30.061523
12.481008	-45.648487	30.071289
12.481836	-46.22364	30.081055
12.483927	-41.257938	30.09082
12.484291	-37.738701	30.100586
12.484271	-35.816505	30.110352
12.485969	-42.504589	30.120117
12.486761	-47.272705	30.129883
12.487125	-45.082249	30.139648
12.488557	-41.192898	30.149414
12.489876	-38.000862	30.15918
12.48929	-40.888844	30.168945
12.489577	-39.972874	30.178711
12.492518	-42.956177	30.188477
12.493389	-44.864109	30.198242
12.493196	-45.629448	30.208008
12.493526	-40.023388	30.217773

