MTS793|BTW|ENU|1|2|.|/|:|1|0|0|A

Data Header:			0.254_solid_dimension_typeiv_090_r0			Time:	20.017578	s	4/14/2019 1:49:42 AM
Data Acquisition:	Timed
Station Name:	ft40.cfg
Test File Name:	monotonic_0.2540_typeiv_solid_090_dimension.tst
Displacement	Force	Running Time
mm	N	s
-40.041538	-31.830549	0.022460938
-40.041798	-30.767263	0.032226563
-40.041103	-31.712852	0.041992188
-40.040657	-31.385485	0.051757813
-40.040462	-35.10326	0.061523438
-40.040115	-33.587757	0.071289063
-40.039688	-30.160479	0.081054688
-40.039886	-32.58736	0.090820313
-40.038551	-26.334606	0.10058594
-40.038277	-27.562044	0.11035156
-40.036304	-29.448334	0.12011719
-40.036091	-31.031115	0.12988281
-40.034714	-32.724072	0.13964844
-40.034363	-26.174347	0.14941406
-40.033405	-22.259943	0.15917969
-40.034672	-22.467916	0.16894531
-40.03146	-26.470726	0.17871094
-40.030014	-29.866522	0.18847656
-40.029335	-27.156347	0.19824219
-40.028706	-24.424747	0.20800781
-40.028389	-21.555441	0.21777344
-40.026848	-20.715813	0.22753906
-40.026741	-19.952919	0.23730469
-40.026524	-24.061316	0.24707031
-40.025566	-27.927176	0.25683594
-40.024544	-24.230007	0.26660156
-40.023323	-17.187855	0.27636719
-40.023857	-14.835777	0.28613281
-40.021755	-20.702959	0.29589844
-40.02203	-21.77486	0.30566406
-40.020317	-22.729458	0.31542969
-40.020058	-19.250643	0.32519531
-40.01918	-15.371796	0.33496094
-40.017914	-16.941704	0.34472656
-40.017181	-12.819273	0.35449219
-40.015545	-15.785301	0.36425781
-40.015591	-19.52631	0.37402344
-40.014591	-17.079937	0.38378906
-40.014713	-15.436267	0.39355469
-40.013805	-9.8216152	0.40332031
-40.011803	-11.371981	0.41308594
-40.011532	-14.360618	0.42285156
-40.011021	-14.286638	0.43261719
-40.010914	-13.529254	0.44238281
-40.008373	-10.487	0.45214844
-40.008141	-11.571308	0.46191406
-40.007343	-8.5957613	0.47167969
-40.005997	-5.9200554	0.48144531
-40.005199	-10.518713	0.49121094
-40.005219	-9.9783039	0.50097656
-40.003799	-11.166097	0.51074219
-40.003052	-7.6977935	0.52050781
-40.003124	-4.3724456	0.53027344
-40.001961	-5.7174134	0.54003906
-39.999809	-4.7672372	0.54980469
-39.999722	-5.8143635	0.55957031
-39.998669	-7.5921955	0.56933594
-39.99733	-6.7544012	0.57910156
-39.997925	-3.1254325	0.58886719
-39.997501	-0.52049458	0.59863281
-39.996437	-0.21321802	0.60839844
-39.994694	-2.8282537	0.61816406
-39.994064	-5.5904083	0.62792969
-39.993595	-1.8387316	0.63769531
-39.992222	-0.60986358	0.64746094
-39.992092	0.33264869	0.65722656
-39.989914	2.873395	0.66699219
-39.990089	0.80471271	0.67675781
-39.989822	-0.17223607	0.68652344
-39.987732	-3.045229	0.69628906
-39.987625	-1.6542871	0.70605469
-39.98859	3.6254246	0.71582031
-39.987598	7.7773404	0.72558594
-39.985489	6.8985739	0.73535156
-39.985275	1.4496527	0.74511719
-39.983524	1.6864718	0.75488281
-39.982365	4.0004349	0.76464844
-39.982159	3.1383326	0.77441406
-39.980663	10.962665	0.78417969
-39.979771	9.575036	0.79394531
-39.980717	9.2347727	0.80371094
-39.979477	6.8072166	0.81347656
-39.979336	3.5159323	0.82324219
-39.976532	7.9005342	0.83300781
-39.976974	13.670766	0.84277344
-39.976166	14.940203	0.85253906
-39.974625	11.004257	0.86230469
-39.973904	7.0748262	0.87207031
-39.973373	9.5049925	0.88183594
-39.97229	11.880744	0.89160156
-39.970905	15.87941	0.90136719
-39.970127	15.772843	0.91113281
-39.969444	16.242809	0.92089844
-39.968006	13.946951	0.93066406
-39.968395	11.816771	0.94042969
-39.967625	13.780166	0.95019531
-39.966385	18.714684	0.95996094
-39.966438	21.22188	0.96972656
-39.96492	19.318581	0.97949219
-39.964611	17.295115	0.98925781
-39.962826	15.491614	0.99902344
-39.961948	17.832476	1.0087891
-39.961151	20.815767	1.0185547
-39.960297	19.92988	1.0283203
-39.959938	23.017509	1.0380859
-39.959259	23.59441	1.0478516
-39.958138	18.020885	1.0576172
-39.956886	18.525656	1.0673828
-39.957077	20.227018	1.0771484
-39.955212	25.999689	1.0869141
-39.955177	24.707006	1.0966797
-39.954212	23.110041	1.1064453
-39.95348	22.896004	1.1162109
-39.952061	22.815115	1.1259766
-39.951336	24.316343	1.1357422
-39.952194	23.794338	1.1455078
-39.950714	28.309984	1.1552734
-39.949692	30.582903	1.1650391
-39.949738	29.02243	1.1748047
-39.947926	25.376528	1.1845703
-39.947735	23.750347	1.1943359
-39.946087	28.390327	1.2041016
-39.946041	31.829659	1.2138672
-39.944553	29.975626	1.2236328
-39.943741	32.128319	1.2333984
-39.942829	31.924248	1.2431641
-39.943413	29.23078	1.2529297
-39.940857	28.286345	1.2626953
-39.940605	31.200768	1.2724609
-39.938911	36.675419	1.2822266
-39.938862	37.417015	1.2919922
-39.938068	34.813145	1.3017578
-39.936951	31.992697	1.3115234
-39.936127	32.008606	1.3212891
-39.935303	35.125931	1.3310547
-39.935211	37.209164	1.3408203
-39.935257	40.491779	1.3505859
-39.933052	39.823711	1.3603516
-39.932972	37.949062	1.3701172
-39.93185	34.118351	1.3798828
-39.930626	35.955242	1.3896484
-39.929028	38.850433	1.3994141
-39.929688	43.779961	1.4091797
-39.928616	44.556946	1.4189453
-39.928062	38.805035	1.4287109
-39.927399	37.917686	1.4384766
-39.926258	39.243832	1.4482422
-39.924492	40.026989	1.4580078
-39.924152	46.179913	1.4677734
-39.923313	45.237099	1.4775391
-39.921982	45.356323	1.4873047
-39.922806	43.609356	1.4970703
-39.921429	38.912773	1.5068359
-39.9203	44.100647	1.5166016
-39.919537	48.282799	1.5263672
-39.918148	51.676624	1.5361328
-39.91782	48.640198	1.5458984
-39.916016	44.278156	1.5556641
-39.915897	45.166451	1.5654297
-39.915493	46.335861	1.5751953
-39.914795	49.994244	1.5849609
-39.914997	52.900452	1.5947266
-39.913548	53.596096	1.6044922
-39.912376	51.494263	1.6142578
-39.910587	46.054661	1.6240234
-39.910679	48.088779	1.6337891
-39.910107	52.534203	1.6435547
-39.908745	55.852417	1.6533203
-39.907173	56.011829	1.6630859
-39.906734	53.067032	1.6728516
-39.906475	51.195435	1.6826172
-39.905552	53.3736	1.6923828
-39.905663	53.827503	1.7021484
-39.904022	56.337975	1.7119141
-39.903599	57.402634	1.7216797
-39.901131	59.771332	1.7314453
-39.902031	55.189869	1.7412109
-39.900135	53.899998	1.7509766
-39.900063	55.489418	1.7607422
-39.899139	60.297844	1.7705078
-39.897926	60.48064	1.7802734
-39.8979	60.549068	1.7900391
-39.897373	60.109516	1.7998047
-39.896759	59.00285	1.8095703
-39.894981	59.713287	1.8193359
-39.89476	59.046005	1.8291016
-39.893738	62.070992	1.8388672
-39.892387	66.459	1.8486328
-39.892536	65.167854	1.8583984
-39.889889	64.349838	1.8681641
-39.89027	60.63203	1.8779297
-39.889126	62.11068	1.8876953
-39.888935	65.99044	1.8974609
-39.887421	65.477013	1.9072266
-39.887043	70.367203	1.9169922
-39.885715	70.439804	1.9267578
-39.885033	67.291626	1.9365234
-39.884331	65.362343	1.9462891
-39.883461	62.653393	1.9560547
-39.883068	70.796127	1.9658203
-39.881607	74.323479	1.9755859
-39.881691	72.247818	1.9853516
-39.880711	67.381508	1.9951172
-39.880367	67.144447	2.0048828
-39.878567	69.156181	2.0146484
-39.8778	71.589272	2.0244141
-39.878265	75.56781	2.0341797
-39.877056	76.574104	2.0439453
-39.875931	74.95755	2.0537109
-39.875713	72.069885	2.0634766
-39.874752	69.910187	2.0732422
-39.872528	73.890823	2.0830078
-39.872955	80.962181	2.0927734
-39.870934	81.232826	2.1025391
-39.870815	76.319206	2.1123047
-39.869461	75.846199	2.1220703
-39.869133	75.22036	2.1318359
-39.868229	76.897415	2.1416016
-39.867775	82.132729	2.1513672
-39.867699	81.531509	2.1611328
-39.865505	83.106476	2.1708984
-39.865501	78.561195	2.1806641
-39.86451	74.476265	2.1904297
-39.86314	78.78994	2.2001953
-39.862816	82.722031	2.2099609
-39.862846	86.718552	2.2197266
-39.861446	84.548203	2.2294922
-39.860012	80.200607	2.2392578
-39.859146	81.254028	2.2490234
-39.858215	82.03846	2.2587891
-39.857079	85.602478	2.2685547
-39.856155	86.565842	2.2783203
-39.856018	87.568169	2.2880859
-39.85577	89.665405	2.2978516
-39.854641	82.873482	2.3076172
-39.852962	84.481407	2.3173828
-39.853065	85.609856	2.3271484
-39.853016	90.84304	2.3369141
-39.853123	92.495415	2.3466797
-39.850082	89.714645	2.3564453
-39.848877	88.360306	2.3662109
-39.848751	90.233025	2.3759766
-39.848076	89.193253	2.3857422
-39.847282	89.631561	2.3955078
-39.846611	93.101578	2.4052734
-39.845875	94.070824	2.4150391
-39.844059	94.048264	2.4248047
-39.844601	91.429253	2.4345703
-39.843468	89.885872	2.4443359
-39.842331	94.316948	2.4541016
-39.84145	94.020653	2.4638672
-39.840759	95.184273	2.4736328
-39.839523	97.32753	2.4833984
-39.838764	96.548042	2.4931641
-39.838421	95.885452	2.5029297
-39.838551	94.415642	2.5126953
-39.837101	96.320282	2.5224609
-39.835201	99.90715	2.5322266
-39.835506	101.52212	2.5419922
-39.833855	100.56304	2.5517578
-39.832924	96.632797	2.5615234
-39.833092	98.16452	2.5712891
-39.831608	100.88483	2.5810547
-39.83073	100.30243	2.5908203
-39.829979	105.48329	2.6005859
-39.829266	105.43211	2.6103516
-39.827934	103.66348	2.6201172
-39.827229	100.44444	2.6298828
-39.826221	98.864616	2.6396484
-39.826736	106.03249	2.6494141
-39.82497	109.92998	2.6591797
-39.824413	109.4306	2.6689453
-39.823524	105.89616	2.6787109
-39.823059	103.08183	2.6884766
-39.822155	105.63907	2.6982422
-39.819454	104.95155	2.7080078
-39.819416	110.46858	2.7177734
-39.819618	110.94329	2.7275391
-39.820019	110.59957	2.7373047
-39.817753	106.82485	2.7470703
-39.81609	105.47803	2.7568359
-39.817039	108.47614	2.7666016
-39.814758	114.91212	2.7763672
-39.814087	116.87935	2.7861328
-39.813274	114.15443	2.7958984
-39.812885	110.72967	2.8056641
-39.81234	109.34528	2.8154297
-39.812042	112.69222	2.8251953
-39.810562	115.09068	2.8349609
-39.809734	117.33662	2.8447266
-39.808514	119.09476	2.8544922
-39.807556	116.4081	2.8642578
-39.807285	111.76334	2.8740234
-39.806435	113.99148	2.8837891
-39.805637	115.87398	2.8935547
-39.804157	121.58181	2.9033203
-39.803699	121.45295	2.9130859
-39.803295	116.94812	2.9228516
-39.802685	118.87792	2.9326172
-39.802326	117.79342	2.9423828
-39.800945	119.7551	2.9521484
-39.80061	120.56328	2.9619141
-39.798782	121.62098	2.9716797
-39.799835	126.44186	2.9814453
-39.797188	120.40263	2.9912109
-39.796566	119.19737	3.0009766
-39.7957	121.506	3.0107422
-39.794189	123.87744	3.0205078
-39.793373	127.10598	3.0302734
-39.793701	124.49154	3.0400391
-39.793304	124.89178	3.0498047
-39.791004	126.41013	3.0595703
-39.790272	123.3374	3.0693359
-39.790123	124.61562	3.0791016
-39.790249	126.43291	3.0888672
-39.789036	130.18893	3.0986328
-39.788067	132.74576	3.1083984
-39.786724	127.04008	3.1181641
-39.786201	125.71319	3.1279297
-39.784641	127.07013	3.1376953
-39.785133	130.3922	3.1474609
-39.784374	131.13393	3.1572266
-39.782227	134.4034	3.1669922
-39.78191	132.94266	3.1767578
-39.782032	131.88104	3.1865234
-39.781071	129.05396	3.1962891
-39.778439	130.11636	3.2060547
-39.778172	135.12967	3.2158203
-39.776909	139.05135	3.2255859
-39.77784	139.40198	3.2353516
-39.776226	132.87395	3.2451172
-39.775284	133.739	3.2548828
-39.774567	135.56514	3.2646484
-39.773964	135.08423	3.2744141
-39.772675	141.31013	3.2841797
-39.7724	140.0062	3.2939453
-39.771049	140.14253	3.3037109
-39.770527	136.04037	3.3134766
-39.769176	134.38672	3.3232422
-39.769215	139.35507	3.3330078
-39.768799	144.73892	3.3427734
-39.767738	145.60255	3.3525391
-39.766926	142.92542	3.3623047
-39.766235	138.9122	3.3720703
-39.765121	141.36711	3.3818359
-39.76244	142.27654	3.3916016
-39.762592	145.82251	3.4013672
-39.762157	148.00313	3.4111328
-39.762249	147.21167	3.4208984
-39.759487	144.35001	3.4306641
-39.759621	141.33859	3.4404297
-39.759205	141.70572	3.4501953
-39.758244	148.51707	3.4599609
-39.756279	150.91818	3.4697266
-39.75737	148.53328	3.4794922
-39.754684	145.4789	3.4892578
-39.754963	143.04712	3.4990234
-39.755318	146.60068	3.5087891
-39.754356	148.8557	3.5185547
-39.753174	148.54652	3.5283203
-39.752163	153.79114	3.5380859
-39.74987	151.9138	3.5478516
-39.75153	147.99625	3.5576172
-39.748577	148.18594	3.5673828
-39.748432	150.63097	3.5771484
-39.747696	154.49117	3.5869141
-39.746376	154.33981	3.5966797
-39.745724	151.42854	3.6064453
-39.745865	153.50835	3.6162109
-39.74477	151.59743	3.6259766
-39.743652	154.21704	3.6357422
-39.742783	152.54031	3.6455078
-39.741982	156.1311	3.6552734
-39.740707	159.90305	3.6650391
-39.740326	156.35085	3.6748047
-39.739876	155.99876	3.6845703
-39.739414	156.37685	3.6943359
-39.737747	157.29141	3.7041016
-39.736706	160.45914	3.7138672
-39.73769	158.62813	3.7236328
-39.735645	162.18312	3.7333984
-39.734436	161.26271	3.7431641
-39.733089	158.52756	3.7529297
-39.733879	159.37772	3.7626953
-39.731796	160.04286	3.7724609
-39.732403	165.13464	3.7822266
-39.730106	167.48659	3.7919922
-39.730862	164.47839	3.8017578
-39.728283	161.38918	3.8115234
-39.728729	160.46063	3.8212891
-39.728363	163.71507	3.8310547
-39.727058	166.27785	3.8408203
-39.725216	168.76437	3.8505859
-39.726555	169.9106	3.8603516
-39.723885	167.99527	3.8701172
-39.72361	162.5085	3.8798828
-39.722992	162.96056	3.8896484
-39.722061	167.51042	3.8994141
-39.71994	172.76949	3.9091797
-39.720707	172.79199	3.9189453
-39.719349	167.55208	3.9287109
-39.719086	167.09332	3.9384766
-39.718296	167.57501	3.9482422
-39.716835	169.27715	3.9580078
-39.716469	174.03072	3.9677734
-39.714848	175.61954	3.9775391
-39.714775	175.22139	3.9873047
-39.713676	170.99321	3.9970703
-39.712341	168.46658	4.0068359
-39.711575	171.67227	4.0166016
-39.711872	176.68317	4.0263672
-39.710526	180.45909	4.0361328
-39.709541	177.16335	4.0458984
-39.709003	172.61694	4.0556641
-39.707817	172.84761	4.0654297
-39.706738	173.0228	4.0751953
-39.706337	176.80817	4.0849609
-39.706039	179.51021	4.0947266
-39.705196	181.78894	4.1044922
-39.704311	181.06642	4.1142578
-39.702766	174.81226	4.1240234
-39.701118	176.0444	4.1337891
-39.701176	181.45035	4.1435547
-39.699886	183.70987	4.1533203
-39.699986	184.49211	4.1630859
-39.699612	180.15955	4.1728516
-39.698418	178.64938	4.1826172
-39.698013	181.68539	4.1923828
-39.696846	181.35368	4.2021484
-39.696655	183.17302	4.2119141
-39.694836	187.89516	4.2216797
-39.694485	187.09357	4.2314453
-39.692501	184.37506	4.2412109
-39.693169	184.21385	4.2509766
-39.691616	181.77396	4.2607422
-39.691517	187.22777	4.2705078
-39.691132	189.09561	4.2802734
-39.690483	188.25691	4.2900391
-39.688286	189.17799	4.2998047
-39.686638	187.13069	4.3095703
-39.686943	189.09978	4.3193359
-39.685753	186.5545	4.3291016
-39.685772	190.35785	4.3388672
-39.684174	193.34941	4.3486328
-39.683521	192.53287	4.3583984
-39.683113	192.92308	4.3681641
-39.682236	187.92958	4.3779297
-39.679882	188.98561	4.3876953
-39.680897	193.9951	4.3974609
-39.680145	193.85342	4.4072266
-39.679012	197.01387	4.4169922
-39.678013	196.15469	4.4267578
-39.678085	193.51289	4.4365234
-39.676777	191.67206	4.4462891
-39.67527	191.06198	4.4560547
-39.674782	196.99976	4.4658203
-39.673851	200.6868	4.4755859
-39.672611	199.17725	4.4853516
-39.673187	196.55394	4.4951172
-39.671741	193.58925	4.5048828
-39.672298	196.41284	4.5146484
-39.669655	199.12691	4.5244141
-39.669353	201.29958	4.5341797
-39.669144	203.71669	4.5439453
-39.667385	202.78957	4.5537109
-39.667206	198.58368	4.5634766
-39.666344	197.99773	4.5732422
-39.664368	199.19516	4.5830078
-39.663803	207.40126	4.5927734
-39.663242	206.69405	4.6025391
-39.661777	202.84538	4.6123047
-39.661541	200.01184	4.6220703
-39.660229	200.91827	4.6318359
-39.659893	201.95433	4.6416016
-39.659557	207.4104	4.6513672
-39.657833	207.82823	4.6611328
-39.657616	209.68399	4.6708984
-39.656101	208.18016	4.6806641
-39.656662	202.71375	4.6904297
-39.654991	204.82864	4.7001953
-39.654682	211.22092	4.7099609
-39.654366	212.84859	4.7197266
-39.653347	212.16772	4.7294922
-39.651516	206.33989	4.7392578
-39.650833	207.86156	4.7490234
-39.650059	207.01498	4.7587891
-39.649323	211.12402	4.7685547
-39.64859	213.08447	4.7783203
-39.648651	213.78635	4.7880859
-39.646294	213.80392	4.7978516
-39.645985	210.15427	4.8076172
-39.646515	210.03026	4.8173828
-39.643402	212.56798	4.8271484
-39.644154	216.06625	4.8369141
-39.643097	217.87401	4.8466797
-39.641567	215.19469	4.8564453
-39.642548	214.36894	4.8662109
-39.64072	214.84518	4.8759766
-39.640488	214.04759	4.8857422
-39.639267	215.82344	4.8955078
-39.638306	220.06975	4.9052734
-39.63736	221.01088	4.9150391
-39.636215	221.37038	4.9248047
-39.636047	218.8069	4.9345703
-39.635571	216.47652	4.9443359
-39.632935	221.04198	4.9541016
-39.632786	221.04391	4.9638672
-39.632133	222.33694	4.9736328
-39.631866	222.61427	4.9833984
-39.63052	222.94791	4.9931641
-39.62928	221.88649	5.0029297
-39.628269	218.91069	5.0126953
-39.627354	222.98955	5.0224609
-39.62743	225.99911	5.0322266
-39.626793	228.24228	5.0419922
-39.626228	228.17473	5.0517578
-39.62455	223.04237	5.0615234
-39.62381	222.78209	5.0712891
-39.622688	225.89507	5.0810547
-39.623283	226.90746	5.0908203
-39.620228	231.54858	5.1005859
-39.621513	229.31874	5.1103516
-39.619728	227.52083	5.1201172
-39.618263	225.10988	5.1298828
-39.618988	223.7218	5.1396484
-39.618023	229.45126	5.1494141
-39.616482	236.41167	5.1591797
-39.616184	235.1109	5.1689453
-39.614662	231.14973	5.1787109
-39.615269	229.33357	5.1884766
-39.612785	228.48055	5.1982422
-39.612892	232.27414	5.2080078
-39.611935	235.61702	5.2177734
-39.610706	237.5522	5.2275391
-39.61026	234.39844	5.2373047
-39.609947	232.42787	5.2470703
-39.609467	228.05574	5.2568359
-39.607048	231.84935	5.2666016
-39.606098	238.95047	5.2763672
-39.606171	240.92337	5.2861328
-39.605076	237.4597	5.2958984
-39.604546	235.63275	5.3056641
-39.60437	235.29573	5.3154297
-39.603024	235.70412	5.3251953
-39.602188	239.9895	5.3349609
-39.600796	241.52248	5.3447266
-39.600941	244.08083	5.3544922
-39.598717	240.91844	5.3642578
-39.598148	237.52118	5.3740234
-39.598049	238.62634	5.3837891
-39.597218	241.19942	5.3935547
-39.596985	246.73378	5.4033203
-39.59594	245.67505	5.4130859
-39.594643	242.66484	5.4228516
-39.59478	241.76979	5.4326172
-39.59309	241.66711	5.4423828
-39.592903	242.72339	5.4521484
-39.59219	244.8035	5.4619141
-39.591278	248.22307	5.4716797
-39.590256	250.3905	5.4814453
-39.588993	244.8528	5.4912109
-39.588814	244.02312	5.5009766
-39.586643	245.6823	5.5107422
-39.586781	248.66193	5.5205078
-39.586693	250.67302	5.5302734
-39.584572	248.82497	5.5400391
-39.583736	248.88376	5.5498047
-39.582985	251.15848	5.5595703
-39.583435	248.80444	5.5693359
-39.581093	248.31995	5.5791016
-39.580444	249.5907	5.5888672
-39.581429	252.69225	5.5986328
-39.579704	256.84198	5.6083984
-39.57972	252.49831	5.6181641
-39.577953	249.23189	5.6279297
-39.57827	252.53165	5.6376953
-39.575264	254.12875	5.6474609
-39.575817	255.20158	5.6572266
-39.57399	258.41028	5.6669922
-39.573902	255.40933	5.6767578
-39.57309	255.82173	5.6865234
-39.571926	251.68898	5.6962891
-39.571167	253.48625	5.7060547
-39.570793	258.88522	5.7158203
-39.569534	262.05191	5.7255859
-39.568832	261.07684	5.7353516
-39.567173	255.7672	5.7451172
-39.568653	256.17636	5.7548828
-39.566643	257	5.7646484
-39.564995	258.63739	5.7744141
-39.564411	264.71021	5.7841797
-39.563835	262.36035	5.7939453
-39.563042	263.44363	5.8037109
-39.562748	260.55258	5.8134766
-39.562351	256.28046	5.8232422
-39.561501	260.89267	5.8330078
-39.560104	268.23859	5.8427734
-39.558895	266.24371	5.8525391
-39.559193	265.3992	5.8623047
-39.557007	260.88272	5.8720703
-39.556484	260.70215	5.8818359
-39.556278	264.01233	5.8916016
-39.554199	268.3533	5.9013672
-39.553093	269.23941	5.9111328
-39.553688	270.43445	5.9208984
-39.552891	266.75107	5.9306641
-39.552383	261.96759	5.9404297
-39.550545	264.73441	5.9501953
-39.551479	270.85486	5.9599609
-39.549675	274.17538	5.9697266
-39.548893	272.56006	5.9794922
-39.548008	269.72711	5.9892578
-39.546368	266.79288	5.9990234
-39.54628	269.89304	6.0087891
-39.5452	271.52328	6.0185547
-39.544758	272.62103	6.0283203
-39.544838	276.12897	6.0380859
-39.542133	275.73163	6.0478516
-39.541714	270.50171	6.0576172
-39.541519	270.7179	6.0673828
-39.540478	271.65958	6.0771484
-39.539539	277.53122	6.0869141
-39.538265	278.36844	6.0966797
-39.537754	274.30927	6.1064453
-39.537487	276.23846	6.1162109
-39.536148	275.29578	6.1259766
-39.536446	276.49197	6.1357422
-39.534615	276.30917	6.1455078
-39.534348	279.95541	6.1552734
-39.534069	282.53787	6.1650391
-39.531322	279.40759	6.1748047
-39.530972	278.90012	6.1845703
-39.529976	278.09879	6.1943359
-39.529949	279.88849	6.2041016
-39.529617	284.03046	6.2138672
-39.529266	281.91205	6.2236328
-39.527569	283.60153	6.2333984
-39.527084	283.57343	6.2431641
-39.524906	279.79938	6.2529297
-39.524872	280.63382	6.2626953
-39.525837	281.93454	6.2724609
-39.52454	285.98514	6.2822266
-39.523174	289.26886	6.2919922
-39.521729	286.72418	6.3017578
-39.520775	283.32745	6.3115234
-39.520626	282.40088	6.3212891
-39.519539	285.62006	6.3310547
-39.517174	288.2731	6.3408203
-39.516361	289.08603	6.3505859
-39.515739	289.84448	6.3603516
-39.516212	289.94217	6.3701172
-39.516098	283.90567	6.3798828
-39.515038	284.45651	6.3896484
-39.513592	289.20746	6.3994141
-39.511833	294.61182	6.4091797
-39.512268	294.18182	6.4189453
-39.511299	289.35535	6.4287109
-39.511356	288.25726	6.4384766
-39.509781	288.62338	6.4482422
-39.509411	290.62964	6.4580078
-39.50769	297.54486	6.4677734
-39.508076	296.79807	6.4775391
-39.507015	295.45358	6.4873047
-39.504513	292.43384	6.4970703
-39.503643	288.35834	6.5068359
-39.50367	292.4072	6.5166016
-39.503246	297.52499	6.5263672
-39.502117	300.08148	6.5361328
-39.501724	297.54227	6.5458984
-39.500233	293.34479	6.5556641
-39.500347	293.39737	6.5654297
-39.498749	296.87784	6.5751953
-39.497284	298.96027	6.5849609
-39.496834	300.72614	6.5947266
-39.495255	301.94385	6.6044922
-39.496586	299.8418	6.6142578
-39.494652	295.74741	6.6240234
-39.49382	296.67532	6.6337891
-39.493526	300.24619	6.6435547
-39.492203	304.1601	6.6533203
-39.49147	303.4877	6.6630859
-39.490692	301.02097	6.6728516
-39.48946	299.66913	6.6826172
-39.48875	301.37119	6.6923828
-39.489315	303.63443	6.7021484
-39.487713	301.97955	6.7119141
-39.487312	306.80609	6.7216797
-39.485672	308.3475	6.7314453
-39.484825	302.86679	6.7412109
-39.485016	301.5719	6.7509766
-39.48315	302.427	6.7607422
-39.482018	307.69434	6.7705078
-39.482666	308.38385	6.7802734
-39.480347	308.20081	6.7900391
-39.479378	309.4696	6.7998047
-39.479141	308.00668	6.8095703
-39.478611	308.75793	6.8193359
-39.477188	305.73325	6.8291016
-39.476974	308.84265	6.8388672
-39.474491	313.94537	6.8486328
-39.475647	312.3186	6.8583984
-39.474537	311.76694	6.8681641
-39.472916	307.02368	6.8779297
-39.473698	310.25021	6.8876953
-39.470974	314.20758	6.8974609
-39.47139	313.28757	6.9072266
-39.470036	317.23529	6.9169922
-39.468521	315.44525	6.9267578
-39.469276	312.09891	6.9365234
-39.468155	310.19388	6.9462891
-39.466736	310.18881	6.9560547
-39.466469	315.25745	6.9658203
-39.465607	320.31888	6.9755859
-39.46468	317.73877	6.9853516
-39.464912	313.72858	6.9951172
-39.462822	310.62866	7.0048828
-39.462902	314.42944	7.0146484
-39.462139	317.57047	7.0244141
-39.459457	321.97754	7.0341797
-39.460072	322.59201	7.0439453
-39.459721	320.58246	7.0537109
-39.458694	314.44623	7.0634766
-39.458076	314.57559	7.0732422
-39.456932	317.43762	7.0830078
-39.455811	324.08841	7.0927734
-39.453674	325.7587	7.1025391
-39.454121	320.64841	7.1123047
-39.453472	318.51086	7.1220703
-39.454082	317.92459	7.1318359
-39.452156	321.01999	7.1416016
-39.451115	325.60455	7.1513672
-39.450855	325.28986	7.1611328
-39.44957	327.54831	7.1708984
-39.447697	324.22913	7.1806641
-39.447155	317.96271	7.1904297
-39.446476	322.86923	7.2001953
-39.446209	326.86353	7.2099609
-39.445435	331.15076	7.2197266
-39.444088	328.93332	7.2294922
-39.443985	325.07849	7.2392578
-39.442467	324.94421	7.2490234
-39.44112	325.93481	7.2587891
-39.441338	328.11511	7.2685547
-39.440018	329.1152	7.2783203
-39.438736	330.04523	7.2880859
-39.438095	330.77408	7.2978516
-39.437954	327.42667	7.3076172
-39.437836	325.68918	7.3173828
-39.436314	328.57495	7.3271484
-39.435249	332.50925	7.3369141
-39.43428	333.66168	7.3466797
-39.433384	332.55975	7.3564453
-39.433701	330.70166	7.3662109
-39.432926	332.36646	7.3759766
-39.431896	331.22968	7.3857422
-39.429932	331.89096	7.3955078
-39.429077	334.00104	7.4052734
-39.429363	337.80862	7.4150391
-39.428497	336.14102	7.4248047
-39.427143	333.01178	7.4345703
-39.42609	332.85214	7.4443359
-39.425098	336.52753	7.4541016
-39.425625	336.86368	7.4638672
-39.424812	338.18796	7.4736328
-39.422493	338.77402	7.4833984
-39.422363	338.64163	7.4931641
-39.421623	337.57657	7.5029297
-39.419994	333.52109	7.5126953
-39.418869	336.68552	7.5224609
-39.419739	341.89349	7.5322266
-39.418331	343.67755	7.5419922
-39.417221	341.06256	7.5517578
-39.416645	336.62604	7.5615234
-39.416649	337.42059	7.5712891
-39.416088	341.18463	7.5810547
-39.4146	341.19354	7.5908203
-39.413479	346.7453	7.6005859
-39.411846	343.49677	7.6103516
-39.412586	343.19284	7.6201172
-39.411186	338.89548	7.6298828
-39.410175	336.64999	7.6396484
-39.409264	343.36145	7.6494141
-39.408508	349.14587	7.6591797
-39.407696	349.5863	7.6689453
-39.407993	344.76514	7.6787109
-39.406067	342.03934	7.6884766
-39.404289	344.68427	7.6982422
-39.404526	345.87683	7.7080078
-39.404049	350.14664	7.7177734
-39.40205	350.81607	7.7275391
-39.402061	351.56009	7.7373047
-39.400742	346.31067	7.7470703
-39.40052	342.93948	7.7568359
-39.399471	345.43884	7.7666016
-39.398479	351.91684	7.7763672
-39.398819	354.09021	7.7861328
-39.396946	351.97177	7.7958984
-39.396011	347.54794	7.8056641
-39.394711	347.07068	7.8154297
-39.395958	349.90005	7.8251953
-39.393616	353.37939	7.8349609
-39.393463	355.03802	7.8447266
-39.392826	355.73459	7.8544922
-39.391342	353.89258	7.8642578
-39.390903	346.9473	7.8740234
-39.389439	351.46667	7.8837891
-39.389137	352.35516	7.8935547
-39.388866	358.22241	7.9033203
-39.3871	357.30966	7.9130859
-39.387581	354.62802	7.9228516
-39.385746	353.91156	7.9326172
-39.384705	354.86398	7.9423828
-39.384583	355.37775	7.9521484
-39.383541	355.89291	7.9619141
-39.381809	360.98163	7.9716797
-39.381306	360.14536	7.9814453
-39.380722	358.28574	7.9912109
-39.379578	356.93073	8.0009766
-39.379002	357.06168	8.0107422
-39.379742	359.5351	8.0205078
-39.376812	363.94724	8.0302734
-39.377174	360.1207	8.0400391
-39.375057	360.84525	8.0498047
-39.374741	359.70551	8.0595703
-39.375576	360.89816	8.0693359
-39.372952	360.57648	8.0791016
-39.373035	362.59286	8.0888672
-39.37151	366.38617	8.0986328
-39.371983	367.96124	8.1083984
-39.370396	363.0759	8.1181641
-39.370129	359.67294	8.1279297
-39.368542	362.62711	8.1376953
-39.368736	364.64554	8.1474609
-39.366665	367.14236	8.1572266
-39.365944	369.10049	8.1669922
-39.366161	367.41299	8.1767578
-39.364719	365.75238	8.1865234
-39.362244	361.67911	8.1962891
-39.363075	364.48248	8.2060547
-39.362484	369.44571	8.2158203
-39.361214	372.552	8.2255859
-39.360218	372.33755	8.2353516
-39.359821	364.71979	8.2451172
-39.357887	363.08691	8.2548828
-39.357971	369.18866	8.2646484
-39.357487	370.32635	8.2744141
-39.355877	375.2081	8.2841797
-39.356213	373.47052	8.2939453
-39.354992	372.30103	8.3037109
-39.353878	370.23254	8.3134766
-39.353737	365.32782	8.3232422
-39.353245	370.22287	8.3330078
-39.352123	376.63425	8.3427734
-39.350906	377.60565	8.3525391
-39.350788	375.59506	8.3623047
-39.349621	369.46661	8.3720703
-39.349136	370.30295	8.3818359
-39.348923	372.86282	8.3916016
-39.346901	376.11948	8.4013672
-39.345219	378.00726	8.4111328
-39.345257	378.81082	8.4208984
-39.343365	375.34875	8.4306641
-39.34346	371.57806	8.4404297
-39.343708	374.11212	8.4501953
-39.341518	378.70276	8.4599609
-39.341354	383.12009	8.4697266
-39.340096	380.49762	8.4794922
-39.33897	378.02924	8.4892578
-39.338703	375.75165	8.4990234
-39.336987	377.24265	8.5087891
-39.337372	379.78281	8.5185547
-39.335548	380.11404	8.5283203
-39.334698	383.63824	8.5380859
-39.334553	383.28778	8.5478516
-39.333103	378.39978	8.5576172
-39.333622	377.96112	8.5673828
-39.332123	378.64847	8.5771484
-39.331635	384.79443	8.5869141
-39.331245	387.51212	8.5966797
-39.329647	384.09354	8.6064453
-39.329292	383.39899	8.6162109
-39.326626	380.84515	8.6259766
-39.327774	383.17227	8.6357422
-39.32653	382.11893	8.6455078
-39.324684	384.46237	8.6552734
-39.323734	388.49716	8.6650391
-39.324757	384.80225	8.6748047
-39.322758	385.06503	8.6845703
-39.322632	382.74274	8.6943359
-39.32177	385.29636	8.7041016
-39.321114	389.11072	8.7138672
-39.320309	389.08517	8.7236328
-39.318954	388.72485	8.7333984
-39.317825	388.59778	8.7431641
-39.317848	385.69485	8.7529297
-39.316044	385.13129	8.7626953
-39.315685	386.92661	8.7724609
-39.31554	390.97577	8.7822266
-39.314163	395.22513	8.7919922
-39.31332	391.1864	8.8017578
-39.311974	388.65546	8.8115234
-39.312778	387.36267	8.8212891
-39.311691	390.15536	8.8310547
-39.310116	393.05673	8.8408203
-39.309425	396.72031	8.8505859
-39.308929	396.42661	8.8603516
-39.307373	393.57202	8.8701172
-39.306297	389.22598	8.8798828
-39.306187	388.29565	8.8896484
-39.305855	394.50333	8.8994141
-39.304466	400.37173	8.9091797
-39.303223	399.44498	8.9189453
-39.30341	392.88336	8.9287109
-39.302025	391.37115	8.9384766
-39.301105	392.42896	8.9482422
-39.300514	393.17026	8.9580078
-39.299442	399.81866	8.9677734
-39.29866	398.96011	8.9775391
-39.298302	400.02219	8.9873047
-39.297703	395.37643	8.9970703
-39.295849	390.93399	9.0068359
-39.295696	397.2532	9.0166016
-39.294987	401.38718	9.0263672
-39.293835	403.77182	9.0361328
-39.292942	401.10715	9.0458984
-39.29129	396.68079	9.0556641
-39.292	397.26263	9.0654297
-39.289852	400.00748	9.0751953
-39.29052	401.7034	9.0849609
-39.289063	402.96066	9.0947266
-39.288475	404.625	9.1044922
-39.285847	402.57837	9.1142578
-39.286411	397.59555	9.1240234
-39.28672	399.3757	9.1337891
-39.284985	401.47961	9.1435547
-39.284046	406.76608	9.1533203
-39.283051	406.99164	9.1630859
-39.28196	402.40131	9.1728516
-39.281616	400.85489	9.1826172
-39.281258	403.46997	9.1923828
-39.280277	402.93933	9.2021484
-39.278259	404.82971	9.2119141
-39.277908	407.29636	9.2216797
-39.277126	408.40274	9.2314453
-39.277748	403.90097	9.2412109
-39.276073	403.77319	9.2509766
-39.275997	402.88025	9.2607422
-39.274178	407.8909	9.2705078
-39.273411	409.51083	9.2802734
-39.271828	406.89771	9.2900391
-39.271557	409.70938	9.2998047
-39.271183	407.08295	9.3095703
-39.269932	407.91473	9.3193359
-39.269966	406.85709	9.3291016
-39.268929	408.70056	9.3388672
-39.267952	414.68527	9.3486328
-39.267006	412.04669	9.3583984
-39.266758	410.52023	9.3681641
-39.266838	406.72403	9.3779297
-39.264732	408.1412	9.3876953
-39.264206	413.12534	9.3974609
-39.26358	410.71078	9.4072266
-39.261887	413.99155	9.4169922
-39.261971	413.74487	9.4267578
-39.260349	411.43054	9.4365234
-39.259869	411.29477	9.4462891
-39.257938	410.7507	9.4560547
-39.258251	414.93698	9.4658203
-39.257702	420.2471	9.4755859
-39.256367	416.75955	9.4853516
-39.256042	412.93231	9.4951172
-39.255344	410.03601	9.5048828
-39.253944	412.92236	9.5146484
-39.253307	416.56677	9.5244141
-39.252388	420.38507	9.5341797
-39.251656	418.70996	9.5439453
-39.250061	418.19644	9.5537109
-39.249641	412.0506	9.5634766
-39.250645	411.2941	9.5732422
-39.249466	414.0029	9.5830078
-39.247997	421.65799	9.5927734
-39.246758	422.57959	9.6025391
-39.246204	416.80292	9.6123047
-39.245434	414.13919	9.6220703
-39.243755	414.53995	9.6318359
-39.24321	415.6351	9.6416016
-39.243793	423.27786	9.6513672
-39.242199	422.31223	9.6611328
-39.241512	422.6998	9.6708984
-39.239395	420.14719	9.6806641
-39.238255	414.43643	9.6904297
-39.238846	419.71664	9.7001953
-39.237526	422.54306	9.7099609
-39.236996	427.35623	9.7197266
-39.236614	424.51019	9.7294922
-39.235443	419.67126	9.7392578
-39.233192	418.73743	9.7490234
-39.233749	421.66098	9.7587891
-39.232941	422.64795	9.7685547
-39.2332	425.41867	9.7783203
-39.230648	426.64911	9.7880859
-39.231148	426.28409	9.7978516
-39.229248	421.98727	9.8076172
-39.228523	421.66998	9.8173828
-39.228661	421.66772	9.8271484
-39.228024	426.50186	9.8369141
-39.225994	429.12427	9.8466797
-39.225613	426.01636	9.8564453
-39.224686	423.64996	9.8662109
-39.223145	424.67331	9.8759766
-39.222031	424.98718	9.8857422
-39.222641	424.20886	9.8955078
-39.22224	428.11783	9.9052734
-39.220383	430.02872	9.9150391
-39.219917	429.11847	9.9248047
-39.218563	426.82736	9.9345703
-39.21841	423.75183	9.9443359
-39.217972	427.04105	9.9541016
-39.216316	430.8038	9.9638672
-39.214722	430.68723	9.9736328
-39.215412	431.94946	9.9833984
-39.214653	430.21048	9.9931641
-39.213799	429.41592	10.00293
-39.212765	424.85901	10.012695
-39.21254	427.03503	10.022461
-39.211098	434.09671	10.032227
-39.209743	433.819	10.041992
-39.209007	433.03705	10.051758
-39.208851	426.92279	10.061523
-39.207462	427.47153	10.071289
-39.206287	431.47604	10.081055
-39.205795	431.37424	10.09082
-39.204632	435.10043	10.100586
-39.203827	436.42346	10.110352
-39.204185	431.56061	10.120117
-39.20303	429.02338	10.129883
-39.202175	428.63278	10.139648
-39.201382	433.42868	10.149414
-39.20158	439.22949	10.15918
-39.199478	437.1362	10.168945
-39.199478	431.37241	10.178711
-39.197842	430.31055	10.188477
-39.19735	430.78958	10.198242
-39.196308	434.18811	10.208008
-39.195908	438.6218	10.217773
-39.194649	437.96817	10.227539
-39.194199	437.64719	10.237305
-39.193214	433.43524	10.24707
-39.191109	429.6521	10.256836
-39.191669	434.39175	10.266602
-39.190861	438.86749	10.276367
-39.190018	442.48706	10.286133
-39.189396	439.69434	10.295898
-39.188408	433.9209	10.305664
-39.187595	433.87344	10.31543
-39.185719	436.17767	10.325195
-39.185875	440.68454	10.334961
-39.185322	438.90088	10.344727
-39.183819	439.98242	10.354492
-39.183453	439.84644	10.364258
-39.183109	433.55316	10.374023
-39.18272	437.32785	10.383789
-39.181419	437.39932	10.393555
-39.180004	442.74915	10.40332
-39.180202	443.00235	10.413086
-39.179176	438.30231	10.422852
-39.177563	438.34561	10.432617
-39.176926	437.60632	10.442383
-39.176357	437.88907	10.452148
-39.174561	440.04074	10.461914
-39.174248	441.21362	10.47168
-39.173454	444.58298	10.481445
-39.173088	439.55081	10.491211
-39.172771	438.24719	10.500977
-39.171612	438.1756	10.510742
-39.170734	442.18967	10.520508
-39.168186	445.18158	10.530273
-39.169395	442.36063	10.540039
-39.167336	442.45914	10.549805
-39.166183	441.38043	10.55957
-39.167305	440.81671	10.569336
-39.165756	439.45255	10.579102
-39.1646	443.35599	10.588867
-39.164585	444.99451	10.598633
-39.162369	448.27277	10.608398
-39.162277	443.02237	10.618164
-39.162003	438.13654	10.62793
-39.160461	440.98849	10.637695
-39.158321	443.82306	10.647461
-39.158978	445.33789	10.657227
-39.158737	447.94397	10.666992
-39.157761	445.50629	10.676758
-39.156284	444.77863	10.686523
-39.156574	442.36667	10.696289
-39.155624	440.77228	10.706055
-39.154488	448.02377	10.71582
-39.152828	450.28577	10.725586
-39.151836	448.43738	10.735352
-39.151226	442.42151	10.745117
-39.150776	441.63049	10.754883
-39.148861	443.98749	10.764648
-39.14983	446.2287	10.774414
-39.148388	451.13614	10.78418
-39.147884	448.33182	10.793945
-39.146763	447.15549	10.803711
-39.146393	444.43073	10.813477
-39.145123	440.67352	10.823242
-39.144196	445.49985	10.833008
-39.143711	451.81635	10.842773
-39.142082	452.44165	10.852539
-39.142296	447.46793	10.862305
-39.14119	443.64905	10.87207
-39.139744	442.34741	10.881836
-39.139153	447.20187	10.891602
-39.137638	450.69269	10.901367
-39.137459	449.86249	10.911133
-39.137653	450.44586	10.920898
-39.136192	447.81631	10.930664
-39.136253	443.67944	10.94043
-39.133858	445.20435	10.950195
-39.134502	451.41699	10.959961
-39.13279	453.12927	10.969727
-39.131962	450.99771	10.979492
-39.13282	448.15536	10.989258
-39.131191	445.41385	10.999023
-39.128048	446.22977	11.008789
-39.129597	449.68112	11.018555
-39.127663	449.03635	11.02832
-39.12756	452.83466	11.038086
-39.126884	452.27963	11.047852
-39.125721	446.82327	11.057617
-39.124088	446.88177	11.067383
-39.123909	446.81207	11.077148
-39.123589	452.37601	11.086914
-39.122513	453.69357	11.09668
-39.120106	450.60919	11.106445
-39.120098	450.34732	11.116211
-39.118328	448.81537	11.125977
-39.119598	449.73572	11.135742
-39.118572	450.23181	11.145508
-39.11694	450.98199	11.155273
-39.115986	454.21991	11.165039
-39.115524	452.76492	11.174805
-39.114742	449.11572	11.18457
-39.113514	447.03171	11.194336
-39.113575	449.76425	11.204102
-39.112049	454.13495	11.213867
-39.111206	452.66898	11.223633
-39.110329	454.14648	11.233398
-39.109909	453.0928	11.243164
-39.109497	449.86142	11.25293
-39.109238	448.77612	11.262695
-39.108059	450.08871	11.272461
-39.107365	454.06927	11.282227
-39.107384	457.10501	11.291992
-39.105442	453.22272	11.301758
-39.105877	447.71695	11.311523
-39.102646	448.22577	11.321289
-39.101955	450.72479	11.331055
-39.101719	454.14075	11.34082
-39.10199	455.50461	11.350586
-39.1012	454.23889	11.360352
-39.099049	451.73672	11.370117
-39.099369	448.71744	11.379883
-39.098385	446.9671	11.389648
-39.097607	452.70428	11.399414
-39.095074	456.21698	11.40918
-39.096039	457.12814	11.418945
-39.094864	451.96799	11.428711
-39.092278	447.4996	11.438477
-39.094162	449.87463	11.448242
-39.092663	452.33707	11.458008
-39.091892	457.14972	11.467773
-39.089535	454.18872	11.477539
-39.089794	454.42191	11.487305
-39.08955	451.44473	11.49707
-39.088192	447.62985	11.506836
-39.087769	450.96823	11.516602
-39.086735	456.49481	11.526367
-39.086239	457.67416	11.536133
-39.084057	455.59338	11.545898
-39.08387	448.05161	11.555664
-39.082855	448.74594	11.56543
-39.082466	452.27322	11.575195
-39.082211	455.54431	11.584961
-39.081799	455.90588	11.594727
-39.080086	457.60089	11.604492
-39.078953	454.80707	11.614258
-39.078297	451.42703	11.624023
-39.078449	449.89862	11.633789
-39.077301	452.59454	11.643555
-39.076492	457.8819	11.65332
-39.075924	456.61664	11.663086
-39.075237	454.73291	11.672852
-39.072865	451.61832	11.682617
-39.072212	452.04507	11.692383
-39.072701	453.42261	11.702148
-39.071461	455.68253	11.711914
-39.070511	457.37686	11.72168
-39.069195	457.035	11.731445
-39.069321	453.63336	11.741211
-39.067688	452.06662	11.750977
-39.067364	449.61191	11.760742
-39.06601	454.0798	11.770508
-39.064995	457.90463	11.780273
-39.062908	454.45645	11.790039
-39.063812	456.07928	11.799805
-39.062592	452.64542	11.80957
-39.063057	452.9686	11.819336
-39.061691	452.55676	11.829102
-39.060749	453.89212	11.838867
-39.059734	457.62781	11.848633
-39.058956	456.7438	11.858398
-39.058208	454.82147	11.868164
-39.05711	450.64246	11.87793
-39.056778	449.57275	11.887695
-39.056168	456.64001	11.897461
-39.054749	456.54736	11.907227
-39.053616	457.5896	11.916992
-39.05394	455.85144	11.926758
-39.052502	451.32556	11.936523
-39.050945	451.66113	11.946289
-39.050861	451.85922	11.956055
-39.049305	454.68573	11.96582
-39.048756	458.72162	11.975586
-39.047394	458.16263	11.985352
-39.04697	451.40796	11.995117
-39.046753	449.04611	12.004883
-39.045124	452.16806	12.014648
-39.046219	456.02322	12.024414
-39.045399	459.72086	12.03418
-39.043407	456.52173	12.043945
-39.042908	455.1687	12.053711
-39.041569	451.68179	12.063477
-39.041435	449.6402	12.073242
-39.040016	453.95093	12.083008
-39.03878	458.41629	12.092773
-39.038124	457.9928	12.102539
-39.037884	453.59088	12.112305
-39.035774	448.56607	12.12207
-39.036285	451.70468	12.131836
-39.036232	453.20245	12.141602
-39.035522	458.59317	12.151367
-39.033741	457.50363	12.161133
-39.032963	456.68677	12.170898
-39.03212	454.60059	12.180664
-39.031513	448.08151	12.19043
-39.031025	451.26459	12.200195
-39.029308	454.36621	12.209961
-39.030319	457.82156	12.219727
-39.028034	456.79459	12.229492
-39.027294	451.85938	12.239258
-39.026756	451.07245	12.249023
-39.025528	451.32449	12.258789
-39.024586	453.11774	12.268555
-39.024288	456.26062	12.27832
-39.023483	455.46609	12.288086
-39.022388	456.57248	12.297852
-39.020412	452.96512	12.307617
-39.020351	450.68741	12.317383
-39.019829	451.0686	12.327148
-39.019394	456.82822	12.336914
-39.0186	457.08047	12.34668
-39.016899	455.77374	12.356445
-39.016819	452.87711	12.366211
-39.015091	451.51474	12.375977
-39.015823	452.10477	12.385742
-39.013329	451.09955	12.395508
-39.01376	454.34952	12.405273
-39.01302	456.40964	12.415039
-39.011997	455.64706	12.424805
-39.01017	453.47458	12.43457
-39.01033	447.82904	12.444336
-39.009804	452.72037	12.454102
-39.008186	454.97375	12.463867
-39.008202	453.71045	12.473633
-39.006672	457.62256	12.483398
-39.005924	450.9371	12.493164
-39.004688	451.33932	12.50293
-39.004955	450.07251	12.512695
-39.002842	449.45193	12.522461
-39.003071	456.26541	12.532227
-39.001652	456.88046	12.541992
-39.001804	453.11041	12.551758
-39.000587	448.27765	12.561523
-38.999844	447.77258	12.571289
-38.999077	451.97656	12.581055
-38.997437	454.77844	12.59082
-38.997402	455.96942	12.600586
-38.996147	453.38715	12.610352
-38.995457	450.68311	12.620117
-38.995087	448.99301	12.629883
-38.994003	447.5325	12.639648
-38.993088	452.19498	12.649414
-38.99155	456.80301	12.65918
-38.992138	455.7999	12.668945
-38.990139	450.44983	12.678711
-38.989132	446.72198	12.688477
-38.989761	447.87753	12.698242
-38.987553	454.06076	12.708008
-38.988033	455.45053	12.717773
-38.986347	453.00616	12.727539
-38.985531	453.46008	12.737305
-38.985058	448.91867	12.74707
-38.98325	444.25439	12.756836
-38.98304	449.66364	12.766602
-38.981647	451.84912	12.776367
-38.980984	455.71304	12.786133
-38.980457	451.53308	12.795898
-38.98082	447.6647	12.805664
-38.979736	446.45706	12.81543
-38.978561	449.18362	12.825195
-38.977112	454.11084	12.834961
-38.97633	452.74356	12.844727
-38.976566	451.41129	12.854492
-38.975014	450.81976	12.864258
-38.974964	445.98392	12.874023
-38.974499	447.10117	12.883789
-38.972649	448.63235	12.893555
-38.971493	453.05969	12.90332
-38.971416	454.99496	12.913086
-38.970383	447.89926	12.922852
-38.9701	448.11798	12.932617
-38.968266	448.41223	12.942383
-38.967247	448.88751	12.952148
-38.968246	450.78342	12.961914
-38.966152	451.36932	12.97168
-38.964783	452.91113	12.981445
-38.965313	450.88547	12.991211
-38.963196	446.28003	13.000977
-38.962753	446.66788	13.010742
-38.961884	449.22003	13.020508
-38.961174	451.77466	13.030273
-38.960548	451.40472	13.040039
-38.960087	448.90118	13.049805
-38.959095	448.20724	13.05957
-38.958908	448.54803	13.069336
-38.956772	446.46542	13.079102
-38.955452	448.74179	13.088867
-38.955383	450.80286	13.098633
-38.954994	452.67123	13.108398
-38.954018	449.83197	13.118164
-38.952545	442.87836	13.12793
-38.952827	444.77448	13.137695
-38.952267	449.16409	13.147461
-38.951279	450.27936	13.157227
-38.95002	452.65808	13.166992
-38.948677	447.41498	13.176758
-38.948013	447.02649	13.186523
-38.947701	446.04556	13.196289
-38.947159	444.46628	13.206055
-38.945633	450.47437	13.21582
-38.94508	451.94467	13.225586
-38.944164	451.67639	13.235352
-38.944382	446.80099	13.245117
-38.942467	441.7392	13.254883
-38.942108	445.10425	13.264648
-38.941479	448.88101	13.274414
-38.939518	452.00031	13.28418
-38.939026	449.62091	13.293945
-38.938747	448.20334	13.303711
-38.9375	445.9938	13.313477
-38.936993	441.40182	13.323242
-38.935841	446.68726	13.333008
-38.935226	451.22647	13.342773
-38.934776	452.42883	13.352539
-38.934608	449.52094	13.362305
-38.931728	441.74005	13.37207
-38.932377	440.98132	13.381836
-38.932217	446.78397	13.391602
-38.931473	449.62186	13.401367
-38.929207	448.99738	13.411133
-38.929031	449.11087	13.420898
-38.928169	445.83081	13.430664
-38.927422	442.72391	13.44043
-38.927837	445.40201	13.450195
-38.924793	445.65302	13.459961
-38.924202	451.4986	13.469727
-38.925201	448.63986	13.479492
-38.921867	445.96747	13.489258
-38.921825	442.48297	13.499023
-38.921814	442.93832	13.508789
-38.921635	445.95157	13.518555
-38.91943	447.11261	13.52832
-38.920193	446.50571	13.538086
-38.917915	448.49268	13.547852
-38.917442	444.70578	13.557617
-38.91531	442.47293	13.567383
-38.914898	441.88025	13.577148
-38.914963	446.26257	13.586914
-38.914433	450.92389	13.59668
-38.913464	444.38773	13.606445
-38.911842	445.71255	13.616211
-38.911858	445.15509	13.625977
-38.910805	444.07516	13.635742
-38.911102	444.1008	13.645508
-38.909508	444.03851	13.655273
-38.908276	446.8056	13.665039
-38.907124	448.43564	13.674805
-38.906128	443.32278	13.68457
-38.906616	440.65387	13.694336
-38.90517	442.87613	13.704102
-38.905052	446.98605	13.713867
-38.904503	447.75836	13.723633
-38.903217	446.78525	13.733398
-38.90247	443.77609	13.743164
-38.901695	442.35321	13.75293
-38.90094	441.93417	13.762695
-38.898521	443.87207	13.772461
-38.899273	447.00046	13.782227
-38.898399	448.64493	13.791992
-38.897381	447.47635	13.801758
-38.896191	441.17828	13.811523
-38.895882	439.35406	13.821289
-38.893639	443.95834	13.831055
-38.894562	447.00583	13.84082
-38.892593	450.85858	13.850586
-38.891979	445.12286	13.860352
-38.890926	444.27988	13.870117
-38.88969	442.28973	13.879883
-38.889679	439.70932	13.889648
-38.888775	445.46753	13.899414
-38.887993	449.19751	13.90918
-38.88707	448.3631	13.918945
-38.887356	442.19217	13.928711
-38.885784	437.18335	13.938477
-38.884853	442.68396	13.948242
-38.88324	443.96487	13.958008
-38.884052	447.27628	13.967773
-38.88298	446.37695	13.977539
-38.881134	442.65536	13.987305
-38.879406	442.58319	13.99707
-38.879032	438.42273	14.006836
-38.879021	442.12189	14.016602
-38.8792	446.29645	14.026367
-38.877884	449.38034	14.036133
-38.876041	445.82941	14.045898
-38.876179	439.32574	14.055664
-38.874908	437.3717	14.06543
-38.87529	442.39059	14.075195
-38.873505	444.61646	14.084961
-38.872456	444.53543	14.094727
-38.871063	443.59198	14.104492
-38.870876	441.54807	14.114258
-38.870758	440.67874	14.124023
-38.869442	440.16766	14.133789
-38.869747	440.96194	14.143555
-38.868473	444.88873	14.15332
-38.867924	445.62589	14.163086
-38.865276	440.99271	14.172852
-38.865715	440.21942	14.182617
-38.864643	438.76831	14.192383
-38.864216	442.28564	14.202148
-38.863678	440.37753	14.211914
-38.863289	442.55228	14.22168
-38.86116	444.42633	14.231445
-38.860054	443.2132	14.241211
-38.859283	440.87766	14.250977
-38.858578	436.65347	14.260742
-38.858341	440.77969	14.270508
-38.856953	444.93271	14.280273
-38.855507	443.55072	14.290039
-38.856514	444.23999	14.299805
-38.855221	439.9408	14.30957
-38.85424	438.67224	14.319336
-38.853577	439.30975	14.329102
-38.852692	440.85031	14.338867
-38.851463	442.69431	14.348633
-38.850948	446.02591	14.358398
-38.849525	441.6286	14.368164
-38.849228	436.37396	14.37793
-38.848549	435.89673	14.387695
-38.846569	442.29404	14.397461
-38.847691	443.25772	14.407227
-38.846268	444.19241	14.416992
-38.845646	441.72278	14.426758
-38.843704	438.35779	14.436523
-38.844097	438.31104	14.446289
-38.84185	437.12213	14.456055
-38.841774	442.89917	14.46582
-38.841339	445.7186	14.475586
-38.840328	443.53253	14.485352
-38.839001	439.03043	14.495117
-38.837463	435.16327	14.504883
-38.837296	438.19998	14.514648
-38.837124	442.8204	14.524414
-38.83466	446.64801	14.53418
-38.835636	440.78949	14.543945
-38.834412	439.84753	14.553711
-38.835361	436.62997	14.563477
-38.832783	436.08102	14.573242
-38.831875	441.82962	14.583008
-38.830502	443.07513	14.592773
-38.830536	444.12399	14.602539
-38.829811	441.53391	14.612305
-38.827675	435.31644	14.62207
-38.828079	436.41586	14.631836
-38.827633	437.43768	14.641602
-38.826633	442.54614	14.651367
-38.824638	443.1636	14.661133
-38.824318	440.49326	14.670898
-38.823318	439.55493	14.680664
-38.823265	434.72913	14.69043
-38.822414	437.28366	14.700195
-38.820969	440.32074	14.709961
-38.821186	443.83316	14.719727
-38.819679	443.99863	14.729492
-38.818527	439.07877	14.739258
-38.81678	434.32947	14.749023
-38.817463	438.09409	14.758789
-38.817646	440.24524	14.768555
-38.815331	441.16003	14.77832
-38.813995	440.1246	14.788086
-38.814041	440.76279	14.797852
-38.813957	440.87311	14.807617
-38.812099	436.77112	14.817383
-38.81208	436.4201	14.827148
-38.810062	440.97876	14.836914
-38.809628	441.95328	14.84668
-38.808651	440.75021	14.856445
-38.80822	438.84735	14.866211
-38.807194	437.15067	14.875977
-38.806168	437.52853	14.885742
-38.806656	436.75363	14.895508
-38.805668	437.93109	14.905273
-38.803883	441.79474	14.915039
-38.803406	440.00916	14.924805
-38.803432	439.07697	14.93457
-38.803204	433.94406	14.944336
-38.801472	434.16946	14.954102
-38.800827	441.1015	14.963867
-38.800087	441.91422	14.973633
-38.799557	441.77686	14.983398
-38.798477	436.72363	14.993164
-38.797523	437.27402	15.00293
-38.796017	435.68585	15.012695
-38.795113	435.4621	15.022461
-38.794804	440.01074	15.032227
-38.793369	443.69199	15.041992
-38.793571	439.23373	15.051758
-38.792046	437.02231	15.061523
-38.789459	431.85205	15.071289
-38.79068	436.72058	15.081055
-38.790821	440.42041	15.09082
-38.788437	442.64304	15.100586
-38.786911	438.60876	15.110352
-38.787968	435.3226	15.120117
-38.786686	434.88797	15.129883
-38.785683	434.38696	15.139648
-38.785015	439.95178	15.149414
-38.783863	443.45459	15.15918
-38.784306	441.51053	15.168945
-38.783161	437.1265	15.178711
-38.780247	432.98505	15.188477
-38.780521	433.27728	15.198242
-38.779816	438.86157	15.208008
-38.77985	441.59158	15.217773
-38.778034	439.32135	15.227539
-38.778343	439.06326	15.237305
-38.777573	436.57507	15.24707
-38.775318	432.55121	15.256836
-38.775017	437.6355	15.266602
-38.774544	440.10812	15.276367
-38.7728	442.11221	15.286133
-38.773163	439.70557	15.295898
-38.771965	433.92444	15.305664
-38.771568	433.58762	15.31543
-38.769382	435.85205	15.325195
-38.769054	440.18018	15.334961
-38.768375	440.16888	15.344727
-38.768402	438.82297	15.354492
-38.765461	438.38397	15.364258
-38.766357	435.67062	15.374023
-38.765915	436.03705	15.383789
-38.764626	436.29846	15.393555
-38.764626	439.56461	15.40332
-38.76223	442.21918	15.413086
-38.762283	438.578	15.422852
-38.761971	436.54666	15.432617
-38.760422	435.30194	15.442383
-38.760651	436.04733	15.452148
-38.758301	438.00494	15.461914
-38.757549	438.53433	15.47168
-38.757671	438.79865	15.481445
-38.756748	440.15225	15.491211
-38.755692	435.39737	15.500977
-38.755337	431.99057	15.510742
-38.754326	434.9393	15.520508
-38.753365	440.5329	15.530273
-38.752148	440.67502	15.540039
-38.750576	437.80084	15.549805
-38.75058	433.52808	15.55957
-38.749035	435.74472	15.569336
-38.748962	434.34216	15.579102
-38.747417	435.65848	15.588867
-38.747124	438.49393	15.598633
-38.747147	439.63913	15.608398
-38.745705	438.75314	15.618164
-38.745281	431.005	15.62793
-38.744736	430.51978	15.637695
-38.743355	437.41013	15.647461
-38.742458	439.9855	15.657227
-38.741215	442.30084	15.666992
-38.74049	435.79456	15.676758
-38.740719	435.22015	15.686523
-38.739788	433.57147	15.696289
-38.739136	432.12106	15.706055
-38.737484	438.53015	15.71582
-38.736744	441.16711	15.725586
-38.735069	439.19012	15.735352
-38.734776	435.05652	15.745117
-38.734371	429.97992	15.754883
-38.734154	433.06995	15.764648
-38.732006	439.13889	15.774414
-38.731125	440.91788	15.78418
-38.730206	438.43048	15.793945
-38.729446	435.27255	15.803711
-38.73119	433.28323	15.813477
-38.72879	431.74908	15.823242
-38.727314	436.0083	15.833008
-38.72781	439.62234	15.842773
-38.727001	440.97922	15.852539
-38.725121	437.78629	15.862305
-38.724968	432.63318	15.87207
-38.723873	430.51776	15.881836
-38.723877	436.48846	15.891602
-38.722324	439.96759	15.901367
-38.72179	438.26398	15.911133
-38.72002	437.78046	15.920898
-38.720612	433.67831	15.930664
-38.719067	432.64325	15.94043
-38.718079	433.86771	15.950195
-38.717094	434.88	15.959961
-38.716446	439.77365	15.969727
-38.714642	440.02875	15.979492
-38.713734	434.18408	15.989258
-38.714397	433.53448	15.999023
-38.713135	433.79395	16.008789
-38.712524	437.22977	16.018555
-38.71257	438.17075	16.02832
-38.710213	435.56961	16.038086
-38.710091	436.74847	16.047852
-38.70924	435.67331	16.057617
-38.70866	433.82971	16.067383
-38.707424	430.81183	16.077148
-38.705936	433.19199	16.086914
-38.705791	438.98425	16.09668
-38.705223	436.73596	16.106445
-38.704929	435.2663	16.116211
-38.704288	432.95676	16.125977
-38.702782	433.24109	16.135742
-38.702225	436.36783	16.145508
-38.700863	436.36792	16.155273
-38.700508	437.80972	16.165039
-38.699596	439.52509	16.174805
-38.698288	434.81882	16.18457
-38.698471	430.04736	16.194336
-38.697582	431.91583	16.204102
-38.69696	437.81656	16.213867
-38.695892	440.81973	16.223633
-38.69479	438.33325	16.233398
-38.693909	433.44223	16.243164
-38.692223	433.33862	16.25293
-38.692413	433.32736	16.262695
-38.691715	433.16187	16.272461
-38.690823	438.04044	16.282227
-38.690468	439.72458	16.291992
-38.68927	436.32056	16.301758
-38.688366	431.3541	16.311523
-38.68779	428.82861	16.321289
-38.686733	432.98407	16.331055
-38.68576	438.29031	16.34082
-38.684628	440.70764	16.350586
-38.683414	435.35953	16.360352
-38.683189	432.71295	16.370117
-38.68259	432.13214	16.379883
-38.68166	430.43036	16.389648
-38.681774	437.22797	16.399414
-38.6791	438.33215	16.40918
-38.678425	437.96042	16.418945
-38.678005	434.70233	16.428711
-38.679157	428.80942	16.438477
-38.676205	429.73618	16.448242
-38.677078	436.59573	16.458008
-38.67482	438.32071	16.467773
-38.675694	438.10339	16.477539
-38.674145	435.22073	16.487305
-38.673	432.02084	16.49707
-38.671177	431.0451	16.506836
-38.671894	432.00848	16.516602
-38.670574	435.68759	16.526367
-38.669003	438.51486	16.536133
-38.669857	436.42245	16.545898
-38.667671	431.97198	16.555664
-38.667278	429.41769	16.56543
-38.666008	433.73682	16.575195
-38.666653	435.86087	16.584961
-38.66399	436.31821	16.594727
-38.664524	435.80075	16.604492
-38.662064	434.07697	16.614258
-38.662037	432.9007	16.624023
-38.661076	432.93729	16.633789
-38.661327	429.98499	16.643555
-38.659328	437.96832	16.65332
-38.65876	438.66754	16.663086
-38.658028	433.19821	16.672852
-38.657219	434.42276	16.682617
-38.655746	430.33057	16.692383
-38.654697	434.80484	16.702148
-38.65451	436.46973	16.711914
-38.653728	435.97815	16.72168
-38.653809	438.72211	16.731445
-38.651718	437.31415	16.741211
-38.652843	432.49744	16.750977
-38.65123	429.54413	16.760742
-38.649673	431.20026	16.770508
-38.649559	438.21524	16.780273
-38.648506	438.69315	16.790039
-38.648605	436.20642	16.799805
-38.646084	433.34167	16.80957
-38.646049	431.69177	16.819336
-38.643993	431.89713	16.829102
-38.642773	433.18936	16.838867
-38.642754	436.48233	16.848633
-38.643829	438.04837	16.858398
-38.641216	433.92139	16.868164
-38.641216	429.37473	16.87793
-38.63966	428.99512	16.887695
-38.639679	432.22833	16.897461
-38.637856	439.65228	16.907227
-38.637424	437.59854	16.916992
-38.636971	433.80725	16.926758
-38.635967	431.83469	16.936523
-38.634354	431.8497	16.946289
-38.634289	430.88327	16.956055
-38.63377	436.23264	16.96582
-38.632549	437.67087	16.975586
-38.632454	436.9447	16.985352
-38.631397	432.21753	16.995117
-38.630566	427.72205	17.004883
-38.629925	430.62778	17.014648
-38.6292	437.83774	17.024414
-38.627777	439.53345	17.03418
-38.626991	432.67563	17.043945
-38.626488	432.70337	17.053711
-38.625942	430.69684	17.063477
-38.62484	428.50494	17.073242
-38.623882	434.13016	17.083008
-38.623707	436.41849	17.092773
-38.621902	437.9397	17.102539
-38.620834	436.46268	17.112305
-38.62114	429.04376	17.12207
-38.618935	429.99884	17.131836
-38.61837	432.87506	17.141602
-38.618546	436.64478	17.151367
-38.616909	435.69873	17.161133
-38.615849	434.71793	17.170898
-38.615936	432.75299	17.180664
-38.61507	431.59369	17.19043
-38.614357	430.65347	17.200195
-38.612724	432.53317	17.209961
-38.610893	437.72293	17.219727
-38.610405	436.233	17.229492
-38.609936	432.07471	17.239258
-38.609272	430.58502	17.249023
-38.608585	431.43976	17.258789
-38.607624	432.87714	17.268555
-38.606472	433.64212	17.27832
-38.607655	433.95483	17.288086
-38.605659	434.21884	17.297852
-38.604626	433.87601	17.307617
-38.60416	431.36789	17.317383
-38.603657	429.19275	17.327148
-38.6035	433.45239	17.336914
-38.601574	436.9679	17.34668
-38.601837	435.23712	17.356445
-38.600021	435.06805	17.366211
-38.59959	429.66174	17.375977
-38.597603	431.46234	17.385742
-38.597538	433.46753	17.395508
-38.597775	431.2124	17.405273
-38.596725	436.8407	17.415039
-38.595535	434.84018	17.424805
-38.59425	433.74976	17.43457
-38.593533	428.5809	17.444336
-38.592518	428.9166	17.454102
-38.592987	435.17642	17.463867
-38.590828	437.4223	17.473633
-38.590935	436.02768	17.483398
-38.589581	432.27496	17.493164
-38.589249	429.3591	17.50293
-38.586315	432.32263	17.512695
-38.586651	429.88733	17.522461
-38.585831	435.26486	17.532227
-38.584141	437.31976	17.541992
-38.585068	435.27429	17.551758
-38.584679	431.45929	17.561523
-38.583248	427.83295	17.571289
-38.583172	431.35571	17.581055
-38.580296	437.8353	17.59082
-38.581223	437.42065	17.600586
-38.579899	432.82736	17.610352
-38.579712	430.44284	17.620117
-38.578396	429.88577	17.629883
-38.577099	430.42847	17.639648
-38.576462	434.33298	17.649414
-38.575085	435.77591	17.65918
-38.574978	436.71255	17.668945
-38.574341	432.83313	17.678711
-38.573116	426.9039	17.688477
-38.573357	430.88043	17.698242
-38.571308	433.83011	17.708008
-38.570248	437.71844	17.717773
-38.569614	434.97696	17.727539
-38.569633	431.7421	17.737305
-38.569439	430.26288	17.74707
-38.567421	429.85727	17.756836
-38.567108	433.612	17.766602
-38.5658	432.25183	17.776367
-38.565247	437.35815	17.786133
-38.564571	436.98959	17.795898
-38.563118	429.14352	17.805664
-38.563553	429.8606	17.81543
-38.561764	430.40753	17.825195
-38.560673	434.50162	17.834961
-38.56118	434.84686	17.844727
-38.558929	432.3858	17.854492
-38.558014	432.35336	17.864258
-38.557907	432.51318	17.874023
-38.557384	429.8222	17.883789
-38.556358	430.46262	17.893555
-38.555462	434.19943	17.90332
-38.554863	436.14319	17.913086
-38.553036	433.9949	17.922852
-38.552612	429.80707	17.932617
-38.551399	430.242	17.942383
-38.551758	430.50021	17.952148
-38.550533	432.41095	17.961914
-38.549412	434.31088	17.97168
-38.549858	434.09683	17.981445
-38.548527	432.80603	17.991211
-38.546474	431.18506	18.000977
-38.546593	427.32306	18.010742
-38.544632	428.57574	18.020508
-38.544292	435.1799	18.030273
-38.543694	436.89713	18.040039
-38.543694	434.79712	18.049805
-38.543499	429.94119	18.05957
-38.542217	430.03546	18.069336
-38.540806	433.62158	18.079102
-38.538837	431.29691	18.088867
-38.538822	434.87875	18.098633
-38.538532	435.66641	18.108398
-38.536728	433.4812	18.118164
-38.53722	429.19617	18.12793
-38.535572	426.09885	18.137695
-38.534954	432.89594	18.147461
-38.534733	436.47891	18.157227
-38.533321	436.81039	18.166992
-38.532242	433.02921	18.176758
-38.53223	427.82993	18.186523
-38.530449	429.24838	18.196289
-38.529842	429.90018	18.206055
-38.530216	434.68417	18.21582
-38.528126	438.22678	18.225586
-38.527184	434.12207	18.235352
-38.526966	429.59225	18.245117
-38.526058	425.75052	18.254883
-38.524723	429.45187	18.264648
-38.524334	435.97507	18.274414
-38.523888	436.67633	18.28418
-38.522984	432.8194	18.293945
-38.521294	429.95074	18.303711
-38.521084	428.49799	18.313477
-38.520321	428.39896	18.323242
-38.519382	431.08368	18.333008
-38.518345	435.30746	18.342773
-38.516762	436.43054	18.352539
-38.516754	433.51462	18.362305
-38.515923	429.3063	18.37207
-38.514973	428.2005	18.381836
-38.513824	430.177	18.391602
-38.513664	436.24307	18.401367
-38.512108	433.80405	18.411133
-38.511627	432.88083	18.420898
-38.512257	430.06448	18.430664
-38.511772	429.9512	18.44043
-38.509178	430.60181	18.450195
-38.509808	432.01407	18.459961
-38.508408	434.60925	18.469727
-38.507214	436.04611	18.479492
-38.50639	430.84842	18.489258
-38.50486	430.37845	18.499023
-38.505718	427.83023	18.508789
-38.504002	432.49606	18.518555
-38.502876	434.36441	18.52832
-38.502644	431.67935	18.538086
-38.50174	434.39047	18.547852
-38.501415	432.70609	18.557617
-38.500088	429.12704	18.567383
-38.499245	428.80881	18.577148
-38.498634	431.35306	18.586914
-38.497944	435.16055	18.59668
-38.496452	435.05551	18.606445
-38.49572	431.15292	18.616211
-38.495144	427.94751	18.625977
-38.493568	429.4754	18.635742
-38.493473	432.24225	18.645508
-38.493263	433.43393	18.655273
-38.491985	434.93765	18.665039
-38.491493	435.64453	18.674805
-38.490273	430.55637	18.68457
-38.490154	427.50781	18.694336
-38.489605	428.40488	18.704102
-38.487598	432.89996	18.713867
-38.488029	436.78781	18.723633
-38.485584	435.55862	18.733398
-38.485489	428.3775	18.743164
-38.484486	428.68695	18.75293
-38.48362	430.34479	18.762695
-38.482891	429.69727	18.772461
-38.482132	435.53238	18.782227
-38.48148	434.25171	18.791992
-38.480316	435.13794	18.801758
-38.478958	429.80728	18.811523
-38.479248	425.41409	18.821289
-38.477299	429.94647	18.831055
-38.476158	434.42194	18.84082
-38.476303	437.87601	18.850586
-38.475315	432.83295	18.860352
-38.475151	429.00024	18.870117
-38.473248	429.96515	18.879883
-38.474716	429.04559	18.889648
-38.472107	432.11969	18.899414
-38.471973	434.60132	18.90918
-38.471378	433.60327	18.918945
-38.469734	432.60001	18.928711
-38.469425	425.18109	18.938477
-38.468632	428.77087	18.948242
-38.467484	432.07733	18.958008
-38.466759	435.6499	18.967773
-38.465691	433.49841	18.977539
-38.465645	430.73727	18.987305
-38.464417	428.59946	18.99707
-38.463276	429.77786	19.006836
-38.462963	430.52679	19.016602
-38.461433	432.74719	19.026367
-38.460873	437.1124	19.036133
-38.460148	433.64185	19.045898
-38.46048	430.21182	19.055664
-38.457981	429.48578	19.06543
-38.457535	428.66873	19.075195
-38.456684	433.88156	19.084961
-38.456207	432.84375	19.094727
-38.455097	433.61508	19.104492
-38.454182	430.11761	19.114258
-38.453884	431.07199	19.124023
-38.452404	430.02429	19.133789
-38.45174	428.07669	19.143555
-38.451378	431.45984	19.15332
-38.449585	436.30746	19.163086
-38.449905	432.36795	19.172852
-38.448559	432.00641	19.182617
-38.44759	426.15973	19.192383
-38.44772	430.31097	19.202148
-38.447163	432.40927	19.211914
-38.445381	431.30521	19.22168
-38.444904	434.06012	19.231445
-38.443054	432.13507	19.241211
-38.44334	428.1011	19.250977
-38.442226	427.78522	19.260742
-38.442158	426.39435	19.270508
-38.441418	432.96643	19.280273
-38.43996	436.64825	19.290039
-38.438618	433.02591	19.299805
-38.437824	429.17636	19.30957
-38.43803	428.60413	19.319336
-38.436481	430.27026	19.329102
-38.436184	430.53882	19.338867
-38.433933	433.92236	19.348633
-38.433334	434.13626	19.358398
-38.433384	432.64948	19.368164
-38.432362	427.00046	19.37793
-38.432251	425.25516	19.387695
-38.431545	429.54868	19.397461
-38.429005	435.40167	19.407227
-38.428131	436.61444	19.416992
-38.42802	430.10791	19.426758
-38.42823	427.72772	19.436523
-38.426712	426.00989	19.446289
-38.425617	428.47656	19.456055
-38.424755	434.73926	19.46582
-38.423565	432.72171	19.475586
-38.423176	433.96481	19.485352
-38.422997	428.30008	19.495117
-38.421333	424.94324	19.504883
-38.421074	428.12549	19.514648
-38.42009	432.78619	19.524414
-38.419308	435.61411	19.53418
-38.41782	431.93076	19.543945
-38.418667	428.05295	19.553711
-38.417332	427.72842	19.563477
-38.415924	428.22717	19.573242
-38.416176	430.94427	19.583008
-38.415493	431.99695	19.592773
-38.41301	434.26578	19.602539
-38.414635	433.30048	19.612305
-38.411987	427.37643	19.62207
-38.41037	427.49701	19.631836
-38.410427	431.17734	19.641602
-38.410187	432.43216	19.651367
-38.409653	434.85925	19.661133
-38.408791	430.18585	19.670898
-38.407482	428.54163	19.680664
-38.406246	431.12399	19.69043
-38.4048	429.74088	19.700195
-38.404732	430.84894	19.709961
-38.404469	433.30142	19.719727
-38.403942	434.74854	19.729492
-38.401516	430.1568	19.739258
-38.401573	428.14899	19.749023
-38.401245	427.57959	19.758789
-38.399963	430.5206	19.768555
-38.399403	432.38882	19.77832
-38.39687	431.32584	19.788086
-38.398163	430.05963	19.797852
-38.396751	429.88013	19.807617
-38.396797	430.06577	19.817383
-38.394283	424.83749	19.827148
-38.395325	429.47144	19.836914
-38.392643	434.72604	19.84668
-38.392803	433.17801	19.856445
-38.392639	431.30371	19.866211
-38.390858	426.15546	19.875977
-38.390072	427.99564	19.885742
-38.388748	429.34406	19.895508
-38.388554	431.15912	19.905273
-38.387871	434.00171	19.915039
-38.387737	432.67975	19.924805
-38.386086	428.5961	19.93457
-38.385685	426.29782	19.944336
-38.38475	423.61688	19.954102
-38.383392	430.86844	19.963867
-38.383484	434.9574	19.973633
-38.380867	433.56735	19.983398
-38.381657	428.9584	19.993164
-38.380077	424.46149	20.00293
-38.379669	426.78104	20.012695


Data Header:			0.254_solid_dimension_typeiv_090_r0			Time:	26.730957	s	4/14/2019 1:49:48 AM
Data Acquisition:	Timed
Station Name:	ft40.cfg
Test File Name:	monotonic_0.2540_typeiv_solid_090_dimension.tst
Displacement	Force	Running Time
mm	N	s
-38.378635	430.56406	20.022461
-38.377045	432.51318	20.032227
-38.377914	433.47263	20.041992
-38.377384	431.25861	20.051758
-38.375618	426.72415	20.061523
-38.375957	423.73886	20.071289
-38.373611	427.98294	20.081055
-38.373047	433.09167	20.09082
-38.371769	434.54028	20.100586
-38.370289	430.27518	20.110352
-38.370163	426.48563	20.120117
-38.368664	425.35352	20.129883
-38.368458	427.25653	20.139648
-38.367313	431.23343	20.149414
-38.36842	430.79318	20.15918
-38.366322	433.5593	20.168945
-38.365929	429.71109	20.178711
-38.365406	425.74149	20.188477
-38.364563	426.85492	20.198242
-38.363323	429.79089	20.208008
-38.361969	435.32986	20.217773
-38.362049	432.0603	20.227539
-38.361603	428.30338	20.237305
-38.35981	427.56714	20.24707
-38.358727	426.92215	20.256836
-38.358555	429.03134	20.266602
-38.357437	429.41965	20.276367
-38.356956	431.95923	20.286133
-38.355419	433.50961	20.295898
-38.355267	426.66501	20.305664
-38.353806	425.65805	20.31543
-38.353878	426.53226	20.325195
-38.353825	429.87497	20.334961
-38.350384	433.19092	20.344727
-38.351814	430.39499	20.354492
-38.350163	429.20883	20.364258
-38.349209	429.04218	20.374023
-38.348454	426.20169	20.383789
-38.347534	427.96225	20.393555
-38.34705	428.6077	20.40332
-38.346619	432.68149	20.413086
-38.345299	433.07864	20.422852
-38.344433	426.88593	20.432617
-38.344177	425.32922	20.442383
-38.344002	426.9906	20.452148
-38.341194	430.09015	20.461914
-38.34235	431.39005	20.47168
-38.339474	431.46918	20.481445
-38.339745	430.30035	20.491211
-38.339542	427.02841	20.500977
-38.3377	424.22812	20.510742
-38.33683	425.58441	20.520508
-38.337463	430.65295	20.530273
-38.335636	433.65411	20.540039
-38.335167	433.43604	20.549805
-38.333591	424.59793	20.55957
-38.332699	424.7666	20.569336
-38.33176	428.38022	20.579102
-38.331402	429.71518	20.588867
-38.331238	433.44635	20.598633
-38.330387	432.82135	20.608398
-38.329174	428.5849	20.618164
-38.328606	425.77963	20.62793
-38.327789	423.60645	20.637695
-38.326641	427.75949	20.647461
-38.325832	433.02512	20.657227
-38.325432	432.76303	20.666992
-38.323975	428.46167	20.676758
-38.323853	423.9014	20.686523
-38.322701	424.51199	20.696289
-38.321724	428.41351	20.706055
-38.32143	430.47412	20.71582
-38.319443	432.01813	20.725586
-38.319454	431.18686	20.735352
-38.318996	426.87228	20.745117
-38.318905	422.53677	20.754883
-38.317211	424.88492	20.764648
-38.316082	430.54916	20.774414
-38.315853	432.92484	20.78418
-38.313354	430.00919	20.793945
-38.314419	424.92331	20.803711
-38.313335	423.58768	20.813477
-38.312313	426.12811	20.823242
-38.311344	427.67532	20.833008
-38.310543	428.92822	20.842773
-38.309399	431.29697	20.852539
-38.307819	428.94455	20.862305
-38.307255	423.29977	20.87207
-38.307781	425.57266	20.881836
-38.306713	425.77518	20.891602
-38.306759	430.2261	20.901367
-38.30471	431.2872	20.911133
-38.303951	427.15024	20.920898
-38.303497	426.3428	20.930664
-38.302822	426.09418	20.94043
-38.302372	427.40442	20.950195
-38.300865	427.16718	20.959961
-38.29924	427.62543	20.969727
-38.300129	432.39761	20.979492
-38.297813	428.1152	20.989258
-38.296719	426.37991	20.999023
-38.296619	424.45596	21.008789
-38.296692	427.10049	21.018555
-38.295235	429.90802	21.02832
-38.29361	428.95996	21.038086
-38.293419	427.12146	21.047852
-38.293003	428.08868	21.057617
-38.2915	425.20233	21.067383
-38.290806	423.45276	21.077148
-38.289658	426.03525	21.086914
-38.289131	428.94171	21.09668
-38.288971	432.18063	21.106445
-38.287624	427.40369	21.116211
-38.286583	423.06287	21.125977
-38.286251	422.41602	21.135742
-38.285801	426.77368	21.145508
-38.28476	429.87393	21.155273
-38.283688	432.71533	21.165039
-38.283112	427.08722	21.174805
-38.281647	426.10965	21.18457
-38.281002	423.53491	21.194336
-38.280518	422.85669	21.204102
-38.279083	427.86334	21.213867
-38.278049	432.07764	21.223633
-38.278084	430.49893	21.233398
-38.277267	425.86392	21.243164
-38.275856	421.57654	21.25293
-38.273937	424.35376	21.262695
-38.274921	427.03784	21.272461
-38.274193	431.13788	21.282227
-38.27327	429.10391	21.291992
-38.271584	426.56955	21.301758
-38.27264	425.43237	21.311523
-38.27	419.54922	21.321289
-38.269749	425.04996	21.331055
-38.267941	428.50174	21.34082
-38.267765	430.14523	21.350586
-38.267857	427.78366	21.360352
-38.266018	421.36392	21.370117
-38.265652	422.44693	21.379883
-38.265079	423.45062	21.389648
-38.263256	426.23434	21.399414
-38.2631	428.12329	21.40918
-38.263298	427.58698	21.418945
-38.261166	426.31946	21.428711
-38.260357	420.84521	21.438477
-38.260815	421.07465	21.448242
-38.25922	425.46527	21.458008
-38.258293	430.02652	21.467773
-38.258366	427.40942	21.477539
-38.257233	424.78375	21.487305
-38.255848	421.41351	21.49707
-38.255783	422.98358	21.506836
-38.254253	424.01221	21.516602
-38.252357	424.99567	21.526367
-38.252266	426.9415	21.536133
-38.252228	427.59747	21.545898
-38.250435	423.58762	21.555664
-38.25061	422.13925	21.56543
-38.249222	420.93842	21.575195
-38.247608	425.71506	21.584961
-38.24828	427.66501	21.594727
-38.246101	425.81268	21.604492
-38.245457	424.02271	21.614258
-38.245338	421.90231	21.624023
-38.245682	423.23721	21.633789
-38.243378	421.55386	21.643555
-38.241932	421.4809	21.65332
-38.241913	428.39426	21.663086
-38.241375	427.46762	21.672852
-38.240189	423.38818	21.682617
-38.239552	420.23331	21.692383
-38.238426	420.11282	21.702148
-38.23864	427.29895	21.711914
-38.237175	424.71039	21.72168
-38.236176	426.94266	21.731445
-38.234848	425.56396	21.741211
-38.234688	421.20279	21.750977
-38.233238	419.67328	21.760742
-38.233253	421.22519	21.770508
-38.232864	424.82376	21.780273
-38.231628	429.38788	21.790039
-38.229694	426.6459	21.799805
-38.229717	421.11276	21.80957
-38.229542	420.00562	21.819336
-38.227638	422.27435	21.829102
-38.226784	423.80402	21.838867
-38.22728	427.9975	21.848633
-38.225761	425.4241	21.858398
-38.224846	422.39963	21.868164
-38.224121	417.89435	21.87793
-38.2244	417.51846	21.887695
-38.221771	423.39713	21.897461
-38.221825	426.32352	21.907227
-38.221031	428.10648	21.916992
-38.220409	421.37143	21.926758
-38.219097	417.28247	21.936523
-38.218185	418.27014	21.946289
-38.217419	421.3623	21.956055
-38.216972	426.2157	21.96582
-38.215824	424.42279	21.975586
-38.216011	423.58813	21.985352
-38.215294	420.64929	21.995117
-38.213127	413.68063	22.004883
-38.212852	420.61615	22.014648
-38.211697	420.88651	22.024414
-38.210243	425.41882	22.03418
-38.209194	423.68597	22.043945
-38.209633	416.86417	22.053711
-38.207726	416.98288	22.063477
-38.206863	418.09354	22.073242
-38.206745	420.72348	22.083008
-38.206116	422.84225	22.092773
-38.205845	422.00128	22.102539
-38.205376	420.22559	22.112305
-38.203629	416.7645	22.12207
-38.203434	414.86121	22.131836
-38.202301	416.96222	22.141602
-38.202095	420.60709	22.151367
-38.200691	421.07455	22.161133
-38.199726	419.16641	22.170898
-38.198891	416.42487	22.180664
-38.197952	415.88657	22.19043
-38.196827	416.96283	22.200195
-38.195927	415.78134	22.209961
-38.195969	418.06479	22.219727
-38.194302	420.79474	22.229492
-38.194271	417.3855	22.239258
-38.192875	416.01764	22.249023
-38.192291	411.1254	22.258789
-38.191833	415.61127	22.268555
-38.190552	418.93698	22.27832
-38.189911	417.73831	22.288086
-38.188343	419.02844	22.297852
-38.187572	413.98367	22.307617
-38.18726	413.28067	22.317383
-38.187187	411.40356	22.327148
-38.186493	410.70383	22.336914
-38.185295	417.0231	22.34668
-38.184906	416.72836	22.356445
-38.183266	414.99442	22.366211
-38.184208	407.40768	22.375977
-38.181648	406.1051	22.385742
-38.181255	410.02548	22.395508
-38.179543	412.09311	22.405273
-38.179195	412.70093	22.415039
-38.178726	409.01416	22.424805
-38.177631	405.74216	22.43457
-38.176926	402.04889	22.444336
-38.175797	396.38379	22.454102
-38.175575	401.26855	22.463867
-38.175037	403.43542	22.473633
-38.169987	-41.357456	22.483398
-38.169037	-29.421593	22.493164
-38.16935	-28.287769	22.50293
-38.169079	-53.085129	22.512695
-38.16864	-42.005959	22.522461
-38.168213	-39.950237	22.532227
-38.168175	-38.797451	22.541992
-38.167549	-40.244522	22.551758
-38.166836	-45.406624	22.561523
-38.165997	-48.277782	22.571289
-38.164722	-46.051079	22.581055
-38.163815	-40.404629	22.59082
-38.162376	-37.286781	22.600586
-38.162495	-42.13747	22.610352
-38.162533	-45.783951	22.620117
-38.162399	-47.09457	22.629883
-38.159542	-43.350071	22.639648
-38.158512	-42.040531	22.649414
-38.158199	-40.541962	22.65918
-38.15749	-40.328053	22.668945
-38.156635	-41.89455	22.678711
-38.155651	-48.58622	22.688477
-38.154312	-44.732826	22.698242
-38.15453	-43.119175	22.708008
-38.15374	-40.571884	22.717773
-38.152969	-40.758213	22.727539
-38.152542	-46.21434	22.737305
-38.150681	-45.715641	22.74707
-38.150661	-44.812679	22.756836
-38.148956	-44.015476	22.766602
-38.148312	-42.224625	22.776367
-38.148613	-43.080574	22.786133
-38.14682	-40.817722	22.795898
-38.146	-43.541962	22.805664
-38.14595	-46.309582	22.81543
-38.144806	-46.522095	22.825195
-38.143406	-42.04171	22.834961
-38.142021	-39.719601	22.844727
-38.142246	-41.384708	22.854492
-38.141083	-44.528168	22.864258
-38.141922	-44.288025	22.874023
-38.14064	-44.591171	22.883789
-38.138809	-47.042061	22.893555
-38.137917	-42.458946	22.90332
-38.136723	-41.731525	22.913086
-38.136635	-40.517998	22.922852
-38.135483	-43.661839	22.932617
-38.135658	-49.697693	22.942383
-38.133919	-45.832722	22.952148
-38.13377	-42.501587	22.961914
-38.131786	-42.303318	22.97168
-38.131927	-39.06044	22.981445
-38.130356	-44.530983	22.991211
-38.131199	-44.632542	23.000977
-38.128506	-46.159462	23.010742
-38.128841	-45.768188	23.020508
-38.127499	-40.912952	23.030273
-38.126366	-40.107109	23.040039
-38.126129	-40.538368	23.049805
-38.125801	-45.619686	23.05957
-38.125103	-49.377285	23.069336
-38.124233	-44.662258	23.079102
-38.122932	-40.704666	23.088867
-38.121918	-40.339455	23.098633
-38.123489	-40.543465	23.108398
-38.120178	-44.37199	23.118164
-38.119778	-45.129993	23.12793
-38.119755	-49.854	23.137695
-38.118111	-44.150539	23.147461
-38.117485	-38.681625	23.157227
-38.117233	-38.980598	23.166992
-38.11536	-42.378071	23.176758
-38.114555	-47.686729	23.186523
-38.115017	-48.11655	23.196289
-38.113731	-41.913246	23.206055
-38.112076	-40.44759	23.21582
-38.11224	-42.112595	23.225586
-38.11063	-41.777779	23.235352
-38.110233	-44.888988	23.245117
-38.109322	-49.004333	23.254883
-38.109261	-45.947651	23.264648
-38.107601	-44.714104	23.274414
-38.106567	-37.49712	23.28418
-38.106434	-41.377106	23.293945
-38.104469	-44.882153	23.303711
-38.105106	-47.52478	23.313477
-38.103874	-44.317997	23.323242
-38.102566	-42.080807	23.333008
-38.102222	-42.20998	23.342773
-38.100288	-41.359791	23.352539
-38.099911	-41.877556	23.362305
-38.099659	-46.344341	23.37207
-38.099422	-45.076187	23.381836
-38.097397	-47.000103	23.391602
-38.09621	-40.050896	23.401367
-38.096096	-39.725254	23.411133
-38.095989	-44.899895	23.420898
-38.094204	-43.23914	23.430664
-38.093433	-45.591293	23.44043
-38.092033	-45.080582	23.450195
-38.093189	-43.556854	23.459961
-38.09201	-42.772667	23.469727
-38.090656	-39.508163	23.479492
-38.089752	-40.75267	23.489258
-38.088638	-46.942871	23.499023
-38.087528	-46.177956	23.508789
-38.087421	-45.435013	23.518555
-38.086315	-39.933456	23.52832
-38.085144	-40.692768	23.538086
-38.084557	-41.980328	23.547852
-38.084713	-42.054615	23.557617
-38.082878	-43.731564	23.567383
-38.082497	-45.264912	23.577148
-38.081139	-44.882362	23.586914
-38.080196	-41.393791	23.59668
-38.079563	-37.881397	23.606445
-38.078854	-41.292107	23.616211
-38.078728	-47.902843	23.625977
-38.076809	-46.08609	23.635742
-38.075771	-43.574253	23.645508
-38.075043	-41.232506	23.655273
-38.074776	-40.658321	23.665039
-38.073677	-43.560852	23.674805
-38.073849	-45.034046	23.68457
-38.072487	-46.673626	23.694336
-38.071766	-48.584335	23.704102
-38.070339	-42.686478	23.713867
-38.069874	-39.954491	23.723633
-38.06839	-38.940941	23.733398
-38.06794	-44.548084	23.743164
-38.068016	-49.205929	23.75293
-38.06662	-46.757317	23.762695
-38.066498	-43.567543	23.772461
-38.065197	-39.911274	23.782227
-38.065006	-40.115479	23.791992
-38.062855	-42.609482	23.801758
-38.063423	-45.098465	23.811523
-38.061405	-49.885826	23.821289
-38.061188	-44.905281	23.831055
-38.060337	-39.569164	23.84082
-38.058937	-38.794384	23.850586
-38.057961	-42.425373	23.860352
-38.058102	-47.82983	23.870117
-38.056263	-48.34248	23.879883
-38.054916	-43.283226	23.889648
-38.055481	-42.318893	23.899414
-38.055416	-40.727009	23.90918
-38.055042	-40.056103	23.918945
-38.052814	-43.979786	23.928711
-38.052788	-45.999344	23.938477
-38.051277	-45.926224	23.948242
-38.051311	-45.927673	23.958008
-38.0494	-41.515957	23.967773
-38.048653	-40.208427	23.977539
-38.04871	-44.842175	23.987305
-38.047462	-46.808773	23.99707
-38.0457	-47.011444	24.006836
-38.044456	-42.00069	24.016602
-38.044754	-44.040672	24.026367
-38.04417	-41.235847	24.036133
-38.043396	-40.883385	24.045898
-38.042831	-44.817093	24.055664
-38.04203	-46.311199	24.06543
-38.041687	-48.28809	24.075195
-38.039352	-43.302666	24.084961
-38.039108	-38.609554	24.094727
-38.037201	-41.34708	24.104492
-38.037861	-41.504131	24.114258
-38.035961	-44.131016	24.124023
-38.035847	-45.272514	24.133789
-38.035645	-44.119728	24.143555
-38.034645	-44.892666	24.15332
-38.033531	-39.430382	24.163086
-38.032818	-38.897228	24.172852
-38.032101	-43.706615	24.182617
-38.030254	-47.614067	24.192383
-38.029377	-45.123852	24.202148
-38.030075	-42.557629	24.211914
-38.02845	-41.338123	24.22168
-38.027401	-40.21682	24.231445
-38.026539	-41.941769	24.241211
-38.026768	-45.19841	24.250977
-38.025269	-47.467602	24.260742
-38.025345	-46.448021	24.270508
-38.023712	-42.460739	24.280273
-38.023392	-37.540173	24.290039
-38.02079	-41.108749	24.299805
-38.020496	-45.611874	24.30957
-38.020866	-47.898952	24.319336
-38.020771	-46.270424	24.329102
-38.01947	-42.146004	24.338867
-38.018276	-37.754848	24.348633
-38.016331	-43.20787	24.358398
-38.016163	-44.016811	24.368164
-38.015217	-45.874523	24.37793
-38.014484	-47.326591	24.387695
-38.013969	-42.167973	24.397461
-38.012241	-41.320084	24.407227
-38.012714	-37.585556	24.416992
-38.010941	-43.270393	24.426758
-38.010956	-49.191463	24.436523
-38.010315	-47.068893	24.446289
-38.009808	-43.912113	24.456055
-38.008831	-40.575241	24.46582
-38.006893	-41.702103	24.475586
-38.006157	-43.688404	24.485352
-38.005737	-44.077553	24.495117
-38.004719	-46.603966	24.504883
-38.003796	-46.400959	24.514648
-38.002514	-42.764538	24.524414
-38.002621	-40.013981	24.53418
-38.002422	-41.751316	24.543945
-38.001408	-45.829979	24.553711
-38.000206	-47.197319	24.563477
-37.998222	-45.944939	24.573242
-37.998234	-43.418259	24.583008
-37.998451	-42.190468	24.592773
-37.99712	-41.94381	24.602539
-37.996361	-44.0168	24.612305
-37.994953	-45.030827	24.62207
-37.993839	-46.445038	24.631836
-37.99313	-45.717899	24.641602
-37.992134	-41.717304	24.651367
-37.992626	-40.361855	24.661133
-37.991177	-42.218472	24.670898
-37.991478	-43.946239	24.680664
-37.988403	-46.153301	24.69043
-37.989937	-43.295738	24.700195
-37.987915	-43.610367	24.709961
-37.986992	-43.728737	24.719727
-37.985432	-41.010597	24.729492
-37.985207	-43.046116	24.739258
-37.984516	-43.986443	24.749023
-37.982903	-48.111618	24.758789
-37.98296	-43.411953	24.768555
-37.981949	-39.826511	24.77832
-37.981594	-41.847946	24.788086
-37.980469	-40.477638	24.797852
-37.979885	-44.192875	24.807617
-37.978954	-45.138363	24.817383
-37.978851	-45.589256	24.827148
-37.977562	-46.545292	24.836914
-37.976372	-40.259109	24.84668
-37.974342	-39.508942	24.856445
-37.974133	-42.239994	24.866211
-37.973995	-46.555828	24.875977
-37.974091	-48.787701	24.885742
-37.972416	-43.667942	24.895508
-37.972034	-40.472652	24.905273
-37.970226	-40.147594	24.915039
-37.970062	-42.575577	24.924805
-37.969635	-44.72961	24.93457
-37.968517	-46.891624	24.944336
-37.968296	-47.948322	24.954102
-37.965782	-41.691566	24.963867
-37.965401	-40.138332	24.973633
-37.965282	-38.295513	24.983398
-37.964619	-43.811962	24.993164
-37.963551	-47.561256	25.00293
-37.962841	-49.633293	25.012695
-37.961712	-42.173939	25.022461
-37.961876	-39.650032	25.032227
-37.960911	-41.280796	25.041992
-37.958721	-42.938789	25.051758
-37.959747	-45.276436	25.061523
-37.958004	-48.548512	25.071289
-37.958443	-43.933334	25.081055
-37.955761	-41.241337	25.09082
-37.954742	-37.681396	25.100586
-37.955086	-42.662533	25.110352
-37.953594	-46.973362	25.120117
-37.952755	-46.135048	25.129883
-37.95174	-45.11401	25.139648
-37.951607	-40.604984	25.149414
-37.950359	-39.564529	25.15918
-37.94965	-43.293365	25.168945
-37.949696	-42.175823	25.178711
-37.946846	-46.748238	25.188477
-37.946602	-45.714844	25.198242
-37.946423	-45.530716	25.208008
-37.945393	-39.930763	25.217773
-37.943539	-39.048695	25.227539
-37.943565	-44.564861	25.237305
-37.943302	-45.715122	25.24707
-37.942574	-45.551308	25.256836
-37.94244	-44.222416	25.266602
-37.942299	-41.70261	25.276367
-37.939571	-41.987919	25.286133
-37.939041	-41.637424	25.295898
-37.938473	-41.383369	25.305664
-37.937157	-45.259983	25.31543
-37.936821	-46.918751	25.325195
-37.935299	-41.711754	25.334961
-37.933964	-41.761166	25.344727
-37.933926	-41.098537	25.354492
-37.934231	-41.614887	25.364258
-37.932953	-44.212025	25.374023
-37.931305	-45.364223	25.383789
-37.930733	-45.189121	25.393555
-37.930992	-44.228226	25.40332
-37.929142	-41.541645	25.413086
-37.929188	-41.399143	25.422852
-37.928406	-42.307758	25.432617
-37.926247	-48.977623	25.442383
-37.925812	-46.418972	25.452148
-37.925468	-41.27969	25.461914
-37.924675	-40.839275	25.47168
-37.923004	-39.625755	25.481445
-37.922256	-44.794163	25.491211
-37.921959	-44.697895	25.500977
-37.921936	-45.539772	25.510742
-37.919983	-48.295856	25.520508
-37.919746	-41.257015	25.530273
-37.9193	-39.139988	25.540039
-37.918186	-40.27776	25.549805
-37.916855	-46.974377	25.55957
-37.915844	-50.070049	25.569336
-37.914799	-44.959457	25.579102
-37.915138	-40.825157	25.588867
-37.913219	-40.676899	25.598633
-37.912586	-41.468006	25.608398
-37.91161	-45.253963	25.618164
-37.912579	-45.906101	25.62793
-37.911125	-46.911583	25.637695
-37.909416	-44.505188	25.647461
-37.908672	-38.979614	25.657227
-37.908794	-39.709461	25.666992
-37.907246	-41.786922	25.676758
-37.907787	-47.855133	25.686523
-37.904781	-48.219627	25.696289
-37.904606	-42.484581	25.706055
-37.904194	-41.212025	25.71582
-37.902958	-41.712315	25.725586
-37.903023	-42.318653	25.735352
-37.900669	-44.371418	25.745117
-37.901253	-47.176918	25.754883
-37.900505	-44.732872	25.764648
-37.898479	-44.357975	25.774414
-37.898018	-38.620659	25.78418
-37.897655	-40.213577	25.793945
-37.895988	-46.352989	25.803711
-37.89579	-47.373322	25.813477
-37.894657	-46.69083	25.823242
-37.894505	-42.044281	25.833008
-37.892933	-41.713192	25.842773
-37.890823	-44.195572	25.852539
-37.892731	-42.601582	25.862305
-37.891651	-45.519947	25.87207
-37.890507	-46.411163	25.881836
-37.888618	-47.26442	25.891602
-37.888332	-43.236359	25.901367
-37.888309	-39.142685	25.911133
-37.886921	-43.987328	25.920898
-37.885849	-44.664215	25.930664
-37.884762	-45.229824	25.94043
-37.885506	-45.95166	25.950195
-37.882359	-45.295837	25.959961
-37.882244	-44.301407	25.969727
-37.882015	-39.930836	25.979492
-37.882267	-39.758331	25.989258
-37.880898	-45.230038	25.999023
-37.880089	-48.443077	26.008789
-37.879257	-46.106403	26.018555
-37.879063	-42.850975	26.02832
-37.876659	-40.383202	26.038086
-37.876904	-42.055878	26.047852
-37.875858	-44.611313	26.057617
-37.875183	-45.091866	26.067383
-37.874336	-46.494297	26.077148
-37.871719	-45.053154	26.086914
-37.872051	-41.237091	26.09668
-37.87178	-38.819332	26.106445
-37.871552	-42.442593	26.116211
-37.869473	-49.384544	26.125977
-37.869053	-48.73455	26.135742
-37.86813	-44.353725	26.145508
-37.868504	-39.720665	26.155273
-37.865959	-39.313877	26.165039
-37.865967	-43.321972	26.174805
-37.864922	-44.475254	26.18457
-37.866039	-47.085701	26.194336
-37.864735	-48.59552	26.204102
-37.863045	-41.096085	26.213867
-37.862431	-39.364277	26.223633
-37.860416	-40.749222	26.233398
-37.859707	-44.603546	26.243164
-37.860313	-50.382404	26.25293
-37.858665	-46.497883	26.262695
-37.858742	-42.139606	26.272461
-37.857113	-39.612904	26.282227
-37.855961	-41.405579	26.291992
-37.854916	-42.928524	26.301758
-37.853947	-43.3741	26.311523
-37.852627	-47.801495	26.321289
-37.851917	-42.796589	26.331055
-37.852699	-41.944813	26.34082
-37.850994	-40.185646	26.350586
-37.85014	-43.014259	26.360352
-37.849953	-45.523376	26.370117
-37.848476	-48.925747	26.379883
-37.847134	-44.460411	26.389648
-37.847626	-41.209244	26.399414
-37.846661	-41.083611	26.40918
-37.845169	-41.317913	26.418945
-37.844299	-45.159645	26.428711
-37.84409	-46.72459	26.438477
-37.843578	-45.78875	26.448242
-37.841579	-44.670784	26.458008
-37.841007	-40.585945	26.467773
-37.840431	-40.76564	26.477539
-37.838989	-43.439541	26.487305
-37.838314	-45.425121	26.49707
-37.838482	-47.87199	26.506836
-37.837513	-43.36956	26.516602
-37.836227	-43.190201	26.526367
-37.836411	-43.654755	26.536133
-37.834492	-41.179405	26.545898
-37.83358	-43.167561	26.555664
-37.832783	-44.227676	26.56543
-37.832024	-48.430233	26.575195
-37.831139	-44.624424	26.584961
-37.83165	-40.365158	26.594727
-37.829567	-42.214958	26.604492
-37.82972	-41.899925	26.614258
-37.8279	-45.728615	26.624023
-37.827114	-45.410542	26.633789
-37.826481	-44.685883	26.643555
-37.825256	-44.748768	26.65332
-37.824604	-42.46196	26.663086
-37.824318	-39.960304	26.672852
-37.823196	-42.000305	26.682617
-37.822823	-47.266701	26.692383
-37.821182	-48.486431	26.702148
-37.821915	-43.398308	26.711914
-37.820324	-41.410175	26.72168

