MTS793|BTW|ENU|1|2|.|/|:|1|0|0|A

Data Header:			0.254_hd_dimension_typeiv_090_r0			Time:	20.018799	s	4/14/2019 12:42:45 AM
Data Acquisition:	Timed
Station Name:	ft40.cfg
Test File Name:	monotonic_0.2540_typeiv_hd_090_dimension.tst
Displacement	Force	Running Time
mm	N	s
-40.041462	-241.97221	0.022705078
-40.042156	-240.59538	0.032470703
-40.041691	-241.0836	0.042236328
-40.042091	-244.68463	0.052001953
-40.041264	-242.54372	0.061767578
-40.041187	-246.15297	0.071533203
-40.040447	-243.33455	0.081298828
-40.040791	-242.87895	0.091064453
-40.040012	-240.66722	0.10083008
-40.040401	-239.63933	0.1105957
-40.038681	-241.93686	0.12036133
-40.038643	-243.75499	0.13012695
-40.037148	-242.86453	0.13989258
-40.036098	-242.08246	0.1496582
-40.035091	-240.2119	0.15942383
-40.033844	-239.25372	0.16918945
-40.035713	-236.25462	0.17895508
-40.033611	-237.38182	0.1887207
-40.03186	-240.82298	0.19848633
-40.031586	-242.40793	0.20825195
-40.030655	-236.91835	0.21801758
-40.029388	-234.43539	0.2277832
-40.029701	-234.18634	0.23754883
-40.028187	-235.32129	0.24731445
-40.028061	-236.89153	0.25708008
-40.026501	-235.89261	0.2668457
-40.027699	-239.11865	0.27661133
-40.024712	-234.75586	0.28637695
-40.02401	-230.97552	0.29614258
-40.023117	-228.78128	0.3059082
-40.022022	-230.49261	0.31567383
-40.022072	-235.82236	0.32543945
-40.021358	-234.84534	0.33520508
-40.01939	-230.4166	0.3449707
-40.019135	-229.28906	0.35473633
-40.018127	-225.36719	0.36450195
-40.018127	-228.59465	0.37426758
-40.017418	-229.18896	0.3840332
-40.016384	-230.67311	0.39379883
-40.016014	-233.01347	0.40356445
-40.013981	-226.21024	0.41333008
-40.013927	-224.18044	0.4230957
-40.013409	-221.95795	0.43286133
-40.012142	-228.05742	0.44262695
-40.011303	-231.24014	0.45239258
-40.009979	-226.88028	0.4621582
-40.00935	-223.4501	0.47192383
-40.008717	-220.1376	0.48168945
-40.009274	-220.85362	0.49145508
-40.007656	-222.06459	0.5012207
-40.005764	-224.55104	0.51098633
-40.00679	-226.92842	0.52075195
-40.00404	-223.60036	0.53051758
-40.003365	-217.92249	0.5402832
-40.004093	-217.97179	0.55004883
-40.001549	-219.65288	0.55981445
-40.001301	-223.50977	0.56958008
-40.000618	-224.28592	0.5793457
-39.99947	-220.21832	0.58911133
-39.999252	-217.42339	0.59887695
-39.999073	-216.74286	0.60864258
-39.99752	-215.51152	0.6184082
-39.997013	-218.22316	0.62817383
-39.996426	-221.21672	0.63793945
-39.994736	-220.66391	0.64770508
-39.994076	-215.69513	0.6574707
-39.992836	-210.90408	0.66723633
-39.992344	-213.13593	0.67700195
-39.991257	-218.08337	0.68676758
-39.991566	-217.99529	0.6965332
-39.990009	-217.69019	0.70629883
-39.989189	-214.01741	0.71606445
-39.988247	-212.23169	0.72583008
-39.986591	-209.31245	0.7355957
-39.986305	-208.53343	0.74536133
-39.986996	-212.92776	0.75512695
-39.98608	-212.95844	0.76489258
-39.984673	-214.19614	0.7746582
-39.983418	-206.92406	0.78442383
-39.982811	-206.12743	0.79418945
-39.982746	-209.68964	0.80395508
-39.981636	-208.60095	0.8137207
-39.980724	-208.02597	0.82348633
-39.97905	-210.17567	0.83325195
-39.97887	-208.08794	0.84301758
-39.978313	-207.33058	0.8527832
-39.976509	-201.97728	0.86254883
-39.975655	-204.06479	0.87231445
-39.974636	-205.81477	0.88208008
-39.974876	-206.93416	0.8918457
-39.974258	-206.7254	0.90161133
-39.972263	-202.01048	0.91137695
-39.9716	-201.88524	0.92114258
-39.970699	-201.42949	0.9309082
-39.970608	-201.78076	0.94067383
-39.969612	-203.69807	0.95043945
-39.968658	-204.00385	0.96020508
-39.966751	-203.57916	0.9699707
-39.967541	-199.05437	0.97973633
-39.966373	-196.28441	0.98950195
-39.966362	-198.24187	0.99926758
-39.965763	-202.75784	1.0090332
-39.964523	-200.76659	1.0187988
-39.963432	-200.15645	1.0285645
-39.96254	-197.06067	1.0383301
-39.961952	-193.90379	1.0480957
-39.960648	-194.06882	1.0578613
-39.959599	-195.5773	1.067627
-39.959343	-198.98665	1.0773926
-39.958145	-201.42108	1.0871582
-39.957821	-195.3119	1.0969238
-39.955677	-190.39737	1.1066895
-39.95602	-190.92204	1.1164551
-39.954762	-193.97438	1.1262207
-39.952995	-197.63431	1.1359863
-39.954464	-194.61026	1.145752
-39.952656	-195.97549	1.1555176
-39.952625	-189.42046	1.1652832
-39.951748	-188.73384	1.1750488
-39.950462	-190.60242	1.1848145
-39.949299	-191.44514	1.1945801
-39.948112	-196.29033	1.2043457
-39.948292	-191.41039	1.2141113
-39.946537	-186.84042	1.223877
-39.946198	-184.64706	1.2336426
-39.944134	-186.16177	1.2434082
-39.944656	-191.27177	1.2531738
-39.943394	-190.30035	1.2629395
-39.943974	-188.21652	1.2727051
-39.941982	-186.86475	1.2824707
-39.941784	-183.94804	1.2922363
-39.940002	-181.76416	1.302002
-39.939793	-184.30388	1.3117676
-39.939278	-187.34319	1.3215332
-39.939007	-189.56929	1.3312988
-39.936863	-184.25954	1.3410645
-39.936436	-178.73662	1.3508301
-39.935871	-180.59309	1.3605957
-39.934162	-181.94341	1.3703613
-39.934246	-184.68202	1.380127
-39.93343	-183.45206	1.3898926
-39.932808	-181.42982	1.3996582
-39.931114	-181.93269	1.4094238
-39.931351	-176.4873	1.4191895
-39.929493	-176.15306	1.4289551
-39.929642	-180.89883	1.4387207
-39.928631	-180.46419	1.4484863
-39.928646	-179.98204	1.458252
-39.926533	-176.91832	1.4680176
-39.925583	-175.64279	1.4777832
-39.924965	-177.12427	1.4875488
-39.924011	-176.33119	1.4973145
-39.923912	-175.46529	1.5070801
-39.921883	-176.48949	1.5168457
-39.921505	-177.29323	1.5266113
-39.921104	-174.90024	1.536377
-39.920601	-171.05473	1.5461426
-39.920219	-170.02191	1.5559082
-39.919044	-174.6727	1.5656738
-39.917542	-175.82127	1.5754395
-39.917248	-174.05313	1.5852051
-39.916573	-171.01828	1.5949707
-39.915306	-170.04831	1.6047363
-39.914127	-167.42102	1.614502
-39.913635	-167.96716	1.6242676
-39.912678	-170.95003	1.6340332
-39.911629	-172.75134	1.6437988
-39.910881	-173.93008	1.6535645
-39.90892	-168.815	1.6633301
-39.909527	-163.14908	1.6730957
-39.909206	-165.78781	1.6828613
-39.907032	-169.08752	1.692627
-39.907642	-169.49841	1.7023926
-39.907303	-168.84998	1.7121582
-39.904938	-166.67726	1.7219238
-39.904163	-163.01488	1.7316895
-39.903748	-160.33257	1.7414551
-39.903442	-162.424	1.7512207
-39.902367	-166.81593	1.7609863
-39.902431	-168.13426	1.770752
-39.901031	-164.99068	1.7805176
-39.900463	-159.06851	1.7902832
-39.898632	-156.77434	1.8000488
-39.898232	-161.47798	1.8098145
-39.897369	-162.12015	1.8195801
-39.897667	-161.6891	1.8293457
-39.895683	-160.99538	1.8391113
-39.894482	-156.11124	1.848877
-39.894131	-156.95079	1.8586426
-39.892124	-155.49706	1.8684082
-39.892696	-157.48526	1.8781738
-39.891903	-164.12917	1.8879395
-39.890499	-159.43121	1.8977051
-39.890236	-155.96509	1.9074707
-39.889412	-151.80919	1.9172363
-39.888065	-152.25809	1.927002
-39.88773	-156.74635	1.9367676
-39.887173	-156.82365	1.9465332
-39.886436	-158.1407	1.9562988
-39.883602	-155.24588	1.9660645
-39.885635	-150.79741	1.9758301
-39.883648	-151.47383	1.9855957
-39.881905	-149.53737	1.9953613
-39.881104	-155.07678	2.005127
-39.880997	-154.26631	2.0148926
-39.880852	-151.33678	2.0246582
-39.879555	-148.99677	2.0344238
-39.878407	-147.31528	2.0441895
-39.877708	-149.05174	2.0539551
-39.87653	-149.93015	2.0637207
-39.875938	-148.74231	2.0734863
-39.874813	-150.53517	2.083252
-39.874699	-150.03484	2.0930176
-39.875343	-145.26039	2.1027832
-39.872215	-143.98183	2.1125488
-39.872707	-145.01456	2.1223145
-39.871021	-145.98787	2.1320801
-39.870331	-147.77679	2.1418457
-39.87075	-144.71086	2.1516113
-39.868706	-143.23303	2.161377
-39.86747	-142.83682	2.1711426
-39.867996	-140.83429	2.1809082
-39.867493	-139.98883	2.1906738
-39.865238	-142.68564	2.2004395
-39.86525	-145.33015	2.2102051
-39.863422	-142.4166	2.2199707
-39.862499	-137.46164	2.2297363
-39.861488	-138.13715	2.239502
-39.861683	-137.98894	2.2492676
-39.860645	-142.66998	2.2590332
-39.860229	-142.03181	2.2687988
-39.858719	-139.08823	2.2785645
-39.857494	-139.75932	2.2883301
-39.858028	-135.07666	2.2980957
-39.857174	-134.3743	2.3078613
-39.856041	-135.8446	2.317627
-39.855885	-138.642	2.3273926
-39.854488	-141.61624	2.3371582
-39.853561	-134.59337	2.3469238
-39.852718	-130.43044	2.3566895
-39.852028	-131.83878	2.3664551
-39.851345	-135.08002	2.3762207
-39.85043	-136.71439	2.3859863
-39.848984	-135.73973	2.395752
-39.848297	-134.22372	2.4055176
-39.84819	-129.76752	2.4152832
-39.846916	-126.11939	2.4250488
-39.846279	-129.51678	2.4348145
-39.845505	-132.42049	2.4445801
-39.845665	-135.20586	2.4543457
-39.844376	-132.66904	2.4641113
-39.841873	-126.3203	2.473877
-39.841934	-124.16558	2.4836426
-39.841694	-126.43226	2.4934082
-39.840832	-128.36049	2.5031738
-39.839279	-129.79298	2.5129395
-39.839527	-129.73703	2.5227051
-39.837803	-125.96399	2.5324707
-39.837181	-122.12197	2.5422363
-39.836628	-120.15936	2.552002
-39.835636	-124.41888	2.5617676
-39.834415	-129.29581	2.5715332
-39.834133	-126.83965	2.5812988
-39.833691	-123.4487	2.5910645
-39.832882	-119.37947	2.6008301
-39.831509	-120.96798	2.6105957
-39.831005	-121.18207	2.6203613
-39.830067	-121.53304	2.630127
-39.828453	-124.90295	2.6398926
-39.827858	-121.93298	2.6496582
-39.828156	-119.73853	2.6594238
-39.826855	-115.59807	2.6691895
-39.825459	-114.19656	2.6789551
-39.825279	-120.15353	2.6887207
-39.82399	-120.73675	2.6984863
-39.824154	-119.24757	2.708252
-39.822369	-118.00452	2.7180176
-39.822224	-115.45911	2.7277832
-39.820702	-116.43048	2.7375488
-39.819103	-113.53652	2.7473145
-39.819199	-114.02553	2.7570801
-39.819141	-117.63432	2.7668457
-39.816887	-115.30193	2.7766113
-39.817505	-114.00011	2.786377
-39.815369	-109.43412	2.7961426
-39.815704	-112.43782	2.8059082
-39.814789	-114.83118	2.8156738
-39.814007	-113.25879	2.8254395
-39.812969	-113.07895	2.8352051
-39.812309	-112.17014	2.8449707
-39.811626	-109.24007	2.8547363
-39.810841	-107.9249	2.864502
-39.810184	-107.42214	2.8742676
-39.809475	-110.56162	2.8840332
-39.8083	-114.07751	2.8937988
-39.807251	-109.51144	2.9035645
-39.806564	-105.54928	2.9133301
-39.806755	-104.03649	2.9230957
-39.804424	-102.14679	2.9328613
-39.803806	-108.52562	2.942627
-39.802334	-108.38139	2.9523926
-39.801735	-107.65334	2.9621582
-39.801876	-108.52228	2.9719238
-39.800667	-102.03208	2.9816895
-39.799103	-100.28209	2.9914551
-39.798893	-102.23497	3.0012207
-39.798691	-106.66905	3.0109863
-39.79763	-108.14684	3.020752
-39.79623	-101.83179	3.0305176
-39.795624	-98.719772	3.0402832
-39.795033	-97.265137	3.0500488
-39.793427	-99.774437	3.0598145
-39.793888	-102.00556	3.0695801
-39.792923	-102.42883	3.0793457
-39.791565	-104.05155	3.0891113
-39.791206	-96.779968	3.098877
-39.791016	-95.308815	3.1086426
-39.789146	-94.325462	3.1184082
-39.786896	-97.346916	3.1281738
-39.786705	-102.17544	3.1379395
-39.787029	-99.915977	3.1477051
-39.785816	-94.907539	3.1574707
-39.78466	-92.306923	3.1672363
-39.784946	-91.690376	3.177002
-39.784031	-96.235672	3.1867676
-39.783081	-96.463394	3.1965332
-39.781708	-98.554359	3.2062988
-39.780792	-94.759972	3.2160645
-39.781075	-91.35218	3.2258301
-39.779781	-86.499954	3.2355957
-39.777832	-90.822578	3.2453613
-39.777458	-95.010643	3.255127
-39.777843	-95.619942	3.2648926
-39.776768	-91.799698	3.2746582
-39.776787	-88.149994	3.2844238
-39.774738	-89.024567	3.2941895
-39.77351	-87.874893	3.3039551
-39.772797	-88.155136	3.3137207
-39.772118	-91.962906	3.3234863
-39.771255	-90.596794	3.333252
-39.770081	-88.522369	3.3430176
-39.769363	-83.947304	3.3527832
-39.768593	-82.492172	3.3625488
-39.768642	-87.485466	3.3723145
-39.767391	-86.856682	3.3820801
-39.766502	-88.079491	3.3918457
-39.765751	-84.276901	3.4016113
-39.765011	-84.131401	3.411377
-39.764645	-84.261131	3.4211426
-39.764122	-81.543648	3.4309082
-39.761749	-81.277084	3.4406738
-39.760159	-85.785828	3.4504395
-39.760998	-83.626717	3.4602051
-39.759926	-83.296394	3.4699707
-39.759037	-76.70919	3.4797363
-39.758659	-80.105545	3.489502
-39.758141	-78.781319	3.4992676
-39.756668	-81.158043	3.5090332
-39.755978	-81.506073	3.5187988
-39.755177	-81.125854	3.5285645
-39.75386	-77.95134	3.5383301
-39.75246	-77.039055	3.5480957
-39.752014	-73.062675	3.5578613
-39.751915	-75.422142	3.567627
-39.750092	-80.618538	3.5773926
-39.750462	-78.634148	3.5871582
-39.749538	-76.399956	3.5969238
-39.748726	-71.581512	3.6066895
-39.747463	-71.389618	3.6164551
-39.747223	-74.475655	3.6262207
-39.746899	-72.865417	3.6359863
-39.745361	-75.748322	3.645752
-39.743622	-75.909393	3.6555176
-39.743904	-71.811661	3.6652832
-39.742714	-67.242226	3.6750488
-39.742119	-67.138847	3.6848145
-39.741341	-73.848694	3.6945801
-39.740826	-75.177917	3.7043457
-39.739559	-70.34478	3.7141113
-39.738617	-68.692459	3.723877
-39.738194	-63.015259	3.7336426
-39.737175	-65.978294	3.7434082
-39.736233	-67.653374	3.7531738
-39.735859	-68.715607	3.7629395
-39.735233	-72.190254	3.7727051
-39.733387	-66.279114	3.7824707
-39.73328	-61.186401	3.7922363
-39.731956	-60.396912	3.802002
-39.731083	-63.978352	3.8117676
-39.731354	-69.774178	3.8215332
-39.729546	-67.249939	3.8312988
-39.730179	-63.748978	3.8410645
-39.728455	-61.117718	3.8508301
-39.727951	-59.35743	3.8605957
-39.726036	-60.585178	3.8703613
-39.724735	-61.43597	3.880127
-39.724728	-65.056801	3.8898926
-39.72427	-63.144215	3.8996582
-39.723824	-60.808079	3.9094238
-39.722496	-55.635532	3.9191895
-39.721237	-58.668556	3.9289551
-39.720169	-61.334496	3.9387207
-39.7192	-62.252422	3.9484863
-39.719353	-58.907299	3.958252
-39.718124	-57.93811	3.9680176
-39.717419	-56.514076	3.9777832
-39.716415	-54.625221	3.9875488
-39.716236	-56.084839	3.9973145
-39.715427	-56.080757	4.0070801
-39.714432	-58.015018	4.0168457
-39.714165	-57.152058	4.0266113
-39.713013	-52.02985	4.036377
-39.71175	-48.809006	4.0461426
-39.710773	-54.265892	4.0559082
-39.71048	-52.974892	4.0656738
-39.709087	-55.024101	4.0754395
-39.709045	-52.644459	4.0852051
-39.707413	-52.459953	4.0949707
-39.706104	-50.095913	4.1047363
-39.705826	-47.624836	4.114502
-39.705833	-48.928295	4.1242676
-39.704929	-50.849846	4.1340332
-39.703918	-53.132565	4.1437988
-39.702347	-49.355793	4.1535645
-39.702904	-44.541943	4.1633301
-39.700512	-47.368671	4.1730957
-39.700005	-45.83836	4.1828613
-39.699284	-47.46846	4.192627
-39.699718	-48.266235	4.2023926
-39.698147	-49.546326	4.2121582
-39.698429	-46.362164	4.2219238
-39.696548	-43.273895	4.2316895
-39.695587	-39.36554	4.2414551
-39.693806	-43.253822	4.2512207
-39.695271	-46.148804	4.2609863
-39.694172	-48.072212	4.270752
-39.692184	-43.754475	4.2805176
-39.691349	-40.992203	4.2902832
-39.691105	-39.271923	4.3000488
-39.690205	-40.170059	4.3098145
-39.689041	-42.43866	4.3195801
-39.688618	-44.658096	4.3293457
-39.68795	-44.267673	4.3391113
-39.68726	-40.480484	4.348877
-39.68544	-34.376408	4.3586426
-39.684399	-35.639168	4.3684082
-39.68354	-39.242325	4.3781738
-39.683437	-40.62434	4.3879395
-39.684246	-40.513058	4.3977051
-39.681625	-35.840565	4.4074707
-39.681847	-32.365021	4.4172363
-39.679852	-32.817047	4.427002
-39.679707	-33.970558	4.4367676
-39.678844	-35.543686	4.4465332
-39.677486	-40.724251	4.4562988
-39.677109	-34.523487	4.4660645
-39.676838	-31.767485	4.4758301
-39.675224	-29.376759	4.4855957
-39.67466	-30.948839	4.4953613
-39.672379	-35.691128	4.505127
-39.672504	-34.982109	4.5148926
-39.671604	-33.087036	4.5246582
-39.671093	-28.852184	4.5344238
-39.670074	-28.404512	4.5441895
-39.669819	-28.560329	4.5539551
-39.669502	-28.128979	4.5637207
-39.668633	-33.186275	4.5734863
-39.668056	-30.362198	4.583252
-39.667072	-27.562222	4.5930176
-39.665535	-24.981768	4.6027832
-39.664608	-23.768755	4.6125488
-39.664162	-28.472679	4.6223145
-39.663017	-29.236889	4.6320801
-39.663368	-26.923206	4.6418457
-39.662399	-27.097065	4.6516113
-39.660759	-24.242414	4.661377
-39.660107	-22.832239	4.6711426
-39.65929	-21.81778	4.6809082
-39.657982	-24.754063	4.6906738
-39.657776	-24.927984	4.7004395
-39.656033	-26.690384	4.7102051
-39.655209	-20.050709	4.7199707
-39.65506	-19.259489	4.7297363
-39.656044	-20.913794	4.739502
-39.653549	-20.673473	4.7492676
-39.651768	-21.20746	4.7590332
-39.653183	-21.79777	4.7687988
-39.651409	-22.521566	4.7785645
-39.649879	-19.521049	4.7883301
-39.648392	-15.496616	4.7980957
-39.648842	-16.153725	4.8078613
-39.647282	-16.306074	4.817627
-39.647102	-21.539232	4.8273926
-39.645969	-19.616396	4.8371582
-39.645088	-15.346338	4.8469238
-39.643593	-15.78553	4.8566895
-39.644245	-12.111582	4.8664551
-39.642113	-13.330424	4.8762207
-39.641178	-15.359564	4.8859863
-39.641045	-17.740049	4.895752
-39.640511	-17.589388	4.9055176
-39.63916	-11.294024	4.9152832
-39.638828	-8.4481144	4.9250488
-39.637993	-9.6674957	4.9348145
-39.638004	-13.189675	4.9445801
-39.636456	-15.905515	4.9543457
-39.636784	-12.581606	4.9641113
-39.634109	-12.138582	4.973877
-39.634403	-8.5492897	4.9836426
-39.632729	-6.889102	4.9934082
-39.632938	-10.262309	5.0031738
-39.632153	-11.880812	5.0129395
-39.630817	-14.469582	5.0227051
-39.630066	-11.242178	5.0324707
-39.629471	-3.1124139	5.0422363
-39.628742	-4.0623517	5.052002
-39.626205	-7.2899733	5.0617676
-39.627163	-9.5516338	5.0715332
-39.625675	-9.2455893	5.0812988
-39.624699	-8.159687	5.0910645
-39.624462	-3.311213	5.1008301
-39.624165	-1.9518179	5.1105957
-39.622597	-0.85559994	5.1203613
-39.620872	-4.1163526	5.130127
-39.620823	-8.2753935	5.1398926
-39.619877	-5.1456032	5.1496582
-39.619923	-0.15453626	5.1594238
-39.61795	3.5045602	5.1691895
-39.617195	0.80862761	5.1789551
-39.617756	-3.684504	5.1887207
-39.615795	-2.6995494	5.1984863
-39.61483	-2.5112002	5.208252
-39.615105	0.62945449	5.2180176
-39.613407	1.5397468	5.2277832
-39.612675	5.3974562	5.2375488
-39.613331	4.3129826	5.2473145
-39.61113	-1.3307503	5.2570801
-39.610657	0.47382256	5.2668457
-39.60907	3.2684352	5.2766113
-39.608986	6.3009853	5.286377
-39.608173	7.0280242	5.2961426
-39.607346	3.1432834	5.3059082
-39.605267	2.6976292	5.3156738
-39.60606	4.5730948	5.3254395
-39.605846	4.0227432	5.3352051
-39.60323	4.4560108	5.3449707
-39.603508	8.5403481	5.3547363
-39.601437	11.256985	5.364502
-39.601456	7.638155	5.3742676
-39.600246	6.9553189	5.3840332
-39.599377	5.5805025	5.3937988
-39.598427	9.1711092	5.4035645
-39.598473	10.841137	5.4133301
-39.596954	10.124766	5.4230957
-39.596169	10.017873	5.4328613
-39.594669	12.438221	5.442627
-39.595459	9.0023766	5.4523926
-39.593372	8.2598438	5.4621582
-39.592724	12.336362	5.4719238
-39.592724	15.342341	5.4816895
-39.591976	17.401691	5.4914551
-39.591808	15.067492	5.5012207
-39.590755	10.092339	5.5109863
-39.589161	12.971691	5.520752
-39.588722	14.656528	5.5305176
-39.587624	16.273233	5.5402832
-39.586987	19.115332	5.5500488
-39.586063	18.096256	5.5598145
-39.584686	17.899109	5.5695801
-39.58427	12.842251	5.5793457
-39.583584	12.964627	5.5891113
-39.582935	18.639799	5.598877
-39.582767	20.271288	5.6086426
-39.580906	22.927973	5.6184082
-39.579659	15.632447	5.6281738
-39.580059	16.76922	5.6379395
-39.579124	18.011528	5.6477051
-39.577557	18.49848	5.6574707
-39.576607	23.813835	5.6672363
-39.576359	26.736256	5.677002
-39.576195	25.461636	5.6867676
-39.574593	21.580753	5.6965332
-39.574524	15.619553	5.7062988
-39.573071	20.233686	5.7160645
-39.57122	28.243002	5.7258301
-39.570919	28.439756	5.7355957
-39.570377	26.124949	5.7453613
-39.569492	21.880686	5.755127
-39.568794	22.801418	5.7648926
-39.568939	23.094795	5.7746582
-39.567245	25.71208	5.7844238
-39.567047	31.995766	5.7941895
-39.5658	30.431812	5.8039551
-39.564083	29.704733	5.8137207
-39.564087	23.412083	5.8234863
-39.563221	25.584137	5.833252
-39.561493	29.396935	5.8430176
-39.561718	33.301785	5.8527832
-39.561188	32.624699	5.8625488
-39.56105	31.268515	5.8723145
-39.558117	28.319265	5.8820801
-39.55859	29.694977	5.8918457
-39.557373	31.139086	5.9016113
-39.556061	32.921577	5.911377
-39.554737	36.16539	5.9211426
-39.554977	35.355251	5.9309082
-39.554314	31.733955	5.9406738
-39.552998	32.226658	5.9504395
-39.55349	33.526691	5.9602051
-39.552143	36.522163	5.9699707
-39.551552	36.645748	5.9797363
-39.551563	37.017464	5.989502
-39.550484	36.934738	5.9992676
-39.548466	36.701275	6.0090332
-39.547234	35.52721	6.0187988
-39.546352	36.283703	6.0285645
-39.546394	41.005238	6.0383301
-39.54591	42.756039	6.0480957
-39.544262	40.015617	6.0578613
-39.543949	40.441605	6.067627
-39.542439	36.786114	6.0773926
-39.541618	38.227291	6.0871582
-39.54047	41.722717	6.0969238
-39.540588	40.986969	6.1066895
-39.538773	44.286072	6.1164551
-39.538445	45.415543	6.1262207
-39.538567	41.629642	6.1359863
-39.537083	38.857327	6.145752
-39.536594	40.596706	6.1555176
-39.534691	46.081654	6.1652832
-39.535152	48.902599	6.1750488
-39.534855	46.956661	6.1848145
-39.533646	44.264511	6.1945801
-39.531895	43.815861	6.2043457
-39.532551	43.78397	6.2141113
-39.530376	47.641621	6.223877
-39.52924	49.390919	6.2336426
-39.529797	51.780941	6.2434082
-39.528427	51.764954	6.2531738
-39.527218	45.471531	6.2629395
-39.527596	43.147194	6.2727051
-39.525913	48.700264	6.2824707
-39.525051	54.683472	6.2922363
-39.52298	55.844376	6.302002
-39.523098	49.972454	6.3117676
-39.522942	50.164383	6.3215332
-39.522259	50.308594	6.3312988
-39.520206	48.445862	6.3410645
-39.520737	55.094021	6.3508301
-39.519287	55.790394	6.3605957
-39.519737	57.927921	6.3703613
-39.518211	52.472824	6.380127
-39.516838	48.196827	6.3898926
-39.514999	51.011631	6.3996582
-39.514668	57.446243	6.4094238
-39.514439	58.935246	6.4191895
-39.51284	56.937992	6.4289551
-39.513958	55.673679	6.4387207
-39.512344	53.788296	6.4484863
-39.510956	53.252411	6.458252
-39.509277	57.513153	6.4680176
-39.510002	61.462425	6.4777832
-39.508919	63.188194	6.4875488
-39.508518	62.069157	6.4973145
-39.507759	55.445675	6.5070801
-39.506752	55.673138	6.5168457
-39.505466	60.995384	6.5266113
-39.504898	64.076103	6.536377
-39.504917	64.776405	6.5461426
-39.503624	62.501846	6.5559082
-39.502102	61.641212	6.5656738
-39.500618	62.000507	6.5754395
-39.499393	61.078789	6.5852051
-39.500542	62.44688	6.5949707
-39.499451	68.647858	6.6047363
-39.498684	67.112282	6.614502
-39.497734	63.905449	6.6242676
-39.495838	63.470261	6.6340332
-39.495209	64.164215	6.6437988
-39.494785	66.989288	6.6535645
-39.49345	66.273529	6.6633301
-39.49379	66.691544	6.6730957
-39.493179	69.578613	6.6828613
-39.491619	69.66552	6.692627
-39.490929	67.233521	6.7023926
-39.490051	64.129967	6.7121582
-39.490204	70.560913	6.7219238
-39.488255	74.778137	6.7316895
-39.488449	71.438644	6.7414551
-39.486965	71.958183	6.7512207
-39.486816	68.021309	6.7609863
-39.484829	70.845512	6.770752
-39.483379	71.022392	6.7805176
-39.483906	71.056793	6.7902832
-39.483276	76.794319	6.8000488
-39.482674	77.249863	6.8098145
-39.480476	74.411797	6.8195801
-39.480404	70.136482	6.8293457
-39.480114	71.307838	6.8391113
-39.478706	76.636864	6.848877
-39.47715	78.54969	6.8586426
-39.476959	78.974091	6.8684082
-39.475739	77.157654	6.8781738
-39.475563	75.121864	6.8879395
-39.473694	74.620316	6.8977051
-39.473209	75.351295	6.9074707
-39.472843	80.827332	6.9172363
-39.472305	83.775925	6.927002
-39.470745	80.333565	6.9367676
-39.472103	76.17749	6.9465332
-39.470547	74.871292	6.9562988
-39.470043	79.077232	6.9660645
-39.468662	84.97226	6.9758301
-39.466995	85.930473	6.9855957
-39.466572	83.415718	6.9953613
-39.465458	82.49427	7.005127
-39.464493	79.790771	7.0148926
-39.46413	77.703163	7.0246582
-39.463409	82.774765	7.0344238
-39.463085	87.507652	7.0441895
-39.461876	89.212349	7.0539551
-39.461296	85.241493	7.0637207
-39.459736	80.127441	7.0734863
-39.458965	82.591232	7.083252
-39.458397	86.621536	7.0930176
-39.456696	90.899231	7.1027832
-39.456669	89.11338	7.1125488
-39.45623	88.469795	7.1223145
-39.454838	87.73867	7.1320801
-39.454922	83.700058	7.1418457
-39.453598	87.231499	7.1516113
-39.453022	89.221451	7.161377
-39.451332	94.81176	7.1711426
-39.451641	94.00563	7.1809082
-39.45018	86.831459	7.1906738
-39.450108	88.315613	7.2004395
-39.448429	90.407837	7.2102051
-39.448296	92.962753	7.2199707
-39.447227	94.650032	7.2297363
-39.445705	94.169411	7.239502
-39.4445	95.056511	7.2492676
-39.443962	91.682472	7.2590332
-39.444298	92.464783	7.2687988
-39.441929	93.623672	7.2785645
-39.44186	95.929726	7.2883301
-39.441586	97.437164	7.2980957
-39.441494	95.279488	7.3078613
-39.440239	95.36264	7.317627
-39.438869	95.590637	7.3273926
-39.438385	96.351852	7.3371582
-39.437271	97.303688	7.3469238
-39.436096	98.996887	7.3566895
-39.435902	99.369987	7.3664551
-39.434582	100.28862	7.3762207
-39.434032	97.756897	7.3859863
-39.434372	93.552757	7.395752
-39.432518	99.140755	7.4055176
-39.430511	102.60169	7.4152832
-39.431015	102.92609	7.4250488
-39.429283	103.76147	7.4348145
-39.428368	99.33622	7.4445801
-39.429211	101.92605	7.4543457
-39.428074	99.932388	7.4641113
-39.426479	101.89538	7.473877
-39.42543	104.7102	7.4836426
-39.425293	106.85928	7.4934082
-39.423939	105.67899	7.5031738
-39.423786	100.53136	7.5129395
-39.421932	102.97764	7.5227051
-39.42226	107.42037	7.5324707
-39.42141	107.23841	7.5422363
-39.421059	111.99948	7.552002
-39.418842	106.9408	7.5617676
-39.418396	105.1032	7.5715332
-39.41782	105.33167	7.5812988
-39.416725	103.30042	7.5910645
-39.416489	109.69511	7.6008301
-39.416187	113.75632	7.6105957
-39.414474	112.11632	7.6203613
-39.413986	107.70932	7.630127
-39.411812	104.91148	7.6398926
-39.412708	108.94155	7.6496582
-39.412018	113.63684	7.6594238
-39.4105	114.30006	7.6691895
-39.410854	113.58598	7.6789551
-39.408344	113.16027	7.6887207
-39.408516	110.6227	7.6984863
-39.407394	108.73886	7.708252
-39.405479	112.56976	7.7180176
-39.406078	118.07589	7.7277832
-39.40596	118.52419	7.7375488
-39.404022	116.08096	7.7473145
-39.402973	110.33974	7.7570801
-39.402592	112.78951	7.7668457
-39.400177	116.14024	7.7766113
-39.401333	119.24082	7.786377
-39.400024	120.50703	7.7961426
-39.399288	119.77167	7.8059082
-39.398285	118.45502	7.8156738
-39.398262	113.13392	7.8254395
-39.395275	116.37592	7.8352051
-39.395824	118.7038	7.8449707
-39.394585	123.20208	7.8547363
-39.393887	124.35873	7.864502
-39.394379	117.66947	7.8742676
-39.391872	118.99796	7.8840332
-39.39164	119.40572	7.8937988
-39.390507	121.26469	7.9035645
-39.390446	122.14664	7.9133301
-39.389427	123.80395	7.9230957
-39.387844	125.7076	7.9328613
-39.387299	121.82125	7.942627
-39.386971	122.19087	7.9523926
-39.385952	122.84199	7.9621582
-39.385056	126.53848	7.9719238
-39.383556	127.2766	7.9816895
-39.384769	125.90693	7.9914551
-39.381824	125.61305	8.0012207
-39.382061	125.95813	8.0109863
-39.382103	125.90049	8.020752
-39.380817	125.71147	8.0305176
-39.378307	127.66923	8.0402832
-39.378178	130.95715	8.0500488
-39.377701	131.31682	8.0598145
-39.377777	128.48901	8.0695801
-39.375988	124.95306	8.0793457
-39.375187	129.09995	8.0891113
-39.374016	132.14252	8.098877
-39.374641	131.62093	8.1086426
-39.373116	132.58981	8.1184082
-39.372498	131.60727	8.1281738
-39.372387	131.72559	8.1379395
-39.37072	128.27495	8.1477051
-39.370819	130.30138	8.1574707
-39.369175	134.89519	8.1672363
-39.367508	137.88959	8.177002
-39.367138	136.12628	8.1867676
-39.366272	129.57198	8.1965332
-39.366261	130.58652	8.2062988
-39.365402	133.29288	8.2160645
-39.365108	134.80511	8.2258301
-39.36256	140.10016	8.2355957
-39.361866	137.89424	8.2453613
-39.362152	137.32303	8.255127
-39.361034	134.55684	8.2648926
-39.359272	131.79935	8.2746582
-39.359657	138.3208	8.2844238
-39.359165	141.74873	8.2941895
-39.358742	142.37817	8.3039551
-39.356056	138.16675	8.3137207
-39.357437	134.48428	8.3234863
-39.354183	137.94855	8.333252
-39.353378	140.03481	8.3430176
-39.355137	142.88568	8.3527832
-39.353386	143.57481	8.3625488
-39.351654	142.23653	8.3723145
-39.352211	140.37856	8.3820801
-39.350143	134.84158	8.3918457
-39.349445	140.30096	8.4016113
-39.349216	145.35574	8.411377
-39.347736	148.67336	8.4211426
-39.347771	146.90317	8.4309082
-39.346104	141.94351	8.4406738
-39.34478	140.82336	8.4504395
-39.345352	144.37932	8.4602051
-39.343044	147.14297	8.4699707
-39.343586	147.45738	8.4797363
-39.342892	149.7914	8.489502
-39.341671	147.69489	8.4992676
-39.340347	143.16028	8.5090332
-39.339935	146.02719	8.5187988
-39.337906	145.30453	8.5285645
-39.338802	151.60245	8.5383301
-39.336647	151.53569	8.5480957
-39.336567	148.5305	8.5578613
-39.335625	147.24956	8.567627
-39.334312	147.71985	8.5773926
-39.333244	148.62863	8.5871582
-39.332584	148.49767	8.5969238
-39.33197	151.77916	8.6066895
-39.330273	154.34694	8.6164551
-39.330551	150.79422	8.6262207
-39.329063	151.94899	8.6359863
-39.329861	148.84409	8.645752
-39.328762	153.69881	8.6555176
-39.326809	157.62373	8.6652832
-39.327717	154.68495	8.6750488
-39.325752	156.85284	8.6848145
-39.325127	153.40347	8.6945801
-39.324551	152.28508	8.7043457
-39.323803	153.80861	8.7141113
-39.322956	154.40488	8.723877
-39.322594	159.31612	8.7336426
-39.321224	161.99454	8.7434082
-39.319691	156.60367	8.7531738
-39.319061	152.08739	8.7629395
-39.318352	154.71661	8.7727051
-39.316776	159.27054	8.7824707
-39.316723	159.64613	8.7922363
-39.315762	160.67935	8.802002
-39.31459	162.45509	8.8117676
-39.313904	158.42947	8.8215332
-39.313446	155.88397	8.8312988
-39.311947	157.43941	8.8410645
-39.311714	162.1709	8.8508301
-39.311348	166.40631	8.8605957
-39.310841	163.92284	8.8703613
-39.309216	159.40694	8.880127
-39.308842	159.5791	8.8898926
-39.308815	160.91187	8.8996582
-39.307297	162.99612	8.9094238
-39.306198	165.96666	8.9191895
-39.306042	167.75958	8.9289551
-39.304134	166.2887	8.9387207
-39.303852	161.09689	8.9484863
-39.302792	158.65068	8.958252
-39.302593	164.70979	8.9680176
-39.300858	169.03093	8.9777832
-39.299492	173.16405	8.9875488
-39.299774	166.80193	8.9973145
-39.299019	164.34302	9.0070801
-39.298389	164.7701	9.0168457
-39.298058	165.37514	9.0266113
-39.296108	171.23712	9.036377
-39.295361	171.23494	9.0461426
-39.296059	171.43233	9.0559082
-39.293835	168.7894	9.0656738
-39.293266	164.39122	9.0754395
-39.293018	168.62024	9.0852051
-39.291374	172.75793	9.0949707
-39.290966	176.16298	9.1047363
-39.289875	174.20793	9.114502
-39.289295	170.53902	9.1242676
-39.287945	169.21428	9.1340332
-39.28706	171.9303	9.1437988
-39.286083	172.53011	9.1535645
-39.285286	174.24429	9.1633301
-39.284019	177.00534	9.1730957
-39.284412	176.83501	9.1828613
-39.283611	172.93446	9.192627
-39.28339	170.70715	9.2023926
-39.281715	172.79582	9.2121582
-39.2813	178.55603	9.2219238
-39.279968	178.03021	9.2316895
-39.280533	175.72906	9.2414551
-39.278664	176.28479	9.2512207
-39.27887	177.54654	9.2609863
-39.276695	176.60246	9.270752
-39.275948	175.80727	9.2805176
-39.275696	181.30241	9.2902832
-39.273136	184.22244	9.3000488
-39.274246	180.83762	9.3098145
-39.272896	179.62254	9.3195801
-39.272095	175.87637	9.3293457
-39.271736	179.53711	9.3391113
-39.271179	181.27994	9.348877
-39.268658	181.88858	9.3586426
-39.269939	183.92256	9.3684082
-39.267277	182.30251	9.3781738
-39.266529	180.56152	9.3879395
-39.267216	178.98528	9.3977051
-39.265961	179.08287	9.4074707
-39.264874	187.71268	9.4172363
-39.264893	187.59557	9.427002
-39.263527	186.5029	9.4367676
-39.262753	181.47649	9.4465332
-39.261787	181.77238	9.4562988
-39.260807	184.62326	9.4660645
-39.259651	187.04314	9.4758301
-39.260044	189.51878	9.4855957
-39.2584	191.30508	9.4953613
-39.256859	188.61609	9.505127
-39.25565	183.61612	9.5148926
-39.255936	182.01303	9.5246582
-39.254566	185.93535	9.5344238
-39.253826	193.47751	9.5441895
-39.253082	191.25768	9.5539551
-39.251678	188.30826	9.5637207
-39.251953	187.16254	9.5734863
-39.250725	186.17247	9.583252
-39.251274	189.55672	9.5930176
-39.249866	193.16264	9.6027832
-39.248711	195.15829	9.6125488
-39.247944	193.69476	9.6223145
-39.246975	189.7126	9.6320801
-39.246006	186.14969	9.6418457
-39.244816	189.34372	9.6516113
-39.244823	194.81493	9.661377
-39.243862	197.73439	9.6711426
-39.242901	194.05745	9.6809082
-39.242546	192.07494	9.6906738
-39.241295	191.01697	9.7004395
-39.240917	191.26935	9.7102051
-39.239777	195.05539	9.7199707
-39.238792	197.97122	9.7297363
-39.238808	200.81848	9.739502
-39.236523	197.98869	9.7492676
-39.235954	191.04977	9.7590332
-39.235626	194.07771	9.7687988
-39.234985	196.98622	9.7785645
-39.23394	201.48837	9.7883301
-39.23233	200.80826	9.7980957
-39.231556	197.78577	9.8078613
-39.231247	198.10451	9.817627
-39.231632	195.81538	9.8273926
-39.230072	196.41174	9.8371582
-39.229076	200.65408	9.8469238
-39.227478	201.96938	9.8566895
-39.227222	204.33612	9.8664551
-39.225487	199.59142	9.8762207
-39.226402	199.02162	9.8859863
-39.224991	198.70424	9.895752
-39.224796	201.46191	9.9055176
-39.222446	203.44168	9.9152832
-39.221088	203.63194	9.9250488
-39.222073	204.38597	9.9348145
-39.220348	204.30711	9.9445801
-39.220257	201.01534	9.9543457
-39.219627	200.98677	9.9641113
-39.218925	204.82895	9.973877
-39.217163	208.28894	9.9836426
-39.216373	206.68811	9.9934082
-39.21664	205.31085	10.003174
-39.214645	201.92293	10.012939
-39.213013	205.09325	10.022705
-39.213345	206.04802	10.032471
-39.212585	207.44696	10.042236
-39.210945	210.0481	10.052002
-39.209885	209.74985	10.061768
-39.210129	207.86241	10.071533
-39.210056	203.64783	10.081299
-39.209221	205.06093	10.091064
-39.208355	210.54648	10.10083
-39.206394	213.07066	10.110596
-39.206142	213.72397	10.120361
-39.205051	208.73961	10.130127
-39.205257	207.54637	10.139893
-39.202957	210.02531	10.149658
-39.202602	207.03987	10.159424
-39.202053	215.12947	10.169189
-39.201248	214.89069	10.178955
-39.201813	213.40453	10.188721
-39.200958	209.5687	10.198486
-39.198299	205.81935	10.208252
-39.197285	211.5882	10.218018
-39.197468	217.32809	10.227783
-39.19659	218.0728	10.237549
-39.19569	215.00482	10.247314
-39.194691	213.31613	10.25708
-39.194092	212.95111	10.266846
-39.192928	211.57928	10.276611
-39.192795	216.07936	10.286377
-39.191727	221.87697	10.296143
-39.190853	220.46564	10.305908
-39.190338	215.2744	10.315674
-39.187958	211.71307	10.325439
-39.189987	213.53062	10.335205
-39.187439	220.26721	10.344971
-39.186523	224.38301	10.354736
-39.186111	221.70715	10.364502
-39.185024	220.18465	10.374268
-39.183949	217.4964	10.384033
-39.18314	216.89063	10.393799
-39.182354	220.33186	10.403564
-39.181931	220.79706	10.41333
-39.180111	226.65405	10.423096
-39.179832	224.5602	10.432861
-39.178646	219.37129	10.442627
-39.177998	217.48674	10.452393
-39.177929	221.87604	10.462158
-39.176643	223.77118	10.471924
-39.176174	225.13066	10.481689
-39.174568	223.13672	10.491455
-39.174473	225.2892	10.501221
-39.173538	222.43831	10.510986
-39.172867	221.66199	10.520752
-39.172974	222.23285	10.530518
-39.170719	225.701	10.540283
-39.170696	230.21558	10.550049
-39.169918	223.72215	10.559814
-39.168293	226.7719	10.56958
-39.167198	224.17203	10.579346
-39.167145	226.47194	10.589111
-39.165375	228.45558	10.598877
-39.165363	228.28664	10.608643
-39.164047	229.83151	10.618408
-39.164291	228.92249	10.628174
-39.163673	226.41022	10.637939
-39.162033	225.91351	10.647705
-39.16103	229.77608	10.657471
-39.160694	232.29166	10.667236
-39.159924	232.53677	10.677002
-39.158852	229.8855	10.686768
-39.158199	228.92432	10.696533
-39.157375	228.57513	10.706299
-39.155704	230.4019	10.716064
-39.155964	230.52225	10.72583
-39.155766	233.16904	10.735596
-39.154404	235.19516	10.745361
-39.152466	232.48438	10.755127
-39.152969	227.92804	10.764893
-39.152016	228.86322	10.774658
-39.150955	235.31866	10.784424
-39.149921	237.54333	10.794189
-39.148705	237.93735	10.803955
-39.148106	235.00772	10.813721
-39.147808	232.60426	10.823486
-39.146637	231.55621	10.833252
-39.146156	230.48688	10.843018
-39.144424	237.3192	10.852783
-39.142937	239.64841	10.862549
-39.143814	240.93089	10.872314
-39.142517	233.9352	10.88208
-39.141384	230.0658	10.891846
-39.140362	236.25754	10.901611
-39.139786	240.01566	10.911377
-39.139286	242.39539	10.921143
-39.137905	239.66924	10.930908
-39.138218	237.80984	10.940674
-39.136612	236.73582	10.950439
-39.137165	235.1781	10.960205
-39.135372	240.21034	10.969971
-39.134182	244.22816	10.979736
-39.134266	243.1548	10.989502
-39.132687	242.67564	10.999268
-39.132408	235.81651	11.009033
-39.130333	236.34007	11.018799
-39.130219	242.22806	11.028564
-39.129547	244.76524	11.03833
-39.129974	243.94688	11.048096
-39.128067	242.62447	11.057861
-39.126541	241.86696	11.067627
-39.125725	240.00955	11.077393
-39.125385	241.45805	11.087158
-39.124985	244.61513	11.096924
-39.123768	248.9536	11.106689
-39.123051	248.19305	11.116455
-39.12244	243.17375	11.126221
-39.121487	241.51407	11.135986
-39.120476	244.19087	11.145752
-39.119522	247.20728	11.155518
-39.118511	247.66515	11.165283
-39.118347	248.85004	11.175049
-39.117584	248.6507	11.184814
-39.117416	245.49968	11.19458
-39.115524	245.25359	11.204346
-39.114124	244.97337	11.214111
-39.115036	250.63103	11.223877
-39.112614	252.20299	11.233643
-39.111034	249.15228	11.243408
-39.111137	249.82608	11.253174
-39.111179	247.22523	11.262939
-39.109425	248.94597	11.272705
-39.109901	251.01051	11.282471
-39.109604	249.12308	11.292236
-39.10709	254.22615	11.302002
-39.107376	252.14664	11.311768
-39.10601	249.61925	11.321533
-39.10474	246.4146	11.331299
-39.104557	250.12627	11.341064
-39.104073	256.57123	11.35083
-39.101776	253.83293	11.360596
-39.101887	256.62817	11.370361
-39.100758	253.87862	11.380127
-39.100246	251.93546	11.389893
-39.098782	251.20992	11.399658
-39.098896	252.82106	11.409424
-39.097649	255.72145	11.419189
-39.096424	261.21851	11.428955
-39.097084	256.73764	11.438721
-39.095848	252.7549	11.448486
-39.094467	252.80359	11.458252
-39.094715	255.09622	11.468018
-39.093254	258.93167	11.477783
-39.092297	260.96411	11.487549
-39.091476	259.20389	11.497314
-39.090569	257.52948	11.50708
-39.088776	254.91039	11.516846
-39.088253	253.89462	11.526611
-39.08847	259.2851	11.536377
-39.087452	262.05978	11.546143
-39.085735	265.50461	11.555908
-39.084965	257.89069	11.565674
-39.084328	255.68784	11.575439
-39.084614	257.78937	11.585205
-39.083096	261.17526	11.594971
-39.082298	266.97552	11.604736
-39.081516	264.2583	11.614502
-39.080833	263.96646	11.624268
-39.079163	262.18909	11.634033
-39.0788	257.02731	11.643799
-39.078064	262.90118	11.653564
-39.076317	264.98904	11.66333
-39.076702	269.51315	11.673096
-39.07531	265.23962	11.682861
-39.074009	260.49487	11.692627
-39.074352	261.95084	11.702393
-39.072102	263.90964	11.712158
-39.073303	266.8558	11.721924
-39.071793	269.20728	11.731689
-39.070557	267.91397	11.741455
-39.068966	267.98602	11.751221
-39.06992	262.94009	11.760986
-39.067989	265.15286	11.770752
-39.067635	268.03036	11.780518
-39.06728	271.65729	11.790283
-39.067425	271.12326	11.800049
-39.06488	268.29684	11.809814
-39.063801	264.62366	11.81958
-39.063786	267.61261	11.829346
-39.064209	267.89038	11.839111
-39.061985	269.72018	11.848877
-39.060638	271.44614	11.858643
-39.060066	271.70059	11.868408
-39.05925	270.56873	11.878174
-39.057613	267.66925	11.887939
-39.057777	267.0575	11.897705
-39.057888	274.30276	11.907471
-39.05698	274.10803	11.917236
-39.055847	272.49918	11.927002
-39.054466	274.13568	11.936768
-39.054993	271.0054	11.946533
-39.053963	271.93408	11.956299
-39.051929	270.98019	11.966064
-39.051033	273.38202	11.97583
-39.050182	278.18124	11.985596
-39.049526	275.3902	11.995361
-39.048279	275.49722	12.005127
-39.048077	271.12439	12.014893
-39.047279	272.51404	12.024658
-39.046532	276.16757	12.034424
-39.046356	276.05627	12.044189
-39.044456	280.60632	12.053955
-39.044556	276.91464	12.063721
-39.04385	276.03772	12.073486
-39.04237	274.20633	12.083252
-39.042233	274.45151	12.093018
-39.041569	278.19626	12.102783
-39.039417	283.63934	12.112549
-39.039566	279.2475	12.122314
-39.038258	276.98547	12.13208
-39.036991	273.56842	12.141846
-39.038448	277.70419	12.151611
-39.035629	279.72894	12.161377
-39.035511	283.078	12.171143
-39.032963	284.58319	12.180908
-39.032902	280.423	12.190674
-39.032825	278.72614	12.200439
-39.031944	275.00748	12.210205
-39.030571	282.3544	12.219971
-39.03046	286.66745	12.229736
-39.029812	287.72977	12.239502
-39.028736	282.34357	12.249268
-39.028206	279.27249	12.259033
-39.026485	279.01535	12.268799
-39.025784	283.65768	12.278564
-39.025261	284.88748	12.28833
-39.024475	285.73563	12.298096
-39.023018	287.49234	12.307861
-39.023033	284.65457	12.317627
-39.022781	278.43268	12.327393
-39.020916	283.38754	12.337158
-39.020287	287.1936	12.346924
-39.019596	290.29333	12.356689
-39.018864	288.97357	12.366455
-39.016582	283.06796	12.376221
-39.016972	283.66278	12.385986
-39.01712	284.50916	12.395752
-39.015434	288.44406	12.405518
-39.014881	288.90671	12.415283
-39.014164	289.92502	12.425049
-39.013336	291.7659	12.434814
-39.013023	284.28879	12.44458
-39.010658	284.6749	12.454346
-39.010567	288.32919	12.464111
-39.009781	291.35675	12.473877
-39.009102	294.67682	12.483643
-39.008663	290.40918	12.493408
-39.007145	289.48163	12.503174
-39.006847	289.93137	12.512939
-39.005566	289.14691	12.522705
-39.004662	289.57364	12.532471
-39.002529	291.73535	12.542236
-39.002113	294.94708	12.552002
-39.003395	295.77213	12.561768
-39.001831	290.75528	12.571533
-39.000771	290.00735	12.581299
-38.998962	292.42984	12.591064
-38.998863	294.92065	12.60083
-38.998123	295.12289	12.610596
-38.997162	296.75937	12.620361
-38.997852	294.36798	12.630127
-38.996334	294.18866	12.639893
-38.995682	291.38223	12.649658
-38.994873	294.24387	12.659424
-38.992207	297.64285	12.669189
-38.99305	300.70584	12.678955
-38.992622	298.63678	12.688721
-38.99147	292.71973	12.698486
-38.990147	294.59155	12.708252
-38.989254	296.08371	12.718018
-38.988991	297.48575	12.727783
-38.987511	303.24493	12.737549
-38.986229	301.73679	12.747314
-38.985836	298.9295	12.75708
-38.98571	296.02823	12.766846
-38.983013	292.59875	12.776611
-38.983948	301.85284	12.786377
-38.983635	304.28061	12.796143
-38.982384	304.0155	12.805908
-38.980564	299.48492	12.815674
-38.979744	296.44012	12.825439
-38.981533	299.16406	12.835205
-38.979511	300.17865	12.844971
-38.978638	305.22589	12.854736
-38.978012	305.92282	12.864502
-38.976871	303.14197	12.874268
-38.975044	299.80939	12.884033
-38.975761	299.12042	12.893799
-38.973694	300.42786	12.903564
-38.973083	308.32657	12.91333
-38.972729	309.04218	12.923096
-38.971512	306.8667	12.932861
-38.971573	301.96744	12.942627
-38.970043	299.27618	12.952393
-38.969551	303.51614	12.962158
-38.968437	307.42294	12.971924
-38.967213	307.06897	12.981689
-38.9673	309.94287	12.991455
-38.96661	307.39935	13.001221
-38.965698	303.40652	13.010986
-38.964508	304.91833	13.020752
-38.963634	307.80859	13.030518
-38.962944	311.32355	13.040283
-38.960976	311.86011	13.050049
-38.96183	307.06543	13.059814
-38.959805	307.42331	13.06958
-38.959347	305.65262	13.079346
-38.958504	308.8042	13.089111
-38.957882	309.87289	13.098877
-38.957333	311.94559	13.108643
-38.956276	313.70789	13.118408
-38.954967	308.07986	13.128174
-38.955219	309.14169	13.137939
-38.953175	307.67477	13.147705
-38.952259	311.75497	13.157471
-38.952465	313.95349	13.167236
-38.950794	312.20871	13.177002
-38.951218	311.87851	13.186768
-38.950329	310.85391	13.196533
-38.948105	309.26578	13.206299
-38.946693	310.51953	13.216064
-38.949001	312.90707	13.22583
-38.945087	316.45175	13.235596
-38.944946	315.70712	13.245361
-38.944675	314.29645	13.255127
-38.944626	310.38391	13.264893
-38.943569	312.49561	13.274658
-38.942776	315.40659	13.284424
-38.940117	316.74991	13.294189
-38.941406	315.69946	13.303955
-38.940468	318.52731	13.313721
-38.939983	314.34863	13.323486
-38.938656	311.19885	13.333252
-38.937107	312.62296	13.343018
-38.937347	317.66678	13.352783
-38.935001	321.76535	13.362549
-38.935524	319.2243	13.372314
-38.933857	313.84293	13.38208
-38.93391	315.42813	13.391846
-38.933014	316.48935	13.401611
-38.931183	318.8862	13.411377
-38.93087	322.31204	13.421143
-38.929947	320.85489	13.430908
-38.928471	321.36816	13.440674
-38.928268	316.87045	13.450439
-38.926857	315.02078	13.460205
-38.926991	320.03311	13.469971
-38.926094	325.3959	13.479736
-38.925999	325.68579	13.489502
-38.92527	321.46841	13.499268
-38.923897	317.59921	13.509033
-38.923725	319.46039	13.518799
-38.921661	319.38443	13.528564
-38.921154	325.2319	13.53833
-38.920586	326.25415	13.548096
-38.919094	326.10941	13.557861
-38.918743	323.3494	13.567627
-38.917953	316.91425	13.577393
-38.917168	321.44739	13.587158
-38.916855	325.44406	13.596924
-38.914932	328.56732	13.606689
-38.914207	328.60196	13.616455
-38.912693	323.26849	13.626221
-38.912205	322.57138	13.635986
-38.9128	323.61334	13.645752
-38.911209	325.33737	13.655518
-38.910412	328.86362	13.665283
-38.909901	330.54135	13.675049
-38.909229	327.9585	13.684814
-38.908768	324.39438	13.69458
-38.907585	322.10828	13.704346
-38.906528	326.46982	13.714111
-38.905647	331.40286	13.723877
-38.90451	329.67136	13.733643
-38.904099	329.25232	13.743408
-38.903183	326.6506	13.753174
-38.903183	327.59802	13.762939
-38.902016	326.7388	13.772705
-38.900452	327.37726	13.782471
-38.899494	331.83459	13.792236
-38.898865	335.86636	13.802002
-38.899025	329.96411	13.811768
-38.896603	329.17432	13.821533
-38.894936	326.97171	13.831299
-38.89682	331.7887	13.841064
-38.894787	332.98779	13.85083
-38.894077	332.15945	13.860596
-38.893612	334.57278	13.870361
-38.892349	332.39459	13.880127
-38.892323	331.26993	13.889893
-38.890591	328.81451	13.899658
-38.891216	330.5639	13.909424
-38.889256	338.00647	13.919189
-38.88916	336.0434	13.928955
-38.887859	334.75839	13.938721
-38.88723	331.58829	13.948486
-38.886433	330.67972	13.958252
-38.886013	334.13837	13.968018
-38.883492	334.61627	13.977783
-38.883587	336.6441	13.987549
-38.881886	340.39124	13.997314
-38.883095	334.37192	14.00708
-38.881008	331.47101	14.016846
-38.880344	332.10571	14.026611
-38.878635	337.60898	14.036377
-38.877911	340.19214	14.046143
-38.877575	339.38763	14.055908
-38.877296	337.42151	14.065674
-38.87709	334.76462	14.075439
-38.876606	334.77664	14.085205
-38.874397	335.51086	14.094971
-38.875015	341.78009	14.104736
-38.87392	343.00485	14.114502
-38.871872	342.28357	14.124268
-38.87249	336.991	14.134033
-38.871162	333.26553	14.143799
-38.870121	336.81918	14.153564
-38.868149	342.20837	14.16333
-38.868011	345.39871	14.173096
-38.86655	342.32983	14.182861
-38.865608	339.04089	14.192627
-38.865063	339.1351	14.202393
-38.864971	335.42136	14.212158
-38.864445	343.83646	14.221924
-38.863235	345.35458	14.231689
-38.862423	346.52307	14.241455
-38.861828	344.42575	14.251221
-38.860897	337.27594	14.260986
-38.860413	340.1116	14.270752
-38.858917	343.04742	14.280518
-38.857635	348.86966	14.290283
-38.857883	347.18741	14.300049
-38.85775	342.7728	14.309814
-38.854977	344.20505	14.31958
-38.855335	341.3978	14.329346
-38.854164	341.67337	14.339111
-38.853237	344.79318	14.348877
-38.853119	347.52573	14.358643
-38.852428	348.99197	14.368408
-38.851978	342.48395	14.378174
-38.851456	342.78619	14.387939
-38.851067	344.04327	14.397705
-38.84816	347.09506	14.407471
-38.848564	348.37625	14.417236
-38.846771	349.4856	14.427002
-38.845558	346.07745	14.436768
-38.845413	346.86093	14.446533
-38.844585	344.33557	14.456299
-38.843315	347.09738	14.466064
-38.842716	349.79239	14.47583
-38.842407	351.34174	14.485596
-38.841026	349.04132	14.495361
-38.840508	347.54648	14.505127
-38.83942	346.60776	14.514893
-38.838276	349.38956	14.524658
-38.83979	350.69412	14.534424
-38.837345	349.78021	14.544189
-38.836575	353.22409	14.553955
-38.834461	352.09341	14.563721
-38.834949	349.58105	14.573486
-38.834034	345.80484	14.583252
-38.833561	349.15845	14.593018
-38.833004	353.98325	14.602783
-38.831291	354.16718	14.612549
-38.831276	355.28159	14.622314
-38.830242	350.06891	14.63208
-38.829605	349.81082	14.641846
-38.82885	352.72327	14.651611
-38.82655	350.83945	14.661377
-38.826931	355.00842	14.671143
-38.825596	358.21384	14.680908
-38.825893	355.2962	14.690674
-38.824841	350.90683	14.700439
-38.824474	348.48709	14.710205
-38.822598	354.08719	14.719971
-38.821934	357.45581	14.729736
-38.820877	358.96091	14.739502
-38.819389	354.35385	14.749268
-38.818581	354.20004	14.759033
-38.819046	352.71753	14.768799
-38.817375	351.88144	14.778564
-38.818905	357.23267	14.78833
-38.816265	361.29913	14.798096
-38.815624	360.77255	14.807861
-38.814804	353.47067	14.817627
-38.814209	351.13504	14.827393
-38.812897	353.49332	14.837158
-38.812428	358.883	14.846924
-38.811474	363.71228	14.856689
-38.81073	358.74881	14.866455
-38.809635	357.84174	14.876221
-38.809837	356.63867	14.885986
-38.807762	354.47165	14.895752
-38.80735	358.93793	14.905518
-38.805862	361.39734	14.915283
-38.806362	363.95181	14.925049
-38.806046	361.05157	14.934814
-38.803894	354.90518	14.94458
-38.802933	356.19855	14.954346
-38.802319	360.12723	14.964111
-38.802025	362.39847	14.973877
-38.800697	362.00247	14.983643
-38.799782	359.73239	14.993408
-38.797863	359.92294	15.003174
-38.798923	357.72498	15.012939
-38.797001	358.78009	15.022705
-38.796688	361.129	15.032471
-38.795319	365.06943	15.042236
-38.795113	365.87561	15.052002
-38.794518	359.29221	15.061768
-38.791847	362.39679	15.071533
-38.793365	361.63547	15.081299
-38.792366	362.82773	15.091064
-38.790531	365.77652	15.10083
-38.790005	364.9122	15.110596
-38.788754	366.69293	15.120361
-38.787868	363.88568	15.130127
-38.788139	361.48761	15.139893
-38.787006	360.33801	15.149658
-38.784962	365.6351	15.159424
-38.785225	368.09601	15.169189
-38.78513	367.28323	15.178955
-38.784241	365.06445	15.188721
-38.782879	363.68768	15.198486
-38.781471	365.30618	15.208252
-38.781219	365.46417	15.218018
-38.780037	366.69299	15.227783
-38.779366	368.20032	15.237549
-38.779221	368.32327	15.247314
-38.777954	365.83194	15.25708
-38.777199	362.06616	15.266846
-38.776852	364.31091	15.276611
-38.774635	368.2709	15.286377
-38.774429	371.16977	15.296143
-38.773914	372.36664	15.305908
-38.772453	366.39944	15.315674
-38.771053	367.17938	15.325439
-38.771633	365.76569	15.335205
-38.77161	364.95334	15.344971
-38.769829	371.28967	15.354736
-38.768791	372.26178	15.364502
-38.768555	371.7178	15.374268
-38.767788	365.62796	15.384033
-38.766087	362.19684	15.393799
-38.765602	368.36517	15.403564
-38.765179	371.74506	15.41333
-38.763378	373.98602	15.423096
-38.763134	370.70581	15.432861
-38.762569	369.24625	15.442627
-38.761848	369.42618	15.452393
-38.759983	364.6944	15.462158
-38.75975	370.93036	15.471924
-38.759808	376.45581	15.481689
-38.758442	375.99063	15.491455
-38.757526	370.70645	15.501221
-38.758202	367.42001	15.510986
-38.756222	367.95554	15.520752
-38.754395	373.28934	15.530518
-38.753941	375.32071	15.540283
-38.754604	374.75833	15.550049
-38.752522	373.31586	15.559814
-38.752289	370.11176	15.56958
-38.750153	367.55606	15.579346
-38.750629	372.31308	15.589111
-38.748119	373.87808	15.598877
-38.749439	378.95297	15.608643
-38.748745	374.03363	15.618408
-38.747383	370.78455	15.628174
-38.746792	369.90964	15.637939
-38.745136	371.65506	15.647705
-38.744938	375.19839	15.657471
-38.744003	377.38202	15.667236
-38.742897	376.4408	15.677002
-38.743015	376.54044	15.686768
-38.740604	372.73428	15.696533
-38.740211	374.77945	15.706299
-38.738644	374.1626	15.716064
-38.739067	378.05887	15.72583
-38.737576	381.27536	15.735596
-38.737522	375.91129	15.745361
-38.736382	374.34402	15.755127
-38.734524	374.8046	15.764893
-38.734638	374.83887	15.774658
-38.734402	378.47656	15.784424
-38.733353	377.63693	15.794189
-38.732616	381.52945	15.803955
-38.731342	379.23758	15.813721
-38.730652	375.31894	15.823486
-38.730129	375.3602	15.833252
-38.728958	376.93927	15.843018
-38.727604	381.45416	15.852783
-38.727459	379.86087	15.862549
-38.725704	380.79974	15.872314
-38.726246	379.4852	15.88208
-38.725502	377.20978	15.891846
-38.72414	377.0022	15.901611
-38.724247	377.88028	15.911377
-38.722836	383.70721	15.921143
-38.720806	385.03839	15.930908
-38.721157	379.22363	15.940674
-38.720726	375.08795	15.950439
-38.719326	376.33652	15.960205
-38.718834	381.43958	15.969971
-38.718613	384.2468	15.979736
-38.717163	386.26859	15.989502
-38.716484	382.55634	15.999268
-38.714413	382.16199	16.009033
-38.714561	378.19482	16.018799
-38.712601	378.80807	16.028564
-38.712383	383.48999	16.03833
-38.711063	387.892	16.048096
-38.712086	385.70471	16.057861
-38.71056	380.13141	16.067627
-38.709129	377.69403	16.077393
-38.70842	382.65024	16.087158
-38.708694	384.77679	16.096924
-38.705486	389.02679	16.106689
-38.705513	387.00671	16.116455
-38.705692	385.44125	16.126221
-38.70499	381.2702	16.135986
-38.704082	377.37326	16.145752
-38.703121	384.64224	16.155518
-38.702675	389.3497	16.165283
-38.701782	389.82294	16.175049
-38.700565	389.13672	16.184814
-38.699013	379.7569	16.19458
-38.699543	381.79486	16.204346
-38.698868	384.65311	16.214111
-38.698009	385.89844	16.223877
-38.696045	388.8804	16.233643
-38.695488	387.33026	16.243408
-38.694199	386.37317	16.253174
-38.694626	382.05933	16.262939
-38.693371	382.88522	16.272705
-38.692291	386.44971	16.282471
-38.689533	390.79648	16.292236
-38.690475	389.87103	16.302002
-38.689671	385.12677	16.311768
-38.689243	384.3154	16.321533
-38.687611	386.52267	16.331299
-38.687843	389.36575	16.341064
-38.687786	388.49216	16.35083
-38.685799	388.25687	16.360596
-38.68483	389.90359	16.370361
-38.683342	386.82257	16.380127
-38.683487	385.7121	16.389893
-38.682957	385.55331	16.399658
-38.681473	390.55692	16.409424
-38.681175	392.99655	16.419189
-38.680077	389.1387	16.428955
-38.679474	388.8374	16.438721
-38.678581	387.22217	16.448486
-38.677589	387.57217	16.458252
-38.67659	387.50803	16.468018
-38.676327	390.3089	16.477783
-38.67461	395.91983	16.487549
-38.674191	393.17914	16.497314
-38.673645	389.57083	16.50708
-38.672802	386.57626	16.516846
-38.67271	388.45093	16.526611
-38.671284	392.74722	16.536377
-38.669773	393.33643	16.546143
-38.669609	393.01825	16.555908
-38.669102	391.04227	16.565674
-38.668819	389.07111	16.575439
-38.666656	388.78152	16.585205
-38.666813	388.18204	16.594971
-38.665272	393.89749	16.604736
-38.663773	395.98672	16.614502
-38.664314	394.31009	16.624268
-38.661865	389.42508	16.634033
-38.66227	388.70724	16.643799
-38.661049	390.72699	16.653564
-38.660709	394.68408	16.66333
-38.659191	397.71133	16.673096
-38.658493	396.85477	16.682861
-38.658493	393.77429	16.692627
-38.657948	389.67191	16.702393
-38.655483	388.64285	16.712158
-38.65633	394.68756	16.721924
-38.655361	398.51218	16.731689
-38.654922	399.71582	16.741455
-38.653362	393.81433	16.751221
-38.652607	390.30655	16.760986
-38.65176	392.45343	16.770752
-38.650173	394.31021	16.780518
-38.65015	399.86279	16.790283
-38.648438	396.6774	16.800049
-38.647095	396.5386	16.809814
-38.646576	393.01273	16.81958
-38.647125	389.9584	16.829346
-38.644848	394.19244	16.839111
-38.645126	398.36646	16.848877
-38.644287	401.72845	16.858643
-38.644344	398.59988	16.868408
-38.642483	394.77481	16.878174
-38.641254	392.27032	16.887939
-38.641006	393.91965	16.897705
-38.640198	396.89963	16.907471
-38.640217	398.34818	16.917236
-38.637955	400.12479	16.927002
-38.638298	398.43866	16.936768
-38.63792	390.98007	16.946533
-38.636761	393.1539	16.956299
-38.63562	395.74231	16.966064
-38.634071	400.12457	16.97583
-38.634823	401.27661	16.985596
-38.632324	397.37259	16.995361
-38.63163	395.24667	17.005127
-38.631565	398.64828	17.014893
-38.630463	396.26529	17.024658
-38.629475	397.83191	17.034424
-38.62912	401.59091	17.044189
-38.627384	400.60965	17.053955
-38.626675	398.24081	17.063721
-38.626545	394.78055	17.073486
-38.624435	394.35114	17.083252
-38.62582	399.5365	17.093018
-38.62402	401.80423	17.102783
-38.622578	400.36292	17.112549
-38.622654	400.27417	17.122314
-38.621582	398.20288	17.13208
-38.620461	397.06015	17.141846
-38.619892	396.39975	17.151611
-38.620075	399.31384	17.161377
-38.617294	403.42261	17.171143
-38.617283	403.71344	17.180908
-38.616478	401.75259	17.190674
-38.614346	395.35693	17.200439
-38.614754	398.74628	17.210205
-38.615078	399.2377	17.219971
-38.613613	400.74405	17.229736
-38.612194	404.53403	17.239502
-38.612045	402.04535	17.249268
-38.610592	400.33731	17.259033
-38.608723	397.14185	17.268799
-38.608921	395.98279	17.278564
-38.608685	403.80859	17.28833
-38.60849	406.70145	17.298096
-38.607635	403.81851	17.307861
-38.605305	400.85443	17.317627
-38.605728	394.89969	17.327393
-38.603989	398.87949	17.337158
-38.603626	401.88452	17.346924
-38.603577	402.94849	17.356689
-38.600491	406.08176	17.366455
-38.601841	402.86826	17.376221
-38.600487	399.68961	17.385986
-38.598454	396.49371	17.395752
-38.597862	399.87592	17.405518
-38.596977	406.74167	17.415283
-38.597309	406.37683	17.425049
-38.595875	402.95813	17.434814
-38.595791	398.47449	17.44458
-38.595886	397.83627	17.454346
-38.593929	402.11496	17.464111
-38.593533	405.04202	17.473877
-38.592613	405.15079	17.483643
-38.590832	407.21805	17.493408
-38.5909	402.86179	17.503174
-38.590878	397.71326	17.512939
-38.589367	400.75275	17.522705
-38.588188	403.60587	17.532471
-38.586636	408.21423	17.542236
-38.586414	406.07373	17.552002
-38.586002	401.68988	17.561768
-38.584377	401.24667	17.571533
-38.585026	400.52319	17.581299
-38.583622	404.06454	17.591064
-38.582268	404.70026	17.60083
-38.581238	406.68631	17.610596
-38.580822	406.97626	17.620361
-38.580013	399.93323	17.630127
-38.578712	401.29022	17.639893
-38.577232	403.17291	17.649658
-38.578026	405.4129	17.659424
-38.57634	408.44052	17.669189
-38.576633	403.51654	17.678955
-38.575371	404.1243	17.688721
-38.573967	404.12808	17.698486
-38.573727	402.31876	17.708252
-38.573223	404.07376	17.718018
-38.571831	406.03433	17.727783
-38.571671	409.62625	17.737549
-38.570473	407.22699	17.747314
-38.568695	404.44089	17.75708
-38.568817	402.19217	17.766846
-38.568066	405.03778	17.776611
-38.567009	408.42978	17.786377
-38.567081	407.45981	17.796143
-38.565491	406.82513	17.805908
-38.564819	406.84894	17.815674
-38.563396	405.19168	17.825439
-38.562469	402.63202	17.835205
-38.561291	404.32385	17.844971
-38.561295	407.99792	17.854736
-38.560307	410.26233	17.864502
-38.559986	408.99548	17.874268
-38.558338	402.43994	17.884033
-38.557953	404.71753	17.893799
-38.558739	407.43109	17.903564
-38.556477	404.784	17.91333
-38.555447	410.89188	17.923096
-38.553467	409.71381	17.932861
-38.553379	409.13531	17.942627
-38.553017	404.6077	17.952393
-38.553123	401.10733	17.962158
-38.55106	408.91479	17.971924
-38.551029	412.23273	17.981689
-38.549759	412.0943	17.991455
-38.549309	407.47678	18.001221
-38.548615	404.729	18.010986
-38.546902	405.9852	18.020752
-38.546139	405.29303	18.030518
-38.545662	412.07373	18.040283
-38.545403	412.17105	18.050049
-38.544109	410.82135	18.059814
-38.543766	407.20526	18.06958
-38.543407	402.10501	18.079346
-38.541428	404.88849	18.089111
-38.539978	411.91486	18.098877
-38.540115	413.90439	18.108643
-38.538498	411.75647	18.118408
-38.53907	406.42838	18.128174
-38.538113	405.11914	18.137939
-38.536877	408.41232	18.147705
-38.535851	409.16498	18.157471
-38.535484	412.70392	18.167236
-38.533855	414.1272	18.177002
-38.533886	410.87936	18.186768
-38.533043	405.3779	18.196533
-38.532028	405.25751	18.206299
-38.530556	407.8696	18.216064
-38.530849	414.57141	18.22583
-38.52911	411.38583	18.235596
-38.528313	410.53308	18.245361
-38.527687	408.01907	18.255127
-38.526936	406.51068	18.264893
-38.526443	408.58237	18.274658
-38.524826	410.61856	18.284424
-38.524105	413.22296	18.294189
-38.524006	413.57712	18.303955
-38.522724	409.57187	18.313721
-38.522797	408.78018	18.323486
-38.521816	407.16531	18.333252
-38.520103	411.71124	18.343018
-38.519447	413.03864	18.352783
-38.518543	411.49454	18.362549
-38.518147	411.55463	18.372314
-38.518379	411.55463	18.38208
-38.516399	408.98932	18.391846
-38.515457	408.55005	18.401611
-38.515091	411.35324	18.411377
-38.51424	414.21918	18.421143
-38.513691	412.93533	18.430908
-38.513031	411.57315	18.440674
-38.510864	408.91641	18.450439
-38.511536	408.71561	18.460205
-38.509655	412.26886	18.469971
-38.508629	413.13571	18.479736
-38.508026	415.37451	18.489502
-38.5079	416.52661	18.499268
-38.505562	410.21832	18.509033
-38.506935	407.76984	18.518799
-38.505463	409.4577	18.528564
-38.504086	413.62817	18.53833
-38.503159	417.39603	18.548096
-38.502853	415.94965	18.557861
-38.50193	409.3046	18.567627
-38.500839	408.98849	18.577393
-38.501274	407.07098	18.587158
-38.500805	411.33728	18.596924
-38.497505	415.20947	18.606689
-38.496185	415.18787	18.616455
-38.497066	414.38403	18.626221
-38.496708	407.84192	18.635986
-38.49408	406.14246	18.645752
-38.495415	411.056	18.655518
-38.493507	414.65295	18.665283
-38.49197	418.11496	18.675049
-38.492783	411.84021	18.684814
-38.492264	409.29694	18.69458
-38.489231	410.86786	18.704346
-38.489296	407.96643	18.714111
-38.489628	415.22791	18.723877
-38.487358	417.76086	18.733643
-38.486736	415.98978	18.743408
-38.485786	412.78638	18.753174
-38.486038	406.16162	18.762939
-38.485119	409.4259	18.772705
-38.483112	414.27853	18.782471
-38.483078	417.59076	18.792236
-38.483192	416.47171	18.802002
-38.482498	413.17328	18.811768
-38.480564	412.09985	18.821533
-38.480324	409.84491	18.831299
-38.479015	412.9465	18.841064
-38.47797	415.17627	18.85083
-38.478073	417.547	18.860596
-38.476868	416.01248	18.870361
-38.475479	411.00616	18.880127
-38.47488	408.67279	18.889893
-38.474411	411.73389	18.899658
-38.473186	416.49222	18.909424
-38.471813	415.5174	18.919189
-38.471848	413.74976	18.928955
-38.470348	414.44662	18.938721
-38.469837	411.62772	18.948486
-38.469677	411.17065	18.958252
-38.469448	411.14786	18.968018
-38.468147	416.6795	18.977783
-38.467667	418.06348	18.987549
-38.465492	414.2226	18.997314
-38.466526	413.52811	19.00708
-38.464119	411.33734	19.016846
-38.463383	414.00992	19.026611
-38.463341	416.01822	19.036377
-38.461308	415.69672	19.046143
-38.460705	417.34546	19.055908
-38.459454	415.1756	19.065674
-38.459496	411.9946	19.075439
-38.458435	411.54211	19.085205
-38.457375	412.74097	19.094971
-38.455925	419.3187	19.104736
-38.456764	415.49506	19.114502
-38.455391	416.73969	19.124268
-38.45406	413.10266	19.134033
-38.453823	413.14063	19.143799
-38.454407	413.33643	19.153564
-38.452152	413.1315	19.16333
-38.452072	416.71365	19.173096
-38.451054	420.17215	19.182861
-38.4501	413.49872	19.192627
-38.448841	411.77155	19.202393
-38.448002	410.50159	19.212158
-38.447384	414.81378	19.221924
-38.446106	419.71356	19.231689
-38.445274	418.85651	19.241455
-38.445614	415.50092	19.251221
-38.444359	413.18826	19.260986
-38.442616	411.95059	19.270752
-38.442924	412.31677	19.280518
-38.44125	418.08319	19.290283
-38.439808	420.04333	19.300049
-38.43969	417.52539	19.309814
-38.43858	412.42316	19.31958
-38.437019	408.69382	19.329346
-38.436203	413.27411	19.339111
-38.43652	417.73856	19.348877
-38.436501	418.9881	19.358643
-38.435482	416.52411	19.368408
-38.434784	412.73462	19.378174
-38.433052	413.21143	19.387939
-38.432819	409.85797	19.397705
-38.431068	415.90887	19.407471
-38.430809	419.19315	19.417236
-38.430695	420.35226	19.427002
-38.428787	416.97046	19.436768
-38.428684	409.08932	19.446533
-38.42775	412.01715	19.456299
-38.426571	414.89636	19.466064
-38.425087	419.77731	19.47583
-38.42598	419.36584	19.485596
-38.424423	416.77832	19.495361
-38.423622	414.60687	19.505127
-38.423515	412.38235	19.514893
-38.422009	412.92987	19.524658
-38.421459	417.33859	19.534424
-38.420818	420.12946	19.544189
-38.418999	419.06772	19.553955
-38.418812	413.70538	19.563721
-38.418751	411.2948	19.573486
-38.415989	414.36542	19.583252
-38.416412	416.01852	19.593018
-38.414928	417.92426	19.602783
-38.413906	415.591	19.612549
-38.414455	415.233	19.622314
-38.413456	415.6683	19.63208
-38.411644	412.15872	19.641846
-38.410538	412.23248	19.651611
-38.410881	417.3208	19.661377
-38.408722	417.54037	19.671143
-38.409492	416.55234	19.680908
-38.407436	415.52603	19.690674
-38.40797	413.05536	19.700439
-38.406864	411.63541	19.710205
-38.406086	415.25763	19.719971
-38.404846	416.42935	19.729736
-38.404507	416.95612	19.739502
-38.403275	415.95996	19.749268
-38.402416	414.87323	19.759033
-38.400906	409.61154	19.768799
-38.398964	411.64352	19.778564
-38.400826	417.63431	19.78833
-38.400017	418.1575	19.798096
-38.398781	419.68466	19.807861
-38.39801	412.63245	19.817627
-38.396805	413.73007	19.827393
-38.395367	413.31586	19.837158
-38.394566	413.54041	19.846924
-38.396332	418.48328	19.856689
-38.393539	420.49451	19.866455
-38.393024	417.63422	19.876221
-38.392899	411.04697	19.885986
-38.391567	407.93143	19.895752
-38.390728	414.93982	19.905518
-38.389748	417.08734	19.915283
-38.388683	418.75143	19.925049
-38.387455	414.55646	19.934814
-38.387173	412.86017	19.94458
-38.386189	410.86987	19.954346
-38.384579	409.4505	19.964111
-38.383762	415.74777	19.973877
-38.382912	420.03452	19.983643
-38.382862	419.01965	19.993408
-38.380672	414.276	20.003174
-38.381683	407.99341	20.012939


Data Header:			0.254_hd_dimension_typeiv_090_r0			Time:	21.192383	s	4/14/2019 12:42:46 AM
Data Acquisition:	Timed
Station Name:	ft40.cfg
Test File Name:	monotonic_0.2540_typeiv_hd_090_dimension.tst
Displacement	Force	Running Time
mm	N	s
-38.379345	408.62875	20.022705
-38.380707	416.63989	20.032471
-38.378632	418.60864	20.042236
-38.377705	415.61246	20.052002
-38.376667	414.30731	20.061768
-38.376514	411.54501	20.071533
-38.375416	407.77899	20.081299
-38.375114	412.58704	20.091064
-38.375008	415.07199	20.10083
-38.373909	420.07019	20.110596
-38.372654	416.63641	20.120361
-38.370876	408.55933	20.130127
-38.370674	409.46039	20.139893
-38.370575	411.85422	20.149658
-38.369312	414.36966	20.159424
-38.36771	413.5701	20.169189
-38.366993	412.57983	20.178955
-38.366623	411.32104	20.188721
-38.365334	407.88876	20.198486
-38.364948	409.2782	20.208252
-38.364422	409.73651	20.218018
-38.363861	413.9321	20.227783
-38.361694	414.05933	20.237549
-38.361107	408.21286	20.247314
-38.361107	406.81891	20.25708
-38.360607	406.37265	20.266846
-38.360561	407.85831	20.276611
-38.357948	410.13437	20.286377
-38.356815	409.95599	20.296143
-38.357361	410.20953	20.305908
-38.35622	406.98944	20.315674
-38.355942	401.48459	20.325439
-38.355099	394.32303	20.335205
-38.349964	-1.6523503	20.344971
-38.349915	-14.956943	20.354736
-38.34898	-43.566814	20.364502
-38.349178	-52.805359	20.374268
-38.348213	-46.119816	20.384033
-38.348484	-40.425083	20.393799
-38.348713	-45.542347	20.403564
-38.345829	-41.458977	20.41333
-38.346107	-42.258915	20.423096
-38.345642	-39.252186	20.432861
-38.346142	-44.045666	20.442627
-38.343136	-47.312405	20.452393
-38.342869	-45.416103	20.462158
-38.342541	-41.361031	20.471924
-38.342316	-42.351959	20.481689
-38.341354	-37.711887	20.491455
-38.339512	-43.293056	20.501221
-38.340084	-44.34766	20.510986
-38.338291	-46.814251	20.520752
-38.336895	-46.941391	20.530518
-38.337353	-41.550735	20.540283
-38.336494	-39.730877	20.550049
-38.335743	-40.14286	20.559814
-38.333946	-46.311489	20.56958
-38.332935	-50.104778	20.579346
-38.333118	-44.271805	20.589111
-38.331753	-43.180599	20.598877
-38.331291	-39.490826	20.608643
-38.33147	-41.145073	20.618408
-38.329468	-43.782085	20.628174
-38.328163	-45.129589	20.637939
-38.328674	-48.833687	20.647705
-38.327045	-43.406338	20.657471
-38.326759	-39.605499	20.667236
-38.325363	-39.26659	20.677002
-38.325085	-43.691059	20.686768
-38.325405	-48.072292	20.696533
-38.323757	-47.517601	20.706299
-38.322422	-42.146015	20.716064
-38.320515	-42.289654	20.72583
-38.32085	-40.386238	20.735596
-38.319347	-39.190842	20.745361
-38.320412	-44.006557	20.755127
-38.317986	-47.672707	20.764893
-38.318092	-46.183559	20.774658
-38.316067	-42.626335	20.784424
-38.316505	-38.298321	20.794189
-38.314987	-39.885319	20.803955
-38.314423	-45.309734	20.813721
-38.313442	-47.030678	20.823486
-38.312798	-44.881046	20.833252
-38.311653	-41.421143	20.843018
-38.311363	-42.602753	20.852783
-38.310707	-40.490589	20.862549
-38.308964	-41.016327	20.872314
-38.309105	-45.926495	20.88208
-38.308445	-44.489784	20.891846
-38.306606	-47.157288	20.901611
-38.306141	-40.977776	20.911377
-38.306328	-38.766834	20.921143
-38.304848	-42.753471	20.930908
-38.303955	-44.592381	20.940674
-38.302998	-45.04171	20.950439
-38.301376	-44.8214	20.960205
-38.301464	-44.15205	20.969971
-38.301445	-43.463993	20.979736
-38.300686	-39.219437	20.989502
-38.299339	-42.60096	20.999268
-38.29834	-44.0919	21.009033
-38.29734	-46.210602	21.018799
-38.297131	-47.018738	21.028564
-38.295105	-41.433277	21.03833
-38.294342	-42.782234	21.048096
-38.293861	-41.646255	21.057861
-38.292831	-43.515934	21.067627
-38.293747	-46.550804	21.077393
-38.291687	-46.344578	21.087158
-38.291489	-43.975464	21.096924
-38.290718	-41.697285	21.106689
-38.288288	-38.173668	21.116455
-38.289196	-42.936882	21.126221
-38.287113	-46.511852	21.135986
-38.286316	-48.065075	21.145752
-38.285934	-43.296749	21.155518
-38.285278	-41.407707	21.165283
-38.284302	-39.261547	21.175049
-38.283092	-41.131783	21.184814

