MTS793|BTW|ENU|1|2|.|/|:|1|0|0|A

Data Header:			0.254_solid_dimension_typeiv_090_r0			Time:	20.017334	s	4/14/2019 2:06:39 AM
Data Acquisition:	Timed
Station Name:	ft40.cfg
Test File Name:	monotonic_0.2540_typeiv_solid_090_dimension.tst
Displacement	Force	Running Time
mm	N	s
-40.040745	-106.90504	0.022460938
-40.042389	-105.00797	0.032226563
-40.041714	-105.89482	0.041992188
-40.040691	-108.92336	0.051757813
-40.040939	-111.53571	0.061523438
-40.040604	-110.72335	0.071289063
-40.039902	-107.06491	0.081054688
-40.040577	-103.44752	0.090820313
-40.039581	-106.22095	0.10058594
-40.039246	-104.73161	0.11035156
-40.038937	-103.661	0.12011719
-40.037182	-107.59096	0.12988281
-40.036198	-104.09786	0.13964844
-40.036331	-106.35912	0.14941406
-40.033974	-100.75909	0.15917969
-40.034328	-98.272568	0.16894531
-40.034054	-102.57718	0.17871094
-40.033207	-101.17693	0.18847656
-40.0313	-103.19169	0.19824219
-40.029591	-101.1962	0.20800781
-40.029675	-98.615097	0.21777344
-40.029747	-98.709175	0.22753906
-40.028358	-96.675034	0.23730469
-40.026569	-96.696571	0.24707031
-40.02599	-98.657509	0.25683594
-40.027477	-100.2077	0.26660156
-40.023918	-98.199425	0.27636719
-40.023647	-91.97171	0.28613281
-40.024067	-93.560944	0.29589844
-40.022701	-94.260109	0.30566406
-40.020847	-95.312943	0.31542969
-40.021568	-95.963516	0.32519531
-40.020069	-95.208008	0.33496094
-40.018257	-94.90464	0.34472656
-40.017666	-90.547997	0.35449219
-40.017845	-88.240158	0.36425781
-40.01664	-89.51165	0.37402344
-40.015282	-94.42453	0.38378906
-40.01461	-92.489464	0.39355469
-40.014572	-90.527946	0.40332031
-40.013966	-85.622253	0.41308594
-40.012699	-84.899696	0.42285156
-40.011902	-87.950424	0.43261719
-40.011185	-88.319328	0.44238281
-40.010452	-89.765495	0.45214844
-40.009678	-88.676476	0.46191406
-40.009739	-84.78643	0.47167969
-40.008499	-82.043198	0.48144531
-40.007507	-80.8396	0.49121094
-40.006405	-88.021408	0.50097656
-40.003845	-89.355408	0.51074219
-40.004604	-86.157425	0.52050781
-40.003704	-81.146362	0.53027344
-40.002769	-77.623161	0.54003906
-40.001804	-80.552544	0.54980469
-40.000973	-81.59111	0.55957031
-39.999874	-82.257942	0.56933594
-40.000057	-86.213211	0.57910156
-39.999081	-79.738228	0.58886719
-39.998543	-75.966209	0.59863281
-39.99831	-75.439339	0.60839844
-39.996086	-75.640823	0.61816406
-39.994453	-82.555534	0.62792969
-39.99461	-80.89167	0.63769531
-39.994366	-76.145668	0.64746094
-39.99334	-74.429611	0.65722656
-39.992054	-72.577919	0.66699219
-39.991787	-75.518814	0.67675781
-39.990574	-74.855026	0.68652344
-39.990612	-78.498352	0.69628906
-39.989887	-75.153885	0.70605469
-39.988712	-73.30275	0.71582031
-39.988018	-69.119614	0.72558594
-39.987564	-70.176384	0.73535156
-39.98608	-72.024162	0.74511719
-39.985023	-74.780663	0.75488281
-39.983273	-71.322235	0.76464844
-39.984116	-68.844627	0.77441406
-39.983284	-67.744637	0.78417969
-39.981018	-67.839905	0.79394531
-39.981014	-67.706429	0.80371094
-39.980278	-68.057655	0.81347656
-39.979134	-70.340736	0.82324219
-39.978508	-71.587616	0.83300781
-39.977119	-65.464729	0.84277344
-39.976799	-62.981674	0.85253906
-39.97649	-64.929863	0.86230469
-39.975449	-63.925667	0.87207031
-39.975277	-66.780952	0.88183594
-39.974342	-66.105934	0.89160156
-39.97369	-64.095718	0.90136719
-39.971348	-63.696392	0.91113281
-39.970821	-60.208843	0.92089844
-39.970722	-59.242458	0.93066406
-39.969383	-61.412018	0.94042969
-39.969261	-64.760803	0.95019531
-39.968361	-62.483749	0.95996094
-39.967316	-55.818687	0.96972656
-39.967701	-56.597389	0.97949219
-39.965466	-55.873882	0.98925781
-39.965179	-57.942001	0.99902344
-39.963455	-59.657146	1.0087891
-39.963455	-58.201836	1.0185547
-39.961918	-58.819664	1.0283203
-39.9613	-54.029167	1.0380859
-39.959969	-49.426563	1.0478516
-39.959858	-52.247379	1.0576172
-39.958603	-55.312077	1.0673828
-39.95792	-59.307461	1.0771484
-39.95726	-54.310902	1.0869141
-39.956894	-49.743305	1.0966797
-39.955978	-49.258629	1.1064453
-39.954456	-49.71209	1.1162109
-39.954006	-50.268955	1.1259766
-39.954094	-52.853439	1.1357422
-39.952362	-53.334442	1.1455078
-39.952801	-49.082714	1.1552734
-39.950535	-45.078072	1.1650391
-39.950333	-43.501205	1.1748047
-39.949394	-48.836037	1.1845703
-39.948559	-51.655422	1.1943359
-39.946793	-50.301788	1.2041016
-39.945599	-46.476368	1.2138672
-39.946293	-41.871414	1.2236328
-39.944946	-41.947308	1.2333984
-39.944126	-43.065102	1.2431641
-39.944149	-45.198959	1.2529297
-39.94154	-47.958897	1.2626953
-39.941368	-41.903679	1.2724609
-39.941917	-40.686272	1.2822266
-39.940235	-37.665871	1.2919922
-39.938793	-37.719574	1.3017578
-39.93861	-45.479855	1.3115234
-39.937916	-44.356274	1.3212891
-39.937309	-41.532654	1.3310547
-39.936085	-38.310146	1.3408203
-39.935493	-36.635212	1.3505859
-39.933559	-36.76059	1.3603516
-39.933048	-37.906525	1.3701172
-39.931995	-39.055786	1.3798828
-39.9324	-39.683453	1.3896484
-39.931499	-38.263927	1.3994141
-39.931698	-34.290024	1.4091797
-39.930405	-31.443857	1.4189453
-39.928406	-36.120903	1.4287109
-39.928223	-36.318439	1.4384766
-39.927639	-35.405071	1.4482422
-39.926086	-33.152306	1.4580078
-39.925537	-33.372421	1.4677734
-39.92519	-32.076447	1.4775391
-39.924026	-30.32478	1.4873047
-39.923439	-28.41526	1.4970703
-39.922493	-30.629539	1.5068359
-39.920555	-33.44091	1.5166016
-39.920303	-30.200539	1.5263672
-39.920921	-27.142035	1.5361328
-39.92065	-26.919363	1.5458984
-39.918343	-25.800837	1.5556641
-39.917278	-29.915915	1.5654297
-39.916416	-28.105623	1.5751953
-39.915836	-29.238018	1.5849609
-39.915211	-28.539791	1.5947266
-39.913509	-23.726355	1.6044922
-39.913654	-22.096832	1.6142578
-39.912006	-22.109737	1.6240234
-39.911884	-26.504488	1.6337891
-39.911724	-27.885437	1.6435547
-39.910152	-21.802792	1.6533203
-39.909794	-20.693411	1.6630859
-39.909439	-16.790276	1.6728516
-39.906784	-20.618727	1.6826172
-39.906364	-22.429037	1.6923828
-39.906532	-22.640629	1.7021484
-39.9062	-25.080996	1.7119141
-39.90469	-17.649136	1.7216797
-39.903614	-15.191929	1.7314453
-39.90316	-14.496675	1.7412109
-39.902489	-18.906549	1.7509766
-39.900639	-23.63942	1.7607422
-39.900494	-18.847763	1.7705078
-39.898746	-13.71024	1.7802734
-39.897964	-13.186402	1.7900391
-39.898449	-14.197973	1.7998047
-39.897499	-15.48657	1.8095703
-39.895287	-17.72068	1.8193359
-39.896126	-16.823128	1.8291016
-39.894272	-16.214664	1.8388672
-39.89452	-10.306149	1.8486328
-39.891781	-7.9927974	1.8583984
-39.891724	-11.496221	1.8681641
-39.891792	-14.687707	1.8779297
-39.890068	-15.415108	1.8876953
-39.890392	-9.7303934	1.8974609
-39.889568	-6.3568029	1.9072266
-39.887833	-7.0202088	1.9169922
-39.886646	-7.9982142	1.9267578
-39.886738	-8.4625206	1.9365234
-39.884624	-12.465568	1.9462891
-39.884609	-10.017287	1.9560547
-39.885105	-5.9092426	1.9658203
-39.882858	-1.898211	1.9755859
-39.880882	-3.8125763	1.9853516
-39.882019	-7.9425154	1.9951172
-39.881191	-7.0901275	2.0048828
-39.880596	-5.5344601	2.0146484
-39.878738	-4.1741333	2.0244141
-39.878204	-2.673357	2.0341797
-39.876595	-2.7683187	2.0439453
-39.877289	0.61685026	2.0537109
-39.875622	-2.3421977	2.0634766
-39.875702	-2.7926781	2.0732422
-39.874214	-2.3860898	2.0830078
-39.873737	1.0852687	2.0927734
-39.872566	4.3707118	2.1025391
-39.871552	1.8547184	2.1123047
-39.871235	1.2354944	2.1220703
-39.871101	2.7380311	2.1318359
-39.869576	0.43645513	2.1416016
-39.869495	2.4716952	2.1513672
-39.867424	3.4683011	2.1611328
-39.86705	6.0714779	2.1708984
-39.866146	8.9362068	2.1806641
-39.865757	4.8660064	2.1904297
-39.86478	1.4019492	2.2001953
-39.864025	5.2372775	2.2099609
-39.86134	8.4058542	2.2197266
-39.86285	9.7849169	2.2294922
-39.860783	10.751115	2.2392578
-39.860397	7.3120909	2.2490234
-39.861088	7.1839461	2.2587891
-39.860207	5.5739985	2.2685547
-39.858261	8.2867508	2.2783203
-39.857265	12.079823	2.2880859
-39.856045	14.813797	2.2978516
-39.85548	13.54957	2.3076172
-39.855804	9.2609653	2.3173828
-39.853054	6.4914269	2.3271484
-39.853088	13.413471	2.3369141
-39.852852	15.722219	2.3466797
-39.851822	19.450716	2.3564453
-39.850166	17.462952	2.3662109
-39.849537	14.783524	2.3759766
-39.848808	14.681995	2.3857422
-39.849663	11.378355	2.3955078
-39.847084	18.58367	2.4052734
-39.846394	21.715065	2.4150391
-39.846733	21.199373	2.4248047
-39.8461	18.607439	2.4345703
-39.844662	12.222674	2.4443359
-39.844051	16.508133	2.4541016
-39.843857	19.203594	2.4638672
-39.841522	22.413069	2.4736328
-39.841415	23.996788	2.4833984
-39.841084	21.64291	2.4931641
-39.838779	22.713287	2.5029297
-39.839535	18.648689	2.5126953
-39.83754	21.437963	2.5224609
-39.835724	26.458418	2.5322266
-39.836208	28.285341	2.5419922
-39.835335	26.093916	2.5517578
-39.834435	22.504156	2.5615234
-39.834148	22.038582	2.5712891
-39.833061	24.913143	2.5810547
-39.832153	27.166199	2.5908203
-39.830406	29.577511	2.6005859
-39.830578	30.950928	2.6103516
-39.829193	27.125717	2.6201172
-39.828297	26.975178	2.6298828
-39.828259	26.687599	2.6396484
-39.82724	26.346813	2.6494141
-39.826622	33.340649	2.6591797
-39.82552	34.886879	2.6689453
-39.824959	29.937281	2.6787109
-39.824234	29.86298	2.6884766
-39.822735	29.568872	2.6982422
-39.821472	32.455395	2.7080078
-39.820885	34.007198	2.7177734
-39.8204	34.525063	2.7275391
-39.81963	38.465725	2.7373047
-39.81847	35.215225	2.7470703
-39.817387	33.652763	2.7568359
-39.815971	32.787125	2.7666016
-39.817272	36.558548	2.7763672
-39.815876	39.959717	2.7861328
-39.815281	38.27026	2.7958984
-39.813641	38.667274	2.8056641
-39.813683	37.618706	2.8154297
-39.812466	36.582073	2.8251953
-39.811333	38.082611	2.8349609
-39.811218	38.042747	2.8447266
-39.808861	42.932991	2.8544922
-39.809597	45.235439	2.8642578
-39.808132	41.250145	2.8740234
-39.8078	38.072166	2.8837891
-39.807205	39.639977	2.8935547
-39.806461	41.337608	2.9033203
-39.805367	46.501957	2.9130859
-39.804474	48.016151	2.9228516
-39.803715	46.271046	2.9326172
-39.802891	44.856045	2.9423828
-39.80275	41.794956	2.9521484
-39.800434	43.829323	2.9619141
-39.800808	47.284477	2.9716797
-39.799816	53.567776	2.9814453
-39.798634	51.684811	2.9912109
-39.798931	45.941643	3.0009766
-39.796886	45.864914	3.0107422
-39.796196	47.317028	3.0205078
-39.795116	50.625336	3.0302734
-39.79425	54.753139	3.0400391
-39.793793	51.316742	3.0498047
-39.79269	53.504143	3.0595703
-39.791588	50.289104	3.0693359
-39.790993	46.855278	3.0791016
-39.792675	51.31686	3.0888672
-39.789757	55.851791	3.0986328
-39.788334	58.286358	3.1083984
-39.788586	56.770752	3.1181641
-39.786324	51.231129	3.1279297
-39.785435	53.087353	3.1376953
-39.78598	55.765846	3.1474609
-39.785259	59.547272	3.1572266
-39.783585	60.415779	3.1669922
-39.782608	58.201351	3.1767578
-39.7817	59.266907	3.1865234
-39.781418	54.130783	3.1962891
-39.78072	57.106194	3.2060547
-39.780148	61.269257	3.2158203
-39.779018	64.110565	3.2255859
-39.778305	64.445366	3.2353516
-39.777172	60.275604	3.2451172
-39.776089	59.137539	3.2548828
-39.776512	63.006424	3.2646484
-39.775059	63.229389	3.2744141
-39.77462	64.59491	3.2841797
-39.773781	65.88485	3.2939453
-39.772251	66.824371	3.3037109
-39.771629	63.514156	3.3134766
-39.77055	62.568783	3.3232422
-39.769955	62.492428	3.3330078
-39.769096	68.840431	3.3427734
-39.769226	69.538376	3.3525391
-39.769024	67.016853	3.3623047
-39.766621	68.476234	3.3720703
-39.766949	67.043221	3.3818359
-39.765945	68.79821	3.3916016
-39.76503	68.043083	3.4013672
-39.764069	71.254684	3.4111328
-39.763103	73.036903	3.4208984
-39.762867	72.6959	3.4306641
-39.761593	72.070564	3.4404297
-39.759209	67.810776	3.4501953
-39.759075	71.169365	3.4599609
-39.758915	75.40609	3.4697266
-39.758232	73.681892	3.4794922
-39.756954	77.246376	3.4892578
-39.757431	75.567627	3.4990234
-39.755657	73.094696	3.5087891
-39.754662	74.707932	3.5185547
-39.754898	71.847771	3.5283203
-39.752853	79.766197	3.5380859
-39.752739	82.293518	3.5478516
-39.750813	78.041397	3.5576172
-39.75127	75.10981	3.5673828
-39.749599	74.336533	3.5771484
-39.748753	78.954666	3.5869141
-39.748344	80.553993	3.5966797
-39.747147	83.938744	3.6064453
-39.745918	84.499077	3.6162109
-39.745819	80.538773	3.6259766
-39.74567	80.269852	3.6357422
-39.744133	78.254395	3.6455078
-39.743675	81.342903	3.6552734
-39.741917	89.158997	3.6650391
-39.742355	88.072601	3.6748047
-39.741104	84.943924	3.6845703
-39.739815	80.838776	3.6943359
-39.740082	81.292633	3.7041016
-39.738087	85.147507	3.7138672
-39.736824	90.347076	3.7236328
-39.737129	87.822052	3.7333984
-39.73568	90.197525	3.7431641
-39.735546	87.098267	3.7529297
-39.734058	82.433243	3.7626953
-39.733719	88.209633	3.7724609
-39.73362	90.901215	3.7822266
-39.732761	96.576263	3.7919922
-39.731243	92.624825	3.8017578
-39.729801	87.875397	3.8115234
-39.729927	89.232964	3.8212891
-39.728809	90.521767	3.8310547
-39.727978	94.365448	3.8408203
-39.72699	94.192604	3.8505859
-39.726616	94.636536	3.8603516
-39.726303	96.447578	3.8701172
-39.725098	91.006012	3.8798828
-39.724308	92.789436	3.8896484
-39.723125	95.34729	3.8994141
-39.722759	97.229164	3.9091797
-39.721054	99.287849	3.9189453
-39.720333	95.164474	3.9287109
-39.719364	96.392609	3.9384766
-39.718834	97.501915	3.9482422
-39.719135	98.380959	3.9580078
-39.718056	99.183502	3.9677734
-39.717133	101.44098	3.9775391
-39.714584	102.75088	3.9873047
-39.71442	101.80807	3.9970703
-39.714001	98.955719	4.0068359
-39.712402	98.909744	4.0166016
-39.712147	103.21279	4.0263672
-39.711445	104.29876	4.0361328
-39.710163	105.08234	4.0458984
-39.710167	104.99957	4.0556641
-39.709557	104.26539	4.0654297
-39.708546	103.02105	4.0751953
-39.707283	102.36826	4.0849609
-39.707779	105.80737	4.0947266
-39.706249	109.69477	4.1044922
-39.705853	109.82013	4.1142578
-39.704319	109.37857	4.1240234
-39.70451	103.9014	4.1337891
-39.702515	105.98717	4.1435547
-39.701252	110.87594	4.1533203
-39.700974	110.63757	4.1630859
-39.70142	113.59766	4.1728516
-39.699249	112.05023	4.1826172
-39.698338	111.27416	4.1923828
-39.698803	108.90899	4.2021484
-39.697239	108.10115	4.2119141
-39.695591	115.20734	4.2216797
-39.696083	118.80528	4.2314453
-39.694424	117.47955	4.2412109
-39.694157	113.43292	4.2509766
-39.693035	110.5783	4.2607422
-39.69244	114.26737	4.2705078
-39.690796	114.63841	4.2802734
-39.690128	120.47726	4.2900391
-39.689632	119.83483	4.2998047
-39.689453	117.64308	4.3095703
-39.687038	115.59166	4.3193359
-39.687634	112.47387	4.3291016
-39.685703	117.60335	4.3388672
-39.685905	123.99835	4.3486328
-39.684811	124.54661	4.3583984
-39.682507	120.18346	4.3681641
-39.683273	118.90465	4.3779297
-39.68354	117.26516	4.3876953
-39.681736	120.60725	4.3974609
-39.680649	124.58849	4.4072266
-39.680408	124.94383	4.4169922
-39.679028	127.3579	4.4267578
-39.678864	123.35017	4.4365234
-39.67815	119.40103	4.4462891
-39.676586	122.04635	4.4560547
-39.674618	124.68723	4.4658203
-39.675236	131.14452	4.4755859
-39.674427	128.03839	4.4853516
-39.673565	124.7992	4.4951172
-39.672867	125.74726	4.5048828
-39.672508	126.73038	4.5146484
-39.670811	129.15387	4.5244141
-39.670441	129.69138	4.5341797
-39.66898	131.64702	4.5439453
-39.670361	133.00885	4.5537109
-39.667957	127.06941	4.5634766
-39.666794	128.3822	4.5732422
-39.665562	129.22458	4.5830078
-39.665924	134.89713	4.5927734
-39.663471	136.97993	4.6025391
-39.663528	132.91763	4.6123047
-39.662445	133.28305	4.6220703
-39.662258	135.1265	4.6318359
-39.661789	132.59933	4.6416016
-39.660206	134.75372	4.6513672
-39.659229	135.97025	4.6611328
-39.65889	139.83569	4.6708984
-39.657982	138.94487	4.6806641
-39.657452	135.83377	4.6904297
-39.656586	135.49265	4.7001953
-39.656017	135.95549	4.7099609
-39.654381	140.29359	4.7197266
-39.653614	139.67909	4.7294922
-39.651539	142.33403	4.7392578
-39.652523	142.09657	4.7490234
-39.6507	141.47214	4.7587891
-39.650017	136.55444	4.7685547
-39.650124	140.11644	4.7783203
-39.650261	144.09825	4.7880859
-39.648243	147.20143	4.7978516
-39.647892	144.58441	4.8076172
-39.647667	139.6991	4.8173828
-39.646076	141.47032	4.8271484
-39.644638	143.86916	4.8369141
-39.644531	145.10542	4.8466797
-39.643635	150.30699	4.8564453
-39.642826	147.59576	4.8662109
-39.642067	147.36807	4.8759766
-39.640762	143.44101	4.8857422
-39.641323	143.05136	4.8955078
-39.639183	148.06187	4.9052734
-39.638229	152.81512	4.9150391
-39.637863	153.72684	4.9248047
-39.637058	147.99849	4.9345703
-39.636604	146.76161	4.9443359
-39.634293	150.37431	4.9541016
-39.633831	150.44308	4.9638672
-39.633419	154.60989	4.9736328
-39.633583	157.16179	4.9833984
-39.631786	154.77448	4.9931641
-39.631149	152.30092	5.0029297
-39.630241	147.87839	5.0126953
-39.629086	151.02126	5.0224609
-39.628193	158.26527	5.0322266
-39.627598	159.39915	5.0419922
-39.626667	156.60381	5.0517578
-39.625626	154.8851	5.0615234
-39.624992	154.60652	5.0712891
-39.624554	156.56859	5.0810547
-39.624496	158.3376	5.0908203
-39.623192	160.772	5.1005859
-39.622448	162.59016	5.1103516
-39.621593	160.31107	5.1201172
-39.621044	156.29378	5.1298828
-39.619144	156.39273	5.1396484
-39.619236	160.36281	5.1494141
-39.617779	164.50644	5.1591797
-39.618576	163.62656	5.1689453
-39.615364	160.46045	5.1787109
-39.616871	160.91257	5.1884766
-39.616581	160.96834	5.1982422
-39.614265	162.58318	5.2080078
-39.613625	163.75098	5.2177734
-39.61261	166.75536	5.2275391
-39.612701	168.94247	5.2373047
-39.611179	163.57916	5.2470703
-39.610188	165.49994	5.2568359
-39.609371	164.27031	5.2666016
-39.608818	167.97079	5.2763672
-39.607933	171.68585	5.2861328
-39.606457	167.74776	5.2958984
-39.606968	169.70119	5.3056641
-39.604828	168.51877	5.3154297
-39.603596	167.87706	5.3251953
-39.603539	168.2184	5.3349609
-39.603355	168.71411	5.3447266
-39.60355	174.67885	5.3544922
-39.601578	174.44722	5.3642578
-39.60006	171.62723	5.3740234
-39.598911	168.9369	5.3837891
-39.599503	170.3031	5.3935547
-39.598034	174.18077	5.4033203
-39.596378	173.86554	5.4130859
-39.597141	176.65065	5.4228516
-39.594448	177.90608	5.4326172
-39.595242	174.92612	5.4423828
-39.594391	173.27284	5.4521484
-39.594078	172.69748	5.4619141
-39.592094	176.97849	5.4716797
-39.591904	183.18144	5.4814453
-39.590019	180.02216	5.4912109
-39.590195	175.30136	5.5009766
-39.589062	176.15735	5.5107422
-39.587746	177.1434	5.5205078
-39.587284	179.87675	5.5302734
-39.58593	184.25923	5.5400391
-39.585503	182.99004	5.5498047
-39.58532	183.68727	5.5595703
-39.584297	179.18263	5.5693359
-39.58424	177.3299	5.5791016
-39.582371	182.28738	5.5888672
-39.582447	187.22	5.5986328
-39.580688	189.74681	5.6083984
-39.578751	183.62828	5.6181641
-39.578064	180.50757	5.6279297
-39.579102	183.12926	5.6376953
-39.577038	182.81325	5.6474609
-39.576469	188.46109	5.6572266
-39.575756	190.51329	5.6669922
-39.574371	189.48004	5.6767578
-39.573532	188.51457	5.6865234
-39.574501	182.29948	5.6962891
-39.572975	186.13512	5.7060547
-39.571648	190.5667	5.7158203
-39.57106	193.85269	5.7255859
-39.570335	192.57198	5.7353516
-39.568874	190.01602	5.7451172
-39.569244	189.36491	5.7548828
-39.567207	190.71541	5.7646484
-39.566841	191.62656	5.7744141
-39.565647	194.50565	5.7841797
-39.565208	195.40015	5.7939453
-39.565079	196.41707	5.8037109
-39.563835	192.73106	5.8134766
-39.562145	191.19435	5.8232422
-39.562702	195.1602	5.8330078
-39.560673	198.09778	5.8427734
-39.559856	198.34238	5.8525391
-39.559807	196.38588	5.8623047
-39.559059	195.97711	5.8720703
-39.558746	196.14648	5.8818359
-39.557007	196.26205	5.8916016
-39.556252	195.95122	5.9013672
-39.55537	200.20216	5.9111328
-39.556271	202.79572	5.9208984
-39.553654	200.52084	5.9306641
-39.551926	199.3768	5.9404297
-39.552135	197.55476	5.9501953
-39.551891	201.19673	5.9599609
-39.551098	203.85899	5.9697266
-39.550129	202.71642	5.9794922
-39.547813	205.32237	5.9892578
-39.548382	202.95833	5.9990234
-39.547554	202.92255	6.0087891
-39.547028	201.09767	6.0185547
-39.546421	201.10997	6.0283203
-39.544575	209.00439	6.0380859
-39.544338	209.57115	6.0478516
-39.543709	207.01859	6.0576172
-39.542698	203.26456	6.0673828
-39.541996	203.4651	6.0771484
-39.540489	207.87747	6.0869141
-39.540676	207.43791	6.0966797
-39.538982	210.57097	6.1064453
-39.538033	212.74554	6.1162109
-39.537537	208.42529	6.1259766
-39.536999	206.91185	6.1357422
-39.535641	206.06975	6.1455078
-39.535294	211.03537	6.1552734
-39.533676	216.55754	6.1650391
-39.53421	214.60071	6.1748047
-39.532955	209.81372	6.1845703
-39.53281	210.95679	6.1943359
-39.532627	210.32384	6.2041016
-39.530838	212.53719	6.2138672
-39.529778	217.35211	6.2236328
-39.53035	219.37079	6.2333984
-39.52813	218.59279	6.2431641
-39.528126	212.41124	6.2529297
-39.525612	211.03368	6.2626953
-39.525799	215.60745	6.2724609
-39.523663	220.427	6.2822266
-39.523701	222.69049	6.2919922
-39.523117	219.09785	6.3017578
-39.522705	217.43414	6.3115234
-39.522427	216.11598	6.3212891
-39.520676	216.27264	6.3310547
-39.520039	221.82272	6.3408203
-39.519112	222.8909	6.3505859
-39.517662	226.31337	6.3603516
-39.517715	224.30571	6.3701172
-39.516033	216.33577	6.3798828
-39.515881	219.73116	6.3896484
-39.515003	221.91864	6.3994141
-39.514198	225.39458	6.4091797
-39.513863	228.88606	6.4189453
-39.512127	221.8441	6.4287109
-39.511898	224.54681	6.4384766
-39.511421	224.73837	6.4482422
-39.50993	224.37874	6.4580078
-39.50882	225.75346	6.4677734
-39.509586	228.85773	6.4775391
-39.508236	232.27304	6.4873047
-39.506874	225.55113	6.4970703
-39.505371	226.09859	6.5068359
-39.505428	226.35686	6.5166016
-39.50351	230.52621	6.5263672
-39.502739	233.06261	6.5361328
-39.502369	231.21536	6.5458984
-39.502056	229.71896	6.5556641
-39.500942	231.64027	6.5654297
-39.499352	230.25212	6.5751953
-39.498089	229.71411	6.5849609
-39.498508	233.13809	6.5947266
-39.498341	235.70808	6.6044922
-39.497955	236.2565	6.6142578
-39.495987	233.23357	6.6240234
-39.495472	230.39844	6.6337891
-39.495708	234.05641	6.6435547
-39.493694	235.41354	6.6533203
-39.493031	236.38467	6.6630859
-39.492149	239.44228	6.6728516
-39.491547	240.43387	6.6826172
-39.49007	237.3588	6.6923828
-39.490376	234.81822	6.7021484
-39.488564	234.66087	6.7119141
-39.487019	242.80994	6.7216797
-39.486881	243.58755	6.7314453
-39.487316	243.76685	6.7412109
-39.484863	240.77289	6.7509766
-39.48526	238.53041	6.7607422
-39.484112	241.05022	6.7705078
-39.482773	240.27377	6.7802734
-39.48217	247.42822	6.7900391
-39.480885	246.84174	6.7998047
-39.48111	243.42815	6.8095703
-39.480263	241.36664	6.8193359
-39.479626	237.88968	6.8291016
-39.477802	242.6386	6.8388672
-39.478218	250.93484	6.8486328
-39.476501	250.10934	6.8583984
-39.475361	247.95357	6.8681641
-39.474396	244.07355	6.8779297
-39.474922	244.37308	6.8876953
-39.473572	244.69337	6.8974609
-39.471821	249.67351	6.9072266
-39.471169	253.56126	6.9169922
-39.471836	252.87029	6.9267578
-39.470276	248.80811	6.9365234
-39.469223	245.93915	6.9462891
-39.468475	247.71342	6.9560547
-39.467503	251.79297	6.9658203
-39.467255	257.22961	6.9755859
-39.466099	253.91057	6.9853516
-39.465092	251.77211	6.9951172
-39.464527	251.11214	7.0048828
-39.464142	250.77319	7.0146484
-39.462269	254.85458	7.0244141
-39.461758	255.51202	7.0341797
-39.461239	257.53314	7.0439453
-39.460033	258.5925	7.0537109
-39.460632	251.15857	7.0634766
-39.458183	254.25536	7.0732422
-39.457596	254.74895	7.0830078
-39.457047	261.0387	7.0927734
-39.455933	261.58365	7.1025391
-39.455204	258.397	7.1123047
-39.454567	258.39246	7.1220703
-39.454479	257.50089	7.1318359
-39.453724	257.65256	7.1416016
-39.451744	261.03601	7.1513672
-39.451363	261.814	7.1611328
-39.451202	265.86819	7.1708984
-39.449074	262.3327	7.1806641
-39.449081	260.32834	7.1904297
-39.449177	260.52338	7.2001953
-39.447445	262.27148	7.2099609
-39.445503	266.97382	7.2197266
-39.445927	265.75504	7.2294922
-39.446148	265.7392	7.2392578
-39.443504	268.08978	7.2490234
-39.443085	263.46457	7.2587891
-39.442242	262.56573	7.2685547
-39.442123	267.48209	7.2783203
-39.440903	268.94394	7.2880859
-39.440285	271.49789	7.2978516
-39.438591	268.6734	7.3076172
-39.439259	265.14896	7.3173828
-39.43713	266.03342	7.3271484
-39.436756	269.34619	7.3369141
-39.435734	270.83939	7.3466797
-39.434875	274.20184	7.3564453
-39.433933	273.13782	7.3662109
-39.432999	271.82416	7.3759766
-39.433125	267.48953	7.3857422
-39.432735	268.26373	7.3955078
-39.430805	273.35641	7.4052734
-39.429359	277.1886	7.4150391
-39.42942	276.45511	7.4248047
-39.429024	273.60056	7.4345703
-39.428677	271.20929	7.4443359
-39.426346	273.46008	7.4541016
-39.425915	271.68295	7.4638672
-39.425797	279.81873	7.4736328
-39.424675	281.21494	7.4833984
-39.423767	280.56876	7.4931641
-39.422504	274.72699	7.5029297
-39.42207	270.62769	7.5126953
-39.421127	275.32629	7.5224609
-39.420345	282.80829	7.5322266
-39.420273	281.44168	7.5419922
-39.418194	281.81943	7.5517578
-39.417645	276.89694	7.5615234
-39.417515	277.45239	7.5712891
-39.416512	277.72809	7.5810547
-39.41642	281.66357	7.5908203
-39.414589	285.64771	7.6005859
-39.414974	285.5585	7.6103516
-39.41198	284.53152	7.6201172
-39.411564	277.59448	7.6298828
-39.412121	278.63501	7.6396484
-39.410419	285.49384	7.6494141
-39.409805	287.96298	7.6591797
-39.409153	287.48312	7.6689453
-39.408794	284.57681	7.6787109
-39.407188	284.31567	7.6884766
-39.406113	285.66055	7.6982422
-39.405735	285.42529	7.7080078
-39.405495	287.77466	7.7177734
-39.404739	291.16382	7.7275391
-39.402649	291.86276	7.7373047
-39.403294	285.60254	7.7470703
-39.401455	288.12219	7.7568359
-39.401024	286.87387	7.7666016
-39.400368	292.08646	7.7763672
-39.399529	294.23944	7.7861328
-39.39925	291.07904	7.7958984
-39.397945	293.65564	7.8056641
-39.396999	291.67795	7.8154297
-39.396057	289.61774	7.8251953
-39.395336	291.32758	7.8349609
-39.394314	294.07715	7.8447266
-39.394321	299.58307	7.8544922
-39.393051	295.1004	7.8642578
-39.392471	294.66876	7.8740234
-39.391239	292.48792	7.8837891
-39.390018	292.91299	7.8935547
-39.389416	296.94232	7.9033203
-39.388325	297.3638	7.9130859
-39.388027	299.03159	7.9228516
-39.387234	300.75491	7.9326172
-39.386902	296.46796	7.9423828
-39.385239	294.72748	7.9521484
-39.384258	296.39133	7.9619141
-39.383595	301.40549	7.9716797
-39.382889	303.79785	7.9814453
-39.38216	301.58167	7.9912109
-39.381042	299.08722	8.0009766
-39.380356	298.85556	8.0107422
-39.379082	300.01114	8.0205078
-39.380424	300.73621	8.0302734
-39.377754	305.3848	8.0400391
-39.377697	307.3017	8.0498047
-39.377003	305.97556	8.0595703
-39.375744	299.20816	8.0693359
-39.374619	298.75366	8.0791016
-39.37392	303.60052	8.0888672
-39.37291	308.41357	8.0986328
-39.371662	310.98746	8.1083984
-39.371559	304.36884	8.1181641
-39.369995	304.25018	8.1279297
-39.369308	303.78348	8.1376953
-39.370712	302.81851	8.1474609
-39.368153	309.42264	8.1572266
-39.367516	311.19739	8.1669922
-39.366898	312.05786	8.1767578
-39.366425	308.6741	8.1865234
-39.365372	302.76111	8.1962891
-39.364468	307.90921	8.2060547
-39.364429	312.79715	8.2158203
-39.36153	315.19644	8.2255859
-39.362438	313.30444	8.2353516
-39.361023	311.06186	8.2451172
-39.359333	311.65387	8.2548828
-39.359592	308.30533	8.2646484
-39.358105	311.78717	8.2744141
-39.357128	316.47852	8.2841797
-39.356102	316.46967	8.2939453
-39.355934	317.67096	8.3037109
-39.356094	311.461	8.3134766
-39.355289	310.0361	8.3232422
-39.355053	316.94153	8.3330078
-39.353302	318.25128	8.3427734
-39.352676	319.23975	8.3525391
-39.350475	319.53064	8.3623047
-39.351212	316.51859	8.3720703
-39.349648	316.5148	8.3818359
-39.348713	316.05576	8.3916016
-39.347664	317.4328	8.4013672
-39.34779	322.39743	8.4111328
-39.346279	324.57529	8.4208984
-39.34523	319.28348	8.4306641
-39.345722	319.37616	8.4404297
-39.344158	317.85605	8.4501953
-39.342663	322.06378	8.4599609
-39.34243	322.93811	8.4697266
-39.340939	323.23215	8.4794922
-39.34116	325.04337	8.4892578
-39.340885	324.30228	8.4990234
-39.338005	321.91876	8.5087891
-39.337715	321.43356	8.5185547
-39.336685	323.8172	8.5283203
-39.335533	329.44144	8.5380859
-39.336185	326.33511	8.5478516
-39.333611	327.55765	8.5576172
-39.333775	324.77573	8.5673828
-39.333889	324.59131	8.5771484
-39.333073	327.73355	8.5869141
-39.333229	326.08417	8.5966797
-39.330734	331.17151	8.6064453
-39.330044	332.63501	8.6162109
-39.329674	328.52542	8.6259766
-39.328316	327.746	8.6357422
-39.327969	325.37897	8.6455078
-39.327702	331.76688	8.6552734
-39.325523	335.97302	8.6650391
-39.325375	333.93121	8.6748047
-39.324039	333.89972	8.6845703
-39.323654	330.13831	8.6943359
-39.322544	330.79477	8.7041016
-39.322174	331.51862	8.7138672
-39.320995	335.89746	8.7236328
-39.319843	339.46667	8.7333984
-39.319077	336.73758	8.7431641
-39.318821	332.78769	8.7529297
-39.318073	330.767	8.7626953
-39.316879	334.88498	8.7724609
-39.315884	339.65637	8.7822266
-39.315624	340.7966	8.7919922
-39.314941	337.97757	8.8017578
-39.313656	336.94647	8.8115234
-39.311058	334.52673	8.8212891
-39.312275	333.98462	8.8310547
-39.312054	339.47391	8.8408203
-39.310547	343.1113	8.8505859
-39.309998	343.8446	8.8603516
-39.309311	340.59293	8.8701172
-39.308235	336.21371	8.8798828
-39.307251	338.10608	8.8896484
-39.306671	340.82315	8.8994141
-39.306087	345.83344	8.9091797
-39.304401	344.45203	8.9189453
-39.304722	342.53635	8.9287109
-39.303513	343.95157	8.9384766
-39.302456	338.89474	8.9482422
-39.301926	340.48297	8.9580078
-39.301121	346.23611	8.9677734
-39.299736	348.47958	8.9775391
-39.29892	350.45587	8.9873047
-39.297409	343.82773	8.9970703
-39.297443	344.68787	9.0068359
-39.296043	346.47635	9.0166016
-39.295467	347.19659	9.0263672
-39.295975	350.61835	9.0361328
-39.293915	349.20676	9.0458984
-39.294174	349.8988	9.0556641
-39.293472	349.45789	9.0654297
-39.292046	346.9158	9.0751953
-39.291309	348.63232	9.0849609
-39.290848	351.34436	9.0947266
-39.289242	354.00525	9.1044922
-39.289528	352.15286	9.1142578
-39.287617	350.30746	9.1240234
-39.287769	349.03372	9.1337891
-39.28643	352.67389	9.1435547
-39.285156	351.66443	9.1533203
-39.284374	354.37762	9.1630859
-39.284698	356.39899	9.1728516
-39.283379	357.2197	9.1826172
-39.281338	353.51669	9.1923828
-39.282215	351.49945	9.2021484
-39.28038	353.80908	9.2119141
-39.279366	358.50604	9.2216797
-39.279064	358.52917	9.2314453
-39.278042	359.28149	9.2412109
-39.277328	355.26434	9.2509766
-39.276104	355.88437	9.2607422
-39.276176	356.17728	9.2705078
-39.27446	355.90918	9.2802734
-39.274303	362.50778	9.2900391
-39.274376	364.25378	9.2998047
-39.270702	363.48151	9.3095703
-39.271694	358.30203	9.3193359
-39.26947	355.14441	9.3291016
-39.269875	362.59274	9.3388672
-39.2686	363.68881	9.3486328
-39.267727	367.04999	9.3583984
-39.267197	364.1181	9.3681641
-39.266373	359.32693	9.3779297
-39.265854	361.63263	9.3876953
-39.26527	360.04138	9.3974609
-39.264568	365.04678	9.4072266
-39.264091	371.0332	9.4169922
-39.261837	367.68555	9.4267578
-39.262604	365.26447	9.4365234
-39.261192	360.32108	9.4462891
-39.260189	361.54706	9.4560547
-39.259262	368.91736	9.4658203
-39.257072	369.60352	9.4755859
-39.258312	369.5914	9.4853516
-39.256962	368.60553	9.4951172
-39.256847	365.9957	9.5048828
-39.254871	364.46857	9.5146484
-39.253777	367.80627	9.5244141
-39.253593	371.00916	9.5341797
-39.253807	375.73688	9.5439453
-39.251942	372.09616	9.5537109
-39.25198	365.36206	9.5634766
-39.249908	366.86752	9.5732422
-39.249443	370.5936	9.5830078
-39.247684	374.29343	9.5927734
-39.247288	372.68341	9.6025391
-39.247448	372.69507	9.6123047
-39.246349	373.15268	9.6220703
-39.246078	368.50259	9.6318359
-39.244305	370.30661	9.6416016
-39.243683	373.38379	9.6513672
-39.243507	376.64624	9.6611328
-39.243031	378.62192	9.6708984
-39.241936	372.30411	9.6806641
-39.240559	373.00983	9.6904297
-39.239868	374.88104	9.7001953
-39.239113	374.06381	9.7099609
-39.238892	380.09122	9.7197266
-39.238499	378.75803	9.7294922
-39.236572	380.30978	9.7392578
-39.235168	378.85898	9.7490234
-39.235214	376.677	9.7587891
-39.234192	375.91882	9.7685547
-39.232887	380.09418	9.7783203
-39.232143	383.00317	9.7880859
-39.232056	380.57739	9.7978516
-39.230789	380.69724	9.8076172
-39.229374	380.52954	9.8173828
-39.230385	380.07703	9.8271484
-39.228016	381.02689	9.8369141
-39.228168	381.98465	9.8466797
-39.226509	383.76163	9.8564453
-39.225594	387.74359	9.8662109
-39.225891	383.25119	9.8759766
-39.224407	379.78436	9.8857422
-39.223663	380.73129	9.8955078
-39.222301	386.13019	9.9052734
-39.22224	388.20142	9.9150391
-39.221058	388.46454	9.9248047
-39.220062	385.20184	9.9345703
-39.220284	385.76544	9.9443359
-39.218246	384.06476	9.9541016
-39.218658	383.49176	9.9638672
-39.216702	389.73712	9.9736328
-39.216297	392.46118	9.9833984
-39.216404	390.58762	9.9931641
-39.214279	386.78793	10.00293
-39.213955	383.82962	10.012695
-39.212883	388.59372	10.022461
-39.212029	391.43381	10.032227
-39.211502	394.74301	10.041992
-39.211246	393.14188	10.051758
-39.209976	389.81891	10.061523
-39.209755	390.00769	10.071289
-39.208591	385.90359	10.081055
-39.207634	392.28	10.09082
-39.206234	396.83359	10.100586
-39.205124	397.06769	10.110352
-39.204929	394.78928	10.120117
-39.203491	388.84607	10.129883
-39.203026	390.74896	10.139648
-39.202312	395.70822	10.149414
-39.201664	397.43692	10.15918
-39.201302	398.43304	10.168945
-39.199486	396.76144	10.178711
-39.199471	395.12842	10.188477
-39.198322	392.03189	10.198242
-39.197548	394.54941	10.208008
-39.196537	397.99771	10.217773
-39.195232	404.20987	10.227539
-39.19537	402.21991	10.237305
-39.194767	395.37759	10.24707
-39.192596	397.26831	10.256836
-39.193005	398.56027	10.266602
-39.192471	401.17056	10.276367
-39.191154	401.01895	10.286133
-39.190506	403.06845	10.295898
-39.188793	403.24338	10.305664
-39.188602	399.29968	10.31543
-39.187252	399.32715	10.325195
-39.186848	399.30325	10.334961
-39.187592	404.95706	10.344727
-39.184666	407.39459	10.354492
-39.184887	402.48203	10.364258
-39.183323	404.05374	10.374023
-39.184185	402.17325	10.383789
-39.182465	401.48975	10.393555
-39.180649	406.33521	10.40332
-39.180454	405.6835	10.413086
-39.178539	410.29541	10.422852
-39.179157	407.15289	10.432617
-39.177864	404.6713	10.442383
-39.17749	403.48367	10.452148
-39.176525	405.87692	10.461914
-39.175903	412.05411	10.47168
-39.175213	410.72559	10.481445
-39.173401	409.86749	10.491211
-39.172981	409.75378	10.500977
-39.17252	405.65591	10.510742
-39.171234	406.61545	10.520508
-39.169621	409.24457	10.530273
-39.169781	412.70163	10.540039
-39.170013	416.06473	10.549805
-39.168015	413.23877	10.55957
-39.167221	407.42618	10.569336
-39.16563	408.5614	10.579102
-39.165115	411.41797	10.588867
-39.165325	415.24084	10.598633
-39.164669	418.65253	10.608398
-39.163689	413.58603	10.618164
-39.163151	413.7403	10.62793
-39.160786	411.18481	10.637695
-39.16095	410.44357	10.647461
-39.160778	415.3179	10.657227
-39.159531	418.78448	10.666992
-39.158089	420.65274	10.676758
-39.157509	413.60202	10.686523
-39.157356	410.17783	10.696289
-39.155815	414.94791	10.706055
-39.155212	417.30798	10.71582
-39.154316	422.16681	10.725586
-39.154003	421.51981	10.735352
-39.151577	418.40689	10.745117
-39.151443	418.06592	10.754883
-39.150082	414.25009	10.764648
-39.150074	418.1749	10.774414
-39.148746	423.63641	10.78418
-39.148689	423.68784	10.793945
-39.147358	424.24963	10.803711
-39.146709	414.9538	10.813477
-39.14555	417.19763	10.823242
-39.145901	421.49484	10.833008
-39.144707	421.94324	10.842773
-39.144527	424.82129	10.852539
-39.142349	424.26974	10.862305
-39.142853	424.24698	10.87207
-39.140884	419.17139	10.881836
-39.141056	420.42264	10.891602
-39.139748	424.05939	10.901367
-39.139973	427.61755	10.911133
-39.138565	428.09079	10.920898
-39.137749	424.96841	10.930664
-39.136734	422.23694	10.94043
-39.134457	424.6915	10.950195
-39.135834	426.56491	10.959961
-39.134964	425.68881	10.969727
-39.133823	430.08948	10.979492
-39.133305	429.21991	10.989258
-39.131001	425.31891	10.999023
-39.130287	426.021	11.008789
-39.130405	423.82361	11.018555
-39.130436	430.28925	11.02832
-39.128357	433.02063	11.038086
-39.127617	428.42429	11.047852
-39.126045	430.6575	11.057617
-39.126328	428.76004	11.067383
-39.12558	428.33728	11.077148
-39.124805	430.36649	11.086914
-39.124046	429.15131	11.09668
-39.123127	433.71429	11.106445
-39.122215	433.95731	11.116211
-39.121624	431.2536	11.125977
-39.121113	428.25146	11.135742
-39.119183	427.11035	11.145508
-39.119484	434.62491	11.155273
-39.117573	433.67029	11.165039
-39.117004	436.50983	11.174805
-39.115273	435.59314	11.18457
-39.114849	430.59097	11.194336
-39.11412	431.45728	11.204102
-39.114571	430.75989	11.213867
-39.113613	434.75598	11.223633
-39.113846	441.6889	11.233398
-39.111134	437.65448	11.243164
-39.111366	434.95618	11.25293
-39.109364	430.86508	11.262695
-39.108944	434.89771	11.272461
-39.107582	437.46823	11.282227
-39.106899	439.70422	11.291992
-39.106339	440.6145	11.301758
-39.104836	437.97754	11.311523
-39.105923	435.56085	11.321289
-39.102905	433.30103	11.331055
-39.103191	438.38519	11.34082
-39.10247	443.11823	11.350586
-39.101807	444.87378	11.360352
-39.101681	439.62262	11.370117
-39.100307	435.6279	11.379883
-39.098927	437.23203	11.389648
-39.096958	440.40649	11.399414
-39.097591	445.03214	11.40918
-39.095867	444.65952	11.418945
-39.096134	442.45059	11.428711
-39.094437	443.0799	11.438477
-39.094135	434.75861	11.448242
-39.093575	440.6481	11.458008
-39.092556	443.81119	11.467773
-39.091686	447.90378	11.477539
-39.091084	446.52975	11.487305
-39.09024	438.55087	11.49707
-39.089275	441.88873	11.506836
-39.087891	443.08633	11.516602
-39.087818	444.95401	11.526367
-39.086536	447.50204	11.536133
-39.086807	447.11975	11.545898
-39.085312	448.24658	11.555664
-39.083828	442.87021	11.56543
-39.082703	443.2063	11.575195
-39.082272	446.43445	11.584961
-39.08181	448.85965	11.594727
-39.081768	450.70462	11.604492
-39.080261	447.37033	11.614258
-39.079475	446.2486	11.624023
-39.077808	446.91809	11.633789
-39.07724	447.57956	11.643555
-39.077473	447.03561	11.65332
-39.076126	449.66504	11.663086
-39.075813	452.15866	11.672852
-39.074345	450.69281	11.682617
-39.074272	448.9653	11.692383
-39.073589	447.13943	11.702148
-39.071697	449.77496	11.711914
-39.069809	453.26392	11.72168
-39.070126	451.91437	11.731445
-39.070816	453.23508	11.741211
-39.069168	452.26352	11.750977
-39.068089	449.86438	11.760742
-39.067726	448.95197	11.770508
-39.066769	450.44684	11.780273
-39.06509	457.05762	11.790039
-39.065342	456.27069	11.799805
-39.063297	455.19284	11.80957
-39.063675	449.29584	11.819336
-39.06208	448.09195	11.829102
-39.063946	456.55539	11.838867
-39.061756	454.05508	11.848633
-39.059479	458.01938	11.858398
-39.059048	455.80707	11.868164
-39.057617	453.63077	11.87793
-39.05838	452.59836	11.887695
-39.056999	449.92972	11.897461
-39.055305	457.45825	11.907227
-39.055107	462.71973	11.916992
-39.055042	459.22211	11.926758
-39.053562	456.42517	11.936523
-39.052761	452.18588	11.946289
-39.052055	454.45483	11.956055
-39.05125	457.1564	11.96582
-39.049583	460.17175	11.975586
-39.04948	462.00995	11.985352
-39.048435	458.98782	11.995117
-39.047977	455.81683	12.004883
-39.047947	453.0914	12.014648
-39.046452	456.28168	12.024414
-39.045021	463.95526	12.03418
-39.04385	463.6698	12.043945
-39.042664	459.91342	12.053711
-39.042183	457.1716	12.063477
-39.043411	456.86362	12.073242
-39.040691	458.52112	12.083008
-39.040817	462.27734	12.092773
-39.039959	462.52292	12.102539
-39.038437	463.76773	12.112305
-39.038666	462.4032	12.12207
-39.036896	455.51328	12.131836
-39.036472	459.61496	12.141602
-39.035141	462.41238	12.151367
-39.034939	466.76874	12.161133
-39.035316	466.68405	12.170898
-39.031792	461.48007	12.180664
-39.032051	462.72852	12.19043
-39.030945	461.4216	12.200195
-39.030582	463.47089	12.209961
-39.028957	464.86331	12.219727
-39.029312	463.28799	12.229492
-39.028042	469.41135	12.239258
-39.02747	461.03909	12.249023
-39.027512	463.25159	12.258789
-39.025345	462.71994	12.268555
-39.025745	465.59222	12.27832
-39.024254	469.24796	12.288086
-39.024002	466.21255	12.297852
-39.022469	464.29376	12.307617
-39.022076	467.29193	12.317383
-39.020756	464.3526	12.327148
-39.019596	465.00867	12.336914
-39.019577	466.67719	12.34668
-39.018444	468.80838	12.356445
-39.017548	469.98727	12.366211
-39.017342	466.29187	12.375977
-39.016232	464.78613	12.385742
-39.016258	466.61972	12.395508
-39.014603	469.40564	12.405273
-39.013847	469.16678	12.415039
-39.013493	470.97958	12.424805
-39.012672	468.88635	12.43457
-39.011425	468.43271	12.444336
-39.010044	465.15341	12.454102
-39.010365	467.56387	12.463867
-39.008595	470.54095	12.473633
-39.008545	472.88989	12.483398
-39.006851	471.42657	12.493164
-39.006775	466.31079	12.50293
-39.005306	464.85577	12.512695
-39.005028	469.23376	12.522461
-39.004482	467.84738	12.532227
-39.003078	475.23602	12.541992
-39.002892	473.48373	12.551758
-39.001862	470.03113	12.561523
-39.000362	468.22748	12.571289
-38.999195	463.46494	12.581055
-38.998444	469.76337	12.59082
-38.997566	476.36725	12.600586
-38.99781	476.10596	12.610352
-38.996246	472.54654	12.620117
-38.995071	465.18961	12.629883
-38.995193	467.83994	12.639648
-38.994171	468.71149	12.649414
-38.992916	473.73706	12.65918
-38.99221	476.71509	12.668945
-38.992092	473.03522	12.678711
-38.991257	471.97693	12.688477
-38.989616	467.09845	12.698242
-38.989105	470.13602	12.708008
-38.988411	475.41483	12.717773
-38.987217	477.216	12.727539
-38.987484	475.21478	12.737305
-38.98616	469.38898	12.74707
-38.985756	469.52222	12.756836
-38.984093	470.3197	12.766602
-38.983498	473.50751	12.776367
-38.98336	475.54245	12.786133
-38.981358	477.10635	12.795898
-38.980507	476.71957	12.805664
-38.980751	470.66956	12.81543
-38.979885	472.0769	12.825195
-38.978626	471.51208	12.834961
-38.97842	478.85165	12.844727
-38.974743	477.23236	12.854492
-38.976955	473.92035	12.864258
-38.975925	474.43536	12.874023
-38.975307	473.69476	12.883789
-38.974033	475.23306	12.893555
-38.972759	475.49478	12.90332
-38.971989	476.99756	12.913086
-38.972553	482.11896	12.922852
-38.970318	476.53293	12.932617
-38.969196	474.6814	12.942383
-38.969543	473.25793	12.952148
-38.967323	476.36096	12.961914
-38.967262	480.79349	12.97168
-38.966503	476.14285	12.981445
-38.965794	478.77277	12.991211
-38.964397	478.20114	13.000977
-38.964073	475.57352	13.010742
-38.963181	474.13007	13.020508
-38.961567	474.98682	13.030273
-38.961903	481.077	13.040039
-38.960876	482.35779	13.049805
-38.959545	477.98511	13.05957
-38.95911	473.74634	13.069336
-38.957432	475.19189	13.079102
-38.957897	478.13544	13.088867
-38.956161	479.21078	13.098633
-38.955341	480.72369	13.108398
-38.955303	481.21255	13.118164
-38.955399	477.42935	13.12793
-38.953609	474.46066	13.137695
-38.953533	473.83322	13.147461
-38.9519	480.34708	13.157227
-38.949833	484.13818	13.166992
-38.949898	481.25775	13.176758
-38.949493	476.98126	13.186523
-38.948109	476.11499	13.196289
-38.947998	477.37296	13.206055
-38.946724	477.12366	13.21582
-38.946041	482.75455	13.225586
-38.945667	482.91162	13.235352
-38.945015	482.94693	13.245117
-38.943325	478.22687	13.254883
-38.94376	473.04416	13.264648
-38.941704	478.21341	13.274414
-38.941818	483.81433	13.28418
-38.940464	485.70703	13.293945
-38.939968	482.17047	13.303711
-38.939877	475.64673	13.313477
-38.938416	479.19992	13.323242
-38.937027	475.92215	13.333008
-38.936508	483.41187	13.342773
-38.935276	484.79776	13.352539
-38.934067	483.59409	13.362305
-38.933479	483.3403	13.37207
-38.931614	477.09592	13.381836
-38.931885	478.78696	13.391602
-38.931278	481.89716	13.401367
-38.930386	484.40311	13.411133
-38.930096	484.052	13.420898
-38.928482	480.45926	13.430664
-38.928169	480.14066	13.44043
-38.927898	479.42484	13.450195
-38.926231	478.69482	13.459961
-38.926117	482.65262	13.469727
-38.924473	485.20612	13.479492
-38.924553	484.92184	13.489258
-38.92318	479.98438	13.499023
-38.92234	479.56519	13.508789
-38.921127	479.57516	13.518555
-38.920971	484.1438	13.52832
-38.918983	485.8566	13.538086
-38.920433	482.4472	13.547852
-38.918526	482.73157	13.557617
-38.91758	480.90677	13.567383
-38.917614	480.3656	13.577148
-38.916229	479.04309	13.586914
-38.91396	482.22501	13.59668
-38.915394	487.41141	13.606445
-38.913338	482.73691	13.616211
-38.913631	481.11783	13.625977
-38.913235	479.25882	13.635742
-38.910484	479.41144	13.645508
-38.911221	485.34378	13.655273
-38.909615	482.87775	13.665039
-38.908051	487.00397	13.674805
-38.907425	484.16809	13.68457
-38.907166	480.04684	13.694336
-38.906437	480.50623	13.704102
-38.905865	480.95718	13.713867
-38.904591	486.82205	13.723633
-38.903854	489.05695	13.733398
-38.903507	483.5271	13.743164
-38.902737	480.46957	13.75293
-38.901173	478.84811	13.762695
-38.900681	481.53314	13.772461
-38.899242	481.99097	13.782227
-38.898075	485.24982	13.791992
-38.897625	487.33258	13.801758
-38.897163	484.88446	13.811523
-38.896107	480.14209	13.821289
-38.895645	479.15381	13.831055
-38.894215	481.82516	13.84082
-38.893158	488.49091	13.850586
-38.893551	488.09552	13.860352
-38.891998	484.65143	13.870117
-38.891941	480.32901	13.879883
-38.89027	479.67392	13.889648
-38.889637	479.8049	13.899414
-38.888046	485.55801	13.90918
-38.88747	487.61102	13.918945
-38.887974	487.1897	13.928711
-38.885738	482.52194	13.938477
-38.887108	476.51663	13.948242
-38.884731	481.18417	13.958008
-38.883469	484.98404	13.967773
-38.883381	488.3501	13.977539
-38.882179	486.65543	13.987305
-38.881954	481.76669	13.99707
-38.880306	481.80319	14.006836
-38.88007	478.97641	14.016602
-38.879444	483.82089	14.026367
-38.878315	485.59436	14.036133
-38.877613	485.78229	14.045898
-38.876583	487.49768	14.055664
-38.87466	477.88995	14.06543
-38.875809	479.78442	14.075195
-38.874813	483.45041	14.084961
-38.874077	487.19061	14.094727
-38.872974	488.86032	14.104492
-38.871864	483.19479	14.114258
-38.87043	483.37906	14.124023
-38.870358	482.51941	14.133789
-38.869942	481.33267	14.143555
-38.869587	483.67346	14.15332
-38.869324	486.12967	14.163086
-38.867527	488.51553	14.172852
-38.865879	482.32367	14.182617
-38.864712	481.63501	14.192383
-38.865208	481.28979	14.202148
-38.86475	483.8187	14.211914
-38.862583	484.41544	14.22168
-38.863476	485.46826	14.231445
-38.862183	484.24277	14.241211
-38.860783	485.48395	14.250977
-38.859417	483.33585	14.260742
-38.859428	479.0094	14.270508
-38.857861	483.68936	14.280273
-38.85796	487.64197	14.290039
-38.856644	486.2807	14.299805
-38.855236	484.62985	14.30957
-38.854359	478.34247	14.319336
-38.853249	480.14914	14.329102
-38.854656	483.57651	14.338867
-38.852104	482.97244	14.348633
-38.851097	487.2583	14.358398
-38.851929	485.40823	14.368164
-38.850204	483.66086	14.37793
-38.84911	479.85773	14.387695
-38.848194	478.87564	14.397461
-38.84903	485.31689	14.407227
-38.846073	487.48608	14.416992
-38.846142	486.86911	14.426758
-38.845261	482.70926	14.436523
-38.844902	477.73169	14.446289
-38.843689	482.50885	14.456055
-38.843147	480.64185	14.46582
-38.841583	485.52515	14.475586
-38.84108	487.57623	14.485352
-38.840508	484.57788	14.495117
-38.840122	480.15149	14.504883
-38.838913	476.24927	14.514648
-38.837517	480.52338	14.524414
-38.836529	487.97238	14.53418
-38.835812	486.81326	14.543945
-38.835358	484.60086	14.553711
-38.834396	478.94547	14.563477
-38.835037	479.71817	14.573242
-38.833263	479.82788	14.583008
-38.83255	484.35574	14.592773
-38.832184	485.30649	14.602539
-38.831322	488.44196	14.612305
-38.830173	482.04626	14.62207
-38.829029	476.68246	14.631836
-38.828159	478.15228	14.641602
-38.827332	481.51065	14.651367
-38.825947	485.92676	14.661133
-38.825226	484.42325	14.670898
-38.824589	480.64905	14.680664
-38.823818	479.92612	14.69043
-38.823273	477.57413	14.700195
-38.82225	482.61728	14.709961
-38.821846	481.97162	14.719727
-38.820656	484.09042	14.729492
-38.819851	487.82123	14.739258
-38.819736	478.3461	14.749023
-38.818295	481.47852	14.758789
-38.818123	479.27213	14.768555
-38.817238	484.23068	14.77832
-38.815155	485.35147	14.788086
-38.815079	481.52106	14.797852
-38.814171	483.01697	14.807617
-38.813465	482.02185	14.817383
-38.813042	478.63889	14.827148
-38.811726	481.01382	14.836914
-38.810402	481.81601	14.84668
-38.809669	486.72729	14.856445
-38.80883	480.89166	14.866211
-38.808701	480.57086	14.875977
-38.807652	479.10403	14.885742
-38.807106	480.39236	14.895508
-38.8074	482.77826	14.905273
-38.806232	483.43781	14.915039
-38.804256	483.17502	14.924805
-38.803162	483.06042	14.93457
-38.802567	479.96866	14.944336
-38.802338	476.79126	14.954102
-38.80064	478.22162	14.963867
-38.800907	483.34949	14.973633
-38.800468	483.75751	14.983398
-38.798691	483.3143	14.993164
-38.798393	477.93582	15.00293
-38.796913	479.53793	15.012695
-38.796314	479.46979	15.022461
-38.795811	479.18781	15.032227
-38.795551	484.40167	15.041992
-38.79443	484.15494	15.051758
-38.79327	481.51923	15.061523
-38.791996	477.56665	15.071289
-38.791401	473.7005	15.081055
-38.791565	482.48987	15.09082
-38.790009	483.16443	15.100586
-38.789082	485.173	15.110352
-38.788616	481.70056	15.120117
-38.786659	477.05228	15.129883
-38.786724	478.20016	15.139648
-38.785786	475.57831	15.149414
-38.785118	482.37561	15.15918
-38.784687	484.42844	15.168945
-38.783428	482.63284	15.178711
-38.781593	479.91376	15.188477
-38.780998	473.74512	15.198242
-38.781143	476.13718	15.208008
-38.780392	482.73456	15.217773
-38.778233	483.267	15.227539
-38.778881	483.87024	15.237305
-38.777706	476.53323	15.24707
-38.777069	478.04041	15.256836
-38.777534	473.60388	15.266602
-38.774422	479.13419	15.276367
-38.773624	482.62894	15.286133
-38.773918	482.58527	15.295898
-38.772243	482.20288	15.305664
-38.772892	475.01819	15.31543
-38.770332	475.37894	15.325195
-38.771023	478.47562	15.334961
-38.770248	481.77719	15.344727
-38.769093	481.75116	15.354492
-38.76823	480.52975	15.364258
-38.76582	478.90823	15.374023
-38.766472	474.91431	15.383789
-38.765408	477.48273	15.393555
-38.763771	478.20233	15.40332
-38.763744	481.6308	15.413086
-38.76228	484.05234	15.422852
-38.762726	475.80249	15.432617
-38.760529	477.03503	15.442383
-38.761707	477.17221	15.452148
-38.759739	477.7356	15.461914
-38.758339	479.57492	15.47168
-38.75882	477.22693	15.481445
-38.756668	481.53586	15.491211
-38.756565	479.12946	15.500977
-38.755966	475.69333	15.510742
-38.754982	477.2139	15.520508
-38.754013	476.32196	15.530273
-38.753258	483.28284	15.540039
-38.752934	478.91156	15.549805
-38.752602	478.9635	15.55957
-38.749535	476.64304	15.569336
-38.748798	474.43539	15.579102
-38.748363	479.13162	15.588867
-38.749023	476.64523	15.598633
-38.747055	478.90497	15.608398
-38.746468	482.31287	15.618164
-38.74601	475.91052	15.62793
-38.745022	472.82428	15.637695
-38.744259	474.39697	15.647461
-38.744324	479.29242	15.657227
-38.741936	480.76208	15.666992
-38.741512	479.81781	15.676758
-38.740585	475.45297	15.686523
-38.740765	474.10043	15.696289
-38.739136	475.241	15.706055
-38.737743	475.05658	15.71582
-38.736839	480.77148	15.725586
-38.736633	480.61584	15.735352
-38.736256	478.46747	15.745117
-38.734833	473.20416	15.754883
-38.734291	468.99673	15.764648
-38.732746	476.3811	15.774414
-38.733387	479.10867	15.78418
-38.731861	481.06689	15.793945
-38.732151	475.89127	15.803711
-38.730415	474.33548	15.813477
-38.730862	473.94159	15.823242
-38.729073	471.42093	15.833008
-38.727852	477.45065	15.842773
-38.727165	479.82928	15.852539
-38.726074	478.17682	15.862305
-38.72575	475.78537	15.87207
-38.724342	468.84387	15.881836
-38.723553	471.61136	15.891602
-38.723873	476.97815	15.901367
-38.721699	479.00739	15.911133
-38.722237	478.89008	15.920898
-38.720776	474.69586	15.930664
-38.72023	473.73801	15.94043
-38.718494	469.89825	15.950195
-38.717339	474.30127	15.959961
-38.718071	476.93134	15.969727
-38.716171	478.38699	15.979492
-38.716022	477.9906	15.989258
-38.714821	472.59857	15.999023
-38.713558	471.22116	16.008789
-38.713371	473.76459	16.018555
-38.712662	477.35358	16.02832
-38.710613	476.88034	16.038086
-38.711163	476.69858	16.047852
-38.709736	476.02032	16.057617
-38.709415	472.50629	16.067383
-38.708675	471.82526	16.077148
-38.707985	471.89102	16.086914
-38.706364	477.51947	16.09668
-38.705612	478.29089	16.106445
-38.705513	474.14206	16.116211
-38.705196	475.25449	16.125977
-38.702133	470.83786	16.135742
-38.703007	473.5658	16.145508
-38.701786	475.46771	16.155273
-38.701591	474.47229	16.165039
-38.700317	478.11191	16.174805
-38.700275	474.75174	16.18457
-38.698544	473.45868	16.194336
-38.698406	470.69757	16.204102
-38.696819	471.7757	16.213867
-38.696228	478.52374	16.223633
-38.695595	475.34988	16.233398
-38.695114	475.58652	16.243164
-38.694145	472.93216	16.25293
-38.692772	470.76984	16.262695
-38.691643	474.02576	16.272461
-38.692101	470.68851	16.282227
-38.691727	476.63223	16.291992
-38.688869	478.15219	16.301758
-38.688961	474.02731	16.311523
-38.688538	470.90958	16.321289
-38.686634	466.66431	16.331055
-38.686562	474.36145	16.34082
-38.685867	475.62183	16.350586
-38.684097	476.17154	16.360352
-38.683647	473.21927	16.370117
-38.68362	470.44919	16.379883
-38.682716	469.19794	16.389648
-38.682014	470.92126	16.399414
-38.68037	474.09702	16.40918
-38.680618	478.03815	16.418945
-38.6796	477.01694	16.428711
-38.679504	469.74994	16.438477
-38.677525	466.02615	16.448242
-38.677025	471.40369	16.458008
-38.676369	474.00827	16.467773
-38.674778	478.06055	16.477539
-38.675083	473.69559	16.487305
-38.674137	473.2973	16.49707
-38.673233	471.09109	16.506836
-38.671097	466.6254	16.516602
-38.670879	473.2543	16.526367
-38.670605	475.38336	16.536133
-38.669571	476.8526	16.545898
-38.669338	474.50073	16.555664
-38.668007	467.22775	16.56543
-38.666283	469.74426	16.575195
-38.66592	471.18988	16.584961
-38.66523	473.6748	16.594727
-38.664581	477.0759	16.604492
-38.663849	472.02457	16.614258
-38.662987	472.37045	16.624023
-38.66087	467.36487	16.633789
-38.661175	470.00711	16.643555
-38.659985	473.26202	16.65332
-38.65992	474.81406	16.663086
-38.659485	476.61884	16.672852
-38.658321	470.35571	16.682617
-38.657635	468.64899	16.692383
-38.656372	470.29535	16.702148
-38.656006	469.80392	16.711914
-38.653877	474.26733	16.72168
-38.653629	472.11493	16.731445
-38.653378	473.86716	16.741211
-38.652119	471.23682	16.750977
-38.652462	468.65082	16.760742
-38.650551	468.8829	16.770508
-38.649063	471.6922	16.780273
-38.649269	474.79581	16.790039
-38.647038	471.04141	16.799805
-38.646572	471.21729	16.80957
-38.646587	468.88358	16.819336
-38.646458	467.94574	16.829102
-38.644764	468.47983	16.838867
-38.643177	469.22366	16.848633
-38.643906	472.9285	16.858398
-38.643013	473.1138	16.868164
-38.641518	472.32693	16.87793
-38.641308	467.3793	16.887695
-38.640392	466.24695	16.897461
-38.638973	476.02283	16.907227
-38.639114	470.14886	16.916992
-38.637432	474.06009	16.926758
-38.637093	469.88373	16.936523
-38.636059	470.13715	16.946289
-38.635559	467.91949	16.956055
-38.633434	466.69205	16.96582
-38.634377	472.91925	16.975586
-38.633301	476.5831	16.985352
-38.632568	471.69217	16.995117
-38.630856	467.97568	17.004883
-38.630131	463.29285	17.014648
-38.629738	468.56003	17.024414
-38.628002	472.86749	17.03418
-38.627342	473.91467	17.043945
-38.626385	472.80478	17.053711
-38.626228	468.27344	17.063477
-38.626148	467.22952	17.073242
-38.625439	464.98077	17.083008
-38.625557	472.4935	17.092773
-38.623703	474.71213	17.102539
-38.622719	473.53995	17.112305
-38.621147	469.82312	17.12207
-38.621208	464.56161	17.131836
-38.619316	467.53058	17.141602
-38.61895	469.94876	17.151367
-38.616936	474.07208	17.161133
-38.6175	471.79129	17.170898
-38.617519	470.22937	17.180664
-38.616222	469.32162	17.19043
-38.614727	463.17368	17.200195
-38.614407	469.03384	17.209961
-38.613461	470.03625	17.219727
-38.612087	473.42795	17.229492
-38.611103	472.24805	17.239258
-38.611282	463.71445	17.249023
-38.608948	467.25351	17.258789
-38.609245	468.21823	17.268555
-38.608952	471.48151	17.27832
-38.607227	471.48157	17.288086
-38.606792	469.98019	17.297852
-38.606098	471.13358	17.307617
-38.60519	465.50284	17.317383
-38.604404	467.6745	17.327148
-38.602844	467.54907	17.336914
-38.602135	471.1221	17.34668
-38.600601	474.03735	17.356445
-38.601006	468.48087	17.366211
-38.600666	466.25095	17.375977
-38.599277	467.85913	17.385742
-38.59877	468.51129	17.395508
-38.597153	469.73288	17.405273
-38.59634	469.48209	17.415039
-38.595589	471.01151	17.424805
-38.593948	471.60126	17.43457
-38.595608	466.89044	17.444336
-38.594212	465.9176	17.454102
-38.592693	467.72058	17.463867
-38.592934	471.23761	17.473633
-38.59082	470.30258	17.483398
-38.590389	469.48489	17.493164
-38.589489	468.14542	17.50293
-38.587997	467.52332	17.512695
-38.588631	466.51892	17.522461
-38.587742	467.11136	17.532227
-38.585876	471.37143	17.541992
-38.584961	471.95645	17.551758
-38.584717	469.17026	17.561523
-38.583988	464.93353	17.571289
-38.582645	464.30103	17.581055
-38.582527	470.16309	17.59082
-38.581512	469.11163	17.600586
-38.5811	470.89758	17.610352
-38.580097	468.53003	17.620117
-38.578083	465.45786	17.629883
-38.578659	465.76059	17.639648
-38.577847	463.33838	17.649414
-38.575794	469.99548	17.65918
-38.575951	472.88675	17.668945
-38.574856	470.33817	17.678711
-38.573418	467.01459	17.688477
-38.5742	459.92325	17.698242
-38.573627	465.42123	17.708008
-38.570957	469.14429	17.717773
-38.571117	471.15259	17.727539
-38.570362	470.80661	17.737305
-38.56918	467.19913	17.74707
-38.567772	466.3801	17.756836
-38.568436	461.84821	17.766602
-38.566902	467.10239	17.776367
-38.566307	472.97382	17.786133
-38.565109	473.61301	17.795898
-38.564129	469.37506	17.805664
-38.56237	464.31186	17.81543
-38.561562	463.61127	17.825195
-38.561749	467.02496	17.834961
-38.561665	468.31244	17.844727
-38.560764	470.03943	17.854492
-38.55793	469.61224	17.864258
-38.558109	466.36597	17.874023
-38.558277	463.41031	17.883789
-38.556965	465.17142	17.893555
-38.555637	467.38187	17.90332
-38.556118	472.19489	17.913086
-38.554562	470.81601	17.922852
-38.554371	463.43604	17.932617
-38.553394	464.77536	17.942383
-38.552574	464.85028	17.952148
-38.550266	467.26193	17.961914
-38.551163	467.33194	17.97168
-38.550018	468.19769	17.981445
-38.548985	470.32614	17.991211
-38.54771	464.20404	18.000977
-38.546898	463.97681	18.010742
-38.54681	462.59003	18.020508
-38.545982	466.99271	18.030273
-38.545357	472.17624	18.040039
-38.544426	466.26599	18.049805
-38.543026	467.56805	18.05957
-38.542511	466.60089	18.069336
-38.542076	463.99329	18.079102
-38.540642	466.87079	18.088867
-38.538929	467.19849	18.098633
-38.538898	468.84921	18.108398
-38.538013	468.56387	18.118164
-38.537613	464.19113	18.12793
-38.536465	462.54178	18.137695
-38.535633	464.30048	18.147461
-38.535679	468.34439	18.157227
-38.533993	467.67349	18.166992
-38.533588	468.64572	18.176758
-38.533474	467.86688	18.186523
-38.531113	464.37589	18.196289
-38.530403	462.55856	18.206055
-38.529049	463.68146	18.21582
-38.530254	468.2312	18.225586
-38.528191	471.78244	18.235352
-38.527184	469.38696	18.245117
-38.527775	461.39508	18.254883
-38.526157	459.61572	18.264648
-38.525448	465.05771	18.274414
-38.525093	466.39285	18.28418
-38.523716	470.44455	18.293945
-38.523148	467.3522	18.303711
-38.522434	465.63495	18.313477
-38.520649	463.24857	18.323242
-38.519779	459.83228	18.333008
-38.520115	467.77795	18.342773
-38.518623	470.83627	18.352539
-38.517708	469.76196	18.362305
-38.518688	465.22473	18.37207
-38.517307	459.10623	18.381836
-38.516937	463.2233	18.391602
-38.514793	465.42563	18.401367
-38.513973	468.29987	18.411133
-38.513115	467.40979	18.420898
-38.510983	465.46283	18.430664
-38.512909	466.3381	18.44043
-38.509792	459.38278	18.450195
-38.510262	464.56693	18.459961
-38.508251	468.87613	18.469727
-38.506676	468.51981	18.479492
-38.507282	468.17148	18.489258
-38.506851	461.41727	18.499023
-38.506012	461.3623	18.508789
-38.504421	465.06058	18.518555
-38.504822	465.9292	18.52832
-38.503311	466.56726	18.538086
-38.50201	466.98431	18.547852
-38.501144	465.08694	18.557617
-38.500607	462.27798	18.567383
-38.499947	462.13474	18.577148
-38.499218	463.52286	18.586914
-38.499336	468.98453	18.59668
-38.496906	467.42184	18.606445
-38.495914	465.49127	18.616211
-38.496704	463.17529	18.625977
-38.494625	461.44492	18.635742
-38.494446	466.47855	18.645508
-38.493919	465.19681	18.655273
-38.493717	466.70172	18.665039
-38.492241	469.5589	18.674805
-38.490891	463.49231	18.68457
-38.490894	462.46927	18.694336
-38.490883	459.29437	18.704102
-38.488987	463.11804	18.713867
-38.488201	468.99228	18.723633
-38.486576	464.28717	18.733398
-38.485748	464.87527	18.743164
-38.4851	462.80399	18.75293
-38.484215	461.82883	18.762695
-38.483185	463.9133	18.772461
-38.483078	462.98236	18.782227
-38.48222	468.82007	18.791992
-38.482296	468.10138	18.801758
-38.479862	464.30151	18.811523
-38.480621	461.50336	18.821289
-38.478962	459.34839	18.831055
-38.478268	466.19952	18.84082
-38.478119	464.51794	18.850586
-38.475964	467.8714	18.860352
-38.475582	466.22354	18.870117
-38.47607	463.24966	18.879883
-38.473995	459.78476	18.889648
-38.473961	461.33331	18.899414
-38.472511	465.4342	18.90918
-38.470741	470.09372	18.918945
-38.470814	466.78543	18.928711
-38.47015	461.58911	18.938477
-38.468464	459.91443	18.948242
-38.469509	461.98944	18.958008
-38.467091	464.90195	18.967773
-38.467102	468.39343	18.977539
-38.465675	465.88007	18.987305
-38.465855	465.92401	18.99707
-38.465153	462.0015	19.006836
-38.463657	458.58838	19.016602
-38.462685	464.75098	19.026367
-38.462765	466.95422	19.036133
-38.460838	468.95309	19.045898
-38.459801	464.75342	19.055664
-38.459278	458.98911	19.06543
-38.457458	462.77933	19.075195
-38.457806	461.24631	19.084961
-38.457283	466.17316	19.094727
-38.456322	467.77878	19.104492
-38.455441	465.13028	19.114258
-38.454964	465.88742	19.124023
-38.452747	457.56879	19.133789
-38.452583	463.09329	19.143555
-38.45224	464.09271	19.15332
-38.451138	466.74313	19.163086
-38.44989	467.99258	19.172852
-38.449551	460.29538	19.182617
-38.449669	460.4393	19.192383
-38.447948	460.09537	19.202148
-38.447998	461.82877	19.211914
-38.446041	465.34042	19.22168
-38.445274	465.27673	19.231445
-38.443546	466.10791	19.241211
-38.444248	460.56229	19.250977
-38.443085	458.70145	19.260742
-38.442265	459.8143	19.270508
-38.442032	464.0119	19.280273
-38.441971	466.16272	19.290039
-38.439713	464.29202	19.299805
-38.438175	461.82114	19.30957
-38.438351	460.42566	19.319336
-38.43787	460.94333	19.329102
-38.437157	460.5575	19.338867
-38.436184	462.90265	19.348633
-38.435089	467.00204	19.358398
-38.433151	465.28323	19.368164
-38.43454	461.33575	19.37793
-38.43219	458.1188	19.387695
-38.431801	460.98547	19.397461
-38.430416	464.99319	19.407227
-38.430309	463.21484	19.416992
-38.429077	465.88681	19.426758
-38.428547	461.79453	19.436523
-38.427166	460.78384	19.446289
-38.427044	458.95673	19.456055
-38.425434	460.14273	19.46582
-38.424484	466.31848	19.475586
-38.424671	467.21558	19.485352
-38.42421	463.1911	19.495117
-38.42276	459.09689	19.504883
-38.422001	456.90298	19.514648
-38.420048	461.17664	19.524414
-38.421398	461.96735	19.53418
-38.419758	465.07169	19.543945
-38.418343	465.07721	19.553711
-38.417736	460.86938	19.563477
-38.416351	459.26855	19.573242
-38.417877	456.91568	19.583008
-38.41526	462.23187	19.592773
-38.414104	468.25983	19.602539
-38.413261	466.98932	19.612305
-38.412857	461.80042	19.62207
-38.411705	458.67831	19.631836
-38.410625	458.50378	19.641602
-38.410995	462.14478	19.651367
-38.409729	464.31186	19.661133
-38.409401	465.40652	19.670898
-38.407879	464.23813	19.680664
-38.405884	459.72653	19.69043
-38.40863	455.97202	19.700195
-38.404564	460.69778	19.709961
-38.404964	461.99893	19.719727
-38.405178	467.92947	19.729492
-38.403507	464.22794	19.739258
-38.402866	458.68283	19.749023
-38.401508	460.40918	19.758789
-38.400703	459.24408	19.768555
-38.400475	462.62997	19.77832
-38.39912	463.46478	19.788086
-38.399052	463.52145	19.797852
-38.398819	465.48016	19.807617
-38.395679	456.12653	19.817383
-38.395264	461.50473	19.827148
-38.394463	461.42987	19.836914
-38.394432	465.3374	19.84668
-38.394646	466.64572	19.856445
-38.391525	461.005	19.866211
-38.392132	460.62952	19.875977
-38.389812	460.22098	19.885742
-38.389973	461.23212	19.895508
-38.389202	462.51877	19.905273
-38.388096	462.15146	19.915039
-38.387142	465.62766	19.924805
-38.387356	461.63306	19.93457
-38.387196	457.16653	19.944336
-38.385151	459.36481	19.954102
-38.384357	462.55408	19.963867
-38.382671	464.73773	19.973633
-38.383709	461.97046	19.983398
-38.382038	462.51193	19.993164
-38.380863	461.56439	20.00293
-38.380749	459.39529	20.012695


Data Header:			0.254_solid_dimension_typeiv_090_r0			Time:	25.232422	s	4/14/2019 2:06:45 AM
Data Acquisition:	Timed
Station Name:	ft40.cfg
Test File Name:	monotonic_0.2540_typeiv_solid_090_dimension.tst
Displacement	Force	Running Time
mm	N	s
-38.380157	459.91183	20.022461
-38.378738	461.13821	20.032227
-38.379047	465.32675	20.041992
-38.377937	465.92706	20.051758
-38.376827	460.82138	20.061523
-38.375618	456.34525	20.071289
-38.375114	458.48331	20.081055
-38.374668	463.92377	20.09082
-38.37262	461.07672	20.100586
-38.371624	465.45776	20.110352
-38.37138	462.6322	20.120117
-38.370117	461.55371	20.129883
-38.370434	457.30606	20.139648
-38.367664	455.95319	20.149414
-38.368275	464.14325	20.15918
-38.368248	464.59491	20.168945
-38.366062	464.26257	20.178711
-38.367184	459.22818	20.188477
-38.365494	456.17419	20.198242
-38.363029	460.13837	20.208008
-38.364601	460.58783	20.217773
-38.362705	463.78122	20.227539
-38.361668	464.88702	20.237305
-38.361664	460.33661	20.24707
-38.359436	459.72635	20.256836
-38.35955	453.96091	20.266602
-38.35828	460.26147	20.276367
-38.357006	466.60022	20.286133
-38.356518	463.19162	20.295898
-38.355812	462.83182	20.305664
-38.354244	457.49564	20.31543
-38.354912	457.21082	20.325195
-38.354401	459.06113	20.334961
-38.353432	461.35019	20.344727
-38.352386	463.91864	20.354492
-38.350853	464.77179	20.364258
-38.35006	460.20294	20.374023
-38.349941	456.02026	20.383789
-38.348721	457.95517	20.393555
-38.347721	461.61389	20.40332
-38.34668	465.45691	20.413086
-38.346531	464.13708	20.422852
-38.345078	459.78235	20.432617
-38.344959	457.93231	20.442383
-38.344772	458.06729	20.452148
-38.341888	461.54776	20.461914
-38.342155	462.4559	20.47168
-38.341633	463.70459	20.481445
-38.340233	464.43542	20.491211
-38.340046	455.81052	20.500977
-38.33728	457.86459	20.510742
-38.338188	456.39767	20.520508
-38.33773	461.06729	20.530273
-38.336472	464.92862	20.540039
-38.336384	459.37967	20.549805
-38.334564	461.97	20.55957
-38.333797	459.84772	20.569336
-38.333454	458.78674	20.579102
-38.333107	459.94955	20.588867
-38.332157	459.32309	20.598633
-38.330685	465.75525	20.608398
-38.329926	460.51166	20.618164
-38.328831	458.68631	20.62793
-38.328022	456.18796	20.637695
-38.328049	457.68851	20.647461
-38.327248	462.28137	20.657227
-38.326073	461.07684	20.666992
-38.325283	460.44977	20.676758
-38.32407	461.71359	20.686523
-38.32415	457.29108	20.696289
-38.322578	455.58792	20.706055
-38.320549	456.92419	20.71582
-38.320522	461.95178	20.725586
-38.32003	463.41119	20.735352
-38.319599	460.35028	20.745117
-38.319149	455.27103	20.754883
-38.317791	455.03845	20.764648
-38.316635	458.34448	20.774414
-38.314789	459.56409	20.78418
-38.316483	463.59088	20.793945
-38.314098	461.1571	20.803711
-38.314186	460.82153	20.813477
-38.312202	456.43054	20.823242
-38.312042	454.32407	20.833008
-38.311352	459.94962	20.842773
-38.310066	464.06427	20.852539
-38.309013	462.58997	20.862305
-38.309837	458.30588	20.87207
-38.307468	453.5838	20.881836
-38.30798	457.73962	20.891602
-38.306755	455.14044	20.901367
-38.305538	461.84174	20.911133
-38.305313	461.59128	20.920898
-38.304497	460.69131	20.930664
-38.303547	456.85657	20.94043
-38.301266	451.53571	20.950195
-38.301762	456.10568	20.959961
-38.301521	462.98465	20.969727
-38.30027	462.06302	20.979492
-38.299961	461.06299	20.989258
-38.299412	455.01425	20.999023
-38.2971	455.35217	21.008789
-38.297447	456.43732	21.018555
-38.296471	458.64804	21.02832
-38.294601	461.82059	21.038086
-38.294559	461.76971	21.047852
-38.293465	459.34784	21.057617
-38.29277	452.4025	21.067383
-38.291004	452.83545	21.077148
-38.291649	458.79816	21.086914
-38.289627	461.49136	21.09668
-38.289291	461.08063	21.106445
-38.289131	457.9606	21.116211
-38.287323	455.86475	21.125977
-38.287659	455.23633	21.135742
-38.28587	456.74438	21.145508
-38.285526	458.22034	21.155273
-38.284508	461.1796	21.165039
-38.285015	460.22723	21.174805
-38.283207	455.78598	21.18457
-38.281174	456.01129	21.194336
-38.281517	454.75409	21.204102
-38.281113	456.89252	21.213867
-38.280041	461.57239	21.223633
-38.279694	457.97617	21.233398
-38.277412	459.68054	21.243164
-38.276531	455.18716	21.25293
-38.275097	455.26996	21.262695
-38.274937	456.27435	21.272461
-38.275063	455.27548	21.282227
-38.273869	461.79797	21.291992
-38.27446	458.48923	21.301758
-38.272038	456.99469	21.311523
-38.271179	453.41156	21.321289
-38.270615	454.44711	21.331055
-38.269669	457.58173	21.34082
-38.268291	456.34357	21.350586
-38.268089	460.0231	21.360352
-38.266724	458.24377	21.370117
-38.266632	453.73526	21.379883
-38.265957	452.4053	21.389648
-38.264744	452.86807	21.399414
-38.26577	457.6257	21.40918
-38.262959	461.99304	21.418945
-38.262451	459.08844	21.428711
-38.260754	453.86295	21.438477
-38.260597	452.06995	21.448242
-38.25972	453.31866	21.458008
-38.259022	454.09518	21.467773
-38.259109	460.06564	21.477539
-38.256805	459.84912	21.487305
-38.255989	457.67566	21.49707
-38.257092	452.71521	21.506836
-38.254219	449.45563	21.516602
-38.255154	455.40948	21.526367
-38.2537	459.98993	21.536133
-38.252876	461.26004	21.545898
-38.252274	455.16235	21.555664
-38.250946	452.4054	21.56543
-38.25082	453.47482	21.575195
-38.248875	451.1767	21.584961
-38.248524	459.26031	21.594727
-38.247135	458.46439	21.604492
-38.24641	457.367	21.614258
-38.245602	455.40875	21.624023
-38.244671	446.96948	21.633789
-38.24519	452.6077	21.643555
-38.243671	456.52341	21.65332
-38.242882	458.95044	21.663086
-38.242908	457.64157	21.672852
-38.24123	452.17993	21.682617
-38.240326	452.59531	21.692383
-38.23983	451.79184	21.702148
-38.239601	453.69312	21.711914
-38.237633	457.59857	21.72168
-38.237919	457.67291	21.731445
-38.235912	457.89224	21.741211
-38.234917	451.04385	21.750977
-38.234898	449.93356	21.760742
-38.233665	453.16064	21.770508
-38.233677	455.80307	21.780273
-38.233486	456.19839	21.790039
-38.23201	454.66034	21.799805
-38.23069	453.53293	21.80957
-38.230282	451.82278	21.819336
-38.229504	452.35303	21.829102
-38.228523	451.13498	21.838867
-38.227463	454.353	21.848633
-38.227425	457.26926	21.858398
-38.225376	452.72574	21.868164
-38.224873	452.64703	21.87793
-38.224056	448.85519	21.887695
-38.223198	454.19354	21.897461
-38.222824	455.25803	21.907227
-38.221771	452.11856	21.916992
-38.221977	455.64572	21.926758
-38.219807	453.31967	21.936523
-38.21846	452.70087	21.946289
-38.217834	448.79718	21.956055
-38.217583	449.40762	21.96582
-38.216122	456.67587	21.975586
-38.216587	455.11487	21.985352
-38.214783	454.51544	21.995117
-38.214428	449.44757	22.004883
-38.213428	448.63455	22.014648
-38.212856	452.97803	22.024414
-38.212559	450.44424	22.03418
-38.210754	455.21716	22.043945
-38.210411	455.25009	22.053711
-38.209091	451.63632	22.063477
-38.209545	450.54483	22.073242
-38.208008	444.98837	22.083008
-38.206902	452.50345	22.092773
-38.206093	458.0976	22.102539
-38.206367	455.34323	22.112305
-38.204124	450.07388	22.12207
-38.204624	446.62747	22.131836
-38.204483	447.46387	22.141602
-38.201542	449.82056	22.151367
-38.201378	453.37357	22.161133
-38.200027	454.70746	22.170898
-38.199142	454.09253	22.180664
-38.199028	448.19983	22.19043
-38.198364	445.58517	22.200195
-38.197483	448.00314	22.209961
-38.197361	454.05255	22.219727
-38.196686	455.40125	22.229492
-38.194702	451.97565	22.239258
-38.192944	446.83411	22.249023
-38.192905	447.36752	22.258789
-38.19276	444.64569	22.268555
-38.191063	450.26355	22.27832
-38.19046	450.04053	22.288086
-38.189888	452.07327	22.297852
-38.189171	451.26532	22.307617
-38.18726	442.44177	22.317383
-38.187778	444.32147	22.327148
-38.187244	446.22357	22.336914
-38.186077	450.05228	22.34668
-38.185909	448.3364	22.356445
-38.185604	444.02188	22.366211
-38.184128	443.21887	22.375977
-38.182652	440.18399	22.385742
-38.182095	438.22644	22.395508
-38.176662	-19.204203	22.405273
-38.176739	-39.348164	22.415039
-38.176067	-64.450455	22.424805
-38.176697	-41.895588	22.43457
-38.175861	-41.652111	22.444336
-38.175159	-39.375824	22.454102
-38.174332	-44.090073	22.463867
-38.174576	-41.159344	22.473633
-38.17466	-41.213726	22.483398
-38.172878	-42.201393	22.493164
-38.171745	-43.282948	22.50293
-38.172104	-44.966988	22.512695
-38.170246	-46.907764	22.522461
-38.169815	-43.163315	22.532227
-38.168877	-40.757145	22.541992
-38.168694	-42.432156	22.551758
-38.166515	-42.932049	22.561523
-38.167423	-48.638832	22.571289
-38.165554	-45.523521	22.581055
-38.165783	-43.746178	22.59082
-38.164013	-44.443924	22.600586
-38.162567	-41.819515	22.610352
-38.162342	-41.190876	22.620117
-38.161091	-44.245697	22.629883
-38.161179	-47.750488	22.639648
-38.159153	-47.0215	22.649414
-38.159454	-40.915417	22.65918
-38.157993	-41.58358	22.668945
-38.156353	-40.645313	22.678711
-38.156944	-45.967548	22.688477
-38.156406	-47.628918	22.698242
-38.156342	-45.006344	22.708008
-38.154747	-45.616451	22.717773
-38.153084	-40.735802	22.727539
-38.15234	-38.812954	22.737305
-38.1525	-43.363365	22.74707
-38.151928	-45.636215	22.756836
-38.149883	-52.607162	22.766602
-38.149868	-43.368713	22.776367
-38.149651	-39.112087	22.786133
-38.148952	-41.212257	22.795898
-38.146267	-41.010288	22.805664
-38.148346	-47.14909	22.81543
-38.146065	-47.409187	22.825195
-38.145702	-45.953972	22.834961
-38.143761	-42.695332	22.844727
-38.142941	-38.965496	22.854492
-38.141621	-40.057098	22.864258
-38.142014	-44.381897	22.874023
-38.140926	-48.785835	22.883789
-38.140404	-48.607834	22.893555
-38.139378	-40.787918	22.90332
-38.139248	-40.078846	22.913086
-38.137821	-41.978867	22.922852
-38.136513	-44.449444	22.932617
-38.135777	-46.740032	22.942383
-38.136322	-46.974667	22.952148
-38.134327	-44.567486	22.961914
-38.134296	-42.397388	22.97168
-38.132843	-41.04929	22.981445
-38.130871	-40.429165	22.991211
-38.131031	-48.880714	23.000977
-38.131004	-46.040222	23.010742
-38.12999	-47.512714	23.020508
-38.128006	-41.822449	23.030273
-38.12809	-41.20657	23.040039
-38.12756	-44.228004	23.049805
-38.12598	-43.026325	23.05957
-38.125229	-44.481491	23.069336
-38.124317	-46.913147	23.079102
-38.123661	-45.008984	23.088867
-38.12336	-43.191788	23.098633
-38.121487	-39.39772	23.108398
-38.121712	-45.915176	23.118164
-38.120171	-45.547009	23.12793
-38.119995	-46.984592	23.137695
-38.119503	-46.263226	23.147461
-38.117882	-41.25597	23.157227
-38.116856	-43.625301	23.166992
-38.116482	-42.717865	23.176758
-38.11665	-41.824104	23.186523
-38.114471	-46.965988	23.196289
-38.114029	-47.036091	23.206055
-38.112606	-45.408195	23.21582
-38.112164	-40.978397	23.225586
-38.111553	-40.783867	23.235352
-38.110874	-43.32605	23.245117
-38.110016	-45.36132	23.254883
-38.109108	-46.535809	23.264648
-38.1087	-44.041283	23.274414
-38.107384	-43.959	23.28418
-38.106548	-40.327835	23.293945
-38.106419	-41.182064	23.303711
-38.104591	-42.256935	23.313477
-38.10416	-47.846558	23.323242
-38.103371	-49.614082	23.333008
-38.102673	-43.573784	23.342773
-38.101971	-39.502354	23.352539
-38.10043	-40.785702	23.362305
-38.100204	-45.149506	23.37207
-38.098789	-47.025311	23.381836
-38.098442	-45.184303	23.391602
-38.097733	-46.654911	23.401367
-38.097343	-40.10218	23.411133
-38.097023	-40.050911	23.420898
-38.095661	-42.371246	23.430664
-38.095638	-46.390709	23.44043
-38.095211	-51.018166	23.450195
-38.092911	-45.728275	23.459961
-38.092094	-41.640636	23.469727
-38.090389	-41.437763	23.479492
-38.09066	-41.894192	23.489258
-38.090675	-46.08416	23.499023
-38.088676	-46.485401	23.508789
-38.087627	-47.43399	23.518555
-38.086754	-43.699703	23.52832
-38.08746	-40.171364	23.538086
-38.085381	-39.691025	23.547852
-38.083839	-42.348553	23.557617
-38.084724	-49.158546	23.567383
-38.083046	-48.353638	23.577148
-38.082012	-44.345932	23.586914
-38.082088	-41.920425	23.59668
-38.081211	-40.956348	23.606445
-38.079914	-43.209743	23.616211
-38.080246	-45.786366	23.625977
-38.07803	-47.606121	23.635742
-38.076916	-45.769135	23.645508
-38.07618	-45.046741	23.655273
-38.076813	-39.323128	23.665039
-38.074978	-40.598789	23.674805
-38.07378	-46.060608	23.68457
-38.073387	-46.594688	23.694336
-38.073204	-47.302761	23.704102
-38.071156	-41.462154	23.713867
-38.071308	-42.055	23.723633
-38.071484	-43.76754	23.733398
-38.069019	-41.605038	23.743164
-38.068798	-44.36771	23.75293
-38.067272	-45.442802	23.762695
-38.066792	-47.533024	23.772461
-38.065674	-45.038773	23.782227
-38.065666	-40.025177	23.791992
-38.064987	-42.976807	23.801758
-38.062698	-43.359596	23.811523
-38.063206	-47.529213	23.821289
-38.061718	-46.443611	23.831055
-38.061096	-42.397427	23.84082
-38.06028	-44.313751	23.850586
-38.060188	-41.006779	23.860352
-38.058567	-40.518784	23.870117
-38.058002	-46.804974	23.879883
-38.057686	-46.171547	23.889648
-38.055565	-48.199413	23.899414
-38.054874	-40.911911	23.90918
-38.055077	-40.058296	23.918945
-38.053661	-42.065872	23.928711
-38.054722	-45.822037	23.938477
-38.05151	-47.790558	23.948242
-38.051598	-46.510777	23.958008
-38.05061	-45.752872	23.967773
-38.050098	-41.025356	23.977539
-38.04921	-40.155571	23.987305
-38.049137	-41.800945	23.99707
-38.048092	-47.405937	24.006836
-38.047543	-50.357983	24.016602
-38.046547	-46.615929	24.026367
-38.04417	-40.248531	24.036133
-38.045135	-38.036987	24.045898
-38.042458	-42.786816	24.055664
-38.042458	-45.818008	24.06543
-38.041676	-47.130825	24.075195
-38.041988	-48.247665	24.084961
-38.040901	-41.648361	24.094727
-38.038731	-40.548477	24.104492
-38.039101	-41.010059	24.114258
-38.038429	-43.219864	24.124023
-38.037132	-50.52771	24.133789
-38.036285	-47.596375	24.143555
-38.035217	-43.357948	24.15332
-38.034363	-40.498112	24.163086
-38.033623	-40.144539	24.172852
-38.033291	-45.414112	24.182617
-38.031452	-45.253613	24.192383
-38.031101	-48.193821	24.202148
-38.029472	-46.026398	24.211914
-38.029789	-40.839413	24.22168
-38.028614	-40.65247	24.231445
-38.027435	-41.556259	24.241211
-38.026665	-47.173363	24.250977
-38.026394	-47.227974	24.260742
-38.025284	-44.506634	24.270508
-38.024879	-42.287148	24.280273
-38.02401	-40.959072	24.290039
-38.022945	-42.986629	24.299805
-38.02216	-43.922749	24.30957
-38.022106	-44.465282	24.319336
-38.020374	-46.195347	24.329102
-38.020004	-45.205246	24.338867
-38.018436	-41.953346	24.348633
-38.017555	-40.318172	24.358398
-38.016594	-44.129501	24.368164
-38.015709	-46.332977	24.37793
-38.015377	-47.636387	24.387695
-38.014759	-42.782207	24.397461
-38.013683	-41.988262	24.407227
-38.012135	-44.354233	24.416992
-38.011391	-41.745716	24.426758
-38.011475	-43.154583	24.436523
-38.010612	-45.420616	24.446289
-38.009338	-48.516113	24.456055
-38.009521	-46.639851	24.46582
-38.009396	-40.046955	24.475586
-38.007683	-41.691795	24.485352
-38.006657	-41.647625	24.495117
-38.004543	-46.558552	24.504883
-38.00491	-46.451588	24.514648
-38.004181	-43.720024	24.524414
-38.004021	-45.61488	24.53418
-38.002102	-40.61916	24.543945
-38.001686	-41.155945	24.553711
-38.001041	-44.338299	24.563477
-37.999851	-46.293427	24.573242
-38.000515	-49.003662	24.583008
-37.998882	-43.601448	24.592773
-37.998508	-40.774918	24.602539
-37.997089	-40.992069	24.612305
-37.996582	-42.359489	24.62207
-37.996582	-49.188522	24.631836
-37.993668	-47.623047	24.641602
-37.993412	-45.701099	24.651367
-37.992714	-43.621918	24.661133
-37.99226	-39.207413	24.670898
-37.991337	-41.434708	24.680664
-37.989452	-46.967445	24.69043
-37.989689	-49.447289	24.700195
-37.988239	-46.869972	24.709961
-37.988632	-41.342976	24.719727
-37.987251	-38.804886	24.729492
-37.986588	-41.99036	24.739258
-37.986713	-46.236473	24.749023
-37.984615	-45.309475	24.758789
-37.983875	-49.612373	24.768555
-37.98299	-43.015648	24.77832
-37.982567	-42.613438	24.788086
-37.982121	-40.701374	24.797852
-37.980259	-41.888721	24.807617
-37.978634	-51.045052	24.817383
-37.978195	-46.103027	24.827148
-37.97789	-45.244156	24.836914
-37.976898	-41.906029	24.84668
-37.976128	-39.843159	24.856445
-37.974831	-43.854206	24.866211
-37.975506	-44.027397	24.875977
-37.9748	-47.965038	24.885742
-37.973759	-47.721207	24.895508
-37.971695	-43.828339	24.905273
-37.971989	-40.790455	24.915039
-37.970894	-38.220161	24.924805
-37.970695	-47.270355	24.93457
-37.969597	-46.271988	24.944336
-37.967957	-46.906822	24.954102
-37.967319	-43.650459	24.963867
-37.966431	-41.602562	24.973633
-37.96566	-44.49662	24.983398
-37.964619	-43.511078	24.993164
-37.96434	-43.836704	25.00293
-37.963993	-47.327358	25.012695
-37.963501	-47.114422	25.022461
-37.961769	-43.547543	25.032227
-37.961044	-40.436684	25.041992
-37.959988	-42.410591	25.051758
-37.959431	-44.854595	25.061523
-37.958786	-46.753788	25.071289
-37.958164	-45.495682	25.081055
-37.957397	-42.961056	25.09082
-37.955956	-43.439976	25.100586
-37.954971	-40.090176	25.110352
-37.954681	-40.196228	25.120117
-37.954197	-44.273937	25.129883
-37.952435	-48.972736	25.139648
-37.952614	-47.381165	25.149414
-37.952282	-42.313496	25.15918
-37.949455	-41.490055	25.168945
-37.949604	-39.901745	25.178711
-37.947968	-45.152363	25.188477
-37.948452	-47.397144	25.198242
-37.947109	-43.633484	25.208008
-37.946327	-45.322815	25.217773
-37.945724	-40.23077	25.227539

