MTS793|BTW|ENU|1|2|.|/|:|1|0|0|A

Data Header:			0.254_hd_uprint_typeiv_090_r0			Time:	20.022949	s	4/13/2019 11:04:23 PM
Data Acquisition:	Timed
Station Name:	ft40.cfg
Test File Name:	monotonic_0.2540_typeiv_solid_4545_uprint.tst
Displacement	Force	Running Time
mm	N	s
-40.04422	-153.72784	0.028076172
-40.043053	-157.49722	0.037841797
-40.043221	-158.7749	0.047607422
-40.044163	-160.64684	0.057373047
-40.043884	-156.83928	0.067138672
-40.041721	-156.47701	0.076904297
-40.04213	-156.50217	0.086669922
-40.040161	-152.80835	0.096435547
-40.040127	-151.54659	0.10620117
-40.038319	-156.38127	0.1159668
-40.038944	-154.95296	0.12573242
-40.037426	-156.20485	0.13549805
-40.037132	-149.96355	0.14526367
-40.035755	-149.69368	0.1550293
-40.034683	-151.81525	0.16479492
-40.034309	-151.40691	0.17456055
-40.033947	-151.83627	0.18432617
-40.033592	-152.8293	0.1940918
-40.032291	-151.39728	0.20385742
-40.033031	-149.81679	0.21362305
-40.030399	-144.71211	0.22338867
-40.029854	-147.00645	0.2331543
-40.029148	-149.47061	0.24291992
-40.027473	-150.8092	0.25268555
-40.027187	-148.97218	0.26245117
-40.026169	-144.96794	0.2722168
-40.024948	-145.02286	0.28198242
-40.023716	-145.91331	0.29174805
-40.025005	-143.29878	0.30151367
-40.022415	-146.57942	0.3112793
-40.022964	-147.19678	0.32104492
-40.021919	-146.77925	0.33081055
-40.019382	-142.35419	0.34057617
-40.020031	-138.61841	0.3503418
-40.019508	-140.96043	0.36010742
-40.018955	-146.0883	0.36987305
-40.017227	-143.36685	0.37963867
-40.016823	-142.87003	0.3894043
-40.014889	-140.11153	0.39916992
-40.014652	-135.79002	0.40893555
-40.013638	-137.31958	0.41870117
-40.014198	-137.27531	0.4284668
-40.011791	-141.91008	0.43823242
-40.011387	-142.85469	0.44799805
-40.011665	-139.05194	0.45776367
-40.010277	-133.08846	0.4675293
-40.009964	-132.37256	0.47729492
-40.009022	-134.92871	0.48706055
-40.007832	-139.45956	0.49682617
-40.007523	-137.43062	0.5065918
-40.006618	-135.49054	0.51635742
-40.005001	-129.96744	0.52612305
-40.004707	-131.72247	0.53588867
-40.004112	-130.45364	0.5456543
-40.003162	-133.31696	0.55541992
-40.002205	-139.29208	0.56518555
-40.001282	-134.52551	0.57495117
-40.000713	-128.9462	0.5847168
-39.999798	-127.82322	0.59448242
-39.99905	-128.29184	0.60424805
-39.999107	-132.88585	0.61401367
-39.997215	-132.1131	0.6237793
-39.996788	-130.16031	0.63354492
-39.995235	-127.61543	0.64331055
-39.994911	-126.32825	0.65307617
-39.99387	-124.60216	0.6628418
-39.992756	-124.55475	0.67260742
-39.993065	-129.38742	0.68237305
-39.99078	-129.44774	0.69213867
-39.99044	-126.29992	0.7019043
-39.989197	-120.51704	0.71166992
-39.989769	-122.19038	0.72143555
-39.988739	-124.21265	0.73120117
-39.987213	-125.27322	0.7409668
-39.987007	-124.00323	0.75073242
-39.986359	-122.1333	0.76049805
-39.984776	-122.2066	0.77026367
-39.985394	-117.77496	0.7800293
-39.983704	-117.06989	0.78979492
-39.982304	-121.87697	0.79956055
-39.982262	-121.65588	0.80932617
-39.981358	-124.09989	0.8190918
-39.979603	-117.56143	0.82885742
-39.978596	-117.10555	0.83862305
-39.979137	-117.98949	0.84838867
-39.97747	-115.25214	0.8581543
-39.977062	-117.88881	0.86791992
-39.975777	-117.42698	0.87768555
-39.975018	-119.47767	0.88745117
-39.974499	-117.99913	0.8972168
-39.974106	-111.22729	0.90698242
-39.973183	-110.91908	0.91674805
-39.971573	-113.93987	0.92651367
-39.97118	-115.86291	0.9362793
-39.970856	-115.40143	0.94604492
-39.970284	-112.46712	0.95581055
-39.969437	-111.69829	0.96557617
-39.96854	-108.95317	0.9753418
-39.966824	-108.25814	0.98510742
-39.966488	-113.2159	0.99487305
-39.965179	-114.32829	1.0046387
-39.965252	-111.90401	1.0144043
-39.964031	-110.22459	1.0241699
-39.963337	-102.66032	1.0339355
-39.962025	-105.89291	1.0437012
-39.962379	-109.50863	1.0534668
-39.960205	-109.4509	1.0632324
-39.959461	-108.91282	1.072998
-39.958851	-106.76228	1.0827637
-39.957478	-103.86959	1.0925293
-39.958618	-103.1531	1.1022949
-39.956993	-103.48813	1.1120605
-39.955246	-108.0661	1.1218262
-39.955185	-109.14804	1.1315918
-39.95348	-105.43803	1.1413574
-39.95269	-101.11355	1.151123
-39.952545	-96.603554	1.1608887
-39.951603	-102.89346	1.1706543
-39.949009	-104.909	1.1804199
-39.949612	-103.66058	1.1901855
-39.949135	-100.88102	1.1999512
-39.948162	-96.581818	1.2097168
-39.946903	-97.35376	1.2194824
-39.947113	-95.704636	1.229248
-39.945789	-98.314102	1.2390137
-39.945194	-104.60013	1.2487793
-39.944408	-99.118355	1.2585449
-39.943806	-96.954353	1.2683105
-39.942299	-92.585579	1.2780762
-39.94162	-93.707283	1.2878418
-39.94257	-96.976685	1.2976074
-39.940845	-97.085434	1.307373
-39.939545	-95.851746	1.3171387
-39.938435	-95.722054	1.3269043
-39.938145	-91.589272	1.3366699
-39.937283	-89.951088	1.3464355
-39.93549	-89.373924	1.3562012
-39.934933	-93.115059	1.3659668
-39.934227	-95.060135	1.3757324
-39.933559	-91.234047	1.385498
-39.932854	-89.486916	1.3952637
-39.93227	-87.659081	1.4050293
-39.93095	-86.849403	1.4147949
-39.930923	-90.507835	1.4245605
-39.929382	-89.151733	1.4343262
-39.929836	-90.613968	1.4440918
-39.928116	-91.434792	1.4538574
-39.928028	-85.706367	1.463623
-39.926521	-85.062378	1.4733887
-39.925934	-85.152779	1.4831543
-39.925148	-85.095215	1.4929199
-39.924953	-89.324898	1.5026855
-39.922668	-87.258316	1.5124512
-39.922737	-84.17569	1.5222168
-39.922562	-83.322182	1.5319824
-39.921505	-79.640816	1.541748
-39.920044	-81.55117	1.5515137
-39.91925	-81.682579	1.5612793
-39.917431	-86.535431	1.5710449
-39.91647	-84.506035	1.5808105
-39.917477	-78.263809	1.5905762
-39.915531	-76.753311	1.6003418
-39.915119	-77.469322	1.6101074
-39.914154	-82.675522	1.619873
-39.914616	-83.858459	1.6296387
-39.914101	-79.522789	1.6394043
-39.911224	-77.681259	1.6491699
-39.911392	-74.379478	1.6589355
-39.910233	-73.991615	1.6687012
-39.909279	-77.928123	1.6784668
-39.908279	-78.359772	1.6882324
-39.908039	-81.898994	1.697998
-39.907932	-76.498016	1.7077637
-39.906784	-69.905807	1.7175293
-39.905155	-69.828415	1.7272949
-39.904152	-74.681633	1.7370605
-39.902985	-77.750771	1.7468262
-39.903423	-76.491524	1.7565918
-39.901737	-73.276505	1.7663574
-39.89991	-69.098068	1.776123
-39.901024	-69.172363	1.7858887
-39.899483	-68.434151	1.7956543
-39.899166	-73.225922	1.8054199
-39.898052	-74.696571	1.8151855
-39.896206	-71.325394	1.8249512
-39.896652	-67.811981	1.8347168
-39.895996	-64.550102	1.8444824
-39.894508	-67.72448	1.854248
-39.894169	-71.119682	1.8640137
-39.891827	-71.130608	1.8737793
-39.892609	-68.081436	1.8835449
-39.892712	-64.836617	1.8933105
-39.890007	-64.264458	1.9030762
-39.890572	-61.615101	1.9128418
-39.888279	-61.690369	1.9226074
-39.889153	-67.581001	1.932373
-39.887039	-64.960884	1.9421387
-39.887012	-65.658066	1.9519043
-39.884739	-60.038921	1.9616699
-39.884712	-58.976681	1.9714355
-39.884525	-62.181778	1.9812012
-39.882462	-62.082199	1.9909668
-39.881977	-62.931248	2.0007324
-39.881802	-63.970699	2.010498
-39.88129	-59.830322	2.0202637
-39.879814	-58.575996	2.0300293
-39.879566	-56.112503	2.0397949
-39.878395	-58.937832	2.0495605
-39.877335	-61.060753	2.0593262
-39.877544	-61.387478	2.0690918
-39.876404	-58.430595	2.0788574
-39.875435	-54.970558	2.088623
-39.875027	-54.819744	2.0983887
-39.873642	-54.658539	2.1081543
-39.872997	-54.817299	2.1179199
-39.872185	-56.514885	2.1276855
-39.870022	-58.338276	2.1374512
-39.869671	-55.20129	2.1472168
-39.870068	-51.877361	2.1569824
-39.868931	-48.678207	2.166748
-39.867329	-51.529465	2.1765137
-39.866962	-55.915485	2.1862793
-39.866383	-53.045403	2.1960449
-39.865749	-52.190559	2.2058105
-39.864342	-49.704594	2.2155762
-39.863655	-46.768227	2.2253418
-39.862396	-47.784176	2.2351074
-39.861866	-48.798885	2.244873
-39.862297	-52.820148	2.2546387
-39.859932	-51.686741	2.2644043
-39.859692	-45.945736	2.2741699
-39.85918	-44.175518	2.2839355
-39.858578	-43.505714	2.2937012
-39.857597	-47.837711	2.3034668
-39.858337	-50.387032	2.3132324
-39.856598	-47.615826	2.322998
-39.854549	-45.136257	2.3327637
-39.85302	-40.867207	2.3425293
-39.853016	-40.489742	2.3522949
-39.852943	-42.770634	2.3620605
-39.852345	-44.099094	2.3718262
-39.851383	-50.141205	2.3815918
-39.850151	-45.730728	2.3913574
-39.848789	-37.551201	2.401123
-39.847984	-37.37553	2.4108887
-39.847527	-40.613361	2.4206543
-39.846905	-43.063332	2.4304199
-39.846149	-43.810791	2.4401855
-39.84515	-40.659531	2.4499512
-39.844643	-36.846523	2.4597168
-39.842491	-35.30056	2.4694824
-39.843163	-34.595718	2.479248
-39.841709	-37.117603	2.4890137
-39.8405	-41.158886	2.4987793
-39.840767	-40.643055	2.5085449
-39.839798	-35.515266	2.5183105
-39.838642	-31.107496	2.5280762
-39.837589	-32.212776	2.5378418
-39.836823	-35.308804	2.5476074
-39.835278	-37.068768	2.557373
-39.836002	-36.470966	2.5671387
-39.833126	-33.662132	2.5769043
-39.83305	-32.932545	2.5866699
-39.832584	-29.546568	2.5964355
-39.832336	-29.210157	2.6062012
-39.83213	-33.578552	2.6159668
-39.829792	-33.67363	2.6257324
-39.829762	-34.307755	2.635498
-39.828983	-27.173798	2.6452637
-39.826374	-27.216076	2.6550293
-39.82737	-28.654379	2.6647949
-39.82687	-28.29248	2.6745605
-39.82653	-30.105722	2.6843262
-39.825417	-29.937403	2.6940918
-39.822819	-30.197962	2.7038574
-39.822815	-26.6688	2.713623
-39.822357	-22.909243	2.7233887
-39.821026	-23.060442	2.7331543
-39.821007	-25.671791	2.7429199
-39.819958	-27.857258	2.7526855
-39.819138	-27.252157	2.7624512
-39.818119	-22.243113	2.7722168
-39.818001	-21.376287	2.7819824
-39.816547	-21.681711	2.791748
-39.8153	-21.253674	2.8015137
-39.814934	-24.283695	2.8112793
-39.813915	-25.538633	2.8210449
-39.813278	-23.422041	2.8308105
-39.812847	-20.033764	2.8405762
-39.810837	-15.249907	2.8503418
-39.810867	-18.319834	2.8601074
-39.810505	-23.183884	2.869873
-39.80946	-23.4496	2.8796387
-39.810173	-19.887226	2.8894043
-39.807171	-17.519905	2.8991699
-39.806206	-13.098297	2.9089355
-39.805271	-16.578688	2.9187012
-39.805023	-14.623184	2.9284668
-39.805183	-20.546509	2.9382324
-39.804245	-21.384542	2.947998
-39.803074	-15.25581	2.9577637
-39.802444	-12.559773	2.9675293
-39.800758	-7.7832475	2.9772949
-39.800819	-16.486883	2.9870605
-39.799606	-18.067915	2.9968262
-39.798065	-14.771545	3.0065918
-39.79792	-13.24701	3.0163574
-39.797462	-9.189642	3.026123
-39.79512	-9.0759764	3.0358887
-39.795174	-8.5001678	3.0456543
-39.793549	-11.51244	3.0554199
-39.794788	-15.144494	3.0651855
-39.793163	-13.515263	3.0749512
-39.79248	-6.8020325	3.0847168
-39.791935	-4.431324	3.0944824
-39.790207	-5.3179927	3.104248
-39.789528	-10.029757	3.1140137
-39.789028	-10.703603	3.1237793
-39.788448	-8.8087177	3.1335449
-39.787704	-6.8082461	3.1433105
-39.786633	-3.9687366	3.1530762
-39.785927	-2.9456275	3.1628418
-39.784916	-4.871582	3.1726074
-39.784512	-7.3771977	3.182373
-39.784573	-9.0762348	3.1921387
-39.782223	-4.7550473	3.2019043
-39.781361	0.85801923	3.2116699
-39.779984	-2.039737	3.2214355
-39.780155	-1.0777745	3.2312012
-39.778954	-4.5755429	3.2409668
-39.778721	-1.9461837	3.2507324
-39.777653	-1.1765889	3.260498
-39.776371	-1.7298089	3.2702637
-39.775555	2.0775352	3.2800293
-39.77483	2.3898659	3.2897949
-39.774628	1.5677724	3.2995605
-39.773087	0.19526543	3.3093262
-39.773418	-2.1265478	3.3190918
-39.771481	2.4460104	3.3288574
-39.772091	5.0062685	3.338623
-39.769882	4.8268266	3.3483887
-39.769794	6.4403882	3.3581543
-39.768581	3.1970768	3.3679199
-39.767872	3.6022356	3.3776855
-39.767033	2.2606127	3.3874512
-39.766602	4.4066401	3.3972168
-39.765068	10.510495	3.4069824
-39.764641	10.83541	3.416748
-39.763779	7.3810883	3.4265137
-39.762383	4.9004946	3.4362793
-39.762146	4.6119223	3.4460449
-39.761265	9.9658613	3.4558105
-39.760437	10.641954	3.4655762
-39.759163	13.423642	3.4753418
-39.759357	13.302146	3.4851074
-39.758183	10.758883	3.494873
-39.757351	7.0361643	3.5046387
-39.755569	10.383283	3.5144043
-39.755756	11.131366	3.5241699
-39.753929	17.053501	3.5339355
-39.754482	17.035042	3.5437012
-39.75246	11.570817	3.5534668
-39.752228	10.151538	3.5632324
-39.751434	11.838168	3.572998
-39.750786	14.838094	3.5827637
-39.750397	19.083092	3.5925293
-39.749428	17.549553	3.6022949
-39.748196	19.859642	3.6120605
-39.748051	13.332129	3.6218262
-39.745583	11.08127	3.6315918
-39.745705	16.816635	3.6413574
-39.745232	21.189716	3.651123
-39.744267	25.838676	3.6608887
-39.743641	20.461475	3.6706543
-39.742443	17.335005	3.6804199
-39.742588	17.488554	3.6901855
-39.740097	18.236567	3.6999512
-39.740044	23.491417	3.7097168
-39.74017	23.48382	3.7194824
-39.739075	25.766386	3.729248
-39.738625	23.247704	3.7390137
-39.736996	17.825058	3.7487793
-39.736355	21.647255	3.7585449
-39.735359	24.276665	3.7683105
-39.73423	28.432936	3.7780762
-39.732262	28.872131	3.7878418
-39.732506	23.864614	3.7976074
-39.732376	24.354792	3.807373
-39.73093	25.972631	3.8171387
-39.73074	26.730579	3.8269043
-39.731476	26.683498	3.8366699
-39.730392	29.701599	3.8464355
-39.727737	31.730331	3.8562012
-39.725998	27.104202	3.8659668
-39.72628	26.048391	3.8757324
-39.725468	26.135006	3.885498
-39.725609	31.119181	3.8952637
-39.724716	32.660069	3.9050293
-39.722332	33.00811	3.9147949
-39.722736	30.875547	3.9245605
-39.721313	31.557049	3.9343262
-39.720928	31.129662	3.9440918
-39.719864	30.489719	3.9538574
-39.718494	34.594772	3.963623
-39.718079	37.044018	3.9733887
-39.716824	35.706196	3.9831543
-39.716782	35.040428	3.9929199
-39.715237	32.195126	4.0026855
-39.714314	35.09565	4.0124512
-39.714001	39.726757	4.0222168
-39.713257	37.435017	4.0319824
-39.712616	40.065815	4.041748
-39.712048	38.753334	4.0515137
-39.710861	38.116795	4.0612793
-39.710587	35.622051	4.0710449
-39.708832	34.749397	4.0808105
-39.707375	42.092941	4.0905762
-39.707047	44.71888	4.1003418
-39.707245	45.730034	4.1101074
-39.705917	38.520561	4.119873
-39.706097	37.777946	4.1296387
-39.705078	41.264221	4.1394043
-39.703167	43.292625	4.1491699
-39.702557	47.46283	4.1589355
-39.701897	46.398342	4.1687012
-39.70277	45.390419	4.1784668
-39.701061	42.221813	4.1882324
-39.698902	39.948925	4.197998
-39.699131	44.361843	4.2077637
-39.698589	50.541878	4.2175293
-39.696468	51.098526	4.2272949
-39.696327	46.485294	4.2370605
-39.69503	43.397362	4.2468262
-39.694641	44.319088	4.2565918
-39.694508	47.852776	4.2663574
-39.693066	50.774525	4.276123
-39.691475	50.894981	4.2858887
-39.690536	52.081051	4.2956543
-39.690693	47.674622	4.3054199
-39.689392	45.557079	4.3151855
-39.688698	48.012589	4.3249512
-39.688469	51.707275	4.3347168
-39.687386	57.003414	4.3444824
-39.6852	53.20332	4.354248
-39.685326	51.778816	4.3640137
-39.684429	49.160782	4.3737793
-39.684254	51.813145	4.3835449
-39.683895	56.053158	4.3933105
-39.683067	56.15424	4.4030762
-39.681656	59.213776	4.4128418
-39.680912	57.744041	4.4226074
-39.68063	52.082359	4.432373
-39.679153	55.185822	4.4421387
-39.678921	55.850113	4.4519043
-39.677052	61.21394	4.4616699
-39.676704	62.009613	4.4714355
-39.675594	56.582928	4.4812012
-39.675186	59.938988	4.4909668
-39.673958	58.744267	4.5007324
-39.673912	59.377163	4.510498
-39.672863	60.79726	4.5202637
-39.671333	62.082371	4.5300293
-39.670334	65.004311	4.5397949
-39.671062	64.631317	4.5495605
-39.66917	59.808704	4.5593262
-39.669067	60.652756	4.5690918
-39.669071	64.172127	4.5788574
-39.666164	66.57856	4.588623
-39.665611	65.80265	4.5983887
-39.665199	65.540756	4.6081543
-39.663849	64.448311	4.6179199
-39.663769	65.613495	4.6276855
-39.662781	61.276943	4.6374512
-39.662315	66.332443	4.6472168
-39.660519	69.80336	4.6569824
-39.660259	72.307083	4.666748
-39.660225	69.711403	4.6765137
-39.659462	64.535004	4.6862793
-39.65839	67.383492	4.6960449
-39.656471	67.307159	4.7058105
-39.656151	71.806076	4.7155762
-39.655746	73.570717	4.7253418
-39.654438	71.212067	4.7351074
-39.654324	71.965218	4.744873
-39.653229	68.577286	4.7546387
-39.652592	67.756203	4.7644043
-39.651794	73.137566	4.7741699
-39.650318	77.007263	4.7839355
-39.650883	78.073875	4.7937012
-39.649143	72.2453	4.8034668
-39.647736	70.793785	4.8132324
-39.647881	74.429672	4.822998
-39.646069	75.447304	4.8327637
-39.646839	79.031372	4.8425293
-39.64518	79.616646	4.8522949
-39.6441	77.975548	4.8620605
-39.643105	75.790459	4.8718262
-39.643074	72.170013	4.8815918
-39.642479	76.458748	4.8913574
-39.641068	81.514374	4.901123
-39.641449	84.051682	4.9108887
-39.638664	81.972656	4.9206543
-39.637604	76.564293	4.9304199
-39.637016	75.884026	4.9401855
-39.635925	80.779076	4.9499512
-39.635715	82.657127	4.9597168
-39.635769	86.565361	4.9694824
-39.634754	86.210419	4.979248
-39.633827	82.70665	4.9890137
-39.632595	79.367264	4.9987793
-39.631824	80.711273	5.0085449
-39.631508	84.595375	5.0183105
-39.631058	89.755005	5.0280762
-39.628777	87.479538	5.0378418
-39.629097	84.049225	5.0476074
-39.628048	83.253456	5.057373
-39.626072	84.943634	5.0671387
-39.626286	87.908577	5.0769043
-39.62598	87.109558	5.0866699
-39.625679	89.69545	5.0964355
-39.623863	92.768097	5.1062012
-39.623726	86.986084	5.1159668
-39.622231	88.52005	5.1257324
-39.621067	85.405045	5.135498
-39.620548	92.560135	5.1452637
-39.62011	92.947365	5.1550293
-39.619339	93.240906	5.1647949
-39.618343	92.316292	5.1745605
-39.618061	91.168343	5.1843262
-39.615837	89.967087	5.1940918
-39.617226	93.118591	5.2038574
-39.615158	93.379585	5.213623
-39.614567	99.631035	5.2233887
-39.612789	99.129074	5.2331543
-39.612152	94.583122	5.2429199
-39.612827	91.850784	5.2526855
-39.610596	92.946808	5.2624512
-39.60984	97.993935	5.2722168
-39.608372	98.050385	5.2819824
-39.608494	99.952332	5.291748
-39.607433	99.187744	5.3015137
-39.607548	96.570053	5.3112793
-39.606106	95.03495	5.3210449
-39.605522	97.07917	5.3308105
-39.605305	99.836555	5.3405762
-39.603542	107.11681	5.3503418
-39.6026	102.37912	5.3601074
-39.601555	97.216621	5.369873
-39.601055	99.547241	5.3796387
-39.599991	99.952156	5.3894043
-39.598923	103.97789	5.3991699
-39.59713	106.80559	5.4089355
-39.598812	104.17043	5.4187012
-39.596859	105.58865	5.4284668
-39.596489	99.769005	5.4382324
-39.595291	99.901764	5.447998
-39.594589	105.1132	5.4577637
-39.594345	109.74287	5.4675293
-39.592373	112.66276	5.4772949
-39.591518	103.84865	5.4870605
-39.591808	102.68363	5.4968262
-39.589558	104.35522	5.5065918
-39.58979	107.37409	5.5163574
-39.58942	111.62656	5.526123
-39.58794	112.29499	5.5358887
-39.586079	111.633	5.5456543
-39.587376	110.37232	5.5554199
-39.585938	104.22571	5.5651855
-39.584557	108.70496	5.5749512
-39.584564	112.85925	5.5847168
-39.583298	115.93933	5.5944824
-39.582413	114.6304	5.604248
-39.582043	107.72293	5.6140137
-39.580315	109.56271	5.6237793
-39.579998	111.68464	5.6335449
-39.578621	114.1179	5.6433105
-39.578335	116.05763	5.6530762
-39.577374	118.96818	5.6628418
-39.57777	115.87222	5.6726074
-39.576733	112.838	5.682373
-39.574707	112.64084	5.6921387
-39.574287	115.30207	5.7019043
-39.574314	120.71413	5.7116699
-39.5723	119.14262	5.7214355
-39.570759	118.34142	5.7312012
-39.571388	116.96172	5.7409668
-39.570766	117.84611	5.7507324
-39.568298	118.51141	5.760498
-39.569866	118.00375	5.7702637
-39.566925	123.64448	5.7800293
-39.565907	124.48434	5.7897949
-39.566666	121.51108	5.7995605
-39.564472	119.85639	5.8093262
-39.564648	117.66713	5.8190918
-39.563473	124.15327	5.8288574
-39.562969	126.53141	5.838623
-39.562096	124.27376	5.8483887
-39.561752	127.63325	5.8581543
-39.561832	124.28176	5.8679199
-39.560234	123.88374	5.8776855
-39.558495	121.62386	5.8874512
-39.558174	123.43111	5.8972168
-39.557697	128.9386	5.9069824
-39.556641	130.8373	5.916748
-39.555401	129.84261	5.9265137
-39.554379	125.45681	5.9362793
-39.553108	124.46107	5.9460449
-39.552452	130.48944	5.9558105
-39.551731	128.80411	5.9655762
-39.551861	132.85034	5.9753418
-39.549873	133.27277	5.9851074
-39.549618	128.4438	5.994873
-39.548332	127.63655	6.0046387
-39.549091	126.6916	6.0144043
-39.547615	131.96443	6.0241699
-39.546555	137.51328	6.0339355
-39.545193	136.19568	6.0437012
-39.54314	130.6734	6.0534668
-39.544193	130.07494	6.0632324
-39.544941	130.67671	6.072998
-39.543568	135.4324	6.0827637
-39.542416	138.80035	6.0925293
-39.540749	138.11697	6.1022949
-39.539925	137.96536	6.1120605
-39.538918	133.70352	6.1218262
-39.538212	132.90054	6.1315918
-39.537437	135.68839	6.1413574
-39.537209	141.00154	6.151123
-39.536095	144.46214	6.1608887
-39.534832	138.77637	6.1706543
-39.533527	136.91605	6.1804199
-39.53331	136.03775	6.1901855
-39.533195	138.65883	6.1999512
-39.532539	142.87547	6.2097168
-39.530998	144.12422	6.2194824
-39.530354	143.42682	6.229248
-39.528393	142.97832	6.2390137
-39.529076	137.11124	6.2487793
-39.527721	141.40013	6.2585449
-39.52718	143.20404	6.2683105
-39.526997	145.75621	6.2780762
-39.526325	148.4429	6.2878418
-39.524223	142.72752	6.2976074
-39.523304	141.86563	6.307373
-39.522465	143.06946	6.3171387
-39.52121	145.66614	6.3269043
-39.52142	148.34782	6.3366699
-39.520172	146.79582	6.3464355
-39.520107	149.83655	6.3562012
-39.51833	147.58405	6.3659668
-39.518932	144.51309	6.3757324
-39.517754	146.59515	6.385498
-39.516186	150.9756	6.3952637
-39.514324	151.72729	6.4050293
-39.515369	151.46207	6.4147949
-39.513222	151.09839	6.4245605
-39.513	150.86366	6.4343262
-39.512135	150.62151	6.4440918
-39.511951	149.64319	6.4538574
-39.510731	151.65488	6.463623
-39.51059	155.36095	6.4733887
-39.509052	157.60443	6.4831543
-39.507999	153.36433	6.4929199
-39.507053	148.55379	6.5026855
-39.507652	153.10425	6.5124512
-39.507427	155.1758	6.5222168
-39.50523	157.27992	6.5319824
-39.504776	159.62515	6.541748
-39.503914	155.27032	6.5515137
-39.502472	156.82083	6.5612793
-39.501812	152.84305	6.5710449
-39.500969	154.4711	6.5808105
-39.500637	159.88324	6.5905762
-39.499947	163.48387	6.6003418
-39.49934	162.42519	6.6101074
-39.497993	156.27525	6.619873
-39.496647	154.95139	6.6296387
-39.497398	159.71767	6.6394043
-39.495407	161.70924	6.6491699
-39.494194	165.7941	6.6589355
-39.494705	164.66145	6.6687012
-39.492161	162.68475	6.6784668
-39.492733	159.8649	6.6882324
-39.49295	158.19583	6.697998
-39.490097	162.7982	6.7077637
-39.48888	169.30954	6.7175293
-39.48822	167.76942	6.7272949
-39.488037	164.22978	6.7370605
-39.486397	161.50299	6.7468262
-39.486732	161.08676	6.7565918
-39.485287	166.35559	6.7663574
-39.484463	167.99483	6.776123
-39.482918	169.08945	6.7858887
-39.483551	169.76456	6.7956543
-39.481262	166.79198	6.8054199
-39.480968	164.74239	6.8151855
-39.481243	166.3394	6.8249512
-39.479301	168.89983	6.8347168
-39.478916	173.32129	6.8444824
-39.477806	171.21384	6.854248
-39.476849	168.12473	6.8640137
-39.476971	166.14249	6.8737793
-39.47472	168.37511	6.8835449
-39.475838	172.31091	6.8933105
-39.475216	173.39485	6.9030762
-39.472298	176.81201	6.9128418
-39.472244	175.19734	6.9226074
-39.472111	170.13657	6.932373
-39.471272	173.54628	6.9421387
-39.470203	172.84984	6.9519043
-39.469463	177.62088	6.9616699
-39.469074	179.57173	6.9714355
-39.467606	174.34207	6.9812012
-39.466965	175.09399	6.9909668
-39.465656	175.80777	7.0007324
-39.465084	176.31677	7.010498
-39.465252	178.22487	7.0202637
-39.464474	180.34032	7.0300293
-39.462784	184.23784	7.0397949
-39.462326	180.00888	7.0495605
-39.461815	178.80853	7.0593262
-39.459774	176.16061	7.0690918
-39.458912	179.82367	7.0788574
-39.458782	183.32838	7.088623
-39.457161	183.29716	7.0983887
-39.457584	184.05214	7.1081543
-39.456242	183.07005	7.1179199
-39.455772	182.29285	7.1276855
-39.454414	180.67198	7.1374512
-39.454041	184.4444	7.1472168
-39.45245	185.59103	7.1569824
-39.452396	190.64639	7.166748
-39.451298	186.35687	7.1765137
-39.451813	182.1322	7.1862793
-39.450283	182.7115	7.1960449
-39.449165	184.89125	7.2058105
-39.447067	189.16394	7.2155762
-39.446934	191.59331	7.2253418
-39.445396	188.44905	7.2351074
-39.445606	188.25664	7.244873
-39.444393	185.10042	7.2546387
-39.443497	183.4995	7.2644043
-39.44331	190.81601	7.2741699
-39.442768	193.54926	7.2839355
-39.440987	194.50577	7.2937012
-39.441593	189.33102	7.3034668
-39.440495	186.34023	7.3132324
-39.438969	189.90034	7.322998
-39.437771	191.30128	7.3327637
-39.437241	196.09628	7.3425293
-39.436554	196.70995	7.3522949
-39.436878	194.55624	7.3620605
-39.434418	193.50751	7.3718262
-39.435341	189.3604	7.3815918
-39.433422	194.2224	7.3913574
-39.431969	199.94154	7.401123
-39.431797	199.98627	7.4108887
-39.430531	198.49507	7.4206543
-39.430595	192.68379	7.4304199
-39.42952	193.01979	7.4401855
-39.427929	196.72887	7.4499512
-39.4277	198.17899	7.4597168
-39.427444	200.87938	7.4694824
-39.426159	203.12849	7.479248
-39.425873	199.82097	7.4890137
-39.424397	196.74564	7.4987793
-39.423904	198.04826	7.5085449
-39.422497	201.82523	7.5183105
-39.421822	206.84357	7.5280762
-39.42186	203.60083	7.5378418
-39.422478	201.67128	7.5476074
-39.419529	200.61722	7.557373
-39.418995	200.80397	7.5671387
-39.417709	204.00323	7.5769043
-39.416912	203.672	7.5866699
-39.415829	206.96814	7.5964355
-39.416481	206.64474	7.6062012
-39.415485	203.87904	7.6159668
-39.413864	204.17706	7.6257324
-39.412563	202.681	7.635498
-39.412762	207.3672	7.6452637
-39.411709	209.77254	7.6550293
-39.410675	207.65211	7.6647949
-39.409065	208.25067	7.6745605
-39.408829	206.99071	7.6843262
-39.407665	206.76352	7.6940918
-39.407909	208.78255	7.7038574
-39.407555	207.74535	7.713623
-39.405949	215.73338	7.7233887
-39.404369	213.13504	7.7331543
-39.40419	211.45094	7.7429199
-39.403019	207.96121	7.7526855
-39.402405	209.08336	7.7624512
-39.401592	212.62314	7.7722168
-39.400448	215.25935	7.7819824
-39.400299	213.97049	7.791748
-39.399391	215.55006	7.8015137
-39.398972	212.39909	7.8112793
-39.396793	210.96104	7.8210449
-39.396904	211.9977	7.8308105
-39.396557	216.32098	7.8405762
-39.396233	221.49118	7.8503418
-39.394588	218.86519	7.8601074
-39.393562	212.05016	7.869873
-39.393051	212.93498	7.8796387
-39.391354	215.96768	7.8894043
-39.391312	218.48404	7.8991699
-39.390518	222.78703	7.9089355
-39.389355	220.29768	7.9187012
-39.388409	220.37971	7.9284668
-39.388161	215.93575	7.9382324
-39.386627	214.3728	7.947998
-39.386509	220.48152	7.9577637
-39.387238	224.78372	7.9675293
-39.384136	228.79912	7.9772949
-39.383659	220.90495	7.9870605
-39.383389	219.22308	7.9968262
-39.381668	219.69612	8.0065918
-39.38187	221.79698	8.0163574
-39.379944	227.53177	8.026123
-39.38089	225.39854	8.0358887
-39.378971	228.76355	8.0456543
-39.378532	223.87013	8.0554199
-39.378567	220.03918	8.0651855
-39.375984	224.85884	8.0749512
-39.376141	227.42784	8.0847168
-39.374317	231.43286	8.0944824
-39.37347	229.23932	8.104248
-39.374271	223.85742	8.1140137
-39.37167	223.38593	8.1237793
-39.372135	228.32703	8.1335449
-39.371109	229.91202	8.1433105
-39.370213	230.07166	8.1530762
-39.369457	233.34201	8.1628418
-39.368404	231.8266	8.1726074
-39.36747	229.52464	8.182373
-39.366924	228.22897	8.1921387
-39.366116	230.49922	8.2019043
-39.365437	236.381	8.2116699
-39.365761	234.72701	8.2214355
-39.363705	233.05444	8.2312012
-39.362652	231.28419	8.2409668
-39.362484	230.55208	8.2507324
-39.360691	233.56589	8.260498
-39.36005	233.26222	8.2702637
-39.359478	236.34406	8.2800293
-39.358898	238.07889	8.2897949
-39.357224	236.41722	8.2995605
-39.357437	233.83267	8.3093262
-39.356369	231.00951	8.3190918
-39.356163	237.21255	8.3288574
-39.355305	238.88327	8.338623
-39.353367	238.31987	8.3483887
-39.352383	241.51414	8.3581543
-39.351242	239.00107	8.3679199
-39.350605	237.56268	8.3776855
-39.350239	236.2173	8.3874512
-39.348919	237.16527	8.3972168
-39.348728	244.54478	8.4069824
-39.348663	243.98712	8.416748
-39.346695	242.40799	8.4265137
-39.346233	237.54987	8.4362793
-39.345463	238.08099	8.4460449
-39.344521	243.10548	8.4558105
-39.344288	244.19585	8.4655762
-39.341972	248.18324	8.4753418
-39.342415	246.31653	8.4851074
-39.341015	243.68913	8.494873
-39.340443	242.15921	8.5046387
-39.340225	240.89879	8.5144043
-39.338505	244.91998	8.5241699
-39.337357	252.8936	8.5339355
-39.337299	250.37506	8.5437012
-39.336662	246.48434	8.5534668
-39.335773	242.76526	8.5632324
-39.334812	243.87204	8.572998
-39.334473	249.37898	8.5827637
-39.333393	253.4684	8.5925293
-39.331646	250.82698	8.6022949
-39.330563	251.47194	8.6120605
-39.3311	247.13501	8.6218262
-39.330097	245.08894	8.6315918
-39.329941	249.75427	8.6413574
-39.328228	253.62766	8.651123
-39.327217	258.64749	8.6608887
-39.328472	254.40829	8.6706543
-39.325661	249.3815	8.6804199
-39.32526	249.40138	8.6901855
-39.324245	252.93953	8.6999512
-39.324219	257.49921	8.7097168
-39.323021	256.78058	8.7194824
-39.322533	257.19141	8.729248
-39.322014	255.90027	8.7390137
-39.321186	249.56943	8.7487793
-39.319416	254.16461	8.7585449
-39.319302	255.37381	8.7683105
-39.318226	261.01938	8.7780762
-39.317455	261.73151	8.7878418
-39.316433	255.17226	8.7976074
-39.315311	255.31834	8.807373
-39.316238	257.51318	8.8171387
-39.314369	257.20398	8.8269043
-39.312492	261.1109	8.8366699
-39.310867	262.2612	8.8464355
-39.310665	263.13989	8.8562012
-39.310581	261.9075	8.8659668
-39.309738	259.84897	8.8757324
-39.308338	258.87506	8.885498
-39.307449	263.12503	8.8952637
-39.307678	266.22656	8.9050293
-39.307648	267.52576	8.9147949
-39.30587	265.21017	8.9245605
-39.304741	264.02399	8.9343262
-39.305355	262.5217	8.9440918
-39.303215	263.28134	8.9538574
-39.303005	266.38943	8.963623
-39.301792	267.80414	8.9733887
-39.301357	269.10251	8.9831543
-39.300022	266.29752	8.9929199
-39.29982	261.76047	9.0026855
-39.298248	264.94016	9.0124512
-39.297054	268.04678	9.0222168
-39.295727	270.90286	9.0319824
-39.296543	272.73288	9.041748
-39.294441	268.10635	9.0515137
-39.294659	267.87091	9.0612793
-39.293411	267.64792	9.0710449
-39.293262	265.88168	9.0808105
-39.29203	273.72354	9.0905762
-39.290752	275.62219	9.1003418
-39.289551	275.00583	9.1101074
-39.289589	268.51492	9.119873
-39.287868	267.32858	9.1296387
-39.28812	271.92932	9.1394043
-39.286907	272.52975	9.1491699
-39.28743	279.11694	9.1589355
-39.285046	276.11206	9.1687012
-39.284752	273.25021	9.1784668
-39.284451	271.2421	9.1882324
-39.282654	269.23889	9.197998
-39.281429	275.59525	9.2077637
-39.280716	281.1716	9.2175293
-39.279755	281.39157	9.2272949
-39.279755	276.46671	9.2370605
-39.279133	274.16846	9.2468262
-39.278347	273.88174	9.2565918
-39.277195	279.61908	9.2663574
-39.274715	281.11438	9.276123
-39.275131	281.30441	9.2858887
-39.274658	281.66791	9.2956543
-39.273975	277.34567	9.3054199
-39.273708	275.50183	9.3151855
-39.272636	279.38281	9.3249512
-39.271858	283.4744	9.3347168
-39.269875	287.74973	9.3444824
-39.269466	284.8111	9.354248
-39.269096	280.55649	9.3640137
-39.268127	278.98727	9.3737793
-39.265839	280.82516	9.3835449
-39.266434	285.07074	9.3933105
-39.26685	284.59476	9.4030762
-39.26498	287.66998	9.4128418
-39.265175	286.47067	9.4226074
-39.263977	282.92471	9.432373
-39.263218	284.25906	9.4421387
-39.260914	283.46317	9.4519043
-39.26025	290.25177	9.4616699
-39.259266	290.80829	9.4714355
-39.259937	288.08179	9.4812012
-39.25898	286.68127	9.4909668
-39.257435	286.41211	9.5007324
-39.256836	288.66556	9.510498
-39.25555	290.41525	9.5202637
-39.25388	291.11365	9.5300293
-39.253254	294.77893	9.5397949
-39.253418	294.75891	9.5495605
-39.252853	290.15488	9.5593262
-39.250896	287.26883	9.5690918
-39.251461	291.18353	9.5788574
-39.250149	294.41873	9.588623
-39.249504	294.94211	9.5983887
-39.249863	295.22012	9.6081543
-39.247623	293.49927	9.6179199
-39.246704	292.86874	9.6276855
-39.245987	291.81616	9.6374512
-39.244774	294.23145	9.6472168
-39.244106	297.35843	9.6569824
-39.242783	301.04318	9.666748
-39.243088	297.99146	9.6765137
-39.243042	291.35635	9.6862793
-39.241886	294.03094	9.6960449
-39.239838	297.57596	9.7058105
-39.239517	299.70743	9.7155762
-39.238865	303.65744	9.7253418
-39.238663	299.3685	9.7351074
-39.237617	299.55481	9.744873
-39.236485	295.84882	9.7546387
-39.235691	295.59415	9.7644043
-39.235043	301.02859	9.7741699
-39.234245	304.56442	9.7839355
-39.233047	306.37106	9.7937012
-39.231354	299.2374	9.8034668
-39.231541	296.90405	9.8132324
-39.231823	299.9761	9.822998
-39.229176	302.7341	9.8327637
-39.230125	306.75748	9.8425293
-39.228458	307.18759	9.8522949
-39.22757	304.67905	9.8620605
-39.227715	302.17056	9.8718262
-39.226295	300.10159	9.8815918
-39.225208	304.7883	9.8913574
-39.223824	309.94958	9.901123
-39.222904	310.43729	9.9108887
-39.222816	308.76483	9.9206543
-39.221115	303.39224	9.9304199
-39.221207	302.3215	9.9401855
-39.220482	307.68582	9.9499512
-39.219963	310.00049	9.9597168
-39.218105	310.91257	9.9694824
-39.217751	312.81775	9.979248
-39.216122	310.84451	9.9890137
-39.216484	306.40598	9.9987793
-39.215492	307.23248	10.008545
-39.213375	310.3096	10.018311
-39.214378	315.9996	10.028076
-39.211365	315.54962	10.037842
-39.211967	311.70807	10.047607
-39.211365	309.4725	10.057373
-39.210846	310.70215	10.067139
-39.209408	314.80066	10.076904
-39.208595	313.20001	10.08667
-39.208885	316.35019	10.096436
-39.208084	316.88403	10.106201
-39.206615	313.93945	10.115967
-39.206009	312.83115	10.125732
-39.205002	312.39203	10.135498
-39.204197	317.32343	10.145264
-39.202251	320.24789	10.155029
-39.202145	317.42288	10.164795
-39.201454	319.56262	10.174561
-39.201038	315.56058	10.184326
-39.199627	318.99133	10.194092
-39.199936	316.79617	10.203857
-39.199116	316.45728	10.213623
-39.197308	323.86896	10.223389
-39.196201	323.09039	10.233154
-39.195675	319.60928	10.24292
-39.195457	316.51086	10.252686
-39.194622	316.75485	10.262451
-39.192829	321.3609	10.272217
-39.193016	323.88724	10.281982
-39.191074	325.57138	10.291748
-39.190392	322.84915	10.301514
-39.189915	322.58698	10.311279
-39.188778	321.1257	10.321045
-39.188347	321.12344	10.330811
-39.187302	326.23187	10.340576
-39.186382	330.22131	10.350342
-39.185017	328.47104	10.360107
-39.186073	320.978	10.369873
-39.183376	321.23315	10.379639
-39.184036	324.74695	10.389404
-39.182159	329.39822	10.39917
-39.182045	331.11526	10.408936
-39.180885	328.98203	10.418701
-39.180527	327.85721	10.428467
-39.179604	323.44489	10.438232
-39.178272	324.13412	10.447998
-39.178371	329.75085	10.457764
-39.178143	332.71439	10.467529
-39.174931	337.05219	10.477295
-39.175648	327.43832	10.487061
-39.174568	326.09454	10.496826
-39.173973	328.92117	10.506592
-39.173386	330.52313	10.516357
-39.172348	335.37958	10.526123
-39.17197	333.10403	10.535889
-39.170616	333.90204	10.545654
-39.169403	330.60938	10.55542
-39.168633	327.12808	10.565186
-39.168362	333.28912	10.574951
-39.167648	335.44348	10.584717
-39.1665	339.0495	10.594482
-39.165874	337.17532	10.604248
-39.165016	331.30383	10.614014
-39.165081	331.16437	10.623779
-39.163185	334.14371	10.633545
-39.162113	335.36661	10.643311
-39.161449	338.655	10.653076
-39.161549	339.82404	10.662842
-39.160145	339.71951	10.672607
-39.15976	336.104	10.682373
-39.15802	335.37479	10.692139
-39.158577	337.21835	10.701904
-39.157646	343.23499	10.71167
-39.156162	342.23141	10.721436
-39.155178	340.3681	10.731201
-39.154137	338.61951	10.740967
-39.154045	338.42703	10.750732
-39.152393	341.26538	10.760498
-39.153061	340.00574	10.770264
-39.152061	343.86646	10.780029
-39.150555	344.76184	10.789795
-39.149288	344.48346	10.799561
-39.149048	342.12936	10.809326
-39.148487	338.01144	10.819092
-39.1478	343.32779	10.828857
-39.146923	346.65314	10.838623
-39.144867	345.85489	10.848389
-39.144169	348.46979	10.858154
-39.144211	344.21466	10.86792
-39.14257	344.6087	10.877686
-39.141941	342.90778	10.887451
-39.141899	344.45364	10.897217
-39.142021	351.03891	10.906982
-39.13979	351.02484	10.916748
-39.139469	349.64215	10.926514
-39.13768	344.37015	10.936279
-39.138443	343.5921	10.946045
-39.136421	348.36322	10.955811
-39.13588	350.6655	10.965576
-39.134739	353.93414	10.975342
-39.133919	350.76968	10.985107
-39.133114	347.91843	10.994873
-39.133034	347.37842	11.004639
-39.13242	347.5498	11.014404
-39.130711	352.16971	11.02417
-39.130184	358.15771	11.033936
-39.13007	356.12823	11.043701
-39.127972	350.19336	11.053467
-39.128033	348.13327	11.063232
-39.128025	349.12509	11.072998
-39.126263	354.72089	11.082764
-39.12487	358.95724	11.092529
-39.124775	356.26062	11.102295
-39.123863	357.81546	11.112061
-39.122021	352.96097	11.121826
-39.122322	351.10925	11.131592
-39.121273	355.22385	11.141357
-39.119236	358.44107	11.151123
-39.119167	363.45551	11.160889
-39.118282	358.51215	11.170654
-39.117023	354.24051	11.18042
-39.117569	352.28903	11.190186
-39.115166	358.34448	11.199951
-39.115852	361.41562	11.209717
-39.115646	360.77768	11.219482
-39.11446	361.7735	11.229248
-39.112743	361.43503	11.239014
-39.111542	356.44147	11.248779
-39.110123	359.28775	11.258545
-39.111115	360.01108	11.268311
-39.109638	365.12265	11.278076
-39.108395	365.64651	11.287842
-39.108681	360.97324	11.297607
-39.107925	359.76877	11.307373
-39.106544	360.38083	11.317139
-39.105972	363.05811	11.326904
-39.104774	365.46548	11.33667
-39.104713	365.21823	11.346436
-39.103458	366.5712	11.356201
-39.102776	364.32501	11.365967
-39.101444	359.97845	11.375732
-39.100674	362.85428	11.385498
-39.099823	367.13287	11.395264
-39.099537	369.565	11.405029
-39.097565	368.07983	11.414795
-39.097279	366.69778	11.424561
-39.096611	366.05917	11.434326
-39.0961	365.86261	11.444092
-39.09557	366.25842	11.453857
-39.093918	368.14297	11.463623
-39.092976	370.04153	11.473389
-39.093044	373.36212	11.483154
-39.093674	370.48639	11.49292
-39.090454	363.78186	11.502686
-39.089657	366.78397	11.512451
-39.089378	373.4707	11.522217
-39.088753	374.39816	11.531982
-39.087399	375.98737	11.541748
-39.087032	370.31635	11.551514
-39.085503	371.1582	11.561279
-39.085251	368.87836	11.571045
-39.08453	369.23398	11.580811
-39.083084	376.95062	11.590576
-39.082588	377.58554	11.600342
-39.081993	377.01605	11.610107
-39.08136	371.6337	11.619873
-39.081432	368.77817	11.629639
-39.080307	373.02948	11.639404
-39.079781	376.38821	11.64917
-39.078506	380.8219	11.658936
-39.077412	378.51715	11.668701
-39.076279	375.24515	11.678467
-39.075272	372.8653	11.688232
-39.074532	372.52795	11.697998
-39.074333	376.52612	11.707764
-39.073711	382.67203	11.717529
-39.072254	382.51709	11.727295
-39.071468	378.99509	11.737061
-39.070015	373.513	11.746826
-39.069714	373.77161	11.756592
-39.069565	381.04828	11.766357
-39.069321	382.33835	11.776123
-39.067711	383.54559	11.785889
-39.067112	384.17676	11.795654
-39.065632	379.85538	11.80542
-39.065052	377.30969	11.815186
-39.064503	379.5271	11.824951
-39.063644	382.49301	11.834717
-39.062965	387.48553	11.844482
-39.060913	384.40076	11.854248
-39.060383	381.04813	11.864014
-39.060238	380.04553	11.873779
-39.059288	381.41461	11.883545
-39.059494	386.00006	11.893311
-39.057709	386.39221	11.903076
-39.055897	388.59494	11.912842
-39.056694	385.92703	11.922607
-39.054634	382.17599	11.932373
-39.054195	382.01636	11.942139
-39.053055	383.38712	11.951904
-39.052692	389.66556	11.96167
-39.05117	391.34088	11.971436
-39.050827	386.79166	11.981201
-39.05098	386.32236	11.990967
-39.050262	385.15662	12.000732
-39.048428	387.21747	12.010498
-39.04718	386.7139	12.020264
-39.047302	387.50998	12.030029
-39.047001	392.77872	12.039795
-39.045078	391.69598	12.049561
-39.044777	387.85654	12.059326
-39.044266	386.84622	12.069092
-39.043343	389.21884	12.078857
-39.041042	393.2515	12.088623
-39.040997	393.65125	12.098389
-39.040421	392.01996	12.108154
-39.039871	390.95071	12.11792
-39.038727	390.56171	12.127686
-39.037609	389.4856	12.137451
-39.038368	393.06686	12.147217
-39.036942	396.06912	12.156982
-39.036247	400.0437	12.166748
-39.03466	396.33047	12.176514
-39.033863	389.27509	12.186279
-39.032619	392.19559	12.196045
-39.033398	394.66818	12.205811
-39.031929	396.68893	12.215576
-39.032043	399.87219	12.225342
-39.030052	395.96542	12.235107
-39.029243	394.67719	12.244873
-39.028614	392.74799	12.254639
-39.026157	393.03912	12.264404
-39.026207	398.77008	12.27417
-39.026344	401.56818	12.283936
-39.024876	403.41452	12.293701
-39.024334	397.79599	12.303467
-39.022919	392.33066	12.313232
-39.023006	395.71228	12.322998
-39.02187	398.9852	12.332764
-39.02047	404.22018	12.342529
-39.019909	402.32294	12.352295
-39.019066	399.9512	12.362061
-39.018528	398.72733	12.371826
-39.017887	396.81973	12.381592
-39.016365	399.83151	12.391357
-39.016834	404.26956	12.401123
-39.01506	405.1304	12.410889
-39.014782	404.53333	12.420654
-39.013287	397.642	12.43042
-39.013466	398.14694	12.440186
-39.011009	402.43222	12.449951
-39.011253	405.20398	12.459717
-39.010754	406.54163	12.469482
-39.009926	405.77933	12.479248
-39.008545	403.22308	12.489014
-39.00811	403.11005	12.498779
-39.00692	402.95294	12.508545
-39.005943	403.42123	12.518311
-39.006111	409.22794	12.528076
-39.005482	407.36029	12.537842
-39.003872	406.7868	12.547607
-39.002003	403.55545	12.557373
-39.00211	405.24796	12.567139
-39.001755	409.47791	12.576904
-39.001846	407.99384	12.58667
-39.000362	411.17932	12.596436
-38.998207	410.52258	12.606201
-38.997421	409.28381	12.615967
-38.996277	406.84332	12.625732
-38.996967	403.99765	12.635498
-38.995842	410.81458	12.645264
-38.995411	414.24179	12.655029
-38.995163	410.89197	12.664795
-38.99308	413.02048	12.674561
-38.993061	407.95819	12.684326
-38.991211	409.00464	12.694092
-38.99017	410.73074	12.703857
-38.990391	409.86197	12.713623
-38.989006	414.39304	12.723389
-38.989056	416.3858	12.733154
-38.988045	413.54886	12.74292
-38.986851	408.41101	12.752686
-38.987194	410.30035	12.762451
-38.984478	415.48688	12.772217
-38.98465	416.72961	12.781982
-38.98296	417.01254	12.791748
-38.982365	414.63727	12.801514
-38.981842	412.93607	12.811279
-38.982082	413.52805	12.821045
-38.979275	413.47455	12.830811
-38.979992	416.79245	12.840576
-38.979324	422.42194	12.850342
-38.978382	418.75812	12.860107
-38.975666	412.50604	12.869873
-38.976078	411.96265	12.879639
-38.975304	414.10089	12.889404
-38.974449	420.53842	12.89917
-38.973885	421.85959	12.908936
-38.973778	418.51389	12.918701
-38.971992	418.49847	12.928467
-38.971176	414.9985	12.938232
-38.969318	414.5444	12.947998
-38.969471	419.6835	12.957764
-38.968826	422.17706	12.967529
-38.968231	425.4292	12.977295
-38.967419	419.09686	12.987061
-38.966808	414.20377	12.996826
-38.96579	417.35138	13.006592
-38.96603	421.40668	13.016357
-38.963165	424.15878	13.026123
-38.962997	422.89398	13.035889
-38.964027	420.44119	13.045654
-38.961159	421.91476	13.05542
-38.962185	416.13358	13.065186
-38.959457	421.04581	13.074951
-38.960052	423.31567	13.084717
-38.958317	426.74976	13.094482
-38.958221	425.79266	13.104248
-38.957497	421.7113	13.114014
-38.95607	419.57205	13.123779
-38.954617	423.71268	13.133545
-38.95454	424.31686	13.143311
-38.953991	425.87393	13.153076
-38.952984	426.24741	13.162842
-38.950974	426.58041	13.172607
-38.950706	424.14526	13.182373
-38.951065	423.15256	13.192139
-38.949284	424.55566	13.201904
-38.949123	428.60455	13.21167
-38.948452	430.66064	13.221436
-38.947773	427.54349	13.231201
-38.945702	424.99844	13.240967
-38.945187	424.39279	13.250732
-38.94453	428.70154	13.260498
-38.944286	425.73444	13.270264
-38.942413	429.38861	13.280029
-38.941334	430.58234	13.289795
-38.941788	428.16705	13.299561
-38.940674	428.86655	13.309326
-38.939552	424.25464	13.319092
-38.938305	428.87186	13.328857
-38.938152	433.16766	13.338623
-38.937813	431.23944	13.348389
-38.936962	434.81122	13.358154
-38.936394	427.65924	13.36792
-38.93531	429.6535	13.377686
-38.933384	428.72662	13.387451
-38.933643	429.5213	13.397217
-38.93198	435.27667	13.406982
-38.930775	434.58386	13.416748
-38.930286	432.91248	13.426514
-38.928616	429.0322	13.436279
-38.928802	427.50241	13.446045
-38.927647	432.12466	13.455811
-38.927536	436.62323	13.465576
-38.927242	436.67004	13.475342
-38.925945	434.53537	13.485107
-38.924595	431.55133	13.494873
-38.923847	430.78262	13.504639
-38.922459	430.06003	13.514404
-38.92281	435.30106	13.52417
-38.922218	440.42389	13.533936
-38.920792	438.95041	13.543701
-38.920021	433.06653	13.553467
-38.91964	430.44785	13.563232
-38.918533	430.97806	13.572998
-38.918026	438.47141	13.582764
-38.916779	440.02414	13.592529
-38.917084	436.70135	13.602295
-38.915092	437.01361	13.612061
-38.915653	434.14081	13.621826
-38.914295	432.51135	13.631592
-38.912479	437.23276	13.641357
-38.911629	438.96808	13.651123
-38.910744	442.53302	13.660889
-38.910339	440.51743	13.670654
-38.910301	435.04245	13.68042
-38.90876	432.88852	13.690186
-38.907852	437.46985	13.699951
-38.906494	442.07953	13.709717
-38.905888	441.10922	13.719482
-38.906017	440.04449	13.729248
-38.905773	441.17163	13.739014
-38.903992	435.97562	13.748779
-38.903286	438.41016	13.758545
-38.901684	437.89865	13.768311
-38.901443	443.41937	13.778076
-38.901085	444.09781	13.787842
-38.900349	439.10724	13.797607
-38.898865	440.30264	13.807373
-38.899578	440.17273	13.817139
-38.897369	440.70508	13.826904
-38.896561	444.87247	13.83667
-38.895634	442.4733	13.846436
-38.895069	444.39404	13.856201
-38.894428	443.659	13.865967
-38.893475	441.19919	13.875732
-38.893021	439.06772	13.885498
-38.891949	443.67154	13.895264
-38.891674	446.07938	13.905029
-38.888809	445.59619	13.914795
-38.88863	443.57397	13.924561
-38.888569	442.69592	13.934326
-38.887562	442.69141	13.944092
-38.885948	441.77057	13.953857
-38.885883	445.44446	13.963623
-38.884773	447.60654	13.973389
-38.883259	447.4093	13.983154
-38.883793	446.49695	13.99292
-38.88266	439.75098	14.002686
-38.881939	442.80688	14.012451
-38.881985	446.40326	14.022217
-38.880913	449.47336	14.031982
-38.879471	449.6286	14.041748
-38.878452	445.8779	14.051514
-38.877525	445.30917	14.061279
-38.876457	443.63663	14.071045
-38.877285	442.81451	14.080811
-38.875263	449.54358	14.090576
-38.87397	451.16855	14.100342
-38.874554	451.17386	14.110107
-38.873528	445.37656	14.119873
-38.871948	442.409	14.129639
-38.870674	446.49246	14.139404
-38.8713	450.63364	14.14917
-38.869926	452.43802	14.158936
-38.868389	451.72125	14.168701
-38.867676	446.12668	14.178467
-38.8675	446.31384	14.188232
-38.866405	444.19836	14.197998
-38.866333	449.55817	14.207764
-38.863972	454.18634	14.217529
-38.863735	454.02017	14.227295
-38.862938	450.26141	14.237061
-38.862118	444.55499	14.246826
-38.86237	444.76587	14.256592
-38.860188	451.0462	14.266357
-38.859955	454.32211	14.276123
-38.859886	452.99741	14.285889
-38.858227	451.94418	14.295654
-38.856514	447.71741	14.30542
-38.856815	448.81378	14.315186
-38.85556	449.29883	14.324951
-38.855469	451.97064	14.334717
-38.854519	456.72122	14.344482
-38.85363	454.75174	14.354248
-38.853092	450.74704	14.364014
-38.851524	448.58862	14.373779
-38.851704	450.0788	14.383545
-38.850628	455.45413	14.393311
-38.849998	455.4313	14.403076
-38.848858	453.2402	14.412842
-38.848396	454.94736	14.422607
-38.847721	450.14929	14.432373
-38.845749	450.9093	14.442139
-38.845295	449.97815	14.451904
-38.844696	455.59775	14.46167
-38.8433	459.19873	14.471436
-38.843029	453.44315	14.481201
-38.842323	453.74658	14.490967
-38.84148	451.61871	14.500732
-38.840946	452.55899	14.510498
-38.840237	453.56824	14.520264
-38.837875	456.51941	14.530029
-38.837933	457.51459	14.539795
-38.836128	457.48901	14.549561
-38.836487	452.9328	14.559326
-38.835651	450.52185	14.569092
-38.834324	452.61356	14.578857
-38.833885	458.58493	14.588623
-38.832798	459.46545	14.598389
-38.83218	458.57852	14.608154
-38.830807	455.20209	14.61792
-38.830505	454.21658	14.627686
-38.82975	454.52094	14.637451
-38.829762	454.90198	14.647217
-38.82832	457.09113	14.656982
-38.828232	463.41428	14.666748
-38.826298	459.27237	14.676514
-38.825012	451.47937	14.686279
-38.824547	452.17776	14.696045
-38.824078	455.79346	14.705811
-38.822159	460.94611	14.715576
-38.822334	461.29758	14.725342
-38.821091	458.95413	14.735107
-38.821297	455.3443	14.744873
-38.819439	454.53705	14.754639
-38.819504	453.8331	14.764404
-38.819458	460.34653	14.77417
-38.816784	461.07391	14.783936
-38.817215	461.99432	14.793701
-38.816048	457.1337	14.803467
-38.816467	451.01572	14.813232
-38.813957	454.68753	14.822998
-38.813931	461.03531	14.832764
-38.813168	462.61847	14.842529
-38.812191	461.64221	14.852295
-38.812023	458.4238	14.862061
-38.810638	457.18887	14.871826
-38.8102	455.2388	14.881592
-38.808464	459.18198	14.891357
-38.807369	462.79193	14.901123
-38.808426	464.67328	14.910889
-38.806488	462.75439	14.920654
-38.806278	455.81277	14.93042
-38.804413	454.49939	14.940186
-38.804897	459.97681	14.949951
-38.803341	461.41751	14.959717
-38.80135	463.8613	14.969482
-38.801334	459.92139	14.979248
-38.800808	461.133	14.989014
-38.800091	458.39462	14.998779
-38.79911	457.54489	15.008545
-38.797928	457.83087	15.018311
-38.797291	465.50317	15.028076
-38.796413	464.267	15.037842
-38.795074	461.35785	15.047607
-38.794617	458.55316	15.057373
-38.792984	458.50079	15.067139
-38.793655	462.26297	15.076904
-38.792492	461.09897	15.08667
-38.79129	463.27014	15.096436
-38.789516	463.30435	15.106201
-38.789768	461.06271	15.115967
-38.788551	460.18738	15.125732
-38.788197	457.52838	15.135498
-38.787971	462.68289	15.145264
-38.786587	465.42947	15.155029
-38.785519	462.76401	15.164795
-38.785027	465.4873	15.174561
-38.785069	459.49234	15.184326
-38.784252	459.07654	15.194092
-38.782616	462.50507	15.203857
-38.781403	461.73248	15.213623
-38.781918	465.53708	15.223389
-38.780388	467.06027	15.233154
-38.780655	462.57599	15.24292
-38.778534	457.86676	15.252686
-38.778198	458.66977	15.262451
-38.776024	462.85815	15.272217
-38.775837	467.26401	15.281982
-38.774952	465.89139	15.291748
-38.774338	462.0347	15.301514
-38.774326	461.76324	15.311279
-38.772007	460.65671	15.321045
-38.771885	461.58121	15.330811
-38.770996	464.34921	15.340576
-38.771095	468.19635	15.350342
-38.768539	466.88351	15.360107
-38.76894	459.94144	15.369873
-38.7687	459.58411	15.379639
-38.767658	460.3237	15.389404
-38.766045	467.21597	15.39917
-38.765869	468.95041	15.408936
-38.764095	463.71558	15.418701
-38.763725	464.25638	15.428467
-38.763012	460.31525	15.438232
-38.763153	459.05795	15.447998
-38.761162	465.04446	15.457764
-38.760666	468.01578	15.467529
-38.760201	469.12195	15.477295
-38.758636	464.15729	15.487061
-38.75779	458.95581	15.496826
-38.75745	461.21652	15.506592
-38.756786	464.37033	15.516357
-38.755184	468.3205	15.526123
-38.755344	467.78296	15.535889
-38.753902	465.85858	15.545654
-38.753788	464.45212	15.55542
-38.750786	461.55597	15.565186
-38.75185	464.87216	15.574951
-38.750977	464.89124	15.584717
-38.75103	469.63495	15.594482
-38.749626	467.13483	15.604248
-38.747494	462.63739	15.614014
-38.746994	461.50861	15.623779
-38.746895	463.36047	15.633545
-38.746651	466.88083	15.643311
-38.744839	468.01682	15.653076
-38.744328	466.20804	15.662842
-38.743195	465.2594	15.672607
-38.742069	463.54425	15.682373
-38.74189	462.87085	15.692139
-38.740196	462.65625	15.701904
-38.739552	467.33331	15.71167
-38.73909	467.94165	15.721436
-38.739586	467.18048	15.731201
-38.737717	464.32315	15.740967
-38.737125	462.72375	15.750732
-38.736031	464.06839	15.760498
-38.73579	463.41364	15.770264
-38.734581	466.36557	15.780029
-38.734592	466.67111	15.789795
-38.732197	468.26459	15.799561
-38.732174	466.0296	15.809326
-38.732147	459.8374	15.819092
-38.730274	463.14276	15.828857
-38.729866	468.54575	15.838623
-38.729282	468.56784	15.848389
-38.728546	468.28101	15.858154
-38.727413	462.44601	15.86792
-38.726154	463.45093	15.877686
-38.725479	464.18539	15.887451
-38.723949	463.47244	15.897217
-38.72477	468.81876	15.906982
-38.722958	470.37772	15.916748
-38.721031	466.56528	15.926514
-38.721016	461.14658	15.936279
-38.720451	459.71225	15.946045
-38.720486	464.8222	15.955811
-38.718487	469.40765	15.965576
-38.718323	470.24152	15.975342
-38.717567	465.66336	15.985107
-38.717094	462.7515	15.994873
-38.715988	462.50784	16.004639
-38.714684	461.11633	16.014404
-38.714172	466.47995	16.02417
-38.712807	470.61496	16.033936
-38.713039	469.07117	16.043701
-38.711182	463.87061	16.053467
-38.71093	461.13968	16.063232
-38.710579	461.39331	16.072998
-38.709572	468.47971	16.082764
-38.708805	470.05234	16.092529
-38.707466	467.69025	16.102295
-38.706989	467.17151	16.112061
-38.704521	461.21906	16.121826
-38.705452	462.12723	16.131592
-38.703922	464.78271	16.141357
-38.704208	467.95651	16.151123
-38.703007	472.35147	16.160889
-38.702023	466.12842	16.170654
-38.700165	460.62607	16.18042
-38.699902	461.05356	16.190186
-38.699089	464.66837	16.199951
-38.698334	468.17099	16.209717
-38.697945	469.17426	16.219482
-38.697418	466.39941	16.229248
-38.696476	466.60944	16.239014
-38.695427	462.3114	16.248779
-38.694717	463.77621	16.258545
-38.693104	463.8291	16.268311
-38.693733	469.15756	16.278076
-38.692699	470.07294	16.287842
-38.690639	463.48541	16.297607
-38.691406	464.36438	16.307373
-38.689564	463.83856	16.317139
-38.689163	465.07501	16.326904
-38.688545	467.04724	16.33667
-38.688328	466.50739	16.346436
-38.685711	467.16968	16.356201
-38.686459	468.44196	16.365967
-38.684879	463.20618	16.375732
-38.684193	461.38776	16.385498
-38.682362	465.80356	16.395264
-38.682629	468.78577	16.405029
-38.682098	468.56284	16.414795
-38.679832	465.37018	16.424561
-38.680832	462.27798	16.434326
-38.679214	463.14664	16.444092
-38.678989	463.55707	16.453857
-38.677853	465.98566	16.463623
-38.677017	467.86847	16.473389
-38.676342	467.50528	16.483154
-38.676208	465.58438	16.49292
-38.674629	460.09604	16.502686
-38.673409	462.00046	16.512451
-38.672192	467.00113	16.522217
-38.672146	467.89536	16.531982
-38.671535	469.98749	16.541748
-38.670551	462.62552	16.551514
-38.669235	463.47968	16.561279
-38.668663	462.45316	16.571045
-38.667915	459.84827	16.580811
-38.666897	468.22766	16.590576
-38.666611	469.54987	16.600342
-38.665695	466.85809	16.610107
-38.664196	460.61862	16.619873
-38.663857	457.76425	16.629639
-38.662643	462.44693	16.639404
-38.662598	468.0462	16.64917
-38.662437	468.20163	16.658936
-38.660877	467.39725	16.668701
-38.658989	462.76498	16.678467
-38.658501	461.24411	16.688232
-38.658867	460.11411	16.697998
-38.657734	464.7789	16.707764
-38.655235	467.97784	16.717529
-38.656452	468.67126	16.727295
-38.655708	466.00778	16.737061
-38.65461	459.98627	16.746826
-38.652145	457.91599	16.756592
-38.652443	465.39755	16.766357
-38.65073	466.85468	16.776123
-38.650723	466.22723	16.785889
-38.649864	467.23541	16.795654
-38.649578	462.92291	16.80542
-38.64782	460.97946	16.815186
-38.648483	462.47363	16.824951
-38.646954	464.46588	16.834717
-38.646042	470.33292	16.844482
-38.645695	467.27084	16.854248
-38.644695	461.52051	16.864014
-38.643726	460.3959	16.873779
-38.642204	460.04276	16.883545
-38.641579	466.2843	16.893311
-38.641506	464.6051	16.903076
-38.639706	464.62637	16.912842
-38.638599	465.81842	16.922607
-38.637981	462.02328	16.932373
-38.637894	461.46515	16.942139
-38.636532	460.28046	16.951904
-38.636196	464.88495	16.96167
-38.635769	467.9921	16.971436
-38.634548	463.62012	16.981201
-38.633652	463.17856	16.990967
-38.633251	459.30798	17.000732
-38.632355	461.40433	17.010498
-38.631428	464.64435	17.020264
-38.630737	462.83157	17.030029
-38.62952	468.28192	17.039795
-38.629719	466.01669	17.049561
-38.628464	460.26147	17.059326
-38.627514	460.05389	17.069092
-38.626423	461.18689	17.078857
-38.624504	465.08771	17.088623
-38.624657	466.64816	17.098389
-38.624516	465.07959	17.108154
-38.623951	460.64313	17.11792
-38.623219	460.85806	17.127686
-38.621346	461.11517	17.137451
-38.621185	462.31332	17.147217
-38.62014	464.80695	17.156982
-38.618477	466.12814	17.166748
-38.617447	464.81509	17.176514
-38.616611	457.58139	17.186279
-38.616386	457.68179	17.196045
-38.615883	461.10962	17.205811
-38.614891	465.3089	17.215576
-38.614155	467.03033	17.225342
-38.612923	461.12082	17.235107
-38.612591	460.3606	17.244873
-38.61068	457.67401	17.254639
-38.611877	457.13574	17.264404
-38.609871	462.42477	17.27417
-38.608868	465.77441	17.283936
-38.608799	465.34604	17.293701
-38.607784	459.01257	17.303467
-38.606052	453.69464	17.313232
-38.606197	457.91824	17.322998
-38.604816	461.41312	17.332764
-38.604965	464.974	17.342529
-38.602676	463.22427	17.352295
-38.602913	459.80292	17.362061
-38.602417	458.23721	17.371826
-38.600651	456.13892	17.381592
-38.600048	460.66171	17.391357
-38.600014	462.29251	17.401123
-38.598129	466.31503	17.410889
-38.596729	461.75714	17.420654
-38.596889	456.40054	17.43042
-38.595268	455.07593	17.440186
-38.595779	460.89313	17.449951
-38.594566	462.29886	17.459717
-38.594166	461.95392	17.469482
-38.593552	460.34088	17.479248
-38.593117	458.55106	17.489014
-38.591938	457.48846	17.498779
-38.590042	457.88382	17.508545
-38.588818	457.54895	17.518311
-38.588341	463.55762	17.528076
-38.587452	463.11163	17.537842
-38.588703	459.72302	17.547607
-38.587273	456.20053	17.557373
-38.585365	455.82382	17.567139
-38.585297	460.35928	17.576904
-38.583263	459.19897	17.58667
-38.584427	460.09	17.596436
-38.582794	461.69144	17.606201
-38.582054	458.75751	17.615967
-38.580936	456.72333	17.625732
-38.579704	455.22842	17.635498
-38.578911	458.18176	17.645264
-38.57745	463.44482	17.655029
-38.576508	460.19922	17.664795
-38.575687	459.62335	17.674561
-38.575752	455.42453	17.684326
-38.57518	455.0351	17.694092
-38.574757	457.02988	17.703857
-38.573177	456.74039	17.713623
-38.572887	460.99936	17.723389
-38.573215	462.45386	17.733154
-38.571304	459.03729	17.74292
-38.570515	453.74966	17.752686
-38.569141	454.32358	17.762451
-38.569393	458.73044	17.772217
-38.567646	462.60794	17.781982
-38.567223	460.58142	17.791748
-38.565876	456.9339	17.801514
-38.5648	454.20755	17.811279
-38.564728	453.96698	17.821045
-38.563366	455.66745	17.830811
-38.563652	459.75433	17.840576
-38.561218	462.48651	17.850342
-38.561474	459.71976	17.860107
-38.560753	453.62253	17.869873
-38.560017	451.77625	17.879639
-38.55928	453.47543	17.889404
-38.558006	460.31506	17.89917
-38.55743	462.89664	17.908936
-38.556084	458.40808	17.918701
-38.555607	455.4725	17.928467
-38.555874	453.39221	17.938232
-38.553951	453.01279	17.947998
-38.553394	457.92917	17.957764
-38.552837	458.92142	17.967529
-38.551716	463.52271	17.977295
-38.551533	456.00919	17.987061
-38.54977	450.81339	17.996826
-38.548519	452.15817	18.006592
-38.548134	456.92014	18.016357
-38.547306	459.35886	18.026123
-38.54562	458.24701	18.035889
-38.546402	456.68365	18.045654
-38.546219	456.88611	18.05542
-38.544426	451.88977	18.065186
-38.543308	454.98724	18.074951
-38.542606	456.95575	18.084717
-38.541298	460.49124	18.094482
-38.542042	459.79562	18.104248
-38.54026	453.26294	18.114014
-38.538948	453.70657	18.123779
-38.539055	454.26306	18.133545
-38.536613	454.98727	18.143311
-38.537151	459.94571	18.153076
-38.536636	458.2995	18.162842
-38.534981	456.00928	18.172607
-38.534687	456.79477	18.182373
-38.532925	452.32556	18.192139
-38.533085	453.03137	18.201904
-38.531437	457.3309	18.21167
-38.531864	459.07297	18.221436
-38.531078	456.15945	18.231201
-38.529919	454.65295	18.240967
-38.528538	450.81717	18.250732
-38.528015	455.18088	18.260498
-38.527233	454.53769	18.270264
-38.525517	455.2821	18.280029
-38.524521	457.32755	18.289795
-38.524235	456.29526	18.299561
-38.522766	454.64615	18.309326
-38.5228	449.16583	18.319092
-38.521877	452.51559	18.328857
-38.520473	457.4519	18.338623
-38.520927	457.34766	18.348389
-38.519516	457.08466	18.358154
-38.517895	451.89597	18.36792
-38.518864	450.35767	18.377686
-38.517136	451.40289	18.387451
-38.516697	452.46994	18.397217
-38.514881	457.10818	18.406982
-38.514721	457.73306	18.416748
-38.513908	455.64255	18.426514
-38.512772	450.68527	18.436279
-38.512695	448.28119	18.446045
-38.510799	452.70441	18.455811
-38.510601	458.42194	18.465576
-38.508774	458.6485	18.475342
-38.508915	454.24579	18.485107
-38.507057	451.24921	18.494873
-38.506645	450.57944	18.504639
-38.506298	449.98837	18.514404
-38.505817	455.62485	18.52417
-38.504608	457.94205	18.533936
-38.504585	456.75888	18.543701
-38.503841	451.01132	18.553467
-38.502537	446.98215	18.563232
-38.502251	447.79694	18.572998
-38.499538	454.45428	18.582764
-38.499992	457.88849	18.592529
-38.499233	455.12659	18.602295
-38.498501	451.909	18.612061
-38.497246	449.95697	18.621826
-38.498138	449.28989	18.631592
-38.495987	452.48935	18.641357
-38.495312	452.77448	18.651123
-38.493752	459.06699	18.660889
-38.493519	454.33121	18.670654
-38.492977	447.87292	18.68042
-38.492615	449.72275	18.690186
-38.491455	449.87567	18.699951
-38.491127	457.61243	18.709717
-38.490353	454.69138	18.719482
-38.488914	453.7821	18.729248
-38.488243	452.2572	18.739014
-38.487015	449.56744	18.748779
-38.486172	450.72714	18.758545
-38.485294	450.60016	18.768311
-38.484718	454.84091	18.778076
-38.485146	456.56516	18.787842
-38.483547	450.96973	18.797607
-38.48177	450.21899	18.807373
-38.482349	449.08878	18.817139
-38.481461	451.71426	18.826904
-38.479813	452.94537	18.83667
-38.479614	454.26254	18.846436
-38.479183	455.25162	18.856201
-38.477955	453.45044	18.865967
-38.47683	449.43655	18.875732
-38.475739	448.13837	18.885498
-38.475487	450.74255	18.895264
-38.472893	456.07092	18.905029
-38.471844	455.797	18.914795
-38.473362	452.18362	18.924561
-38.471249	449.31946	18.934326
-38.471729	450.5278	18.944092
-38.46928	449.70621	18.953857
-38.469585	450.59894	18.963623
-38.468727	454.97525	18.973389
-38.467007	455.40393	18.983154
-38.466709	452.92606	18.99292
-38.466824	446.74777	19.002686
-38.465054	447.75162	19.012451
-38.464737	452.78217	19.022217
-38.462498	455.41031	19.031982
-38.461735	455.93054	19.041748
-38.461555	449.53406	19.051514
-38.461994	449.55814	19.061279
-38.461025	448.01819	19.071045
-38.458809	447.29272	19.080811
-38.458836	454.6727	19.090576
-38.458317	455.17328	19.100342
-38.457172	454.31842	19.110107
-38.456181	448.67896	19.119873
-38.453716	444.14261	19.129639
-38.454586	450.68185	19.139404
-38.453865	454.76807	19.14917
-38.45229	455.37	19.158936
-38.451912	451.38272	19.168701
-38.451492	447.73709	19.178467
-38.45113	447.9743	19.188232
-38.449142	446.09689	19.197998
-38.449112	451.42029	19.207764
-38.448814	452.48981	19.217529
-38.44717	454.16431	19.227295
-38.446152	452.16568	19.237061
-38.445675	445.85458	19.246826
-38.444103	445.08582	19.256592
-38.444641	451.05377	19.266357
-38.44294	453.09393	19.276123
-38.443447	451.93637	19.285889
-38.44157	449.45737	19.295654
-38.440193	447.28284	19.30542
-38.440559	445.95496	19.315186
-38.439137	446.2243	19.324951
-38.438988	448.11047	19.334717
-38.437603	454.18066	19.344482
-38.437599	451.1954	19.354248
-38.435894	447.88708	19.364014
-38.43491	446.78052	19.373779
-38.434002	446.96497	19.383545
-38.432823	452.71536	19.393311
-38.432899	452.0965	19.403076
-38.432388	451.97321	19.412842
-38.431908	451.92786	19.422607
-38.430229	448.7977	19.432373
-38.428722	446.89105	19.442139
-38.428787	446.93863	19.451904
-38.427284	451.71506	19.46167
-38.426922	454.62708	19.471436
-38.426586	449.81815	19.481201
-38.425083	449.53085	19.490967
-38.424286	444.96021	19.500732
-38.424046	446.51074	19.510498
-38.42305	448.60876	19.520264
-38.422531	447.85989	19.530029
-38.421299	450.23148	19.539795
-38.420834	451.65231	19.549561
-38.419312	447.00687	19.559326
-38.418583	444.008	19.569092
-38.417847	446.38672	19.578857
-38.418266	451.61212	19.588623
-38.415787	453.25406	19.598389
-38.415154	450.32938	19.608154
-38.414322	446.54144	19.61792
-38.41407	447.37833	19.627686
-38.413097	446.6871	19.637451
-38.412189	448.16968	19.647217
-38.410969	451.3078	19.656982
-38.410961	452.4606	19.666748
-38.409325	451.04568	19.676514
-38.408466	443.41812	19.686279
-38.407307	445.24475	19.696045
-38.407574	445.98032	19.705811
-38.405941	452.2883	19.715576
-38.405754	452.92841	19.725342
-38.405067	447.22861	19.735107
-38.404243	447.57144	19.744873
-38.403908	445.08328	19.754639
-38.403996	445.28348	19.764404
-38.402199	450.5614	19.77417
-38.400795	451.8562	19.783936
-38.39983	453.5889	19.793701
-38.399654	447.7756	19.803467
-38.398521	442.16708	19.813232
-38.39666	444.45239	19.822998
-38.397388	449.79092	19.832764
-38.395756	453.2135	19.842529
-38.395065	450.85202	19.852295
-38.394089	447.12982	19.862061
-38.39341	445.63687	19.871826
-38.393627	442.87448	19.881592
-38.391373	448.50366	19.891357
-38.392025	448.29593	19.901123
-38.391083	452.34268	19.910889
-38.389774	450.41876	19.920654
-38.388374	444.23157	19.93042
-38.387764	442.53894	19.940186
-38.387199	447.07703	19.949951
-38.386036	450.19476	19.959717
-38.386124	450.87115	19.969482
-38.384182	448.85147	19.979248
-38.384624	446.19278	19.989014
-38.383259	446.10532	19.998779
-38.382435	444.34506	20.008545
-38.38147	446.2514	20.018311


Data Header:			0.254_hd_uprint_typeiv_090_r0			Time:	25.033936	s	4/13/2019 11:04:28 PM
Data Acquisition:	Timed
Station Name:	ft40.cfg
Test File Name:	monotonic_0.2540_typeiv_solid_4545_uprint.tst
Displacement	Force	Running Time
mm	N	s
-38.38039	451.73755	20.028076
-38.379089	450.61935	20.037842
-38.378906	447.68594	20.047607
-38.377941	444.88144	20.057373
-38.37635	444.37854	20.067139
-38.376892	448.46359	20.076904
-38.375771	447.51736	20.08667
-38.374931	448.00159	20.096436
-38.3736	448.65988	20.106201
-38.373322	447.85626	20.115967
-38.372269	446.49258	20.125732
-38.370899	442.1658	20.135498
-38.370052	447.03427	20.145264
-38.369801	451.29633	20.155029
-38.368683	448.68332	20.164795
-38.36887	449.62762	20.174561
-38.367661	444.76367	20.184326
-38.366882	446.1937	20.194092
-38.365772	446.82407	20.203857
-38.3647	445.60336	20.213623
-38.363766	451.01645	20.223389
-38.363586	448.69336	20.233154
-38.362984	445.66486	20.24292
-38.362061	442.65836	20.252686
-38.361755	441.65054	20.262451
-38.36084	447.66925	20.272217
-38.359478	451.37366	20.281982
-38.35939	449.77811	20.291748
-38.35857	447.01419	20.301514
-38.356014	442.93912	20.311279
-38.356094	443.09528	20.321045
-38.355614	444.76633	20.330811
-38.355518	448.95535	20.340576
-38.353271	451.13712	20.350342
-38.353893	448.86121	20.360107
-38.350895	443.0358	20.369873
-38.352074	441.03696	20.379639
-38.351059	442.19965	20.389404
-38.349525	449.66556	20.39917
-38.347973	450.77542	20.408936
-38.347626	445.8486	20.418701
-38.346634	444.45938	20.428467
-38.346569	441.94781	20.438232
-38.345245	442.92505	20.447998
-38.344486	448.06659	20.457764
-38.343544	449.00531	20.467529
-38.342922	452.18036	20.477295
-38.342201	445.09814	20.487061
-38.34198	441.36343	20.496826
-38.340851	442.22879	20.506592
-38.338593	445.23059	20.516357
-38.338573	449.66888	20.526123
-38.337818	448.42068	20.535889
-38.338223	444.81924	20.545654
-38.336044	444.75699	20.55542
-38.335915	442.17947	20.565186
-38.334217	446.32513	20.574951
-38.334911	445.59155	20.584717
-38.33342	450.19089	20.594482
-38.331753	448.74478	20.604248
-38.331432	443.55353	20.614014
-38.330708	442.39548	20.623779
-38.330418	442.60651	20.633545
-38.329754	446.12195	20.643311
-38.3284	448.7934	20.653076
-38.328362	447.32785	20.662842
-38.326862	444.62039	20.672607
-38.325222	444.7258	20.682373
-38.32518	442.18954	20.692139
-38.324631	441.44177	20.701904
-38.3237	445.59592	20.71167
-38.323605	448.67526	20.721436
-38.322155	448.44543	20.731201
-38.321186	444.74469	20.740967
-38.320004	441.2048	20.750732
-38.319023	444.60135	20.760498
-38.318352	444.10062	20.770264
-38.318382	446.66534	20.780029
-38.317631	446.75174	20.789795
-38.316719	447.64877	20.799561
-38.315426	444.64017	20.809326
-38.313808	439.03937	20.819092
-38.313679	442.89786	20.828857
-38.312405	447.28979	20.838623
-38.312778	448.08676	20.848389
-38.311626	448.45578	20.858154
-38.310867	444.30176	20.86792
-38.310272	443.25748	20.877686
-38.309174	443.86258	20.887451
-38.308094	443.28839	20.897217
-38.307629	450.05344	20.906982
-38.306419	449.25171	20.916748
-38.306164	446.2821	20.926514
-38.304245	441.94449	20.936279
-38.304447	439.79416	20.946045
-38.303154	444.42392	20.955811
-38.301289	449.85925	20.965576
-38.301701	447.80826	20.975342
-38.300697	444.61804	20.985107
-38.299198	440.4277	20.994873
-38.299419	441.01926	21.004639
-38.297352	441.37784	21.014404
-38.297768	445.81696	21.02417
-38.297081	449.09085	21.033936
-38.295689	447.65436	21.043701
-38.295448	442.88806	21.053467
-38.29311	438.71518	21.063232
-38.293911	439.20233	21.072998
-38.29237	445.93698	21.082764
-38.291565	450.10263	21.092529
-38.291195	446.30661	21.102295
-38.290607	444.04999	21.112061
-38.289856	441.01691	21.121826
-38.290035	440.44989	21.131592
-38.28849	442.92441	21.141357
-38.28706	445.00336	21.151123
-38.286091	450.21619	21.160889
-38.284863	446.38257	21.170654
-38.284462	440.70126	21.18042
-38.284176	439.51834	21.190186
-38.282364	440.97479	21.199951
-38.281723	446.10333	21.209717
-38.281128	445.94278	21.219482
-38.280285	443.86768	21.229248
-38.27948	443.29352	21.239014
-38.279335	441.27863	21.248779
-38.27813	441.76068	21.258545
-38.277	441.60767	21.268311
-38.27586	445.79297	21.278076
-38.275177	448.80688	21.287842
-38.27536	444.60254	21.297607
-38.274055	442.84964	21.307373
-38.273415	439.81552	21.317139
-38.272327	442.02521	21.326904
-38.271564	445.40115	21.33667
-38.271584	443.94122	21.346436
-38.269833	444.51593	21.356201
-38.268284	445.44037	21.365967
-38.268208	440.85443	21.375732
-38.267487	440.21487	21.385498
-38.266594	443.02197	21.395264
-38.266449	446.68549	21.405029
-38.265293	447.16153	21.414795
-38.264881	442.7717	21.424561
-38.263481	439.95505	21.434326
-38.26244	440.32056	21.444092
-38.260529	440.9039	21.453857
-38.260307	444.05627	21.463623
-38.260429	445.78754	21.473389
-38.259533	447.14078	21.483154
-38.2584	443.77612	21.49292
-38.257526	436.4389	21.502686
-38.256065	439.08939	21.512451
-38.256886	444.95544	21.522217
-38.254822	448.5744	21.531982
-38.254475	447.63025	21.541748
-38.253609	442.01245	21.551514
-38.252342	439.72849	21.561279
-38.252163	440.40302	21.571045
-38.250847	438.31659	21.580811
-38.250679	446.84235	21.590576
-38.249592	446.09973	21.600342
-38.249027	445.64966	21.610107
-38.246624	440.70923	21.619873
-38.246864	436.05679	21.629639
-38.246658	439.51318	21.639404
-38.244713	446.8858	21.64917
-38.245049	447.25497	21.658936
-38.24437	446.11081	21.668701
-38.243	439.65244	21.678467
-38.242905	440.44974	21.688232
-38.241203	439.48346	21.697998
-38.240334	444.37024	21.707764
-38.240009	446.31107	21.717529
-38.238426	447.09198	21.727295
-38.237282	444.60654	21.737061
-38.23703	438.36325	21.746826
-38.236626	437.94186	21.756592
-38.235325	444.45645	21.766357
-38.234707	445.79239	21.776123
-38.234898	445.53708	21.785889
-38.233471	444.26068	21.795654
-38.23373	440.02289	21.80542
-38.231331	439.30627	21.815186
-38.230919	441.11661	21.824951
-38.230022	442.2114	21.834717
-38.229362	447.96277	21.844482
-38.229485	444.76181	21.854248
-38.227459	440.47717	21.864014
-38.227139	439.9668	21.873779
-38.226589	438.71121	21.883545
-38.225601	444.06677	21.893311
-38.225063	443.58768	21.903076
-38.223644	443.2995	21.912842
-38.221924	442.7001	21.922607
-38.221649	440.6778	21.932373
-38.221264	439.93985	21.942139
-38.21946	438.21512	21.951904
-38.220463	442.8988	21.96167
-38.218109	447.35483	21.971436
-38.217777	442.97293	21.981201
-38.218384	442.69672	21.990967
-38.216583	439.5928	22.000732
-38.215279	439.1015	22.010498
-38.214664	442.23456	22.020264
-38.213985	441.36261	22.030029
-38.213722	445.20758	22.039795
-38.21077	444.59958	22.049561
-38.212055	440.34167	22.059326
-38.21069	438.86679	22.069092
-38.210205	439.18716	22.078857
-38.209469	444.56879	22.088623
-38.208458	448.7081	22.098389
-38.207291	445.5614	22.108154
-38.205982	439.28705	22.11792
-38.205315	439.60638	22.127686
-38.20565	439.70596	22.137451
-38.204029	441.07001	22.147217
-38.202744	445.68515	22.156982
-38.20261	445.36917	22.166748
-38.201744	443.57071	22.176514
-38.200752	437.34247	22.186279
-38.200363	435.86926	22.196045
-38.199268	440.71161	22.205811
-38.198032	446.32791	22.215576
-38.197727	446.49759	22.225342
-38.197506	441.168	22.235107
-38.195854	438.80966	22.244873
-38.19503	438.01001	22.254639
-38.194389	439.1954	22.264404
-38.193233	443.72327	22.27417
-38.193333	443.80597	22.283936
-38.192081	446.65121	22.293701
-38.190979	439.87515	22.303467
-38.190033	435.08923	22.313232
-38.187683	436.61563	22.322998
-38.189247	441.98672	22.332764
-38.18766	445.67041	22.342529
-38.186634	444.24182	22.352295
-38.187428	440.4653	22.362061
-38.185429	439.34912	22.371826
-38.184357	438.99692	22.381592
-38.183521	441.3089	22.391357
-38.182888	442.66855	22.401123
-38.18177	445.45276	22.410889
-38.182098	444.05942	22.420654
-38.179417	437.92102	22.43042
-38.179775	436.91013	22.440186
-38.179577	440.22409	22.449951
-38.177937	442.94016	22.459717
-38.176903	444.77258	22.469482
-38.176464	441.65906	22.479248
-38.175236	439.05252	22.489014
-38.17474	439.81973	22.498779
-38.173862	437.43539	22.508545
-38.172832	439.0676	22.518311
-38.172642	444.09583	22.528076
-38.170803	444.14935	22.537842
-38.171062	442.14542	22.547607
-38.168858	439.48898	22.557373
-38.169094	436.54767	22.567139
-38.167294	439.90009	22.576904
-38.166981	443.36481	22.58667
-38.165939	442.8447	22.596436
-38.164665	442.90878	22.606201
-38.164803	440.85669	22.615967
-38.1642	438.87253	22.625732
-38.163754	433.63562	22.635498
-38.162155	439.69144	22.645264
-38.160908	444.62097	22.655029
-38.160736	443.02264	22.664795
-38.160553	442.77435	22.674561
-38.160049	436.33423	22.684326
-38.158604	436.84952	22.694092
-38.157108	440.27948	22.703857
-38.157497	439.62766	22.713623
-38.155392	445.10529	22.723389
-38.156082	443.40009	22.733154
-38.155312	439.89801	22.74292
-38.153595	435.49887	22.752686
-38.153316	434.12396	22.762451
-38.151257	440.08307	22.772217
-38.150906	444.91962	22.781982
-38.150249	443.28635	22.791748
-38.148949	438.75208	22.801514
-38.148129	436.17404	22.811279
-38.146622	437.18628	22.821045
-38.148205	438.21622	22.830811
-38.146526	442.03342	22.840576
-38.145363	444.06747	22.850342
-38.145344	442.89203	22.860107
-38.144028	436.09644	22.869873
-38.142593	433.30838	22.879639
-38.142639	434.8494	22.889404
-38.141876	442.87918	22.89917
-38.13961	443.60501	22.908936
-38.139915	440.68448	22.918701
-38.13932	437.84726	22.928467
-38.136803	435.35327	22.938232
-38.136261	437.28018	22.947998
-38.136444	439.44565	22.957764
-38.135178	439.66028	22.967529
-38.135628	443.46765	22.977295
-38.133717	439.08038	22.987061
-38.133202	433.94308	22.996826
-38.13324	434.87662	23.006592
-38.132484	439.16028	23.016357
-38.130497	444.58142	23.026123
-38.130684	440.94446	23.035889
-38.12888	439.69424	23.045654
-38.13028	437.88132	23.05542
-38.128105	434.60822	23.065186
-38.126808	438.01605	23.074951
-38.126209	438.44092	23.084717
-38.124916	440.19803	23.094482
-38.125378	442.15945	23.104248
-38.123138	436.03665	23.114014
-38.122536	434.70566	23.123779
-38.121986	435.30576	23.133545
-38.120907	437.87866	23.143311
-38.120468	439.9118	23.153076
-38.11861	438.64484	23.162842
-38.119667	439.6467	23.172607
-38.116608	438.86249	23.182373
-38.116497	435.26309	23.192139
-38.115582	433.90997	23.201904
-38.115993	438.42395	23.21167
-38.115437	440.24088	23.221436
-38.113144	441.36545	23.231201
-38.113216	436.82602	23.240967
-38.111729	431.74832	23.250732
-38.111412	436.00488	23.260498
-38.111206	437.03384	23.270264
-38.109852	438.27246	23.280029
-38.10944	440.6322	23.289795
-38.10778	437.49802	23.299561
-38.106426	434.89001	23.309326
-38.106636	430.84598	23.319092
-38.105068	433.47379	23.328857
-38.104568	437.54398	23.338623
-38.103958	439.91721	23.348389
-38.103695	439.46317	23.358154
-38.102421	430.49243	23.36792
-38.100868	431.8335	23.377686
-38.100727	434.07635	23.387451
-38.100079	432.44476	23.397217
-38.10043	439.87848	23.406982
-38.09938	437.88489	23.416748
-38.097561	436.06894	23.426514
-38.096508	430.31769	23.436279
-38.095551	427.15762	23.446045
-38.09404	433.00272	23.455811
-38.093662	438.09888	23.465576
-38.093758	437.88593	23.475342
-38.091724	435.43381	23.485107
-38.09219	428.28537	23.494873
-38.089321	429.53116	23.504639
-38.090538	427.6962	23.514404
-38.090057	432.95056	23.52417
-38.088753	434.21594	23.533936
-38.08815	430.80582	23.543701
-38.08717	424.80942	23.553467
-38.082741	-47.546486	23.563232
-38.082043	-24.256458	23.572998
-38.082333	-20.084915	23.582764
-38.080479	-46.117828	23.592529
-38.082081	-42.411701	23.602295
-38.081047	-40.731628	23.612061
-38.078835	-42.152363	23.621826
-38.078808	-39.862419	23.631592
-38.077934	-40.415691	23.641357
-38.078014	-39.494267	23.651123
-38.07653	-35.505116	23.660889
-38.077171	-39.921753	23.670654
-38.074768	-43.803917	23.68042
-38.075382	-43.461811	23.690186
-38.07423	-43.120728	23.699951
-38.073521	-38.064651	23.709717
-38.072903	-38.096218	23.719482
-38.071648	-40.492882	23.729248
-38.071411	-41.787205	23.739014
-38.068684	-42.831493	23.748779
-38.069595	-43.502522	23.758545
-38.06955	-43.486439	23.768311
-38.068283	-39.267719	23.778076
-38.065216	-35.171192	23.787842
-38.066685	-42.565289	23.797607
-38.064789	-40.998169	23.807373
-38.064079	-44.047974	23.817139
-38.063648	-42.820141	23.826904
-38.062111	-39.34869	23.83667
-38.061829	-40.987232	23.846436
-38.060848	-39.284321	23.856201
-38.060345	-40.720947	23.865967
-38.059586	-44.749619	23.875732
-38.057682	-44.141518	23.885498
-38.057785	-42.777493	23.895264
-38.055912	-38.607918	23.905029
-38.055859	-38.739799	23.914795
-38.055492	-41.003887	23.924561
-38.05471	-44.535603	23.934326
-38.053356	-44.286213	23.944092
-38.052639	-42.663265	23.953857
-38.052147	-40.063152	23.963623
-38.052891	-37.802761	23.973389
-38.051044	-38.121719	23.983154
-38.049816	-41.515568	23.99292
-38.048935	-46.016682	24.002686
-38.047714	-44.907745	24.012451
-38.047447	-39.5858	24.022217
-38.04747	-36.880451	24.031982
-38.045448	-37.132195	24.041748
-38.045746	-43.890366	24.051514
-38.044117	-44.596924	24.061279
-38.044437	-46.348667	24.071045
-38.042072	-44.117676	24.080811
-38.041843	-37.1404	24.090576
-38.040993	-39.052597	24.100342
-38.040764	-38.04089	24.110107
-38.03912	-43.997078	24.119873
-38.038158	-48.567982	24.129639
-38.037411	-44.885635	24.139404
-38.036446	-39.177616	24.14917
-38.036083	-36.45578	24.158936
-38.035233	-39.989975	24.168701
-38.034264	-46.126514	24.178467
-38.034206	-43.528538	24.188232
-38.032864	-44.79118	24.197998
-38.031918	-41.996716	24.207764
-38.031647	-38.199383	24.217529
-38.029938	-36.822441	24.227295
-38.029041	-39.735909	24.237061
-38.028782	-46.21323	24.246826
-38.027645	-46.536625	24.256592
-38.02652	-41.818668	24.266357
-38.02673	-37.984676	24.276123
-38.025547	-40.069962	24.285889
-38.024235	-41.601971	24.295654
-38.024982	-43.636074	24.30542
-38.022701	-43.439728	24.315186
-38.021542	-43.07309	24.324951
-38.022182	-43.945683	24.334717
-38.019863	-38.299541	24.344482
-38.020077	-40.058331	24.354248
-38.018902	-42.791306	24.364014
-38.018383	-44.148281	24.373779
-38.017139	-44.453133	24.383545
-38.015766	-39.236889	24.393311
-38.01519	-40.465561	24.403076
-38.016323	-40.73431	24.412842
-38.013817	-40.579567	24.422607
-38.013924	-43.16991	24.432373
-38.011745	-42.777855	24.442139
-38.012398	-43.528175	24.451904
-38.012444	-41.458778	24.46167
-38.01017	-35.521271	24.471436
-38.009567	-39.853024	24.481201
-38.009018	-41.019474	24.490967
-38.007675	-45.883007	24.500732
-38.007607	-42.571259	24.510498
-38.007172	-39.826015	24.520264
-38.005268	-41.451797	24.530029
-38.004337	-38.804607	24.539795
-38.00341	-37.649998	24.549561
-38.003048	-42.074017	24.559326
-38.002525	-45.878895	24.569092
-38.001205	-46.382496	24.578857
-38.001301	-39.285202	24.588623
-37.998894	-36.432655	24.598389
-37.99865	-40.238785	24.608154
-37.997913	-43.555744	24.61792
-37.997288	-45.057465	24.627686
-37.996162	-43.568195	24.637451
-37.995464	-41.48489	24.647217
-37.994904	-39.830479	24.656982
-37.994125	-38.136032	24.666748
-37.993279	-40.260796	24.676514
-37.992897	-44.33469	24.686279
-37.992214	-46.847797	24.696045
-37.990795	-44.416504	24.705811
-37.990559	-37.811996	24.715576
-37.988632	-36.01725	24.725342
-37.988281	-42.919216	24.735107
-37.986752	-44.279179	24.744873
-37.986877	-45.193054	24.754639
-37.984669	-46.120724	24.764404
-37.984715	-39.805851	24.77417
-37.983555	-38.957047	24.783936
-37.983326	-37.169201	24.793701
-37.982697	-41.813034	24.803467
-37.981964	-48.397041	24.813232
-37.980175	-45.14325	24.822998
-37.980331	-41.195694	24.832764
-37.979973	-37.467083	24.842529
-37.97826	-38.814922	24.852295
-37.978256	-44.102524	24.862061
-37.976452	-43.499706	24.871826
-37.975525	-45.654221	24.881592
-37.974613	-43.510838	24.891357
-37.975201	-39.566616	24.901123
-37.973763	-37.939087	24.910889
-37.973442	-39.158443	24.920654
-37.972206	-44.342136	24.93042
-37.971432	-45.061253	24.940186
-37.97028	-43.764126	24.949951
-37.968647	-38.697071	24.959717
-37.969166	-39.724808	24.969482
-37.968826	-41.944794	24.979248
-37.967209	-42.132408	24.989014
-37.966019	-42.257256	24.998779
-37.965771	-43.488964	25.008545
-37.964699	-44.277843	25.018311
-37.963425	-39.523109	25.028076

