MTS793|BTW|ENU|1|2|.|/|:|1|0|0|A

Data Header:			0.254_solid_uprint_typei_090_r0			Time:	20.017822	s	4/15/2019 2:53:37 PM
Data Acquisition:	Timed
Station Name:	ft40.cfg
Test File Name:	monotonic_0.2540_typei_solid_090_uprint.tst
Displacement	Force	Running Time
mm	N	s
9.9813318	-163.63986	0.022705078
9.9820347	-163.64928	0.032470703
9.9815664	-158.62459	0.042236328
9.9816532	-156.54689	0.052001953
9.9821281	-154.76573	0.061767578
9.9829607	-156.90863	0.071533203
9.9833879	-158.71559	0.081298828
9.9843388	-158.73959	0.091064453
9.9848213	-160.63849	0.10083008
9.9867191	-157.60968	0.1105957
9.9864979	-154.14778	0.12036133
9.9870195	-151.78023	0.13012695
9.9886446	-152.04173	0.13989258
9.9889746	-155.92627	0.1496582
9.9902754	-159.7291	0.15942383
9.991168	-155.40601	0.16918945
9.9927778	-150.35599	0.17895508
9.991745	-148.57243	0.1887207
9.9939032	-147.44861	0.19848633
9.9949398	-154.25822	0.20825195
9.9946594	-153.25697	0.21801758
9.9943247	-155.18864	0.2277832
9.997303	-153.21083	0.23754883
9.9973135	-144.33023	0.24731445
9.9975414	-142.10725	0.25708008
9.9988832	-144.66393	0.2668457
9.9998274	-151.61461	0.27661133
10.00172	-152.51907	0.28637695
10.000637	-145.20984	0.29614258
10.002871	-145.06866	0.3059082
10.002774	-137.82288	0.31567383
10.002794	-142.00891	0.32543945
10.004963	-146.18877	0.33520508
10.006317	-148.04724	0.3449707
10.005676	-151.70622	0.35473633
10.007462	-142.73026	0.36450195
10.007545	-135.10674	0.37426758
10.008858	-137.95532	0.3840332
10.010349	-140.44376	0.39379883
10.01069	-147.02586	0.40356445
10.011066	-145.82028	0.41333008
10.012074	-140.0291	0.4230957
10.012523	-134.08571	0.43286133
10.01331	-134.00653	0.44262695
10.015269	-135.86586	0.45239258
10.015349	-140.96312	0.4621582
10.016948	-142.65163	0.47192383
10.016824	-138.68311	0.48168945
10.016788	-132.26457	0.49145508
10.018678	-127.92626	0.5012207
10.02012	-132.62131	0.51098633
10.019745	-137.06541	0.52075195
10.021438	-138.79817	0.53051758
10.022138	-135.50073	0.5402832
10.022744	-130.50787	0.55004883
10.022654	-128.66331	0.55981445
10.024113	-126.34676	0.56958008
10.026221	-130.27477	0.5793457
10.025045	-135.9812	0.58911133
10.027051	-133.45627	0.59887695
10.027464	-131.27322	0.60864258
10.028634	-122.78504	0.6184082
10.029291	-122.40903	0.62817383
10.029482	-128.65825	0.63793945
10.029851	-128.79459	0.64770508
10.031593	-131.21515	0.6574707
10.031724	-127.5406	0.66723633
10.033593	-124.96684	0.67700195
10.033989	-122.5012	0.68676758
10.034447	-118.51112	0.6965332
10.035383	-125.54194	0.70629883
10.037134	-126.61494	0.71606445
10.037466	-127.6776	0.72583008
10.038615	-121.28197	0.7355957
10.037761	-116.54445	0.74536133
10.040959	-118.80684	0.75512695
10.040527	-119.24959	0.76489258
10.041759	-122.1982	0.7746582
10.042384	-124.0872	0.78442383
10.04291	-122.37048	0.79418945
10.04231	-117.84396	0.80395508
10.045588	-112.01255	0.8137207
10.046144	-112.8731	0.82348633
10.047189	-115.98135	0.83325195
10.046612	-121.87389	0.84301758
10.048627	-119.79475	0.8527832
10.048609	-114.80906	0.86254883
10.048865	-111.27132	0.87231445
10.050566	-109.28736	0.88208008
10.052031	-110.46775	0.8918457
10.051886	-115.08002	0.90161133
10.052939	-119.47411	0.91137695
10.054135	-115.76185	0.92114258
10.053339	-110.4558	0.9309082
10.055408	-105.5407	0.94067383
10.05635	-106.29776	0.95043945
10.056675	-113.97818	0.96020508
10.05888	-115.42859	0.9699707
10.057794	-110.48252	0.97973633
10.059659	-109.16612	0.98950195
10.060097	-102.04256	0.99926758
10.061367	-103.03352	1.0090332
10.061496	-105.00163	1.0187988
10.062958	-108.94434	1.0285645
10.06321	-112.18383	1.0383301
10.064613	-106.10798	1.0480957
10.065502	-99.743591	1.0578613
10.065228	-97.569618	1.067627
10.066959	-100.84814	1.0773926
10.067321	-108.72343	1.0871582
10.068525	-104.95156	1.0969238
10.068845	-105.0793	1.1066895
10.070539	-98.423096	1.1164551
10.071016	-94.916382	1.1262207
10.071709	-96.273476	1.1359863
10.072968	-99.336693	1.145752
10.072612	-106.98544	1.1555176
10.074806	-103.12704	1.1652832
10.074015	-95.289307	1.1750488
10.074919	-91.982025	1.1848145
10.075626	-90.948189	1.1945801
10.078392	-97.064674	1.2043457
10.077975	-100.92439	1.2141113
10.079113	-99.80571	1.223877
10.078847	-94.709099	1.2336426
10.080328	-90.756599	1.2434082
10.081528	-88.666466	1.2531738
10.083195	-91.127563	1.2629395
10.08272	-96.024315	1.2727051
10.084328	-97.434082	1.2824707
10.084599	-95.161194	1.2922363
10.085355	-88.564934	1.302002
10.086158	-86.447197	1.3117676
10.086643	-86.763321	1.3215332
10.087715	-89.275223	1.3312988
10.088196	-90.673996	1.3410645
10.09035	-91.055298	1.3508301
10.089801	-87.66153	1.3605957
10.090357	-85.159943	1.3703613
10.091469	-80.325089	1.380127
10.092075	-83.848068	1.3898926
10.093409	-86.604385	1.3996582
10.095136	-89.966812	1.4094238
10.095204	-86.091972	1.4191895
10.094667	-78.945168	1.4289551
10.097136	-80.40303	1.4387207
10.098741	-79.474022	1.4484863
10.098835	-81.516396	1.458252
10.098974	-84.27655	1.4680176
10.100514	-84.050873	1.4777832
10.100555	-82.859177	1.4875488
10.101852	-75.282745	1.4973145
10.102824	-73.124237	1.5070801
10.103168	-76.284637	1.5168457
10.103965	-83.529427	1.5266113
10.104723	-83.992805	1.536377
10.107221	-77.912155	1.5461426
10.105887	-74.173035	1.5559082
10.107382	-71.542236	1.5656738
10.108795	-72.856224	1.5754395
10.10897	-75.176498	1.5852051
10.110028	-79.959038	1.5949707
10.110719	-80.024139	1.6047363
10.111559	-73.272713	1.614502
10.111974	-66.399178	1.6242676
10.113009	-66.261597	1.6340332
10.114269	-73.49501	1.6437988
10.115835	-76.247322	1.6535645
10.115099	-74.892288	1.6633301
10.116046	-71.619835	1.6730957
10.116969	-65.285309	1.6828613
10.118112	-64.353271	1.692627
10.118962	-65.090599	1.7023926
10.119254	-70.335327	1.7121582
10.11978	-75.479088	1.7219238
10.120915	-68.506439	1.7316895
10.121305	-63.308006	1.7414551
10.123305	-59.603291	1.7512207
10.123906	-64.550186	1.7609863
10.124629	-69.32695	1.770752
10.124907	-68.153389	1.7805176
10.125661	-67.708168	1.7902832
10.126809	-62.331745	1.8000488
10.128451	-58.038685	1.8098145
10.12813	-57.112362	1.8195801
10.129017	-59.343521	1.8293457
10.129023	-69.861588	1.8391113
10.1312	-64.877136	1.848877
10.132215	-59.969879	1.8586426
10.132804	-56.055508	1.8684082
10.133701	-52.630135	1.8781738
10.1328	-58.683781	1.8879395
10.135438	-60.669369	1.8977051
10.13588	-60.925858	1.9074707
10.135919	-59.23814	1.9172363
10.137131	-53.480015	1.927002
10.138949	-52.143238	1.9367676
10.139413	-49.69273	1.9465332
10.140182	-55.060116	1.9562988
10.14112	-57.639027	1.9660645
10.142082	-56.112907	1.9758301
10.142789	-51.969444	1.9855957
10.142544	-48.034111	1.9953613
10.144542	-48.223877	2.005127
10.143943	-50.366257	2.0148926
10.146494	-52.432114	2.0246582
10.145955	-52.064713	2.0344238
10.146422	-53.789043	2.0441895
10.146361	-48.358543	2.0539551
10.148416	-41.410465	2.0637207
10.150488	-43.780293	2.0734863
10.15091	-46.212708	2.083252
10.150793	-53.93811	2.0930176
10.151701	-47.694572	2.1027832
10.152229	-43.631527	2.1125488
10.15291	-42.910194	2.1223145
10.154281	-36.894184	2.1320801
10.154783	-43.796955	2.1418457
10.156867	-45.985176	2.1516113
10.157269	-49.085106	2.161377
10.157111	-46.956554	2.1711426
10.158257	-37.629406	2.1809082
10.159612	-35.441071	2.1906738
10.160086	-36.446342	2.2004395
10.161418	-42.79097	2.2102051
10.162348	-45.872589	2.2199707
10.164306	-40.067081	2.2297363
10.163466	-39.012745	2.239502
10.163925	-33.361721	2.2492676
10.164176	-31.747126	2.2590332
10.164271	-36.668324	2.2687988
10.166456	-39.84449	2.2785645
10.167282	-41.560795	2.2883301
10.168624	-36.431419	2.2980957
10.169037	-28.909851	2.3078613
10.170234	-28.308908	2.317627
10.171	-33.202507	2.3273926
10.171679	-38.2229	2.3371582
10.171144	-37.591377	2.3469238
10.174188	-35.098148	2.3566895
10.174084	-28.194235	2.3664551
10.174332	-25.783459	2.3762207
10.175735	-26.256546	2.3859863
10.175565	-31.825256	2.395752
10.177666	-35.502361	2.4055176
10.177733	-32.376736	2.4152832
10.178476	-27.149357	2.4250488
10.179869	-21.050907	2.4348145
10.180299	-24.19352	2.4445801
10.180343	-26.477634	2.4543457
10.182373	-28.620998	2.4641113
10.182096	-29.447069	2.473877
10.184218	-24.003202	2.4836426
10.184192	-23.542614	2.4934082
10.186319	-19.544157	2.5031738
10.18657	-18.817623	2.5129395
10.18655	-27.928543	2.5227051
10.187228	-26.279177	2.5324707
10.18989	-25.594042	2.5422363
10.190813	-18.310566	2.552002
10.19	-16.874571	2.5617676
10.192716	-19.94714	2.5715332
10.192983	-20.540844	2.5812988
10.193433	-21.871893	2.5910645
10.194245	-22.365074	2.6008301
10.194631	-17.392267	2.6105957
10.195263	-15.298863	2.6203613
10.196092	-10.005283	2.630127
10.196014	-15.394933	2.6398926
10.19795	-18.446114	2.6496582
10.198061	-19.357172	2.6594238
10.199343	-16.710157	2.6691895
10.200777	-11.542889	2.6789551
10.201245	-10.689259	2.6887207
10.201011	-11.15602	2.6984863
10.202177	-11.446622	2.708252
10.203734	-14.761157	2.7180176
10.203096	-16.226959	2.7277832
10.20557	-11.919638	2.7375488
10.205812	-6.0317121	2.7473145
10.206326	-4.464891	2.7570801
10.20725	-6.4557514	2.7668457
10.207981	-14.569132	2.7766113
10.209128	-12.117805	2.786377
10.210032	-8.3454781	2.7961426
10.210704	-5.861032	2.8059082
10.210779	-0.22997536	2.8156738
10.211089	-2.8847504	2.8254395
10.213212	-5.4398613	2.8352051
10.213635	-11.232494	2.8449707
10.214878	-10.088552	2.8547363
10.215013	-0.88162667	2.864502
10.216143	2.7011297	2.8742676
10.216883	3.5109921	2.8840332
10.21807	-3.116163	2.8937988
10.218518	-6.2447419	2.9035645
10.219171	-5.2658873	2.9133301
10.220243	-2.7617526	2.9230957
10.220515	4.3872309	2.9328613
10.221732	6.285409	2.942627
10.222834	4.3735495	2.9523926
10.223652	0.96815372	2.9621582
10.22425	-6.3464041	2.9719238
10.225211	-0.59686583	2.9816895
10.22621	8.8685045	2.9914551
10.226867	11.079997	3.0012207
10.228031	10.920253	3.0109863
10.229044	1.0414903	3.020752
10.22894	2.4346488	3.0305176
10.229469	-0.62292361	3.0402832
10.230803	7.3974314	3.0500488
10.232131	13.27558	3.0598145
10.233035	12.573947	3.0695801
10.234128	11.281986	3.0793457
10.234363	3.9714146	3.0891113
10.235674	4.0978823	3.098877
10.236434	11.41445	3.1086426
10.236856	16.181751	3.1184082
10.236317	16.267376	3.1281738
10.237821	14.529482	3.1379395
10.239179	10.737517	3.1477051
10.24017	8.7813616	3.1574707
10.241378	11.189748	3.1672363
10.24171	14.457595	3.177002
10.242085	19.900017	3.1867676
10.242883	19.977413	3.1965332
10.244153	12.933163	3.2062988
10.243832	12.1906	3.2160645
10.245234	11.936485	3.2258301
10.246188	19.213261	3.2355957
10.24721	23.367756	3.2453613
10.247269	20.232584	3.255127
10.248802	22.545208	3.2648926
10.250014	17.466003	3.2746582
10.250143	16.673023	3.2844238
10.251541	18.768999	3.2941895
10.252468	20.507154	3.3039551
10.251872	28.878239	3.3137207
10.253867	24.663927	3.3234863
10.254064	23.565332	3.333252
10.25534	18.333744	3.3430176
10.25504	20.152557	3.3527832
10.256305	25.729982	3.3625488
10.258204	27.086979	3.3723145
10.258884	30.906803	3.3820801
10.259161	29.364698	3.3918457
10.26022	24.261999	3.4016113
10.261936	23.826324	3.411377
10.262751	24.795418	3.4211426
10.262101	32.871124	3.4309082
10.263621	36.381702	3.4406738
10.264507	32.292061	3.4504395
10.264503	27.890844	3.4602051
10.265941	27.148281	3.4699707
10.266996	30.565609	3.4797363
10.267647	32.836365	3.489502
10.267961	37.218166	3.4992676
10.269452	37.949394	3.5090332
10.269562	36.049477	3.5187988
10.271012	30.340963	3.5285645
10.270473	28.664188	3.5383301
10.272342	35.20314	3.5480957
10.273669	41.312092	3.5578613
10.27383	45.36097	3.567627
10.27474	36.881119	3.5773926
10.275468	34.980217	3.5871582
10.276953	34.909782	3.5969238
10.277293	33.496452	3.6066895
10.278109	44.366096	3.6164551
10.278738	45.655437	3.6262207
10.280715	46.710621	3.6359863
10.280429	41.083855	3.645752
10.282512	35.193134	3.6555176
10.281954	38.526066	3.6652832
10.283211	44.21032	3.6750488
10.284127	49.881477	3.6848145
10.285005	48.642101	3.6945801
10.285146	43.159115	3.7043457
10.286868	43.164978	3.7141113
10.28705	40.22559	3.723877
10.287965	44.625458	3.7336426
10.289354	50.995346	3.7434082
10.290234	52.568027	3.7531738
10.290538	51.955982	3.7629395
10.291567	44.0075	3.7727051
10.291567	43.370918	3.7824707
10.292321	49.667793	3.7922363
10.29343	53.07156	3.802002
10.294083	55.663532	3.8117676
10.295675	53.735935	3.8215332
10.296197	51.196747	3.8312988
10.296597	49.203037	3.8410645
10.297652	48.414654	3.8508301
10.298784	53.032471	3.8605957
10.2992	58.511402	3.8703613
10.300754	60.989864	3.880127
10.300772	55.453602	3.8898926
10.30203	52.541321	3.8996582
10.302664	52.03891	3.9094238
10.303823	58.058308	3.9191895
10.304033	58.659966	3.9289551
10.30544	61.660561	3.9387207
10.306231	63.230602	3.9484863
10.306368	59.355328	3.958252
10.307072	56.797661	3.9680176
10.308806	54.787445	3.9777832
10.308732	61.174847	3.9875488
10.308793	67.79126	3.9973145
10.309678	67.188431	4.0070801
10.311193	65.130325	4.0168457
10.311822	59.362309	4.0266113
10.312468	59.470905	4.036377
10.31338	63.938103	4.0461426
10.314929	64.204872	4.0559082
10.316656	71.300835	4.0656738
10.31729	69.980698	4.0754395
10.317535	65.55201	4.0852051
10.317354	61.251415	4.0949707
10.316738	59.513687	4.1047363
10.318907	70.668419	4.114502
10.320611	73.71685	4.1242676
10.321211	73.790291	4.1340332
10.322577	70.115372	4.1437988
10.323377	65.2976	4.1535645
10.322962	67.041557	4.1633301
10.325376	68.309601	4.1730957
10.324559	75.027733	4.1828613
10.326056	80.516121	4.192627
10.32618	76.673233	4.2023926
10.328107	70.003036	4.2121582
10.328269	67.105186	4.2219238
10.328634	70.718018	4.2316895
10.329806	79.511864	4.2414551
10.331046	81.52578	4.2512207
10.331859	78.599464	4.2609863
10.332911	74.873802	4.270752
10.333507	73.422775	4.2805176
10.33427	71.561813	4.2902832
10.336051	79.775391	4.3000488
10.335984	83.155396	4.3098145
10.336705	86.2771	4.3195801
10.337753	82.155426	4.3293457
10.33842	73.833557	4.3391113
10.338762	75.871635	4.348877
10.339518	80.915276	4.3586426
10.340772	88.471581	4.3684082
10.341707	88.546738	4.3781738
10.342119	85.30571	4.3879395
10.34294	83.722237	4.3977051
10.343788	78.058434	4.4074707
10.344259	82.461685	4.4172363
10.345371	87.05854	4.427002
10.345907	91.155807	4.4367676
10.346463	92.847153	4.4465332
10.348042	84.68454	4.4562988
10.349062	83.306747	4.4660645
10.350072	83.782318	4.4758301
10.351038	90.071922	4.4855957
10.351879	93.731125	4.4953613
10.352545	92.072571	4.505127
10.351972	93.925217	4.5148926
10.35362	90.172401	4.5246582
10.354781	87.42543	4.5344238
10.354613	90.240311	4.5441895
10.355109	94.444939	4.5539551
10.357877	99.442719	4.5637207
10.35707	96.462341	4.5734863
10.358979	92.590256	4.583252
10.35903	92.24324	4.5930176
10.360789	93.779305	4.6027832
10.361309	96.847328	4.6125488
10.362007	99.534348	4.6223145
10.362165	101.68151	4.6320801
10.363501	100.47678	4.6418457
10.364467	96.738945	4.6516113
10.364937	91.972191	4.661377
10.36553	97.834656	4.6711426
10.368084	104.28802	4.6809082
10.367313	103.74886	4.6906738
10.369058	105.85657	4.7004395
10.369074	98.151398	4.7102051
10.370919	99.072624	4.7199707
10.370978	99.683258	4.7297363
10.370373	102.08755	4.739502
10.37175	111.42139	4.7492676
10.37284	110.60352	4.7590332
10.374228	106.68329	4.7687988
10.375822	100.72325	4.7785645
10.375506	99.725693	4.7883301
10.376896	107.9649	4.7980957
10.377329	111.46903	4.8078613
10.37827	114.60169	4.817627
10.378963	110.47263	4.8273926
10.379571	105.69962	4.8371582
10.381412	107.44416	4.8469238
10.381295	103.67482	4.8566895
10.38168	114.19215	4.8664551
10.383562	118.71431	4.8762207
10.384273	116.01173	4.8859863
10.385138	110.86034	4.895752
10.386021	104.7842	4.9055176
10.385905	109.12852	4.9152832
10.387229	115.07476	4.9250488
10.388024	118.80958	4.9348145
10.389026	119.95882	4.9445801
10.388458	116.67809	4.9543457
10.39007	113.01331	4.9641113
10.391453	111.14492	4.973877
10.391887	115.44228	4.9836426
10.393098	122.3902	4.9934082
10.393249	125.71849	5.0031738
10.393779	122.56945	5.0129395
10.395631	115.48591	5.0227051
10.3962	115.54427	5.0324707
10.397714	119.09224	5.0422363
10.397443	125.64917	5.052002
10.397782	125.5236	5.0617676
10.399225	125.10651	5.0715332
10.399189	123.86876	5.0812988
10.401772	117.91299	5.0910645
10.401573	121.88345	5.1008301
10.402208	122.9929	5.1105957
10.403254	130.78329	5.1203613
10.404339	132.0941	5.130127
10.404711	125.18208	5.1398926
10.406274	124.07168	5.1496582
10.406235	123.60168	5.1594238
10.407915	127.47697	5.1691895
10.40872	131.57887	5.1789551
10.408077	131.86841	5.1887207
10.410147	135.66446	5.1984863
10.411448	128.53502	5.208252
10.411686	127.28821	5.2180176
10.412013	126.25563	5.2277832
10.412933	131.24924	5.2375488
10.414569	139.17027	5.2473145
10.415027	136.06934	5.2570801
10.415279	134.69402	5.2668457
10.416443	131.82146	5.2766113
10.416538	132.05481	5.286377
10.418781	133.11436	5.2961426
10.419585	135.38147	5.3059082
10.41957	139.95193	5.3156738
10.421117	143.56041	5.3254395
10.421076	136.20763	5.3352051
10.422238	131.0269	5.3449707
10.423183	133.97729	5.3547363
10.423375	140.34033	5.364502
10.42417	143.4767	5.3742676
10.425316	145.99266	5.3840332
10.426256	140.25908	5.3937988
10.426962	138.52733	5.4035645
10.427958	137.06171	5.4133301
10.428773	140.09477	5.4230957
10.428462	146.33028	5.4328613
10.430023	149.35626	5.442627
10.431024	148.06395	5.4523926
10.431792	140.62061	5.4621582
10.433319	136.88699	5.4719238
10.434072	144.57521	5.4816895
10.434771	147.4563	5.4914551
10.433877	153.64197	5.5012207
10.436559	149.5144	5.5109863
10.436912	147.55019	5.520752
10.439132	143.93495	5.5305176
10.437099	140.85501	5.5402832
10.439061	148.68149	5.5500488
10.440136	155.22806	5.5598145
10.441531	155.63777	5.5695801
10.440536	151.38809	5.5793457
10.442276	143.20274	5.5891113
10.442837	147.2292	5.598877
10.443649	152.63148	5.6086426
10.444553	155.92697	5.6184082
10.445132	160.38362	5.6281738
10.448346	155.74638	5.6379395
10.447449	152.92625	5.6477051
10.448335	148.45251	5.6574707
10.449454	150.59468	5.6672363
10.449559	158.54736	5.677002
10.451365	162.72162	5.6867676
10.450976	161.53175	5.6965332
10.45179	155.91107	5.7062988
10.452937	152.80083	5.7160645
10.452456	155.19005	5.7258301
10.455913	160.72174	5.7355957
10.456111	161.89171	5.7453613
10.456649	165.22855	5.755127
10.458423	164.5049	5.7648926
10.457665	158.22289	5.7746582
10.458107	158.35976	5.7844238
10.459485	159.22614	5.7941895
10.460615	165.50739	5.8039551
10.46065	169.84174	5.8137207
10.462186	166.4669	5.8234863
10.462903	163.76515	5.833252
10.463299	161.59335	5.8430176
10.464716	165.8943	5.8527832
10.465629	166.9211	5.8625488
10.465738	169.55507	5.8723145
10.467788	174.40161	5.8820801
10.468227	168.88132	5.8918457
10.468621	166.34807	5.9016113
10.469914	163.82858	5.911377
10.470174	167.06715	5.9211426
10.470802	177.08246	5.9309082
10.472075	173.67949	5.9406738
10.472783	175.1691	5.9504395
10.473482	171.84637	5.9602051
10.474285	168.25865	5.9699707
10.475357	170.65715	5.9797363
10.475013	172.39003	5.989502
10.476582	180.55989	5.9992676
10.477855	181.68239	6.0090332
10.478416	176.36264	6.0187988
10.478441	172.37535	6.0285645
10.479287	170.38751	6.0383301
10.480145	177.08345	6.0480957
10.481595	180.7451	6.0578613
10.482344	183.56427	6.067627
10.483282	180.67815	6.0773926
10.484737	178.0247	6.0871582
10.484671	174.57521	6.0969238
10.484905	176.85162	6.1066895
10.485872	183.38135	6.1164551
10.4868	188.89389	6.1262207
10.487948	188.73758	6.1359863
10.489096	180.76797	6.145752
10.489217	176.74414	6.1555176
10.489975	180.94472	6.1652832
10.491269	185.30623	6.1750488
10.491426	191.64003	6.1848145
10.493295	190.18747	6.1945801
10.493369	188.44637	6.2043457
10.495217	184.85071	6.2141113
10.495965	178.978	6.223877
10.496148	187.47424	6.2336426
10.497348	192.59853	6.2434082
10.498443	195.72391	6.2531738
10.498411	193.14346	6.2629395
10.500366	184.62888	6.2727051
10.500271	187.15524	6.2824707
10.501328	187.71336	6.2922363
10.501468	195.57314	6.302002
10.502	197.32066	6.3117676
10.503421	196.23557	6.3215332
10.503993	195.2807	6.3312988
10.505692	189.38518	6.3410645
10.506002	191.19899	6.3508301
10.506635	195.85327	6.3605957
10.507493	200.32579	6.3703613
10.50927	203.04387	6.380127
10.508997	195.25018	6.3898926
10.510465	192.88643	6.3996582
10.511147	194.61249	6.4094238
10.511384	197.58955	6.4191895
10.511464	201.32188	6.4289551
10.513555	204.5786	6.4387207
10.514281	204.53242	6.4484863
10.515283	200.24081	6.458252
10.515831	196.54016	6.4680176
10.516103	196.9684	6.4777832
10.517165	202.9035	6.4875488
10.518132	208.29808	6.4973145
10.51884	206.53722	6.5070801
10.519868	206.36081	6.5168457
10.520969	201.63435	6.5266113
10.521228	201.97267	6.536377
10.522057	202.45512	6.5461426
10.523021	208.06915	6.5559082
10.523541	213.26659	6.5656738
10.524261	210.72798	6.5754395
10.525504	206.74551	6.5852051
10.527246	201.91718	6.5949707
10.526488	205.53589	6.6047363
10.529118	211.74832	6.614502
10.52983	212.13965	6.6242676
10.529947	216.42685	6.6340332
10.5298	211.40262	6.6437988
10.530229	208.36485	6.6535645
10.531417	206.39806	6.6633301
10.533004	208.12556	6.6730957
10.533849	219.41701	6.6828613
10.533566	219.98076	6.692627
10.535194	218.44991	6.7023926
10.535614	210.96642	6.7121582
10.537178	208.33507	6.7219238
10.538206	214.38449	6.7316895
10.538368	218.63203	6.7414551
10.539302	222.58539	6.7512207
10.540007	222.36792	6.7609863
10.540593	218.67552	6.770752
10.541825	214.56496	6.7805176
10.542863	213.15077	6.7902832
10.54373	219.66968	6.8000488
10.544703	227.51109	6.8098145
10.545998	228.13776	6.8195801
10.546785	222.26831	6.8293457
10.546427	217.14507	6.8391113
10.547105	217.21617	6.848877
10.54792	222.61235	6.8586426
10.549138	227.9326	6.8684082
10.550215	229.51016	6.8781738
10.551172	227.40869	6.8879395
10.552185	224.92619	6.8977051
10.5521	218.22563	6.9074707
10.553493	222.45453	6.9172363
10.554295	229.85953	6.927002
10.554772	235.73962	6.9367676
10.555588	231.97566	6.9465332
10.556296	225.89987	6.9562988
10.557718	225.58379	6.9660645
10.558407	225.49057	6.9758301
10.559355	232.06361	6.9855957
10.560089	232.15706	6.9953613
10.561312	235.99348	7.005127
10.561416	234.83502	7.0148926
10.561337	226.21359	7.0246582
10.563572	227.87596	7.0344238
10.564835	229.82814	7.0441895
10.563758	237.48378	7.0539551
10.566138	241.59528	7.0637207
10.567966	233.88959	7.0734863
10.566999	235.38629	7.083252
10.568597	233.38248	7.0930176
10.568964	233.6817	7.1027832
10.569096	236.29326	7.1125488
10.569391	240.32655	7.1223145
10.571087	244.66309	7.1320801
10.5736	239.92564	7.1418457
10.572783	235.58037	7.1516113
10.574378	234.5079	7.161377
10.574405	239.60402	7.1711426
10.575314	244.2249	7.1809082
10.575894	244.63049	7.1906738
10.576918	245.53845	7.2004395
10.577418	242.94971	7.2102051
10.578175	237.49564	7.2199707
10.578433	238.08548	7.2297363
10.580754	244.76004	7.239502
10.580198	249.33992	7.2492676
10.581389	250.2558	7.2590332
10.582582	246.97345	7.2687988
10.582908	239.26979	7.2785645
10.584621	243.83412	7.2883301
10.584446	247.24759	7.2980957
10.585051	249.1543	7.3078613
10.586188	256.6037	7.317627
10.587186	251.49492	7.3273926
10.588106	248.01614	7.3371582
10.589135	245.31917	7.3469238
10.589727	245.68884	7.3566895
10.590963	253.465	7.3664551
10.591495	257.50098	7.3762207
10.593159	258.09036	7.3859863
10.592708	250.33798	7.395752
10.594066	246.6479	7.4055176
10.593982	250.18839	7.4152832
10.596939	252.53761	7.4250488
10.596857	260.47272	7.4348145
10.598	260.78629	7.4445801
10.597942	257.35593	7.4543457
10.598363	254.86899	7.4641113
10.599008	248.87628	7.473877
10.60112	255.14803	7.4836426
10.601468	264.3175	7.4934082
10.603137	266.34106	7.5031738
10.602466	263.98181	7.5129395
10.602417	254.98083	7.5227051
10.605929	255.11076	7.5324707
10.604503	258.3067	7.5422363
10.606266	263.57556	7.552002
10.607459	268.55338	7.5617676
10.607699	268.21716	7.5715332
10.607405	263.6445	7.5812988
10.609451	257.48486	7.5910645
10.611264	258.80722	7.6008301
10.610126	266.29758	7.6105957
10.611524	272.57455	7.6203613
10.611876	271.40884	7.630127
10.613673	266.6593	7.6398926
10.614398	263.79358	7.6496582
10.614529	265.85583	7.6594238
10.615899	266.74774	7.6691895
10.616506	269.99728	7.6789551
10.616886	274.64236	7.6887207
10.618615	274.17371	7.6984863
10.618681	266.78088	7.708252
10.618768	267.62906	7.7180176
10.620592	267.03152	7.7277832
10.621198	274.42459	7.7375488
10.622643	277.12244	7.7473145
10.623835	274.04227	7.7570801
10.622575	275.87857	7.7668457
10.624654	271.69247	7.7766113
10.624569	272.1922	7.786377
10.626096	272.70346	7.7961426
10.627565	276.02515	7.8059082
10.629139	284.10474	7.8156738
10.627955	278.62811	7.8254395
10.630426	276.76141	7.8352051
10.629683	273.36856	7.8449707
10.631437	274.7507	7.8547363
10.631988	282.93536	7.864502
10.632104	282.39862	7.8742676
10.633612	286.26062	7.8840332
10.634316	282.51978	7.8937988
10.635723	279.01425	7.9035645
10.636354	276.57315	7.9133301
10.636412	281.68039	7.9230957
10.637506	287.72067	7.9328613
10.637774	291.13434	7.942627
10.63852	287.49228	7.9523926
10.640285	281.66376	7.9621582
10.642429	280.68509	7.9719238
10.642241	284.59723	7.9816895
10.642422	287.02609	7.9914551
10.643529	293.61749	8.0012207
10.644187	292.64761	8.0109863
10.645066	289.93289	8.020752
10.646476	283.59106	8.0305176
10.646728	282.11115	8.0402832
10.647046	289.26639	8.0500488
10.648479	297.21436	8.0598145
10.648871	297.18356	8.0695801
10.650276	290.1785	8.0793457
10.650859	287.41193	8.0891113
10.650872	290.47186	8.098877
10.652566	288.73074	8.1086426
10.653397	299.72946	8.1184082
10.654145	298.95587	8.1281738
10.654847	298.40472	8.1379395
10.654854	295.08072	8.1477051
10.657444	287.32828	8.1574707
10.657232	295.63113	8.1672363
10.658103	298.60602	8.177002
10.65949	303.13705	8.1867676
10.660446	302.06009	8.1965332
10.659907	294.96274	8.2062988
10.660634	294.93143	8.2160645
10.662477	293.8765	8.2258301
10.66303	300.2038	8.2355957
10.664045	305.10703	8.2453613
10.664488	305.27768	8.255127
10.664778	305.90338	8.2648926
10.666429	297.57797	8.2746582
10.667048	297.13089	8.2844238
10.667809	302.00699	8.2941895
10.669065	307.74911	8.3039551
10.669619	308.93762	8.3137207
10.670703	306.51959	8.3234863
10.670982	302.08353	8.333252
10.672544	303.2182	8.3430176
10.673088	302.81253	8.3527832
10.673694	305.05145	8.3625488
10.673714	310.53052	8.3723145
10.674915	313.49759	8.3820801
10.676257	307.44424	8.3918457
10.676843	306.05923	8.4016113
10.677804	303.71344	8.411377
10.678265	310.42319	8.4211426
10.679405	314.56451	8.4309082
10.680086	314.32458	8.4406738
10.679847	313.65277	8.4504395
10.682029	311.20972	8.4602051
10.682452	310.34531	8.4699707
10.683786	308.19171	8.4797363
10.68395	313.04102	8.489502
10.684192	322.07281	8.4992676
10.686095	319.74585	8.5090332
10.686625	316.923	8.5187988
10.687102	310.31863	8.5285645
10.688689	311.72391	8.5383301
10.688954	318.17044	8.5480957
10.690547	318.01938	8.5578613
10.690866	323.09778	8.567627
10.691994	322.82874	8.5773926
10.693083	318.14282	8.5871582
10.693549	316.09055	8.5969238
10.693364	315.01328	8.6066895
10.69486	324.50058	8.6164551
10.695807	327.82596	8.6262207
10.696621	326.62839	8.6359863
10.697251	322.54678	8.645752
10.698093	316.29211	8.6555176
10.698706	320.39496	8.6652832
10.699756	324.3472	8.6750488
10.700264	329.62518	8.6848145
10.700225	331.30099	8.6945801
10.701639	329.33823	8.7043457
10.702488	321.62018	8.7141113
10.703154	318.89499	8.723877
10.704872	324.52786	8.7336426
10.704969	334.14572	8.7434082
10.706472	335.86835	8.7531738
10.70635	331.68997	8.7629395
10.708255	325.63354	8.7727051
10.708074	324.12811	8.7824707
10.709503	324.24841	8.7922363
10.710559	332.79291	8.802002
10.710735	336.62161	8.8117676
10.711505	338.74115	8.8215332
10.711671	333.47083	8.8312988
10.713552	325.38583	8.8410645
10.714431	329.51492	8.8508301
10.715376	334.66812	8.8605957
10.715757	340.98535	8.8703613
10.716681	341.30106	8.880127
10.717312	334.55225	8.8898926
10.719341	334.90781	8.8996582
10.719362	330.93707	8.9094238
10.718702	335.918	8.9191895
10.721556	339.90707	8.9289551
10.72166	344.3736	8.9387207
10.721895	345.42075	8.9484863
10.723536	335.99243	8.958252
10.723532	336.10159	8.9680176
10.72545	336.88248	8.9777832
10.725262	342.11298	8.9875488
10.726776	346.8277	8.9973145
10.728416	344.24438	9.0070801
10.726613	343.13013	9.0168457
10.729177	341.89355	9.0266113
10.730113	338.27008	9.036377
10.730108	341.4364	9.0461426
10.731088	348.00912	9.0559082
10.732107	351.82568	9.0656738
10.733028	348.99774	9.0754395
10.733789	344.78085	9.0852051
10.734326	342.70828	9.0949707
10.735145	346.51025	9.1047363
10.736877	349.11353	9.114502
10.737825	352.69489	9.1242676
10.738341	354.78976	9.1340332
10.737838	351.6265	9.1437988
10.738764	346.3537	9.1535645
10.741124	344.13358	9.1633301
10.74058	348.94196	9.1730957
10.74154	356.46985	9.1828613
10.742411	357.91672	9.192627
10.743437	356.76178	9.2023926
10.744828	349.80917	9.2121582
10.745036	348.32312	9.2219238
10.746298	351.42511	9.2316895
10.746311	353.88062	9.2414551
10.747593	363.90717	9.2512207
10.748418	362.45648	9.2609863
10.750107	357.33289	9.270752
10.749833	352.18417	9.2805176
10.750553	349.80545	9.2902832
10.751304	359.90503	9.3000488
10.752481	364.33484	9.3098145
10.751982	366.78903	9.3195801
10.753304	361.25256	9.3293457
10.75465	354.7818	9.3391113
10.756289	357.51077	9.348877
10.755891	356.97852	9.3586426
10.756702	365.04575	9.3684082
10.757578	370.42767	9.3781738
10.759267	367.15936	9.3879395
10.759953	361.38965	9.3977051
10.760398	355.35031	9.4074707
10.76129	360.11075	9.4172363
10.763397	369.33118	9.427002
10.762482	371.72232	9.4367676
10.763288	370.82364	9.4465332
10.764672	366.07513	9.4562988
10.765664	361.79086	9.4660645
10.766541	362.1698	9.4758301
10.767443	368.48663	9.4855957
10.76827	373.69382	9.4953613
10.768347	377.76776	9.505127
10.770035	372.82214	9.5148926
10.770619	365.09518	9.5246582
10.770751	365.61365	9.5344238
10.770929	367.6637	9.5441895
10.773043	376.8476	9.5539551
10.773378	376.34024	9.5637207
10.775044	375.3808	9.5734863
10.774507	373.36218	9.583252
10.774851	368.43524	9.5930176
10.777303	371.63477	9.6027832
10.777691	374.75125	9.6125488
10.777346	382.30978	9.6223145
10.780287	383.43658	9.6320801
10.780034	374.73657	9.6418457
10.78106	373.25406	9.6516113
10.781576	373.31702	9.661377
10.782994	376.69443	9.6711426
10.782896	383.6651	9.6809082
10.783745	381.95871	9.6906738
10.784021	385.41245	9.7004395
10.786038	379.61322	9.7102051
10.786404	375.67203	9.7199707
10.787153	377.91937	9.7297363
10.787129	381.94724	9.739502
10.788846	389.146	9.7492676
10.790264	387.27505	9.7590332
10.791828	385.09677	9.7687988
10.791039	380.63562	9.7785645
10.792632	379.67105	9.7883301
10.792501	384.7543	9.7980957
10.794731	389.43295	9.8078613
10.793283	390.53793	9.817627
10.795539	393.05997	9.8273926
10.795633	385.98904	9.8371582
10.797448	380.98413	9.8469238
10.798758	386.05588	9.8566895
10.798734	392.81805	9.8664551
10.79873	394.51047	9.8762207
10.799841	396.72284	9.8859863
10.800892	388.7908	9.895752
10.80195	387.77731	9.9055176
10.802168	387.43536	9.9152832
10.803833	390.58536	9.9250488
10.803695	399.04449	9.9348145
10.805439	401.16849	9.9445801
10.805289	397.8876	9.9543457
10.806697	389.49057	9.9641113
10.807307	386.77948	9.973877
10.807903	395.13876	9.9836426
10.808656	400.22409	9.9934082
10.810084	403.7363	10.003174
10.810457	399.66721	10.012939
10.811655	396.12875	10.022705
10.812225	393.44528	10.032471
10.813358	391.71814	10.042236
10.814023	401.32803	10.052002
10.815392	407.12485	10.061768
10.815863	407.47791	10.071533
10.81619	403.05078	10.081299
10.81799	392.46173	10.091064
10.817549	398.43027	10.10083
10.819104	404.87598	10.110596
10.81941	407.41702	10.120361
10.820784	411.14301	10.130127
10.820784	404.50046	10.139893
10.822102	402.94281	10.149658
10.823262	398.07782	10.159424
10.823935	402.3934	10.169189
10.824927	410.1377	10.178955
10.826155	415.47571	10.188721
10.826034	411.90961	10.198486
10.826976	405.22614	10.208252
10.827616	401.62766	10.218018
10.829127	405.29874	10.227783
10.830092	411.76025	10.237549
10.830024	413.49222	10.247314
10.830977	415.22681	10.25708
10.832334	412.80609	10.266846
10.832705	407.1015	10.276611
10.832849	407.92355	10.286377
10.833771	409.28973	10.296143
10.835115	419.10382	10.305908
10.836542	420.48703	10.315674
10.836123	415.54221	10.325439
10.836528	413.48581	10.335205
10.839355	408.13773	10.344971
10.83962	414.12378	10.354736
10.839739	418.79019	10.364502
10.840891	419.8157	10.374268
10.841089	423.66568	10.384033
10.841925	419.24911	10.393799
10.842727	414.44965	10.403564
10.843855	412.31531	10.41333
10.845039	416.62234	10.423096
10.84571	426.3916	10.432861
10.845442	423.80273	10.442627
10.847496	425.85239	10.452393
10.848389	418.08759	10.462158
10.849156	417.18915	10.471924
10.850658	421.15338	10.481689
10.850345	422.48712	10.491455
10.851318	429.25153	10.501221
10.853482	431.7937	10.510986
10.85311	422.40985	10.520752
10.853673	418.84738	10.530518
10.855549	418.49957	10.540283
10.855551	426.68454	10.550049
10.855685	431.25128	10.559814
10.858168	432.83072	10.56958
10.858397	430.02771	10.579346
10.858847	427.07977	10.589111
10.859069	423.02109	10.598877
10.859897	425.93726	10.608643
10.861687	433.71609	10.618408
10.862733	438.53366	10.628174
10.862824	436.48465	10.637939
10.864162	428.66971	10.647705
10.865128	424.09341	10.657471
10.865187	429.52139	10.667236
10.866187	434.50827	10.677002
10.866338	441.50113	10.686768
10.868194	439.71915	10.696533
10.867987	436.42987	10.706299
10.870982	432.17456	10.716064
10.869907	428.17975	10.72583
10.870316	437.83728	10.735596
10.872006	441.97073	10.745361
10.873285	444.51889	10.755127
10.873456	440.17694	10.764893
10.873978	431.09772	10.774658
10.874444	434.2146	10.784424
10.875467	437.18304	10.794189
10.876836	442.36703	10.803955
10.878095	445.42413	10.813721
10.878408	443.58246	10.823486
10.878995	441.46494	10.833252
10.879533	434.80792	10.843018
10.880336	438.26236	10.852783
10.881421	444.57132	10.862549
10.882766	450.06613	10.872314
10.882759	450.90308	10.88208
10.884172	443.2233	10.891846
10.885364	439.84204	10.901611
10.885105	441.427	10.911377
10.886527	444.63828	10.921143
10.887182	448.11557	10.930908
10.888466	452.42633	10.940674
10.890203	451.49411	10.950439
10.889631	446.85205	10.960205
10.890041	442.72546	10.969971
10.890353	444.25128	10.979736
10.892123	452.17563	10.989502
10.89272	456.18933	10.999268
10.894299	455.17661	11.009033
10.894011	452.32788	11.018799
10.895252	448.23441	11.028564
10.896294	448.56689	11.03833
10.896719	450.35135	11.048096
10.898961	455.84103	11.057861
10.898456	461.35007	11.067627
10.898996	457.34714	11.077393
10.899952	453.37729	11.087158
10.901717	447.9119	11.096924
10.902206	451.51315	11.106689
10.903758	460.75183	11.116455
10.904581	460.97781	11.126221
10.904179	463.70416	11.135986
10.904557	456.4762	11.145752
10.905699	453.3486	11.155518
10.90602	454.34888	11.165283
10.908647	456.16254	11.175049
10.908324	465.86414	11.184814
10.909393	468.83612	11.19458
10.910144	465.21613	11.204346
10.910719	457.09271	11.214111
10.911149	453.50122	11.223877
10.911793	459.92584	11.233643
10.913542	466.34451	11.243408
10.913435	470.79337	11.253174
10.916029	469.13849	11.262939
10.915291	462.97479	11.272705
10.917012	459.51834	11.282471
10.917953	459.61209	11.292236
10.918027	465.89938	11.302002
10.91949	474.48325	11.311768
10.92025	474.57819	11.321533
10.920708	466.20422	11.331299
10.922608	461.47723	11.341064
10.921821	464.20758	11.35083
10.923076	469.73993	11.360596
10.923899	475.42151	11.370361
10.925071	476.08371	11.380127
10.925578	472.98911	11.389893
10.926794	469.052	11.399658
10.926304	463.6994	11.409424
10.927521	468.42981	11.419189
10.928766	473.94476	11.428955
10.92985	482.0033	11.438721
10.930189	477.97476	11.448486
10.930543	471.67697	11.458252
10.931851	469.00665	11.468018
10.933292	470.32245	11.477783
10.933125	477.66132	11.487549
10.933922	480.86292	11.497314
10.934195	480.62717	11.50708
10.936707	481.13651	11.516846
10.936166	471.08301	11.526611
10.937269	472.66696	11.536377
10.938219	476.29428	11.546143
10.938813	484.41742	11.555908
10.941294	488.09497	11.565674
10.941426	480.03024	11.575439
10.941652	479.79004	11.585205
10.942709	476.97403	11.594971
10.943618	479.26212	11.604736
10.944327	484.8833	11.614502
10.945155	488.36096	11.624268
10.946157	490.48795	11.634033
10.946829	485.14285	11.643799
10.94812	479.90808	11.653564
10.947991	481.23569	11.66333
10.94925	484.91379	11.673096
10.950687	491.05536	11.682861
10.950773	491.77698	11.692627
10.951761	488.84534	11.702393
10.952172	487.05588	11.712158
10.953281	483.4906	11.721924
10.953715	483.89536	11.731689
10.95502	490.62167	11.741455
10.956059	495.47388	11.751221
10.956685	496.48206	11.760986
10.957085	490.25516	11.770752
10.957622	483.58008	11.780518
10.959	487.10049	11.790283
10.960407	493.89163	11.800049
10.959896	496.1987	11.809814
10.960658	502.10953	11.81958
10.962204	495.08704	11.829346
10.962618	491.98953	11.839111
10.964868	488.547	11.848877
10.965123	491.68976	11.858643
10.96518	500.08749	11.868408
10.966606	505.05966	11.878174
10.967268	503.07977	11.887939
10.967583	495.81973	11.897705
10.967478	490.06711	11.907471
10.968674	494.92413	11.917236
10.97012	500.013	11.927002
10.970523	506.51849	11.936768
10.971461	506.93274	11.946533
10.972939	501.34958	11.956299
10.97403	496.84109	11.966064
10.973862	492.21564	11.97583
10.975409	500.95273	11.985596
10.976004	509.58472	11.995361
10.977612	511.06537	12.005127
10.977559	508.19504	12.014893
10.97822	498.57523	12.024658
10.979472	499.06741	12.034424
10.980339	502.65091	12.044189
10.981657	507.52908	12.053955
10.981354	512.67621	12.063721
10.982045	512.11279	12.073486
10.983441	506.64771	12.083252
10.982804	500.41412	12.093018
10.985741	502.5304	12.102783
10.986428	510.28268	12.112549
10.986753	516.85114	12.122314
10.988091	515.20142	12.13208
10.987531	509.26715	12.141846
10.987926	506.40356	12.151611
10.989482	507.63535	12.161377
10.990009	511.91306	12.171143
10.991227	514.90149	12.180908
10.992456	518.09564	12.190674
10.993767	518.60693	12.200439
10.993834	509.17429	12.210205
10.993962	509.18787	12.219971
10.995298	509.63086	12.229736
10.996273	519.04962	12.239502
10.996083	521.79767	12.249268
10.997308	519.612	12.259033
10.998365	519.15833	12.268799
10.999704	513.38116	12.278564
11.000161	513.73499	12.28833
11.001742	517.49152	12.298096
11.003013	520.44379	12.307861
11.003578	525.80371	12.317627
11.003885	522.64154	12.327393
11.005039	518.19543	12.337158
11.005466	514.57019	12.346924
11.007078	518.08606	12.356689
11.006968	526.39264	12.366455
11.007883	525.44214	12.376221
11.00904	526.77905	12.385986
11.009525	523.776	12.395752
11.010273	520.12628	12.405518
11.010467	520.09961	12.415283
11.010726	521.93744	12.425049
11.013522	530.2597	12.434814
11.012985	533.53418	12.44458
11.013762	529.57471	12.454346
11.014606	520.95117	12.464111
11.016044	519.9577	12.473877
11.01624	527.03998	12.483643
11.017227	530.94653	12.493408
11.017967	536.01965	12.503174
11.018671	534.4104	12.512939
11.020011	529.16211	12.522705
11.020344	522.35962	12.532471
11.021064	523.16321	12.542236
11.022773	532.98407	12.552002
11.02284	540.39026	12.561768
11.023559	540.83319	12.571533
11.025041	530.65656	12.581299
11.025173	527.31256	12.591064
11.026601	529.11029	12.60083
11.026823	532.81793	12.610596
11.027666	541.67841	12.620361
11.029512	542.04523	12.630127
11.029949	539.04938	12.639893
11.029283	533.58221	12.649658
11.032001	527.40216	12.659424
11.032305	536.38568	12.669189
11.03265	542.86035	12.678955
11.034028	546.53247	12.688721
11.034361	543.43774	12.698486
11.034628	534.80133	12.708252
11.035197	534.01392	12.718018
11.037052	535.96039	12.727783
11.037471	540.62109	12.737549
11.038639	546.56525	12.747314
11.039024	549.11096	12.75708
11.040803	546.16345	12.766846
11.04015	536.57544	12.776611
11.042238	537.06232	12.786377
11.042991	544.11365	12.796143
11.043655	549.10315	12.805908
11.044074	553.41388	12.815674
11.045601	545.96008	12.825439
11.046306	542.19464	12.835205
11.04548	544.02155	12.844971
11.047285	543.73492	12.854736
11.048214	548.37	12.864502
11.049537	553.16437	12.874268
11.050036	553.25256	12.884033
11.051854	548.18384	12.893799
11.050806	545.26459	12.903564
11.052692	542.11914	12.91333
11.053162	551.93823	12.923096
11.054062	554.79553	12.932861
11.055849	553.35028	12.942627
11.055392	554.38641	12.952393
11.056117	550.33344	12.962158
11.057614	548.63605	12.971924
11.059259	549.14154	12.981689
11.05892	553.85193	12.991455
11.058806	562.17035	13.001221
11.060031	559.23041	13.010986
11.060764	555.03076	13.020752
11.062896	549.32788	13.030518
11.064248	552.44196	13.040283
11.063617	558.76886	13.050049
11.06426	559.6756	13.059814
11.066093	564.60614	13.06958
11.066163	560.09564	13.079346
11.066845	554.78387	13.089111
11.067732	553.00195	13.098877
11.06828	554.37054	13.108643
11.070056	563.86859	13.118408
11.070003	568.77686	13.128174
11.071139	565.50085	13.137939
11.072103	557.66821	13.147705
11.072623	554.0174	13.157471
11.073838	558.54901	13.167236
11.073699	562.56104	13.177002
11.075064	569.18726	13.186768
11.075486	571.77643	13.196533
11.077893	565.7467	13.206299
11.077274	558.99512	13.216064
11.078645	558.28973	13.22583
11.079345	564.10522	13.235596
11.080255	573.0296	13.245361
11.080944	574.94055	13.255127
11.081328	569.15295	13.264893
11.08304	564.00043	13.274658
11.084209	562.62946	13.284424
11.084173	565.94611	13.294189
11.084826	574.04736	13.303955
11.086097	574.89569	13.313721
11.085957	576.64807	13.323486
11.087524	571.11237	13.333252
11.088236	563.32666	13.343018
11.089604	568.18457	13.352783
11.090154	574.70886	13.362549
11.090704	581.52802	13.372314
11.092058	578.01984	13.38208
11.09161	572.44238	13.391846
11.093313	571.66925	13.401611
11.094752	569.07861	13.411377
11.094439	575.18195	13.421143
11.095854	580.07123	13.430908
11.096561	581.85052	13.440674
11.097528	582.07715	13.450439
11.097171	571.93414	13.460205
11.100318	572.30695	13.469971
11.099234	576.06934	13.479736
11.099615	581.4884	13.489502
11.101623	587.04401	13.499268
11.101686	582.62274	13.509033
11.102616	580.11694	13.518799
11.10348	578.61609	13.528564
11.105378	576.84784	13.53833
11.105247	581.37091	13.548096
11.106575	585.90814	13.557861
11.106727	589.00372	13.567627
11.107504	585.6131	13.577393
11.108185	582.11902	13.587158
11.110187	577.50824	13.596924
11.109694	583.60211	13.606689
11.110333	587.83264	13.616455
11.11173	590.96545	13.626221
11.112491	590.59821	13.635986
11.114021	587.396	13.645752
11.114024	582.72998	13.655518
11.115215	580.55774	13.665283
11.116704	587.38635	13.675049
11.116388	595.05481	13.684814
11.117553	595.45313	13.69458
11.117789	594.63416	13.704346
11.119503	583.08594	13.714111
11.119605	585.52911	13.723877
11.119983	589.5376	13.733643
11.12074	592.55267	13.743408
11.123208	601.68433	13.753174
11.123824	597.83411	13.762939
11.124331	592.23267	13.772705
11.125527	587.30219	13.782471
11.126291	587.71606	13.792236
11.125623	596.31653	13.802002
11.126847	603.40106	13.811768
11.129337	602.55304	13.821533
11.129111	595.72388	13.831299
11.129977	589.33215	13.841064
11.129581	593.07355	13.85083
11.13126	593.85156	13.860596
11.131525	603.88702	13.870361
11.134027	606.48914	13.880127
11.133287	601.38263	13.889893
11.135469	597.50909	13.899658
11.134665	591.12244	13.909424
11.136345	594.89398	13.919189
11.136784	606.65674	13.928955
11.137315	610.26196	13.938721
11.13961	606.69293	13.948486
11.139841	600.68188	13.958252
11.13954	598.1795	13.968018
11.140838	596.98804	13.977783
11.142465	604.13995	13.987549
11.142458	608.51257	13.997314
11.14454	612.79578	14.00708
11.144104	606.47137	14.016846
11.144906	599.67395	14.026611
11.145816	601.02258	14.036377
11.145644	604.60205	14.046143
11.148487	613.44287	14.055908
11.148378	611.48596	14.065674
11.148849	609.94073	14.075439
11.150097	607.00415	14.085205
11.150264	601.9931	14.094971
11.152098	607.57977	14.104736
11.151978	610.68481	14.114502
11.152959	617.16821	14.124268
11.154659	620.05389	14.134033
11.155817	608.10565	14.143799
11.155666	608.41351	14.153564
11.156345	607.8692	14.16333
11.156815	613.50562	14.173096
11.158091	618.96832	14.182861
11.158437	617.53772	14.192627
11.15988	618.99219	14.202393
11.161456	612.34198	14.212158
11.161501	610.05371	14.221924
11.162286	614.30707	14.231689
11.163103	617.36267	14.241455
11.163649	626.54602	14.251221
11.164385	621.14001	14.260986
11.166258	617.26196	14.270752
11.166142	614.36908	14.280518
11.167421	614.05457	14.290283
11.167092	620.82227	14.300049
11.168962	623.13593	14.309814
11.169943	626.03455	14.31958
11.171196	625.00452	14.329346
11.171936	619.29059	14.339111
11.172654	614.31915	14.348877
11.173069	620.04468	14.358643
11.174012	627.10571	14.368408
11.175029	631.11792	14.378174
11.175654	629.16516	14.387939
11.175655	621.44745	14.397705
11.176091	619.04663	14.407471
11.177966	620.82117	14.417236
11.178344	625.04944	14.427002
11.179464	634.27039	14.436768
11.180049	632.24292	14.446533
11.18063	630.02698	14.456299
11.181607	622.13568	14.466064
11.183336	619.53571	14.47583
11.18261	629.26837	14.485596
11.184952	634.89532	14.495361
11.184927	637.88806	14.505127
11.185562	632.7276	14.514893
11.187413	625.78802	14.524658
11.187677	626.33081	14.534424
11.188158	625.3349	14.544189
11.189069	635.60541	14.553955
11.190565	640.84406	14.563721
11.19056	638.75757	14.573486
11.192142	632.87378	14.583252
11.192117	624.55682	14.593018
11.191865	628.94952	14.602783
11.194038	636.5827	14.612549
11.195109	642.11072	14.622314
11.195536	642.24695	14.63208
11.195817	635.29584	14.641846
11.197735	632.08643	14.651611
11.197754	631.43842	14.661377
11.199642	635.09961	14.671143
11.19956	642.77771	14.680908
11.200935	645.71814	14.690674
11.201642	643.73218	14.700439
11.201551	637.00421	14.710205
11.20326	634.02576	14.719971
11.203163	639.12061	14.729736
11.204873	643.86792	14.739502
11.205892	648.58911	14.749268
11.205197	646.14056	14.759033
11.207664	643.21692	14.768799
11.20808	638.69104	14.778564
11.208553	639.37146	14.78833
11.209457	641.46759	14.798096
11.21023	650.5531	14.807861
11.211326	652.06708	14.817627
11.212409	645.05298	14.827393
11.213574	643.25604	14.837158
11.212531	640.01996	14.846924
11.21454	645.49597	14.856689
11.215105	649.71979	14.866455
11.217124	651.63947	14.876221
11.217619	652.60608	14.885986
11.217853	647.5741	14.895752
11.218444	644.46497	14.905518
11.218692	644.94769	14.915283
11.218679	647.60431	14.925049
11.221305	658.01917	14.934814
11.222154	655.21802	14.94458
11.223305	651.92682	14.954346
11.223214	647.21967	14.964111
11.223387	646.38849	14.973877
11.224263	651.3689	14.983643
11.225065	654.62988	14.993408
11.226021	660.68475	15.003174
11.227552	660.16791	15.012939
11.22866	654.06818	15.022705
11.228829	649.80817	15.032471
11.229836	651.19653	15.042236
11.229866	657.53857	15.052002
11.231399	664.039	15.061768
11.232099	663.2381	15.071533
11.233761	657.59875	15.081299
11.234579	654.42432	15.091064
11.234991	654.39221	15.10083
11.234108	656.34076	15.110596
11.236072	664.15405	15.120361
11.236436	666.64655	15.130127
11.238224	665.5946	15.139893
11.238474	656.94513	15.149658
11.239728	652.65515	15.159424
11.240213	658.45154	15.169189
11.240776	666.35095	15.178955
11.241504	669.45953	15.188721
11.242105	668.3913	15.198486
11.242559	662.89136	15.208252
11.243927	659.17285	15.218018
11.247106	658.177	15.227783
11.245666	668.93085	15.237549
11.247184	670.87122	15.247314
11.248091	673.48163	15.25708
11.247987	668.76276	15.266846
11.249162	660.62598	15.276611
11.249469	663.16156	15.286377
11.25069	667.83984	15.296143
11.251915	673.80237	15.305908
11.251971	674.71143	15.315674
11.253531	671.22028	15.325439
11.253643	668.44452	15.335205
11.255024	663.69086	15.344971
11.256067	667.23077	15.354736
11.255856	673.81531	15.364502
11.257463	679.23102	15.374268
11.258321	679.16272	15.384033
11.260022	669.93182	15.393799
11.259914	667.21832	15.403564
11.260517	669.56006	15.41333
11.260991	673.86469	15.423096
11.261771	678.90393	15.432861
11.262592	680.85077	15.442627
11.26358	678.15924	15.452393
11.2647	673.82776	15.462158
11.265622	670.47308	15.471924
11.266933	673.1875	15.481689
11.267187	681.44928	15.491455
11.267056	685.30896	15.501221
11.268196	681.26086	15.510986
11.269857	677.7724	15.520752
11.270491	674.79492	15.530518
11.270655	676.94995	15.540283
11.271836	679.87036	15.550049
11.272623	683.40161	15.559814
11.273358	686.40399	15.56958
11.274672	684.1391	15.579346
11.274994	680.73132	15.589111
11.276836	675.73413	15.598877
11.277043	680.8067	15.608643
11.278363	689.84094	15.618408
11.279049	687.43201	15.628174
11.279263	689.62592	15.637939
11.280661	681.5567	15.647705
11.280733	680.6333	15.657471
11.281392	683.66498	15.667236
11.283204	684	15.677002
11.282948	692.49182	15.686768
11.283276	695.4613	15.696533
11.284277	687.90576	15.706299
11.285879	683.15686	15.716064
11.286651	680.75476	15.72583
11.286236	688.50671	15.735596
11.287987	694.95337	15.745361
11.289339	697.18323	15.755127
11.290214	692.43256	15.764893
11.29099	686.53882	15.774658
11.29103	685.86816	15.784424
11.292542	685.47406	15.794189
11.292848	695.20209	15.803955
11.294889	701.03308	15.813721
11.294015	698.41937	15.823486
11.29527	691.48547	15.833252
11.295475	686.53754	15.843018
11.29701	688.89478	15.852783
11.297677	696.7348	15.862549
11.299123	702.72577	15.872314
11.300452	700.07819	15.88208
11.300962	697.90747	15.891846
11.300984	693.45166	15.901611
11.301534	690.06671	15.911377
11.303082	696.56665	15.921143
11.303266	701.97638	15.930908
11.304752	708.48547	15.940674
11.305624	702.91876	15.950439
11.306489	694.19165	15.960205
11.306741	692.99219	15.969971
11.306897	697.55109	15.979736
11.30807	704.86932	15.989502
11.309495	708.50232	15.999268
11.311147	705.11865	16.009033
11.310378	704.8692	16.018799
11.312632	696.63232	16.028564
11.311899	698.77753	16.03833
11.313641	702.90424	16.048096
11.314194	710.37402	16.057861
11.314749	714.38708	16.067627
11.316069	705.58191	16.077393
11.316982	702.95453	16.087158
11.317831	703.58124	16.096924
11.318316	705.82166	16.106689
11.319118	710.20477	16.116455
11.319997	712.34564	16.126221
11.320309	714.02454	16.135986
11.321942	708.75861	16.145752
11.321994	704.36932	16.155518
11.323503	705.61328	16.165283
11.324186	710.70093	16.175049
11.32597	717.04199	16.184814
11.325792	714.95807	16.19458
11.326063	712.59528	16.204346
11.32695	707.46002	16.214111
11.328287	706.99017	16.223877
11.32883	709.61829	16.233643
11.329831	715.76788	16.243408
11.331675	719.78253	16.253174
11.332095	718.12335	16.262939
11.332911	713.47217	16.272705
11.332979	707.62494	16.282471
11.333918	710.14825	16.292236
11.334604	718.79211	16.302002
11.334798	719.92578	16.311768
11.336061	724.08032	16.321533
11.337602	716.49768	16.331299
11.337347	714.09515	16.341064
11.338332	712.25116	16.35083
11.340527	715.06451	16.360596
11.340067	723.81512	16.370361
11.341027	726.18188	16.380127
11.341822	724.36157	16.389893
11.342979	716.12225	16.399658
11.342984	711.25525	16.409424
11.345064	717.85608	16.419189
11.345565	725.43829	16.428955
11.345988	728.14618	16.438721
11.346771	729.01538	16.448486
11.348384	721.05939	16.458252
11.348334	719.8302	16.468018
11.349386	714.38123	16.477783
11.349558	726.08826	16.487549
11.352124	731.08698	16.497314
11.351979	732.97693	16.50708
11.352528	726.67261	16.516846
11.354074	720.05798	16.526611
11.353981	721.51837	16.536377
11.354974	728.20984	16.546143
11.355777	733.30823	16.555908
11.356411	733.80389	16.565674
11.357327	732.41602	16.575439
11.358296	727.44446	16.585205
11.359638	723.26056	16.594971
11.360076	726.90198	16.604736
11.360913	732.1568	16.614502
11.362932	739.7951	16.624268
11.361698	735.71954	16.634033
11.362893	728.80145	16.643799
11.363603	725.9812	16.653564
11.364065	728.20258	16.66333
11.365216	734.23578	16.673096
11.366524	737.6723	16.682861
11.366372	738.50421	16.692627
11.368349	738.40564	16.702393
11.368205	728.66321	16.712158
11.369573	730.50696	16.721924
11.371278	732.60211	16.731689
11.37065	739.35468	16.741455
11.372313	744.84625	16.751221
11.373728	737.51703	16.760986
11.374753	738.23523	16.770752
11.374453	733.29669	16.780518
11.374883	733.51099	16.790283
11.375049	738.38678	16.800049
11.376237	740.56464	16.809814
11.377092	747.89294	16.81958
11.378438	743.06866	16.829346
11.378867	736.51709	16.839111
11.37965	735.28326	16.848877
11.380593	738.64636	16.858643
11.381171	747.01404	16.868408
11.381409	746.82678	16.878174
11.383213	747.08856	16.887939
11.384879	742.88354	16.897705
11.385322	738.56158	16.907471
11.385367	741.086	16.917236
11.38724	745.25751	16.927002
11.388297	750.29095	16.936768
11.388348	753.76819	16.946533
11.389362	746.89514	16.956299
11.390001	741.2113	16.966064
11.390081	738.94122	16.97583
11.391311	746.18481	16.985596
11.393249	751.97009	16.995361
11.394324	756.20355	17.005127
11.394921	750.72534	17.014893
11.394031	747.45026	17.024658
11.395663	743.92047	17.034424
11.396718	744.81866	17.044189
11.397199	754.65985	17.053955
11.397818	758.65729	17.063721
11.399304	759.3858	17.073486
11.399994	749.54834	17.083252
11.39943	743.65533	17.093018
11.400771	747.3609	17.102783
11.402773	753.62683	17.112549
11.403087	760.81018	17.122314
11.404976	759.67419	17.13208
11.404866	754.64166	17.141846
11.405526	753.09424	17.151611
11.406958	745.98022	17.161377
11.406686	754.56116	17.171143
11.407877	761.30878	17.180908
11.408799	765.55139	17.190674
11.408889	761.22729	17.200439
11.410582	751.38629	17.210205
11.410909	751.92999	17.219971
11.411047	756.88611	17.229736
11.413257	760.81799	17.239502
11.413462	764.99817	17.249268
11.414318	764.45361	17.259033
11.415274	758.57086	17.268799
11.416039	753.56177	17.278564
11.416466	755.02039	17.28833
11.416847	760.48071	17.298096
11.418997	768.07257	17.307861
11.419135	769.43878	17.317627
11.419891	765.62097	17.327393
11.42093	759.2171	17.337158
11.422272	760.12939	17.346924
11.421918	764.27991	17.356689
11.423578	765.6377	17.366455
11.423484	770.45007	17.376221
11.424536	770.78241	17.385986
11.425484	765.01062	17.395752
11.425879	761.80585	17.405518
11.427635	760.21741	17.415283
11.427535	767.86719	17.425049
11.428982	772.93164	17.434814
11.430646	771.57513	17.44458
11.431691	770.90076	17.454346
11.431913	765.6311	17.464111
11.431918	765.53424	17.473877
11.433582	768.55176	17.483643
11.434591	769.83978	17.493408
11.434993	778.23157	17.503174
11.435439	776.03918	17.512939
11.436089	771.02905	17.522705
11.437199	766.32172	17.532471
11.438382	768.58569	17.542236
11.438311	777.02161	17.552002
11.43961	777.91113	17.561768
11.440451	779.97168	17.571533
11.441966	774.80951	17.581299
11.442283	770.4024	17.591064
11.442769	770.61285	17.60083
11.444658	771.45862	17.610596
11.444601	779.5304	17.620361
11.444133	785.40558	17.630127
11.446813	779.63593	17.639893
11.447715	772.50165	17.649658
11.447775	769.33105	17.659424
11.448087	775.77686	17.669189
11.448877	781.48718	17.678955
11.450601	785.75928	17.688721
11.452009	785.34857	17.698486
11.451215	779.3335	17.708252
11.452064	774.80847	17.718018
11.454191	774.41534	17.727783
11.453693	781.41602	17.737549
11.454262	788.82214	17.747314
11.455887	791.30719	17.75708
11.456141	782.45996	17.766846
11.457738	776.14215	17.776611
11.458981	778.06152	17.786377
11.458521	780.75519	17.796143
11.460098	789.78143	17.805908
11.460727	790.42316	17.815674
11.461704	788.69672	17.825439
11.462037	784.78925	17.835205
11.463787	775.87415	17.844971
11.464134	784.71594	17.854736
11.464354	787.77289	17.864502
11.466712	794.19519	17.874268
11.46613	793.1582	17.884033
11.468228	785.82483	17.893799
11.467299	782.79907	17.903564
11.468855	783.61273	17.91333
11.469187	789.22772	17.923096
11.470765	793.89996	17.932861
11.471091	793.99188	17.942627
11.472741	794.2431	17.952393
11.472888	785.09851	17.962158
11.47409	786.67932	17.971924
11.474145	788.90942	17.981689
11.475623	795.21716	17.991455
11.475976	799.90002	18.001221
11.476727	795.71039	18.010986
11.478698	791.89136	18.020752
11.478946	791.3316	18.030518
11.478548	790.40576	18.040283
11.47955	794.35602	18.050049
11.479382	799.33942	18.059814
11.48176	802.68927	18.06958
11.481824	798.16919	18.079346
11.483971	793.48889	18.089111
11.484424	789.67358	18.098877
11.485835	796.67236	18.108643
11.486373	801.52191	18.118408
11.486186	802.43494	18.128174
11.487894	801.62335	18.137939
11.488304	796.47394	18.147705
11.489834	795.94446	18.157471
11.489865	794.51581	18.167236
11.491417	798.63934	18.177002
11.492077	808.52185	18.186768
11.49259	806.60272	18.196533
11.493884	803.8407	18.206299
11.494563	796.57263	18.216064
11.494654	796.09863	18.22583
11.496045	803.59155	18.235596
11.496546	805.74554	18.245361
11.497999	811.82391	18.255127
11.497817	807.5293	18.264893
11.498627	802.56366	18.274658
11.499369	800.53564	18.284424
11.501871	797.29156	18.294189
11.502803	808.18488	18.303955
11.503032	814.57556	18.313721
11.502941	812.80701	18.323486
11.504202	805.13196	18.333252
11.505089	800.60876	18.343018
11.505431	804.30548	18.352783
11.506257	808.47809	18.362549
11.50715	814.2406	18.372314
11.507775	815.39032	18.38208
11.507763	810.30188	18.391846
11.509844	806.03021	18.401611
11.510378	802.32416	18.411377
11.511096	807.27441	18.421143
11.511515	816.20435	18.430908
11.513274	820.11694	18.440674
11.514167	815.34167	18.450439
11.515004	808.06879	18.460205
11.51467	805.76141	18.469971
11.516346	809.20337	18.479736
11.517933	815.95239	18.489502
11.516824	818.12622	18.499268
11.518278	819.84985	18.509033
11.520293	816.61578	18.518799
11.521017	807.92981	18.528564
11.520918	810.01959	18.53833
11.522198	814.18024	18.548096
11.522157	823.64777	18.557861
11.523049	824.0929	18.567627
11.526157	815.70099	18.577393
11.525013	814.08002	18.587158
11.525554	812.00073	18.596924
11.526703	816.87238	18.606689
11.527717	820.89667	18.616455
11.528626	822.86688	18.626221
11.528474	825.75635	18.635986
11.530196	817.05243	18.645752
11.530115	813.78381	18.655518
11.531553	815.56	18.665283
11.532957	821.68201	18.675049
11.533695	828.58899	18.684814
11.534512	823.19427	18.69458
11.53506	823.07037	18.704346
11.535878	819.60913	18.714111
11.536074	817.13989	18.723877
11.537302	820.28333	18.733643
11.536378	825.52313	18.743408
11.537955	831.6059	18.753174
11.539448	829.48004	18.762939
11.540866	823.98438	18.772705
11.542049	818.09143	18.782471
11.542603	821.61243	18.792236
11.542176	827.38477	18.802002
11.544381	830.03143	18.811768
11.545256	830.90411	18.821533
11.545386	829.44019	18.831299
11.545672	824.07556	18.841064
11.546597	821.80042	18.85083
11.547556	825.12024	18.860596
11.549152	834.26324	18.870361
11.549686	837.01221	18.880127
11.550272	833.5813	18.889893
11.550791	825.90338	18.899658
11.552519	824.83423	18.909424
11.552389	828.74841	18.919189
11.553891	830.89575	18.928955
11.55441	839.11774	18.938721
11.555079	836.7829	18.948486
11.555748	833.23993	18.958252
11.557028	828.28192	18.968018
11.557575	822.65039	18.977783
11.55989	834.72711	18.987549
11.559159	841.14423	18.997314
11.560201	842.88232	19.00708
11.56121	835.77661	19.016846
11.563751	827.87482	19.026611
11.561395	831.16333	19.036377
11.563454	834.12317	19.046143
11.563715	841.25525	19.055908
11.565085	844.88129	19.065674
11.566091	842.11255	19.075439
11.566846	836.97534	19.085205
11.567881	828.44055	19.094971
11.568834	834.99774	19.104736
11.568862	842.79822	19.114502
11.569765	845.66553	19.124268
11.570614	843.78033	19.134033
11.571716	838.29681	19.143799
11.572136	835.24475	19.153564
11.57255	836.03314	19.16333
11.573772	839.96832	19.173096
11.574723	844.8764	19.182861
11.575751	848.19446	19.192627
11.576176	845.10913	19.202393
11.577156	837.37817	19.212158
11.577568	837.32526	19.221924
11.57875	840.02649	19.231689
11.580136	849.14093	19.241455
11.580345	850.0744	19.251221
11.580838	847.37885	19.260986
11.582532	843.30841	19.270752
11.583787	841.01343	19.280518
11.583615	842.55273	19.290283
11.584348	845.36005	19.300049
11.585148	849.99176	19.309814
11.58578	853.85699	19.31958
11.585889	847.62854	19.329346
11.587814	844.15918	19.339111
11.589123	842.79681	19.348877
11.588929	847.09686	19.358643
11.589939	854.263	19.368408
11.591006	852.65985	19.378174
11.591597	851.98157	19.387939
11.592653	849.18994	19.397705
11.592974	845.84241	19.407471
11.593865	847.86365	19.417236
11.594107	848.98151	19.427002
11.595899	859.48413	19.436768
11.597152	858.7359	19.446533
11.597564	852.25201	19.456299
11.598321	847.91394	19.466064
11.599396	847.25946	19.47583
11.600023	853.26971	19.485596
11.601426	857.12708	19.495361
11.601508	859.91077	19.505127
11.60171	858.83649	19.514893
11.603915	853.74042	19.524658
11.605113	850.11548	19.534424
11.604724	849.66559	19.544189
11.605073	857.99902	19.553955
11.60674	864.49255	19.563721
11.607334	862.86511	19.573486
11.607997	854.48218	19.583252
11.60864	851.78845	19.593018
11.609698	854.88617	19.602783
11.610266	857.15704	19.612549
11.61141	864.56006	19.622314
11.611906	865.56805	19.63208
11.613002	863.04828	19.641846
11.613551	855.17627	19.651611
11.615568	851.19519	19.661377
11.614172	859.35626	19.671143
11.616325	865.1701	19.680908
11.617299	870.09509	19.690674
11.617384	864.24884	19.700439
11.619237	856.67041	19.710205
11.619206	857.97437	19.719971
11.620811	857.31171	19.729736
11.619471	865.55444	19.739502
11.622314	869.42474	19.749268
11.62228	869.55511	19.759033
11.624299	865.59656	19.768799
11.624067	856.24707	19.778564
11.625574	859.78967	19.78833
11.626222	865.81177	19.798096
11.62711	870.07581	19.807861
11.627078	872.2298	19.817627
11.629276	867.51697	19.827393
11.628562	863.76318	19.837158
11.630592	862.71094	19.846924
11.631278	863.96637	19.856689
11.632144	870.41205	19.866455
11.631418	874.7099	19.876221
11.633657	875.7182	19.885986
11.633383	866.26794	19.895752
11.634802	863.89026	19.905518
11.63584	865.6333	19.915283
11.636464	872.13104	19.925049
11.637907	876.08441	19.934814
11.638416	874.68219	19.94458
11.639389	871.15723	19.954346
11.640885	869.31012	19.964111
11.640727	868.11017	19.973877
11.641418	868.021	19.983643
11.642557	874.77905	19.993408
11.643353	879.79572	20.003174
11.645198	876.17047	20.012939


Data Header:			0.254_solid_uprint_typei_090_r0			Time:	29.740967	s	4/15/2019 2:53:47 PM
Data Acquisition:	Timed
Station Name:	ft40.cfg
Test File Name:	monotonic_0.2540_typei_solid_090_uprint.tst
Displacement	Force	Running Time
mm	N	s
11.644842	871.5611	20.022705
11.645511	867.67346	20.032471
11.645599	870.72699	20.042236
11.64656	877.15094	20.052002
11.648021	877.89612	20.061768
11.64844	879.94958	20.071533
11.649222	878.41003	20.081299
11.650721	873.11804	20.091064
11.650763	871.23346	20.10083
11.651117	872.30725	20.110596
11.653679	883.51593	20.120361
11.653912	883.23535	20.130127
11.654557	882.16705	20.139893
11.655015	874.64398	20.149658
11.65588	871.71661	20.159424
11.657661	878.17572	20.169189
11.659152	879.33679	20.178955
11.658035	885.94757	20.188721
11.660095	885.06482	20.198486
11.659466	880.03607	20.208252
11.660301	876.35175	20.218018
11.661133	873.23419	20.227783
11.663329	880.76563	20.237549
11.663006	889.93457	20.247314
11.663527	888.75128	20.25708
11.665067	882.37823	20.266846
11.665015	877.38092	20.276611
11.666356	877.24536	20.286377
11.667178	881.96979	20.296143
11.668924	887.89349	20.305908
11.66962	890.01837	20.315674
11.668857	889.07202	20.325439
11.670218	881.83783	20.335205
11.671143	877.31329	20.344971
11.672759	881.36694	20.354736
11.67371	888.35236	20.364502
11.673707	894.56842	20.374268
11.674864	890.48297	20.384033
11.674855	885.17407	20.393799
11.676904	882.12561	20.403564
11.677045	882.70673	20.41333
11.678996	888.12891	20.423096
11.678646	891.03137	20.432861
11.680216	897.17511	20.442627
11.681334	891.68011	20.452393
11.682087	883.93555	20.462158
11.681432	884.89868	20.471924
11.682972	885.5614	20.481689
11.683619	895.18445	20.491455
11.685409	898.09058	20.501221
11.685784	891.98456	20.510986
11.686358	890.33112	20.520752
11.686928	886.4176	20.530518
11.687267	886.65668	20.540283
11.6889	892.93024	20.550049
11.689614	895.4939	20.559814
11.689071	900.09644	20.56958
11.690866	893.44507	20.579346
11.691393	890.09949	20.589111
11.692705	889.00818	20.598877
11.693213	893.53613	20.608643
11.693789	899.2149	20.618408
11.69564	898.68469	20.628174
11.695562	898.71393	20.637939
11.696563	896.60785	20.647705
11.697444	891.79614	20.657471
11.699348	892.35529	20.667236
11.699618	897.89709	20.677002
11.700092	903.42023	20.686768
11.699874	903.06384	20.696533
11.70118	899.1048	20.706299
11.702348	892.23828	20.716064
11.704164	895.46729	20.72583
11.704494	898.4682	20.735596
11.704957	900.75879	20.745361
11.704744	906.70032	20.755127
11.706975	901.97534	20.764893
11.707564	899.92139	20.774658
11.707994	894.47565	20.784424
11.709365	895.72827	20.794189
11.709918	904.05188	20.803955
11.711485	906.26843	20.813721
11.711247	908.31812	20.823486
11.712317	900.39716	20.833252
11.713208	896.82007	20.843018
11.713868	899.93903	20.852783
11.714576	900.96863	20.862549
11.715642	910.30585	20.872314
11.715713	910.33728	20.88208
11.716202	906.56958	20.891846
11.718464	900.08624	20.901611
11.719306	896.14575	20.911377
11.71828	903.22589	20.921143
11.720455	911.44757	20.930908
11.72126	911.59454	20.940674
11.721818	910.53589	20.950439
11.723174	902.50891	20.960205
11.723063	902.82532	20.969971
11.725194	902.83704	20.979736
11.725273	909.11005	20.989502
11.727139	915.04016	20.999268
11.726776	913.19513	21.009033
11.727704	909.90839	21.018799
11.728076	900.62	21.028564
11.728575	901.57373	21.03833
11.730174	909.59589	21.048096
11.731402	916.80353	21.057861
11.732314	916.32617	21.067627
11.733349	911.68237	21.077393
11.733625	906.74011	21.087158
11.73446	905.66388	21.096924
11.735616	909.41394	21.106689
11.734694	913.74915	21.116455
11.737297	919.08807	21.126221
11.737793	917.94415	21.135986
11.738845	907.49854	21.145752
11.739283	906.65454	21.155518
11.739964	908.21954	21.165283
11.740822	916.29266	21.175049
11.741309	918.48975	21.184814
11.742404	917.46619	21.19458
11.743348	917.00592	21.204346
11.744357	911.14893	21.214111
11.744337	910.63818	21.223877
11.745399	913.96869	21.233643
11.746348	916.97388	21.243408
11.747541	924.88599	21.253174
11.747942	916.24615	21.262939
11.748794	915.27704	21.272705
11.749247	912.62531	21.282471
11.750441	912.81921	21.292236
11.750629	919.69354	21.302002
11.752356	921.22272	21.311768
11.753342	922.69647	21.321533
11.754204	920.28918	21.331299
11.752924	912.92883	21.341064
11.756013	913.67615	21.35083
11.756002	915.02002	21.360596
11.757152	924.047	21.370361
11.758345	925.34253	21.380127
11.758991	922.20392	21.389893
11.759898	916.51459	21.399658
11.761344	917.90051	21.409424
11.761644	917.76678	21.419189
11.761499	922.21558	21.428955
11.762691	925.40979	21.438721
11.763734	927.66071	21.448486
11.764033	922.60236	21.458252
11.765399	915.39642	21.468018
11.765466	915.84058	21.477783
11.76734	923.43518	21.487549
11.767398	929.44946	21.497314
11.768497	931.17773	21.50708
11.769073	924.64899	21.516846
11.770919	920.0426	21.526611
11.769917	920.33765	21.536377
11.772216	920.37646	21.546143
11.772202	929.88312	21.555908
11.773097	931.02393	21.565674
11.774038	929.92059	21.575439
11.774234	923.79224	21.585205
11.775352	916.16675	21.594971
11.775851	922.61292	21.604736
11.777471	928.7309	21.614502
11.777482	936.45099	21.624268
11.778843	932.43182	21.634033
11.780231	926.96802	21.643799
11.781383	924.12354	21.653564
11.780864	920.66748	21.66333
11.782399	927.8512	21.673096
11.782782	934.72748	21.682861
11.78332	934.82349	21.692627
11.785373	934.24237	21.702393
11.785192	924.6543	21.712158
11.786234	923.047	21.721924
11.788013	928.63177	21.731689
11.789019	933.71161	21.741455
11.788864	938.21692	21.751221
11.790185	934.85852	21.760986
11.790207	928.78143	21.770752
11.791998	927.01593	21.780518
11.792737	929.31195	21.790283
11.793123	932.17273	21.800049
11.792954	938.80804	21.809814
11.795138	938.7655	21.81958
11.795609	932.00037	21.829346
11.796541	929.15698	21.839111
11.797522	927.5686	21.848877
11.797076	934.03424	21.858643
11.798122	937.00354	21.868408
11.799652	937.4895	21.878174
11.799735	936.90881	21.887939
11.799685	933.11334	21.897705
11.800906	930.53876	21.907471
11.801706	928.31268	21.917236
11.803185	935.74237	21.927002
11.804856	942.34552	21.936768
11.805172	939.49304	21.946533
11.806465	937.03473	21.956299
11.806201	932.31818	21.966064
11.807507	933.39429	21.97583
11.80908	936.00562	21.985596
11.809997	938.52496	21.995361
11.809104	943.67682	22.005127
11.811046	941.41382	22.014893
11.811273	934.47723	22.024658
11.811794	932.53644	22.034424
11.813779	932.99994	22.044189
11.813653	942.60663	22.053955
11.814499	943.44397	22.063721
11.815742	944.5531	22.073486
11.815358	938.96716	22.083252
11.816944	933.56018	22.093018
11.818388	936.00848	22.102783
11.819276	937.97919	22.112549
11.820553	943.90839	22.122314
11.820029	948.59753	22.13208
11.822018	944.41998	22.141846
11.821219	935.82568	22.151611
11.823148	934.12354	22.161377
11.82372	939.16492	22.171143
11.825695	947.37213	22.180908
11.825238	950.4361	22.190674
11.82633	944.99219	22.200439
11.827206	940.37732	22.210205
11.827992	938.08368	22.219971
11.829115	936.15051	22.229736
11.829813	946.63361	22.239502
11.829646	948.82544	22.249268
11.830479	952.24774	22.259033
11.831677	943.8725	22.268799
11.831754	936.40387	22.278564
11.833768	939.0517	22.28833
11.834211	945.31329	22.298096
11.834793	952.10498	22.307861
11.835169	950.0163	22.317627
11.836165	946.25787	22.327393
11.837541	944.87823	22.337158
11.83742	937.90625	22.346924
11.83924	942.62866	22.356689
11.840647	948.91486	22.366455
11.841091	952.55035	22.376221
11.842347	952.62854	22.385986
11.842852	940.09723	22.395752
11.842974	941.07782	22.405518
11.844551	944.91412	22.415283
11.844904	948.57568	22.425049
11.846097	952.74133	22.434814
11.846783	951.71387	22.44458
11.846944	950.61792	22.454346
11.847523	945.77472	22.464111
11.848587	943.13794	22.473877
11.850133	947.61865	22.483643
11.850682	952.29077	22.493408
11.851494	956.95044	22.503174
11.852206	952.71405	22.512939
11.853041	947.88031	22.522705
11.854435	946.50604	22.532471
11.855536	948.89001	22.542236
11.855985	952.00549	22.552002
11.856217	955.56946	22.561768
11.856943	954.60333	22.571533
11.857969	952.25842	22.581299
11.858628	947.03467	22.591064
11.858745	944.85352	22.60083
11.860561	949.67242	22.610596
11.86187	958.63452	22.620361
11.862041	957.84186	22.630127
11.862644	956.75494	22.639893
11.86375	948.76483	22.649658
11.864776	948.64496	22.659424
11.864541	951.2876	22.669189
11.866263	953.33167	22.678955
11.866176	959.39844	22.688721
11.867383	958.65302	22.698486
11.868258	954.84827	22.708252
11.869561	948.86743	22.718018
11.870399	946.66168	22.727783
11.869965	956.04767	22.737549
11.872207	960.18506	22.747314
11.872191	960.2699	22.75708
11.873441	956.7262	22.766846
11.873749	950.42377	22.776611
11.875512	951.36572	22.786377
11.875694	950.2088	22.796143
11.876316	959.36096	22.805908
11.877726	964.69464	22.815674
11.878039	959.82111	22.825439
11.879318	953.86859	22.835205
11.879831	948.60992	22.844971
11.880161	954.07874	22.854736
11.880727	959.86487	22.864502
11.882877	963.85681	22.874268
11.88296	959.82086	22.884033
11.883471	956.29236	22.893799
11.885077	954.11444	22.903564
11.88609	952.46527	22.91333
11.886003	956.44507	22.923096
11.887765	962.84985	22.932861
11.887457	966.11932	22.942627
11.888087	961.22321	22.952393
11.889421	952.33234	22.962158
11.890576	951.94385	22.971924
11.892	957.51361	22.981689
11.892426	963.86053	22.991455
11.892868	964.15417	23.001221
11.894341	962.08423	23.010986
11.894606	959.77148	23.020752
11.895085	953.78394	23.030518
11.895892	957.3114	23.040283
11.896365	960.39001	23.050049
11.898138	967.07166	23.059814
11.897819	967.68762	23.06958
11.899779	959.30139	23.079346
11.90036	958.49811	23.089111
11.900166	957.72266	23.098877
11.902309	960.54205	23.108643
11.903107	964.68494	23.118408
11.903751	965.12408	23.128174
11.903935	965.92151	23.137939
11.904358	959.29822	23.147705
11.904768	957.14551	23.157471
11.905684	957.53705	23.167236
11.907935	962.61774	23.177002
11.907881	970.11176	23.186768
11.908599	965.92004	23.196533
11.909877	962.53705	23.206299
11.910368	959.79425	23.216064
11.911714	959.4892	23.22583
11.913064	963.35193	23.235596
11.914055	964.68591	23.245361
11.913578	967.77405	23.255127
11.915701	969.13733	23.264893
11.915437	961.94702	23.274658
11.917021	956.87073	23.284424
11.91775	960.77618	23.294189
11.91817	966.38641	23.303955
11.919016	969.00812	23.313721
11.919573	968.4339	23.323486
11.920299	962.98157	23.333252
11.921075	962.33698	23.343018
11.922204	960.17218	23.352783
11.923103	965.26062	23.362549
11.924864	970.20288	23.372314
11.924661	971.91974	23.38208
11.925999	969.27527	23.391846
11.926814	961.97943	23.401611
11.927488	957.12836	23.411377
11.927303	966.14917	23.421143
11.929114	967.58221	23.430908
11.929957	974.13763	23.440674
11.930896	969.50732	23.450439
11.93154	963.74994	23.460205
11.931736	964.17554	23.469971
11.932609	959.56787	23.479736
11.933258	969.39954	23.489502
11.93442	974.40088	23.499268
11.935281	972.51709	23.509033
11.935509	967.85742	23.518799
11.935964	959.79712	23.528564
11.939122	962.71106	23.53833
11.938323	969.6004	23.548096
11.938832	971.1076	23.557861
11.940176	974.30878	23.567627
11.940392	969.13495	23.577393
11.941798	966.07428	23.587158
11.943197	961.81842	23.596924
11.942049	964.61829	23.606689
11.943956	972.37524	23.616455
11.945583	976.05609	23.626221
11.946135	973.62878	23.635986
11.946308	965.98572	23.645752
11.94804	963.11383	23.655518
11.947716	966.80072	23.665283
11.948791	971.65167	23.675049
11.950499	973.71832	23.684814
11.950807	974.15179	23.69458
11.951364	970.22113	23.704346
11.952847	965.86224	23.714111
11.952647	965.49683	23.723877
11.953909	967.91382	23.733643
11.955089	974.30267	23.743408
11.957196	976.62067	23.753174
11.956327	970.30804	23.762939
11.957597	969.23901	23.772705
11.958114	966.61127	23.782471
11.957704	969.87604	23.792236
11.959354	970.66931	23.802002
11.960792	973.4295	23.811768
11.962057	976.91376	23.821533
11.962021	970.74036	23.831299
11.961784	966.26636	23.841064
11.96346	964.65216	23.85083
11.965827	969.46881	23.860596
11.965496	977.56641	23.870361
11.967163	974.55188	23.880127
11.967246	974.03265	23.889893
11.967392	969.00543	23.899658
11.969452	966.56952	23.909424
11.970102	970.13702	23.919189
11.971344	970.75177	23.928955
11.970801	976.93054	23.938721
11.971275	977.19727	23.948486
11.97252	972.07196	23.958252
11.973894	966.57349	23.968018
11.973907	965.6369	23.977783
11.976354	973.37506	23.987549
11.975452	976.59686	23.997314
11.97717	978.86047	24.00708
11.978065	974.65704	24.016846
11.978852	969.89673	24.026611
11.977692	968.54462	24.036377
11.979646	967.83154	24.046143
11.981561	976.46979	24.055908
11.98117	980.04669	24.065674
11.982827	978.57758	24.075439
11.984058	970.97589	24.085205
11.984762	966.112	24.094971
11.984132	971.36194	24.104736
11.986395	974.42816	24.114502
11.986831	980.315	24.124268
11.987108	976.27283	24.134033
11.987599	975.46106	24.143799
11.988503	970.46075	24.153564
11.990049	964.43817	24.16333
11.990328	973.15851	24.173096
11.991472	979.11353	24.182861
11.991946	980.78442	24.192627
11.994526	975.72394	24.202393
11.992862	965.90027	24.212158
11.994055	967.46802	24.221924
11.995209	970.74744	24.231689
11.996951	976.9884	24.241455
11.997626	979.85339	24.251221
11.997778	976.37885	24.260986
11.998561	974.03235	24.270752
12.00018	967.09088	24.280518
12.000483	969.73816	24.290283
12.001359	975.99634	24.300049
12.001959	981.10016	24.309814
12.00287	980.73236	24.31958
12.0035	973.33838	24.329346
12.004809	969.78479	24.339111
12.005617	972.28119	24.348877
12.005749	974.27429	24.358643
12.006291	978.55475	24.368408
12.007286	978.91089	24.378174
12.007975	977.90607	24.387939
12.008947	971.91797	24.397705
12.009798	968.58636	24.407471
12.010477	971.37628	24.417236
12.012128	976.74603	24.427002
12.013073	981.63068	24.436768
12.012985	976.35358	24.446533
12.01475	975.18457	24.456299
12.014235	970.63452	24.466064
12.015421	972.36719	24.47583
12.017051	973.96454	24.485596
12.017531	976.13702	24.495361
12.018248	981.29608	24.505127
12.019217	976.24646	24.514893
12.020073	972.78906	24.524658
12.020077	967.69745	24.534424
12.020855	972.12769	24.544189
12.023417	978.21851	24.553955
12.022737	977.81763	24.563721
12.024843	980.84247	24.573486
12.024448	975.51056	24.583252
12.026493	971.3371	24.593018
12.026036	971.26196	24.602783
12.028454	971.92389	24.612549
12.027859	979.46283	24.622314
12.02884	981.43658	24.63208
12.030038	976.89264	24.641846
12.030845	970.4856	24.651611
12.030992	967.2077	24.661377
12.03242	974.49219	24.671143
12.032423	978.75812	24.680908
12.034107	982.17236	24.690674
12.034558	979.40515	24.700439
12.036515	972.87964	24.710205
12.035179	970.82056	24.719971
12.037146	968.35345	24.729736
12.038203	975.31415	24.739502
12.038203	983.35663	24.749268
12.03963	980.99835	24.759033
12.039614	973.61377	24.768799
12.0402	968.39771	24.778564
12.04203	968.47925	24.78833
12.042022	975.82886	24.798096
12.04348	980.60712	24.807861
12.044263	980.59808	24.817627
12.044583	978.65485	24.827393
12.047077	971.64441	24.837158
12.046583	967.78076	24.846924
12.048321	972.67273	24.856689
12.048836	977.99835	24.866455
12.049229	982.33899	24.876221
12.049976	979.90161	24.885986
12.051064	970.89093	24.895752
12.05196	971.25421	24.905518
12.052823	972.01617	24.915283
12.053795	976.90546	24.925049
12.053708	979.03064	24.934814
12.054641	978.79236	24.94458
12.055103	979.03387	24.954346
12.056868	969.7713	24.964111
12.05774	971.03424	24.973877
12.058568	973.51477	24.983643
12.059197	977.97833	24.993408
12.06017	982.64282	25.003174
12.059629	973.7511	25.012939
12.061159	972.28467	25.022705
12.062183	971.71588	25.032471
12.062802	971.4151	25.042236
12.063397	975.68768	25.052002
12.064716	978.38495	25.061768
12.065131	979.73224	25.071533
12.065771	974.06183	25.081299
12.067216	970.38208	25.091064
12.067457	969.75323	25.10083
12.067888	973.1817	25.110596
12.069733	980.2063	25.120361
12.07034	976.79602	25.130127
12.072193	975.46448	25.139893
12.072408	973.13318	25.149658
12.073144	970.90881	25.159424
12.073578	969.95483	25.169189
12.072863	977.13495	25.178955
12.074613	980.72614	25.188721
12.076655	979.08478	25.198486
12.077972	975.22644	25.208252
12.077266	969.1709	25.218018
12.078361	968.6275	25.227783
12.079279	975.41144	25.237549
12.080918	975.98547	25.247314
12.081753	979.35907	25.25708
12.082593	974.1521	25.266846
12.08236	971.74115	25.276611
12.083804	967.96686	25.286377
12.084185	968.44611	25.296143
12.085081	979.37756	25.305908
12.085723	982.13068	25.315674
12.086187	979.21906	25.325439
12.08766	970.62439	25.335205
12.088806	965.26367	25.344971
12.089004	970.539	25.354736
12.090075	974.47693	25.364502
12.090112	978.6203	25.374268
12.091512	978.94775	25.384033
12.092795	973.75085	25.393799
12.092552	970.1167	25.403564
12.093725	964.97003	25.41333
12.09437	973.34607	25.423096
12.096161	979.83167	25.432861
12.096452	981.32135	25.442627
12.097035	974.95111	25.452393
12.098334	969.45465	25.462158
12.098787	968.2547	25.471924
12.09998	972.35486	25.481689
12.100714	975.13434	25.491455
12.101148	979.0274	25.501221
12.102553	978.89691	25.510986
12.103605	972.3573	25.520752
12.102822	965.46973	25.530518
12.104754	968.01471	25.540283
12.105213	973.28186	25.550049
12.105852	980.47821	25.559814
12.106975	978.32166	25.56958
12.107813	970.39661	25.579346
12.108619	968.83685	25.589111
12.110212	967.90729	25.598877
12.109745	973.37628	25.608643
12.111071	974.40826	25.618408
12.111758	978.58685	25.628174
12.112381	977.44696	25.637939
12.113918	968.20367	25.647705
12.114908	969.39514	25.657471
12.114911	968.35083	25.667236
12.116667	975.1051	25.677002
12.117226	978.65125	25.686768
12.118617	971.38953	25.696533
12.118114	971.89642	25.706299
12.119542	967.98602	25.716064
12.118462	968.05908	25.72583
12.120452	970.73431	25.735596
12.120401	972.22321	25.745361
12.122747	979.84692	25.755127
12.12332	973.57349	25.764893
12.123208	967.57117	25.774658
12.125236	966.28918	25.784424
12.125652	967.97083	25.794189
12.125916	974.83789	25.803955
12.127859	974.599	25.813721
12.127498	974.30353	25.823486
12.129897	971.37109	25.833252
12.130164	966.24475	25.843018
12.130328	965.84216	25.852783
12.132391	968.76459	25.862549
12.132138	974.0509	25.872314
12.133931	978.3999	25.88208
12.133745	971.83234	25.891846
12.133479	965.67645	25.901611
12.135128	965.09534	25.911377
12.135629	968.44458	25.921143
12.137975	971.63361	25.930908
12.136564	977.07056	25.940674
12.138769	972.78027	25.950439
12.139497	970.9917	25.960205
12.140101	963.20447	25.969971
12.141801	962.11829	25.979736
12.142473	971.59943	25.989502
12.142474	976.62537	25.999268
12.143001	977.1734	26.009033
12.145215	968.15179	26.018799
12.145626	962.36395	26.028564
12.14518	965.11731	26.03833
12.147945	965.37201	26.048096
12.14727	974.98944	26.057861
12.148757	975.90613	26.067627
12.149257	971.94885	26.077393
12.14913	966.65991	26.087158
12.151636	960.58911	26.096924
12.150962	966.63782	26.106689
12.152912	973.42859	26.116455
12.152985	976.1972	26.126221
12.154452	971.82019	26.135986
12.153724	964.64319	26.145752
12.155175	963.17822	26.155518
12.156367	964.77417	26.165283
12.158227	970.28265	26.175049
12.158395	973.65802	26.184814
12.15984	974.63098	26.19458
12.160286	970.79968	26.204346
12.161084	962.13983	26.214111
12.16107	962.15112	26.223877
12.162643	968.02112	26.233643
12.162381	973.6618	26.243408
12.163595	973.42621	26.253174
12.164913	970.14783	26.262939
12.16535	964.37073	26.272705
12.166595	962.98102	26.282471
12.167663	965.88916	26.292236
12.168095	967.12231	26.302002
12.167952	971.91876	26.311768
12.170385	973.29523	26.321533
12.170228	965.58966	26.331299
12.170962	964.41827	26.341064
12.17144	961.1637	26.35083
12.172135	968.32147	26.360596
12.174308	970.48798	26.370361
12.175039	969.21259	26.380127
12.174646	969.43274	26.389893
12.17586	964.94128	26.399658
12.176464	962.49017	26.409424
12.178721	963.87286	26.419189
12.178883	966.67938	26.428955
12.179832	974.11621	26.438721
12.179523	970.33893	26.448486
12.179465	966.59613	26.458252
12.182227	961.06091	26.468018
12.181902	961.46466	26.477783
12.184605	967.85382	26.487549
12.18401	968.08575	26.497314
12.185097	972.45917	26.50708
12.185923	968.90149	26.516846
12.186785	962.13782	26.526611
12.188318	961.42407	26.536377
12.189115	960.20557	26.546143
12.189745	968.24695	26.555908
12.18995	974.4339	26.565674
12.190163	969.4021	26.575439
12.191654	962.7677	26.585205
12.192638	959.30493	26.594971
12.192881	962.86139	26.604736
12.193851	964.34454	26.614502
12.19496	970.50537	26.624268
12.195679	970.48132	26.634033
12.196594	966.96948	26.643799
12.19625	959.10822	26.653564
12.197388	956.60455	26.66333
12.199151	963.82983	26.673096
12.199558	969.31372	26.682861
12.201002	972.60413	26.692627
12.201114	964.95251	26.702393
12.201939	960.92603	26.712158
12.203015	959.52661	26.721924
12.204167	959.04895	26.731689
12.204437	967.54272	26.741455
12.205695	969.15833	26.751221
12.205351	969.47449	26.760986
12.206991	964.02545	26.770752
12.208073	954.81415	26.780518
12.2089	959.26086	26.790283
12.210048	964.67279	26.800049
12.209286	970.45276	26.809814
12.211512	969.12872	26.81958
12.211658	960.39685	26.829346
12.213881	960.09869	26.839111
12.21337	958.79211	26.848877
12.214853	961.5517	26.858643
12.215308	966.22052	26.868408
12.215133	967.8064	26.878174
12.217068	967.69745	26.887939
12.217246	957.14441	26.897705
12.218315	956.42279	26.907471
12.218714	960.77979	26.917236
12.219499	964.26923	26.927002
12.220512	967.448	26.936768
12.22109	964.81458	26.946533
12.222074	961.35229	26.956299
12.222815	958.33282	26.966064
12.224209	956.54474	26.97583
12.224482	958.63806	26.985596
12.225587	965.43835	26.995361
12.226501	967.49908	27.005127
12.227148	963.24396	27.014893
12.228231	958.271	27.024658
12.229217	955.57153	27.034424
12.22983	961.61884	27.044189
12.229221	963.26678	27.053955
12.231012	965.51263	27.063721
12.232684	964.35046	27.073486
12.233414	961.49469	27.083252
12.234546	958.66193	27.093018
12.234448	955.10693	27.102783
12.235127	957.97699	27.112549
12.236371	967.34625	27.122314
12.237051	965.60748	27.13208
12.239265	962.84235	27.141846
12.239483	954.37616	27.151611
12.240085	952.98694	27.161377
12.241118	959.22241	27.171143
12.241205	959.46613	27.180908
12.242712	966.46277	27.190674
12.243181	963.01733	27.200439
12.243093	960.11212	27.210205
12.244797	954.03693	27.219971
12.245077	952.35345	27.229736
12.246177	960.5332	27.239502
12.246179	966.17078	27.249268
12.247192	963.77386	27.259033
12.248884	958.57635	27.268799
12.249982	951.37561	27.278564
12.250349	954.51758	27.28833
12.25139	954.61194	27.298096
12.251807	961.10052	27.307861
12.252614	963.10242	27.317627
12.254181	960.98914	27.327393
12.253956	953.4826	27.337158
12.255322	948.12927	27.346924
12.255158	951.97296	27.356689
12.256211	960.55347	27.366455
12.257793	963.74158	27.376221
12.25854	957.97742	27.385986
12.258561	953.77002	27.395752
12.258987	951.85785	27.405518
12.261385	949.57019	27.415283
12.26178	958.0874	27.425049
12.262458	960.38885	27.434814
12.26353	961.7876	27.44458
12.263907	956.06268	27.454346
12.265329	948.7818	27.464111
12.265943	949.19116	27.473877
12.267313	953.06812	27.483643
12.266116	960.6543	27.493408
12.267838	960.27307	27.503174
12.268831	954.91534	27.512939
12.269806	952.59521	27.522705
12.271122	947.67371	27.532471
12.270732	951.29846	27.542236
12.271673	953.18445	27.552002
12.273344	958.11011	27.561768
12.274635	960.58032	27.571533
12.273248	950.60516	27.581299
12.275089	949.28973	27.591064
12.277206	948.11218	27.60083
12.276798	951.54895	27.610596
12.277774	958.07153	27.620361
12.279387	953.76324	27.630127
12.278844	954.60999	27.639893
12.279623	950.91541	27.649658
12.282007	946.90308	27.659424
12.281922	951.25183	27.669189
12.282793	952.5011	27.678955
12.285136	957.79083	27.688721
12.284194	954.72247	27.698486
12.284884	950.32971	27.708252
12.285667	945.53503	27.718018
12.287908	949.40338	27.727783
12.28778	951.31927	27.737549
12.288212	953.94177	27.747314
12.288997	955.00488	27.75708
12.289934	954.49591	27.766846
12.290878	947.92511	27.776611
12.291271	942.81415	27.786377
12.292051	944.10846	27.796143
12.294057	952.92542	27.805908
12.294191	957.35535	27.815674
12.295157	954.04865	27.825439
12.29508	945.52844	27.835205
12.297318	944.63123	27.844971
12.297083	946.7959	27.854736
12.298252	945.48846	27.864502
12.299003	954.87128	27.874268
12.300123	954.13702	27.884033
12.300588	950.56616	27.893799
12.301949	942.60596	27.903564
12.303068	938.52197	27.91333
12.302991	946.61432	27.923096
12.304019	951.65485	27.932861
12.304617	952.58606	27.942627
12.305696	948.41479	27.952393
12.306785	940.93658	27.962158
12.306274	939.69745	27.971924
12.307592	939.51526	27.981689
12.308794	948.03424	27.991455
12.31002	950.00879	28.001221
12.310358	950.0528	28.010986
12.311433	942.75592	28.020752
12.312796	932.47247	28.030518
12.312834	934.77246	28.040283
12.313348	877.22833	28.050049
12.322345	-117.92474	28.059814
12.321785	-18.886198	28.06958
12.321007	-42.961231	28.079346
12.321778	-36.378033	28.089111
12.320389	-48.112251	28.098877
12.320971	-38.9604	28.108643
12.322739	-41.305332	28.118408
12.321692	-31.996578	28.128174
12.322001	-40.71817	28.137939
12.323763	-44.357521	28.147705
12.323963	-45.847172	28.157471
12.32418	-46.881714	28.167236
12.325436	-37.566799	28.177002
12.32656	-36.729427	28.186768
12.326941	-39.222431	28.196533
12.326935	-41.180748	28.206299
12.327687	-45.048195	28.216064
12.329333	-45.284454	28.22583
12.330265	-44.295162	28.235596
12.330815	-34.942017	28.245361
12.331199	-33.090168	28.255127
12.332732	-41.843876	28.264893
12.333527	-43.020855	28.274658
12.333827	-47.246376	28.284424
12.334886	-43.549488	28.294189
12.336402	-39.281307	28.303955
12.336139	-39.13504	28.313721
12.337738	-35.428394	28.323486
12.339213	-41.571526	28.333252
12.338706	-44.941116	28.343018
12.339099	-46.82935	28.352783
12.339774	-43.882046	28.362549
12.341956	-34.099697	28.372314
12.342048	-35.808636	28.38208
12.342932	-40.5466	28.391846
12.343678	-44.661358	28.401611
12.3452	-45.643059	28.411377
12.345058	-42.659134	28.421143
12.346984	-38.846676	28.430908
12.346301	-35.867336	28.440674
12.34905	-34.89677	28.450439
12.34909	-42.725307	28.460205
12.348166	-47.614407	28.469971
12.349995	-47.147129	28.479736
12.35123	-41.5322	28.489502
12.351922	-33.621525	28.499268
12.352961	-37.265831	28.509033
12.352857	-41.620117	28.518799
12.35387	-44.902225	28.528564
12.356938	-46.456867	28.53833
12.356117	-42.788067	28.548096
12.357633	-36.056618	28.557861
12.356639	-35.10635	28.567627
12.357439	-37.041435	28.577393
12.359534	-44.495399	28.587158
12.359465	-48.195518	28.596924
12.360599	-44.115219	28.606689
12.361393	-37.749161	28.616455
12.362817	-33.399998	28.626221
12.363083	-37.483147	28.635986
12.363082	-42.583103	28.645752
12.36478	-45.246433	28.655518
12.365219	-46.510059	28.665283
12.366671	-40.120583	28.675049
12.366879	-36.503227	28.684814
12.368382	-34.160263	28.69458
12.368702	-38.258118	28.704346
12.36856	-49.722477	28.714111
12.370029	-46.023529	28.723877
12.371772	-41.795006	28.733643
12.372227	-35.544804	28.743408
12.373359	-35.490929	28.753174
12.373496	-40.906815	28.762939
12.374166	-41.912354	28.772705
12.375063	-46.163963	28.782471
12.37557	-43.943798	28.792236
12.376997	-39.694008	28.802002
12.377625	-35.128815	28.811768
12.379472	-35.576839	28.821533
12.379276	-43.245445	28.831299
12.380279	-44.875309	28.841064
12.381439	-44.114845	28.85083
12.381064	-40.323978	28.860596
12.382042	-36.8708	28.870361
12.384977	-35.239246	28.880127
12.38444	-41.232265	28.889893
12.384496	-42.626179	28.899658
12.38573	-45.193844	28.909424
12.387053	-45.731693	28.919189
12.38762	-37.401936	28.928955
12.388193	-34.631096	28.938721
12.38886	-38.869904	28.948486
12.388952	-42.452549	28.958252
12.390948	-47.350445	28.968018
12.391714	-43.430748	28.977783
12.391777	-39.695229	28.987549
12.391911	-39.075165	28.997314
12.393819	-34.543133	29.00708
12.39492	-38.354652	29.016846
12.396083	-43.122692	29.026611
12.396317	-46.308891	29.036377
12.396391	-45.321045	29.046143
12.39765	-35.298832	29.055908
12.39782	-37.729866	29.065674
12.399359	-36.791279	29.075439
12.399978	-40.868969	29.085205
12.40111	-45.964275	29.094971
12.401134	-41.703522	29.104736
12.40225	-43.312153	29.114502
12.403839	-35.262779	29.124268
12.40492	-35.156528	29.134033
12.405319	-38.257454	29.143799
12.40572	-44.930004	29.153564
12.406874	-49.07476	29.16333
12.407632	-41.274673	29.173096
12.408968	-35.934387	29.182861
12.409644	-35.367382	29.192627
12.410652	-38.940205	29.202393
12.410611	-44.73513	29.212158
12.412534	-44.794319	29.221924
12.411653	-44.083977	29.231689
12.413268	-39.054123	29.241455
12.414393	-34.868797	29.251221
12.414576	-35.357979	29.260986
12.416734	-42.128181	29.270752
12.41685	-47.065338	29.280518
12.417158	-47.305244	29.290283
12.41831	-39.542717	29.300049
12.419724	-34.148819	29.309814
12.418991	-37.701759	29.31958
12.420982	-40.266418	29.329346
12.421552	-43.850491	29.339111
12.420314	-47.768963	29.348877
12.423221	-42.223454	29.358643
12.423988	-38.552727	29.368408
12.42479	-33.648201	29.378174
12.425522	-36.359875	29.387939
12.425783	-45.9235	29.397705
12.427038	-44.930393	29.407471
12.42708	-44.915936	29.417236
12.428282	-36.673607	29.427002
12.428957	-35.905399	29.436768
12.430462	-39.314018	29.446533
12.4315	-39.446552	29.456299
12.431792	-45.674618	29.466064
12.433276	-43.845963	29.47583
12.434485	-42.926208	29.485596
12.434542	-37.838562	29.495361
12.435049	-34.922432	29.505127
12.43695	-42.109955	29.514893
12.436734	-43.61721	29.524658
12.437895	-43.255592	29.534424
12.438132	-42.776848	29.544189
12.439129	-38.855251	29.553955
12.440189	-37.397682	29.563721
12.441478	-36.444107	29.573486
12.442898	-38.61261	29.583252
12.442544	-44.551003	29.593018
12.44303	-45.418785	29.602783
12.444194	-39.288673	29.612549
12.444798	-34.581249	29.622314
12.445745	-35.779282	29.63208
12.446398	-37.302734	29.641846
12.447429	-43.368607	29.651611
12.448277	-43.28159	29.661377
12.448945	-43.139587	29.671143
12.44961	-39.676594	29.680908
12.450761	-35.066208	29.690674
12.451919	-35.623901	29.700439
12.45309	-39.902885	29.710205
12.453613	-46.868458	29.719971
12.454552	-46.330029	29.729736

