MTS793|BTW|ENU|1|2|.|/|:|1|0|0|A

Data Header:			0.254_hd_dimension_typeiv_090_r0			Time:	20.017822	s	4/14/2019 12:34:26 AM
Data Acquisition:	Timed
Station Name:	ft40.cfg
Test File Name:	monotonic_0.2540_typeiv_hd_090_dimension.tst
Displacement	Force	Running Time
mm	N	s
-40.04158	-190.72646	0.022705078
-40.042004	-189.3199	0.032470703
-40.040596	-189.44818	0.042236328
-40.041229	-186.95491	0.052001953
-40.041527	-185.77933	0.061767578
-40.041725	-186.77422	0.071533203
-40.040051	-190.51262	0.081298828
-40.038567	-191.41682	0.091064453
-40.039295	-187.65794	0.10083008
-40.037949	-187.34901	0.1105957
-40.036243	-186.1667	0.12036133
-40.035603	-184.49907	0.13012695
-40.035961	-185.35132	0.13989258
-40.034351	-185.80231	0.1496582
-40.033943	-187.03513	0.15942383
-40.032375	-188.59558	0.16918945
-40.032032	-182.2541	0.17895508
-40.032177	-181.25067	0.1887207
-40.030605	-181.32866	0.19848633
-40.030533	-179.9379	0.20825195
-40.028698	-184.75735	0.21801758
-40.02877	-181.76059	0.2277832
-40.027519	-182.79686	0.23754883
-40.025166	-182.24864	0.24731445
-40.02594	-178.10289	0.25708008
-40.024441	-177.36916	0.2668457
-40.024464	-178.92339	0.27661133
-40.023106	-183.45996	0.28637695
-40.022114	-181.94911	0.29614258
-40.021797	-174.53128	0.3059082
-40.021599	-174.62038	0.31567383
-40.020439	-172.90796	0.32543945
-40.01865	-177.08841	0.33520508
-40.018791	-176.92888	0.3449707
-40.018547	-177.01433	0.35473633
-40.017242	-177.75974	0.36450195
-40.017151	-172.85854	0.37426758
-40.01461	-170.31584	0.3840332
-40.013905	-170.78558	0.39379883
-40.01392	-175.7085	0.40356445
-40.012127	-177.54085	0.41333008
-40.012608	-172.12311	0.4230957
-40.011467	-168.37865	0.43286133
-40.010395	-166.41222	0.44262695
-40.00975	-168.7485	0.45239258
-40.008335	-171.54233	0.4621582
-40.008926	-172.45616	0.47192383
-40.008007	-172.73109	0.48168945
-40.005352	-167.16956	0.49145508
-40.006737	-164.13959	0.5012207
-40.004677	-161.93962	0.51098633
-40.00346	-166.757	0.52075195
-40.001823	-169.95709	0.53051758
-40.002132	-169.18697	0.5402832
-40.000908	-164.57811	0.55004883
-40.001381	-160.07784	0.55981445
-40.000576	-163.56375	0.56958008
-39.998608	-163.23875	0.5793457
-39.997471	-164.99989	0.58911133
-39.997452	-166.22147	0.59887695
-39.996246	-162.67206	0.60864258
-39.996872	-161.95918	0.6184082
-39.994846	-156.50685	0.62817383
-39.993889	-158.79404	0.63793945
-39.993683	-164.00937	0.64770508
-39.993015	-162.99895	0.6574707
-39.99152	-161.16896	0.66723633
-39.990757	-157.94833	0.67700195
-39.990318	-158.2951	0.68676758
-39.989494	-158.41428	0.6965332
-39.989017	-155.79474	0.70629883
-39.987862	-158.99315	0.71606445
-39.986744	-159.68616	0.72583008
-39.98727	-158.30862	0.7355957
-39.985111	-154.5752	0.74536133
-39.983738	-149.88113	0.75512695
-39.98344	-153.33966	0.76489258
-39.982437	-153.73892	0.7746582
-39.982025	-154.90448	0.78442383
-39.979755	-154.77873	0.79418945
-39.979755	-153.22237	0.80395508
-39.978893	-152.41164	0.8137207
-39.979122	-150.98813	0.82348633
-39.977989	-148.25638	0.83325195
-39.975899	-151.99368	0.84301758
-39.976425	-154.7858	0.8527832
-39.975426	-150.81775	0.86254883
-39.975906	-146.97415	0.87231445
-39.974545	-147.48468	0.88208008
-39.973476	-146.58061	0.8918457
-39.9725	-149.07755	0.90161133
-39.971451	-147.66235	0.91137695
-39.971352	-149.67293	0.92114258
-39.970917	-146.46672	0.9309082
-39.968307	-143.47198	0.94067383
-39.967773	-142.25533	0.95043945
-39.966488	-142.79965	0.96020508
-39.965698	-148.37598	0.9699707
-39.965397	-149.341	0.97973633
-39.964458	-142.38181	0.98950195
-39.963848	-140.69289	0.99926758
-39.963512	-138.25679	1.0090332
-39.962017	-141.967	1.0187988
-39.961475	-143.13554	1.0285645
-39.960808	-142.79771	1.0383301
-39.960892	-146.06645	1.0480957
-39.958298	-137.84367	1.0578613
-39.957703	-136.11989	1.067627
-39.957268	-135.90266	1.0773926
-39.95816	-138.06541	1.0871582
-39.956429	-144.83548	1.0969238
-39.955418	-139.25613	1.1066895
-39.954231	-136.49858	1.1164551
-39.953514	-133.04172	1.1262207
-39.952087	-134.07069	1.1359863
-39.951012	-136.487	1.145752
-39.951599	-137.32011	1.1555176
-39.950066	-137.51964	1.1652832
-39.949192	-133.21971	1.1750488
-39.949001	-131.95848	1.1848145
-39.946526	-128.55476	1.1945801
-39.947002	-131.25897	1.2043457
-39.946041	-134.03357	1.2141113
-39.945286	-135.61218	1.223877
-39.944847	-131.20685	1.2336426
-39.943581	-127.72296	1.2434082
-39.94371	-128.13362	1.2531738
-39.941349	-127.65804	1.2629395
-39.940849	-129.86261	1.2727051
-39.940365	-131.72917	1.2824707
-39.939678	-130.42105	1.2922363
-39.938435	-130.1548	1.302002
-39.937771	-123.99554	1.3117676
-39.93766	-123.93907	1.3215332
-39.935989	-129.08795	1.3312988
-39.935204	-127.82974	1.3410645
-39.933575	-127.26685	1.3508301
-39.934422	-122.40706	1.3605957
-39.932632	-123.64411	1.3703613
-39.932224	-125.05383	1.380127
-39.932129	-120.93628	1.3898926
-39.930969	-124.45222	1.3996582
-39.930779	-124.68558	1.4094238
-39.929836	-125.21104	1.4191895
-39.928333	-121.43623	1.4289551
-39.926914	-116.98414	1.4387207
-39.925972	-120.5266	1.4484863
-39.925381	-120.24161	1.458252
-39.924923	-120.31411	1.4680176
-39.923893	-121.71052	1.4777832
-39.922344	-118.7116	1.4875488
-39.921982	-118.88379	1.4973145
-39.921879	-114.70798	1.5070801
-39.920586	-112.79994	1.5168457
-39.920235	-116.34581	1.5266113
-39.919327	-118.42608	1.536377
-39.918114	-116.52777	1.5461426
-39.917637	-114.35245	1.5559082
-39.918087	-111.27826	1.5656738
-39.916061	-111.64165	1.5754395
-39.915951	-114.0332	1.5852051
-39.914726	-113.79655	1.5949707
-39.91338	-116.28886	1.6047363
-39.912498	-113.91951	1.614502
-39.912544	-109.78527	1.6242676
-39.91301	-106.57112	1.6340332
-39.910645	-106.85529	1.6437988
-39.909195	-114.53579	1.6535645
-39.909046	-115.03873	1.6633301
-39.907455	-110.12204	1.6730957
-39.906879	-107.40491	1.6828613
-39.906441	-104.36982	1.692627
-39.90514	-107.83072	1.7023926
-39.903923	-107.66756	1.7121582
-39.903481	-107.66571	1.7219238
-39.903717	-112.21454	1.7316895
-39.902943	-103.84026	1.7414551
-39.901436	-101.48799	1.7512207
-39.899532	-100.43793	1.7609863
-39.899513	-103.81936	1.770752
-39.900261	-110.92006	1.7805176
-39.897808	-106.08684	1.7902832
-39.897572	-101.88642	1.8000488
-39.89587	-100.43697	1.8098145
-39.895855	-98.999596	1.8195801
-39.895786	-100.69172	1.8293457
-39.893501	-101.75402	1.8391113
-39.89188	-104.79788	1.848877
-39.892822	-101.5296	1.8586426
-39.892136	-98.550217	1.8684082
-39.890461	-95.937439	1.8781738
-39.890156	-96.293045	1.8879395
-39.887787	-101.36845	1.8977051
-39.888863	-101.97911	1.9074707
-39.887287	-97.833878	1.9172363
-39.886311	-95.182426	1.927002
-39.886181	-95.573357	1.9367676
-39.885933	-94.195358	1.9465332
-39.885311	-93.036308	1.9562988
-39.884926	-96.310371	1.9660645
-39.883152	-97.345345	1.9758301
-39.881111	-96.411537	1.9855957
-39.880753	-89.815376	1.9953613
-39.880459	-90.09314	2.005127
-39.878502	-91.968765	2.0148926
-39.878468	-92.339417	2.0246582
-39.877342	-94.210205	2.0344238
-39.877201	-90.599548	2.0441895
-39.875908	-90.77301	2.0539551
-39.874302	-89.585556	2.0637207
-39.874725	-87.104622	2.0734863
-39.873596	-89.270439	2.083252
-39.872257	-89.618721	2.0930176
-39.871296	-92.391037	2.1027832
-39.87112	-89.8461	2.1125488
-39.870678	-82.070091	2.1223145
-39.870228	-88.23851	2.1320801
-39.869312	-84.75174	2.1418457
-39.869244	-87.822311	2.1516113
-39.8671	-88.233475	2.161377
-39.8661	-86.121368	2.1711426
-39.866627	-87.663727	2.1809082
-39.865467	-82.192505	2.1906738
-39.863956	-79.638428	2.2004395
-39.864086	-83.870621	2.2102051
-39.862541	-86.353149	2.2199707
-39.861027	-86.055305	2.2297363
-39.861473	-81.687386	2.239502
-39.859741	-78.388962	2.2492676
-39.859253	-77.593414	2.2590332
-39.858082	-78.457085	2.2687988
-39.858101	-80.744827	2.2785645
-39.856922	-82.151924	2.2883301
-39.856228	-81.676712	2.2980957
-39.85471	-77.448524	2.3078613
-39.853859	-73.7687	2.317627
-39.85405	-72.732292	2.3273926
-39.852123	-78.271935	2.3371582
-39.852879	-80.328255	2.3469238
-39.850979	-79.43914	2.3566895
-39.850555	-72.219215	2.3664551
-39.849918	-70.575661	2.3762207
-39.848377	-73.634247	2.3859863
-39.846554	-72.6558	2.395752
-39.847202	-74.005539	2.4055176
-39.846519	-77.896248	2.4152832
-39.844395	-71.673225	2.4250488
-39.843674	-69.905823	2.4348145
-39.843472	-65.109291	2.4445801
-39.842667	-68.389626	2.4543457
-39.841225	-73.75045	2.4641113
-39.841702	-72.029541	2.473877
-39.841091	-68.660919	2.4836426
-39.839718	-65.913834	2.4934082
-39.838257	-64.697937	2.5031738
-39.838696	-67.192863	2.5129395
-39.83675	-64.735191	2.5227051
-39.83622	-69.332779	2.5324707
-39.835598	-68.209862	2.5422363
-39.834759	-65.484779	2.552002
-39.833714	-62.609547	2.5617676
-39.833099	-60.81451	2.5715332
-39.832787	-65.825562	2.5812988
-39.831768	-65.538887	2.5910645
-39.830441	-64.353569	2.6008301
-39.829166	-62.773048	2.6105957
-39.828545	-59.837135	2.6203613
-39.82822	-61.201546	2.630127
-39.828453	-58.747723	2.6398926
-39.826954	-59.589008	2.6496582
-39.826286	-62.621185	2.6594238
-39.824913	-64.227631	2.6691895
-39.824398	-58.29221	2.6789551
-39.822975	-56.254192	2.6887207
-39.822556	-55.922218	2.6984863
-39.822639	-57.842743	2.708252
-39.820904	-59.04771	2.7180176
-39.819752	-57.818592	2.7277832
-39.819664	-57.508221	2.7375488
-39.817501	-57.766945	2.7473145
-39.81797	-54.007133	2.7570801
-39.81599	-52.164398	2.7668457
-39.815899	-54.201504	2.7766113
-39.815189	-59.055363	2.786377
-39.813461	-57.6786	2.7961426
-39.813309	-51.19878	2.8059082
-39.812634	-52.282631	2.8156738
-39.811539	-49.932049	2.8254395
-39.811104	-51.270325	2.8352051
-39.810749	-53.044281	2.8449707
-39.809132	-53.376251	2.8547363
-39.809208	-53.705692	2.864502
-39.807529	-46.644138	2.8742676
-39.808075	-45.13488	2.8840332
-39.805759	-45.962517	2.8937988
-39.805267	-50.699707	2.9035645
-39.804302	-53.947296	2.9133301
-39.803036	-46.78233	2.9230957
-39.803448	-43.849705	2.9328613
-39.801186	-44.23106	2.942627
-39.801453	-43.533978	2.9523926
-39.800182	-47.040878	2.9621582
-39.80019	-47.762741	2.9719238
-39.799366	-47.571655	2.9816895
-39.798595	-43.549343	2.9914551
-39.797218	-38.180294	3.0012207
-39.796299	-38.753506	3.0109863
-39.795662	-41.833828	3.020752
-39.794727	-45.629761	3.0305176
-39.793255	-45.755978	3.0402832
-39.792828	-40.641148	3.0500488
-39.792404	-37.653984	3.0598145
-39.792149	-40.001801	3.0695801
-39.790188	-38.8265	3.0793457
-39.789886	-40.648075	3.0891113
-39.788067	-44.313026	3.098877
-39.788177	-40.112785	3.1086426
-39.787228	-37.98156	3.1184082
-39.787025	-33.054993	3.1281738
-39.785431	-36.423973	3.1379395
-39.785835	-39.990452	3.1477051
-39.784626	-39.024178	3.1574707
-39.784042	-38.012505	3.1672363
-39.782822	-32.860504	3.177002
-39.782742	-33.511036	3.1867676
-39.780872	-34.437569	3.1965332
-39.780743	-32.92337	3.2062988
-39.778793	-35.657314	3.2160645
-39.777275	-34.918312	3.2258301
-39.77858	-34.34911	3.2355957
-39.77697	-29.687057	3.2453613
-39.77644	-27.235786	3.255127
-39.774857	-30.579992	3.2648926
-39.774563	-30.654716	3.2746582
-39.77338	-31.36912	3.2844238
-39.773525	-31.546894	3.2941895
-39.771481	-28.689436	3.3039551
-39.771984	-28.72551	3.3137207
-39.770702	-27.02692	3.3234863
-39.770439	-25.277744	3.333252
-39.768539	-29.231367	3.3430176
-39.767578	-30.713316	3.3527832
-39.767338	-27.749214	3.3625488
-39.767086	-23.546406	3.3723145
-39.765217	-22.831182	3.3820801
-39.765739	-22.977442	3.3918457
-39.763912	-24.161383	3.4016113
-39.762974	-24.352301	3.411377
-39.761639	-26.24037	3.4211426
-39.761669	-23.449308	3.4309082
-39.760864	-20.393341	3.4406738
-39.761227	-17.939314	3.4504395
-39.75872	-18.957649	3.4602051
-39.757713	-24.854969	3.4699707
-39.757263	-24.705053	3.4797363
-39.756435	-20.32737	3.489502
-39.756088	-18.805653	3.4992676
-39.754589	-15.411753	3.5090332
-39.754967	-19.266935	3.5187988
-39.753494	-18.742941	3.5285645
-39.753189	-20.376865	3.5383301
-39.752781	-22.731508	3.5480957
-39.750385	-14.393666	3.5578613
-39.749001	-13.376523	3.567627
-39.749329	-10.474706	3.5773926
-39.748638	-15.7609	3.5871582
-39.746105	-21.719595	3.5969238
-39.747528	-16.437336	3.6066895
-39.746445	-12.427019	3.6164551
-39.745464	-10.609832	3.6262207
-39.743126	-11.48168	3.6359863
-39.743088	-13.391446	3.645752
-39.743084	-13.338958	3.6555176
-39.741817	-16.704647	3.6652832
-39.740673	-12.122674	3.6750488
-39.739864	-8.0180264	3.6848145
-39.740475	-6.0662727	3.6945801
-39.738583	-7.6946869	3.7043457
-39.738304	-13.301487	3.7141113
-39.737442	-13.055471	3.723877
-39.736687	-8.5998001	3.7336426
-39.734886	-5.0859165	3.7434082
-39.734852	-5.3198981	3.7531738
-39.733589	-4.2785611	3.7629395
-39.734058	-7.6634192	3.7727051
-39.7318	-9.3092527	3.7824707
-39.730434	-8.8957052	3.7922363
-39.730473	-6.0521049	3.802002
-39.72995	-1.6144444	3.8117676
-39.729126	-1.8348169	3.8215332
-39.727108	-5.2168789	3.8312988
-39.726357	-5.0237551	3.8410645
-39.726192	-5.0650787	3.8508301
-39.725597	-0.22596727	3.8605957
-39.725365	-1.0834605	3.8703613
-39.722263	-1.118425	3.880127
-39.723682	2.4825802	3.8898926
-39.721886	-1.4120411	3.8996582
-39.721951	-1.635738	3.9094238
-39.721603	-2.0923393	3.9191895
-39.720276	0.84955776	3.9289551
-39.719139	5.7622442	3.9387207
-39.718018	2.8062825	3.9484863
-39.716515	1.9431139	3.958252
-39.715706	1.6139637	3.9680176
-39.715954	1.3342985	3.9777832
-39.714199	2.2721813	3.9875488
-39.713703	2.106638	3.9973145
-39.714081	7.9274206	4.0070801
-39.713524	9.0763655	4.0168457
-39.711849	5.1624494	4.0266113
-39.71172	2.5640264	4.036377
-39.710014	4.3147435	4.0461426
-39.709969	8.1730022	4.0559082
-39.707794	10.3275	4.0656738
-39.707363	10.236993	4.0754395
-39.706955	8.4897757	4.0852051
-39.705967	8.4966116	4.0949707
-39.705074	6.2704535	4.1047363
-39.704967	8.2328749	4.114502
-39.704105	12.07856	4.1242676
-39.70393	17.265282	4.1340332
-39.701332	14.956426	4.1437988
-39.701286	8.0960197	4.1535645
-39.699715	7.9739642	4.1633301
-39.69986	11.603461	4.1730957
-39.69944	14.049857	4.1828613
-39.69735	18.238916	4.192627
-39.695751	13.727904	4.2023926
-39.697235	14.849538	4.2121582
-39.695385	11.809842	4.2219238
-39.694183	8.4807968	4.2316895
-39.69376	16.497744	4.2414551
-39.692616	20.269609	4.2512207
-39.69257	21.168888	4.2609863
-39.69043	17.799906	4.270752
-39.691921	12.255578	4.2805176
-39.690556	16.678957	4.2902832
-39.687958	18.230715	4.3000488
-39.68885	22.170858	4.3098145
-39.687183	22.788944	4.3195801
-39.686203	20.830597	4.3293457
-39.686459	21.046797	4.3391113
-39.684822	16.036358	4.348877
-39.684128	20.037773	4.3586426
-39.683567	23.993773	4.3684082
-39.682186	25.991117	4.3781738
-39.682274	25.63328	4.3879395
-39.681278	20.190712	4.3977051
-39.680832	20.209967	4.4074707
-39.67865	23.205645	4.4172363
-39.677753	24.696583	4.427002
-39.677448	27.071262	4.4367676
-39.677189	27.693163	4.4465332
-39.675915	26.660677	4.4562988
-39.674606	24.432045	4.4660645
-39.674801	25.850954	4.4758301
-39.673439	24.810162	4.4855957
-39.67326	31.089964	4.4953613
-39.671349	31.391375	4.505127
-39.670631	27.961166	4.5148926
-39.670776	29.001743	4.5246582
-39.669243	28.306665	4.5344238
-39.668728	30.798296	4.5441895
-39.667095	30.789948	4.5539551
-39.666161	32.265072	4.5637207
-39.666428	34.061954	4.5734863
-39.665188	34.175568	4.583252
-39.665188	32.696022	4.5930176
-39.663929	28.98921	4.6027832
-39.664623	31.621229	4.6125488
-39.662052	38.059113	4.6223145
-39.662003	34.742954	4.6320801
-39.660393	39.576382	4.6418457
-39.659435	34.734535	4.6516113
-39.659481	33.626965	4.661377
-39.657425	36.038914	4.6711426
-39.657093	34.881313	4.6809082
-39.656517	40.254089	4.6906738
-39.65414	42.507671	4.7004395
-39.654911	39.285503	4.7102051
-39.654213	35.586487	4.7199707
-39.653763	35.227291	4.7297363
-39.652569	39.972633	4.739502
-39.651943	42.769279	4.7492676
-39.650078	43.975441	4.7590332
-39.650524	42.650372	4.7687988
-39.649593	40.523178	4.7785645
-39.647858	39.84407	4.7883301
-39.646969	39.831623	4.7980957
-39.647137	44.187397	4.8078613
-39.645943	48.730732	4.817627
-39.645042	48.030418	4.8273926
-39.643673	42.956966	4.8371582
-39.643421	40.221481	4.8469238
-39.64164	43.536312	4.8566895
-39.641602	47.874466	4.8664551
-39.642025	50.244339	4.8762207
-39.640354	49.417931	4.8859863
-39.639366	48.221626	4.895752
-39.638496	45.551994	4.9055176
-39.638313	42.525257	4.9152832
-39.637012	49.233704	4.9250488
-39.636753	50.601292	4.9348145
-39.635468	55.58572	4.9445801
-39.634457	53.051674	4.9543457
-39.632931	45.918503	4.9641113
-39.633644	48.398254	4.973877
-39.632214	51.070137	4.9836426
-39.63113	54.052799	4.9934082
-39.63055	54.195953	5.0031738
-39.630596	53.988453	5.0129395
-39.627789	55.425415	5.0227051
-39.628521	50.047478	5.0324707
-39.627548	53.451675	5.0422363
-39.625679	55.746555	5.052002
-39.626167	57.299461	5.0617676
-39.624958	59.32468	5.0715332
-39.625435	55.121857	5.0812988
-39.622452	55.724556	5.0910645
-39.623634	56.846104	5.1008301
-39.621262	58.531693	5.1105957
-39.619621	59.743359	5.1203613
-39.620327	60.311554	5.130127
-39.619038	60.451752	5.1398926
-39.618397	61.394669	5.1496582
-39.617783	56.997822	5.1594238
-39.616379	59.02879	5.1691895
-39.616489	62.59325	5.1789551
-39.615635	63.817062	5.1887207
-39.613949	65.615547	5.1984863
-39.613464	62.637417	5.208252
-39.612995	61.671856	5.2180176
-39.611778	63.366196	5.2277832
-39.611732	62.328541	5.2375488
-39.609966	64.09655	5.2473145
-39.61026	67.405556	5.2570801
-39.608772	70.542831	5.2668457
-39.607231	67.559914	5.2766113
-39.606304	63.080727	5.286377
-39.606293	64.932701	5.2961426
-39.605637	68.497437	5.3059082
-39.605442	69.141441	5.3156738
-39.604275	72.85984	5.3254395
-39.602779	67.839493	5.3352051
-39.60128	68.826836	5.3449707
-39.600883	66.239403	5.3547363
-39.599586	67.883781	5.364502
-39.599373	72.863861	5.3742676
-39.598377	75.746696	5.3840332
-39.597782	74.363586	5.3937988
-39.597744	69.158974	5.4035645
-39.597092	67.16803	5.4133301
-39.596516	72.745651	5.4230957
-39.595085	76.040451	5.4328613
-39.593437	78.33857	5.442627
-39.593098	77.057503	5.4523926
-39.592243	74.606651	5.4621582
-39.592937	73.390213	5.4719238
-39.591515	70.269691	5.4816895
-39.589508	76.763245	5.4914551
-39.589706	81.604019	5.5012207
-39.5877	80.381462	5.5109863
-39.58762	77.790245	5.520752
-39.587681	74.264725	5.5305176
-39.585167	74.438148	5.5402832
-39.585354	80.314301	5.5500488
-39.585693	83.55027	5.5598145
-39.582867	83.563782	5.5695801
-39.581543	81.922165	5.5793457
-39.581921	78.892754	5.5891113
-39.581245	77.047935	5.598877
-39.579861	81.154732	5.6086426
-39.579266	83.214088	5.6184082
-39.578636	88.102585	5.6281738
-39.577675	85.866898	5.6379395
-39.575829	80.835106	5.6477051
-39.575375	82.089233	5.6574707
-39.574097	82.976578	5.6672363
-39.57452	87.054947	5.677002
-39.574203	87.191696	5.6867676
-39.573685	88.881905	5.6965332
-39.571072	88.865257	5.7062988
-39.571941	84.347954	5.7160645
-39.569309	85.326454	5.7258301
-39.570095	86.398666	5.7355957
-39.568176	90.468681	5.7453613
-39.567657	93.74781	5.755127
-39.566326	87.919411	5.7648926
-39.566917	88.479362	5.7746582
-39.565495	89.162056	5.7844238
-39.564407	88.583412	5.7941895
-39.564316	92.040207	5.8039551
-39.563274	91.744987	5.8137207
-39.563202	95.904823	5.8234863
-39.561295	95.270432	5.833252
-39.559971	91.401733	5.8430176
-39.559578	89.02565	5.8527832
-39.5583	92.645172	5.8625488
-39.558083	97.652473	5.8723145
-39.556057	97.726204	5.8820801
-39.557053	96.046715	5.8918457
-39.554691	94.735695	5.9016113
-39.554012	95.725067	5.911377
-39.554173	94.528954	5.9211426
-39.553013	95.052414	5.9309082
-39.552402	99.989334	5.9406738
-39.551361	102.35863	5.9504395
-39.55024	100.8455	5.9602051
-39.550133	95.169304	5.9699707
-39.550022	96.208046	5.9797363
-39.548325	100.28448	5.989502
-39.547802	101.92822	5.9992676
-39.547676	107.73186	6.0090332
-39.546268	101.16873	6.0187988
-39.545143	100.84598	6.0285645
-39.543873	99.604744	6.0383301
-39.542515	99.255096	6.0480957
-39.543388	104.85777	6.0578613
-39.541382	108.97546	6.067627
-39.541218	108.43424	6.0773926
-39.539841	102.54229	6.0871582
-39.539539	100.13015	6.0969238
-39.53981	103.81456	6.1066895
-39.537903	106.36575	6.1164551
-39.537186	110.45908	6.1262207
-39.536026	109.56888	6.1359863
-39.535187	107.1021	6.145752
-39.534031	107.8754	6.1555176
-39.533684	104.63451	6.1652832
-39.533562	108.54219	6.1750488
-39.53159	112.04779	6.1848145
-39.532307	114.85927	6.1945801
-39.529976	112.95232	6.2043457
-39.530479	107.24462	6.2141113
-39.52821	107.86045	6.223877
-39.527576	112.63897	6.2336426
-39.526531	114.09232	6.2434082
-39.525955	115.53558	6.2531738
-39.524715	114.36742	6.2629395
-39.524204	113.67273	6.2727051
-39.524967	111.39265	6.2824707
-39.521767	112.40639	6.2922363
-39.522499	114.9471	6.302002
-39.521004	120.5112	6.3117676
-39.521069	118.02799	6.3215332
-39.52095	114.89403	6.3312988
-39.519539	114.40872	6.3410645
-39.518356	114.76653	6.3508301
-39.518108	119.30803	6.3605957
-39.515923	118.42496	6.3703613
-39.515648	121.22673	6.380127
-39.514122	121.91811	6.3898926
-39.514496	118.93363	6.3996582
-39.514488	118.05049	6.4094238
-39.512127	116.86457	6.4191895
-39.511898	121.55287	6.4289551
-39.510975	125.20623	6.4387207
-39.510059	122.2999	6.4484863
-39.509762	123.68181	6.458252
-39.508457	122.34966	6.4680176
-39.50827	121.19427	6.4777832
-39.506584	123.69532	6.4875488
-39.505169	124.22701	6.4973145
-39.505283	128.06239	6.5070801
-39.504154	127.41899	6.5168457
-39.502754	123.46484	6.5266113
-39.502434	124.16161	6.536377
-39.501106	124.99569	6.5461426
-39.502033	129.36447	6.5559082
-39.500198	130.39447	6.5656738
-39.499821	129.52806	6.5754395
-39.498482	129.0542	6.5852051
-39.498486	126.92583	6.5949707
-39.497005	125.43735	6.6047363
-39.495758	127.8321	6.614502
-39.495918	130.14967	6.6242676
-39.495445	137.11247	6.6340332
-39.494934	134.24583	6.6437988
-39.49337	127.9593	6.6535645
-39.492287	129.10631	6.6633301
-39.492043	130.92494	6.6730957
-39.491356	133.5282	6.6828613
-39.489288	137.94736	6.692627
-39.489143	134.61458	6.7023926
-39.487507	134.41299	6.7121582
-39.486965	131.10458	6.7219238
-39.487541	129.87331	6.7316895
-39.48568	134.97342	6.7414551
-39.48447	138.73521	6.7512207
-39.484325	140.89806	6.7609863
-39.483555	137.80917	6.770752
-39.481728	131.73283	6.7805176
-39.481167	135.24864	6.7902832
-39.480999	137.38103	6.8000488
-39.479893	141.50089	6.8098145
-39.479149	141.85503	6.8195801
-39.478775	140.13141	6.8293457
-39.477077	139.84543	6.8391113
-39.475929	135.55426	6.848877
-39.475277	139.03493	6.8586426
-39.474976	142.44701	6.8684082
-39.475166	146.55544	6.8781738
-39.473633	145.28033	6.8879395
-39.47184	140.15245	6.8977051
-39.471935	140.06702	6.9074707
-39.471153	142.51463	6.9172363
-39.469959	143.45909	6.927002
-39.468922	146.27946	6.9367676
-39.468124	146.1163	6.9465332
-39.46772	146.27325	6.9562988
-39.467182	145.22102	6.9660645
-39.465672	144.33798	6.9758301
-39.464886	144.67603	6.9855957
-39.464401	150.86908	6.9953613
-39.463856	150.63586	7.005127
-39.462563	148.7332	7.0148926
-39.461697	146.60204	7.0246582
-39.46217	146.51942	7.0344238
-39.461086	149.74075	7.0441895
-39.460274	149.51276	7.0539551
-39.458382	150.98508	7.0637207
-39.457539	152.80333	7.0734863
-39.457684	151.61908	7.083252
-39.45541	150.50586	7.0930176
-39.455681	146.03793	7.1027832
-39.455204	152.27872	7.1125488
-39.453735	156.47719	7.1223145
-39.454292	153.73927	7.1320801
-39.451534	156.68524	7.1418457
-39.45113	152.27821	7.1516113
-39.449932	153.71248	7.161377
-39.450153	154.59729	7.1711426
-39.449841	153.3933	7.1809082
-39.449318	158.57071	7.1906738
-39.447979	160.83043	7.2004395
-39.446896	158.89182	7.2102051
-39.445328	154.45795	7.2199707
-39.445068	154.757	7.2297363
-39.443058	159.64189	7.239502
-39.443569	160.45564	7.2492676
-39.442207	163.42847	7.2590332
-39.440182	161.43814	7.2687988
-39.440781	159.20372	7.2785645
-39.438522	159.07469	7.2883301
-39.43898	158.1208	7.2980957
-39.437664	161.18719	7.3078613
-39.436695	167.03459	7.317627
-39.436546	167.11987	7.3273926
-39.436653	160.96133	7.3371582
-39.436329	160.13971	7.3469238
-39.434669	161.00102	7.3566895
-39.433884	166.40253	7.3664551
-39.43214	169.35876	7.3762207
-39.430866	166.73097	7.3859863
-39.430786	167.96178	7.395752
-39.430073	164.76532	7.4055176
-39.430588	161.51572	7.4152832
-39.429382	165.96298	7.4250488
-39.427258	169.61729	7.4348145
-39.426666	173.39857	7.4445801
-39.425957	169.78529	7.4543457
-39.425877	164.46896	7.4641113
-39.424442	166.31537	7.473877
-39.423912	167.00586	7.4836426
-39.423641	173.35966	7.4934082
-39.42165	172.66292	7.5031738
-39.421394	171.91006	7.5129395
-39.420444	172.58423	7.5227051
-39.419437	167.42513	7.5324707
-39.419643	169.88127	7.5422363
-39.418621	172.42526	7.552002
-39.417442	177.85258	7.5617676
-39.416267	178.09373	7.5715332
-39.415623	171.95734	7.5812988
-39.414482	171.76082	7.5910645
-39.414349	173.94144	7.6008301
-39.413242	174.80338	7.6105957
-39.412758	177.0954	7.6203613
-39.412632	177.45332	7.630127
-39.409981	178.78078	7.6398926
-39.410633	176.38734	7.6496582
-39.409706	174.11232	7.6594238
-39.409771	174.06221	7.6691895
-39.40712	180.89355	7.6789551
-39.407848	181.93263	7.6887207
-39.406178	179.90202	7.6984863
-39.405319	179.74794	7.708252
-39.403896	179.48766	7.7180176
-39.404182	180.1138	7.7277832
-39.402012	179.72853	7.7375488
-39.402058	182.22675	7.7473145
-39.402462	185.08946	7.7570801
-39.400772	185.55666	7.7668457
-39.399509	182.68933	7.7766113
-39.397968	179.06374	7.786377
-39.398018	180.92496	7.7961426
-39.397785	185.31029	7.8059082
-39.395599	185.28548	7.8156738
-39.395901	188.49863	7.8254395
-39.394352	184.59866	7.8352051
-39.393871	184.60884	7.8449707
-39.393551	182.46301	7.8547363
-39.391552	182.74619	7.864502
-39.391209	190.62321	7.8742676
-39.390381	191.03221	7.8840332
-39.389751	190.74475	7.8937988
-39.38903	186.61182	7.9035645
-39.38855	183.62566	7.9133301
-39.387749	189.59142	7.9230957
-39.386627	189.8308	7.9328613
-39.38522	193.46228	7.942627
-39.384682	193.50183	7.9523926
-39.38467	191.70398	7.9621582
-39.383331	189.56096	7.9719238
-39.38089	187.46866	7.9816895
-39.382336	193.11804	7.9914551
-39.38134	197.11754	8.0012207
-39.380051	197.56285	8.0109863
-39.378868	193.0024	8.020752
-39.378387	189.93661	8.0305176
-39.378006	191.88339	8.0402832
-39.377068	195.65971	8.0500488
-39.376217	198.35175	8.0598145
-39.375641	198.29961	8.0695801
-39.374729	198.65764	8.0793457
-39.373516	196.27559	8.0891113
-39.37228	193.09465	8.098877
-39.370884	195.73898	8.1086426
-39.370659	199.13696	8.1184082
-39.370617	203.94331	8.1281738
-39.36916	201.10484	8.1379395
-39.369061	196.13606	8.1477051
-39.368027	195.87947	8.1574707
-39.365841	198.92737	8.1672363
-39.36533	202.69116	8.177002
-39.365116	202.22667	8.1867676
-39.365856	203.96405	8.1965332
-39.364098	204.9304	8.2062988
-39.363419	198.74747	8.2160645
-39.362511	200.38512	8.2258301
-39.361633	199.5293	8.2355957
-39.359886	205.8705	8.2453613
-39.359684	208.41203	8.255127
-39.360088	202.39862	8.2648926
-39.358192	205.64299	8.2746582
-39.35677	204.09126	8.2844238
-39.356201	206.94112	8.2941895
-39.355373	205.97971	8.3039551
-39.355396	207.62071	8.3137207
-39.35387	211.42764	8.3234863
-39.352558	209.32695	8.333252
-39.352325	205.54117	8.3430176
-39.352196	206.19676	8.3527832
-39.350544	208.28757	8.3625488
-39.350376	212.69255	8.3723145
-39.349262	212.04033	8.3820801
-39.347496	211.40472	8.3918457
-39.347588	210.07106	8.4016113
-39.346046	209.52309	8.411377
-39.345951	206.92828	8.4211426
-39.344566	210.99695	8.4309082
-39.34457	213.80054	8.4406738
-39.343246	216.72032	8.4504395
-39.341507	214.87344	8.4602051
-39.34166	208.25128	8.4699707
-39.340729	212.01003	8.4797363
-39.340324	213.8376	8.489502
-39.339729	217.17302	8.4992676
-39.338879	220.81635	8.5090332
-39.3382	218.97662	8.5187988
-39.336842	216.8047	8.5285645
-39.335636	214.19817	8.5383301
-39.335823	213.18729	8.5480957
-39.334957	220.8645	8.5578613
-39.333916	222.16498	8.567627
-39.332565	224.01347	8.5773926
-39.330555	218.26059	8.5871582
-39.330784	214.35612	8.5969238
-39.330624	218.34572	8.6066895
-39.329422	219.72824	8.6164551
-39.328636	225.32373	8.6262207
-39.327377	223.68584	8.6359863
-39.326981	223.00183	8.645752
-39.32708	221.96437	8.6555176
-39.325546	216.43977	8.6652832
-39.32436	223.24899	8.6750488
-39.324013	227.01888	8.6848145
-39.323303	228.07904	8.6945801
-39.322403	226.11137	8.7043457
-39.321507	219.90146	8.7141113
-39.320507	221.81668	8.723877
-39.31879	227.28622	8.7336426
-39.318275	228.3679	8.7434082
-39.31773	229.76814	8.7531738
-39.317276	229.24881	8.7629395
-39.316818	227.70644	8.7727051
-39.316181	223.88083	8.7824707
-39.315346	226.06784	8.7922363
-39.314373	228.45724	8.802002
-39.313343	233.11981	8.8117676
-39.312336	230.50937	8.8215332
-39.310547	229.18643	8.8312988
-39.311443	228.42766	8.8410645
-39.310123	229.1693	8.8508301
-39.308895	231.3598	8.8605957
-39.308376	231.3582	8.8703613
-39.30727	234.54868	8.880127
-39.307171	236.4303	8.8898926
-39.304939	232.15164	8.8996582
-39.305515	231.91966	8.9094238
-39.304367	229.25475	8.9191895
-39.303108	235.64307	8.9289551
-39.303413	239.96283	8.9387207
-39.302067	235.55777	8.9484863
-39.301056	235.94238	8.958252
-39.299908	234.49667	8.9680176
-39.299225	235.10262	8.9777832
-39.298908	236.47333	8.9875488
-39.297096	237.2312	8.9973145
-39.296169	241.23996	9.0070801
-39.294914	240.9709	9.0168457
-39.295902	237.96515	9.0266113
-39.295185	236.17146	9.036377
-39.294174	235.97511	9.0461426
-39.293549	242.22847	9.0559082
-39.292236	241.83517	9.0656738
-39.291618	244.45123	9.0754395
-39.289742	242.57408	9.0852051
-39.289703	240.2924	9.0949707
-39.288021	240.56766	9.1047363
-39.287586	241.19945	9.114502
-39.28751	244.82315	9.1242676
-39.286583	248.17801	9.1340332
-39.285816	247.43788	9.1437988
-39.284916	239.82246	9.1535645
-39.284546	239.6442	9.1633301
-39.282253	243.8347	9.1730957
-39.28215	246.43039	9.1828613
-39.281811	250.25591	9.192627
-39.281487	247.78697	9.2023926
-39.279942	247.29239	9.2121582
-39.278938	244.08394	9.2219238
-39.278931	243.64133	9.2316895
-39.27737	247.40378	9.2414551
-39.276787	251.42842	9.2512207
-39.275536	253.466	9.2609863
-39.274265	249.132	9.270752
-39.274021	244.37601	9.2805176
-39.274677	246.85518	9.2902832
-39.273151	249.18938	9.3000488
-39.271988	253.7834	9.3098145
-39.271465	253.89388	9.3195801
-39.269966	251.81532	9.3293457
-39.269222	251.89313	9.3391113
-39.267975	247.19133	9.348877
-39.26836	251.26714	9.3586426
-39.267151	256.4259	9.3684082
-39.264999	257.18341	9.3781738
-39.265736	257.30765	9.3879395
-39.264942	250.93266	9.3977051
-39.263939	250.5284	9.4074707
-39.263588	254.45786	9.4172363
-39.262367	255.16719	9.427002
-39.260941	257.04147	9.4367676
-39.259613	257.7587	9.4465332
-39.259666	258.0033	9.4562988
-39.258801	254.86067	9.4660645
-39.257969	253.47707	9.4758301
-39.256668	255.80603	9.4855957
-39.256119	260.66269	9.4953613
-39.254414	260.8382	9.505127
-39.25528	258.99017	9.5148926
-39.254719	258.22772	9.5246582
-39.253868	258.56256	9.5344238
-39.252247	259.70776	9.5441895
-39.251247	259.73361	9.5539551
-39.251621	262.59891	9.5637207
-39.249844	265.24738	9.5734863
-39.2491	261.6521	9.583252
-39.247948	261.1098	9.5930176
-39.246811	257.71054	9.6027832
-39.245781	262.9147	9.6125488
-39.246204	265.8558	9.6223145
-39.244884	266.31415	9.6320801
-39.244057	267.02393	9.6418457
-39.243401	263.66986	9.6516113
-39.241913	264.33585	9.661377
-39.240738	263.31174	9.6711426
-39.241383	263.8609	9.6809082
-39.240284	269.05145	9.6906738
-39.239632	270.12262	9.7004395
-39.238369	267.46304	9.7102051
-39.236397	263.96545	9.7199707
-39.23748	262.59583	9.7297363
-39.237171	270.13498	9.739502
-39.235573	271.23297	9.7492676
-39.23381	274.13208	9.7590332
-39.233742	272.5423	9.7687988
-39.233116	268.32724	9.7785645
-39.232754	268.45837	9.7883301
-39.231361	267.746	9.7980957
-39.230057	271.61285	9.8078613
-39.229374	276.88623	9.817627
-39.22871	275.38934	9.8273926
-39.227131	270.8591	9.8371582
-39.225777	267.4657	9.8469238
-39.226822	271.17429	9.8566895
-39.225742	273.89767	9.8664551
-39.224335	278.14505	9.8762207
-39.223461	275.71252	9.8859863
-39.222599	277.20581	9.895752
-39.221638	272.11197	9.9055176
-39.222221	271.40689	9.9152832
-39.221416	274.8277	9.9250488
-39.22047	279.91043	9.9348145
-39.218365	284.94992	9.9445801
-39.21883	278.3479	9.9543457
-39.215797	273.56052	9.9641113
-39.216087	275.63962	9.973877
-39.215755	277.45407	9.9836426
-39.214146	282.32779	9.9934082
-39.212666	281.58698	10.003174
-39.212292	282.51071	10.012939
-39.212631	280.88657	10.022705
-39.212017	274.10983	10.032471
-39.21143	279.60562	10.042236
-39.209526	281.29669	10.052002
-39.208855	285.7648	10.061768
-39.209293	285.18668	10.071533
-39.20784	280.34305	10.081299
-39.206566	281.62918	10.091064
-39.20541	281.97122	10.10083
-39.204144	283.08038	10.110596
-39.204372	285.92422	10.120361
-39.203259	286.3443	10.130127
-39.202896	287.71133	10.139893
-39.20113	285.51932	10.149658
-39.201256	282.0383	10.159424
-39.200356	282.06564	10.169189
-39.199665	287.1998	10.178955
-39.196964	291.16196	10.188721
-39.198563	287.82773	10.198486
-39.196285	287.15274	10.208252
-39.195274	286.65967	10.218018
-39.194424	288.30389	10.227783
-39.19463	286.25479	10.237549
-39.19397	288.53409	10.247314
-39.193272	291.8107	10.25708
-39.191544	293.60809	10.266846
-39.191326	289.80246	10.276611
-39.190826	284.9581	10.286377
-39.189846	289.30649	10.296143
-39.187756	292.24539	10.305908
-39.188408	292.33871	10.315674
-39.187023	296.42328	10.325439
-39.186241	292.18848	10.335205
-39.185608	292.20956	10.344971
-39.184963	291.32428	10.354736
-39.184326	290.73874	10.364502
-39.182343	297.46567	10.374268
-39.183079	298.27402	10.384033
-39.181019	298.74225	10.393799
-39.180866	291.87851	10.403564
-39.179436	290.76413	10.41333
-39.180058	296.73734	10.423096
-39.179008	296.83939	10.432861
-39.178898	302.33768	10.442627
-39.177052	298.99713	10.452393
-39.175797	297.99448	10.462158
-39.175758	294.81845	10.471924
-39.17384	291.53787	10.481689
-39.172127	299.15457	10.491455
-39.173077	304.65793	10.501221
-39.171669	302.40845	10.510986
-39.169807	299.68396	10.520752
-39.170338	294.91653	10.530518
-39.170624	297.14816	10.540283
-39.167477	300.86691	10.550049
-39.167736	303.56934	10.559814
-39.167664	305.89291	10.56958
-39.166779	304.53098	10.579346
-39.16465	300.00623	10.589111
-39.165127	298.06808	10.598877
-39.164581	300.53568	10.608643
-39.163185	304.90268	10.618408
-39.162346	307.40283	10.628174
-39.161213	305.71317	10.637939
-39.16011	302.25919	10.647705
-39.160004	300.85333	10.657471
-39.15934	301.92743	10.667236
-39.157616	306.0686	10.677002
-39.15678	308.28601	10.686768
-39.155735	308.43127	10.696533
-39.154568	308.28268	10.706299
-39.155418	303.2991	10.716064
-39.1539	305.09091	10.72583
-39.152855	306.71054	10.735596
-39.15271	311.79446	10.745361
-39.15255	313.2052	10.755127
-39.150177	309.03159	10.764893
-39.148277	308.87387	10.774658
-39.149738	308.69028	10.784424
-39.147938	308.77933	10.794189
-39.146744	310.66565	10.803955
-39.146236	310.92993	10.813721
-39.14761	313.63177	10.823486
-39.14397	311.8663	10.833252
-39.143639	309.35916	10.843018
-39.143784	310.01926	10.852783
-39.14283	311.16074	10.862549
-39.141968	315.37582	10.872314
-39.1404	313.77557	10.88208
-39.140713	313.70728	10.891846
-39.139305	314.19434	10.901611
-39.13821	312.138	10.911377
-39.138111	313.79126	10.921143
-39.137466	314.64346	10.930908
-39.135708	317.94186	10.940674
-39.13448	319.70044	10.950439
-39.134682	316.26593	10.960205
-39.132748	312.27957	10.969971
-39.133266	314.28467	10.979736
-39.131977	315.87463	10.989502
-39.13279	318.939	10.999268
-39.130184	322.26019	11.009033
-39.129734	318.64072	11.018799
-39.127945	317.08954	11.028564
-39.127914	315.34055	11.03833
-39.126541	315.90469	11.048096
-39.125477	321.5148	11.057861
-39.125065	324.41644	11.067627
-39.123768	325.64349	11.077393
-39.123344	318.61874	11.087158
-39.122917	315.24063	11.096924
-39.123337	319.85422	11.106689
-39.120811	320.00003	11.116455
-39.12085	325.84543	11.126221
-39.119305	324.35892	11.135986
-39.119667	322.61865	11.145752
-39.11834	322.73541	11.155518
-39.115952	316.98828	11.165283
-39.117203	322.853	11.175049
-39.115288	327.37619	11.184814
-39.115002	328.27979	11.19458
-39.114429	325.45407	11.204346
-39.113621	320.54251	11.214111
-39.112812	320.08524	11.223877
-39.110901	326.38107	11.233643
-39.110916	327.41443	11.243408
-39.109375	330.34103	11.253174
-39.108383	329.71204	11.262939
-39.108704	328.24765	11.272705
-39.107765	324.04822	11.282471
-39.106567	325.2901	11.292236
-39.105587	330.38681	11.302002
-39.105423	331.53983	11.311768
-39.103931	333.68591	11.321533
-39.102936	327.40643	11.331299
-39.102661	327.51343	11.341064
-39.102909	328.00854	11.35083
-39.101124	330.08875	11.360596
-39.099422	330.32257	11.370361
-39.098934	334.16989	11.380127
-39.09824	334.22543	11.389893
-39.097721	327.68268	11.399658
-39.097176	329.88943	11.409424
-39.09581	329.36804	11.419189
-39.094734	334.79819	11.428955
-39.093956	337.63803	11.438721
-39.093632	334.10956	11.448486
-39.091496	334.59787	11.458252
-39.091438	332.39566	11.468018
-39.092178	334.26291	11.477783
-39.090538	334.33566	11.487549
-39.088959	335.4985	11.497314
-39.089298	340.1568	11.50708
-39.087528	338.35233	11.516846
-39.087723	335.38745	11.526611
-39.086365	332.1843	11.536377
-39.085339	332.77881	11.546143
-39.084042	339.88214	11.555908
-39.083519	338.5011	11.565674
-39.082901	339.74902	11.575439
-39.082203	339.89334	11.585205
-39.081867	336.17981	11.594971
-39.080196	337.85712	11.604736
-39.081024	336.22507	11.614502
-39.079105	340.77597	11.624268
-39.078297	347.04135	11.634033
-39.077736	342.68146	11.643799
-39.075947	338.1795	11.653564
-39.075562	336.39069	11.66333
-39.074841	339.18396	11.673096
-39.074852	343.52087	11.682861
-39.07317	345.18845	11.692627
-39.072933	343.64883	11.702393
-39.071541	344.05212	11.712158
-39.071323	340.79883	11.721924
-39.07003	338.21875	11.731689
-39.069489	343.8035	11.741455
-39.068974	348.16888	11.751221
-39.066998	351.0459	11.760986
-39.067268	345.26785	11.770752
-39.065712	341.71896	11.780518
-39.06657	344.0737	11.790283
-39.063305	343.35034	11.800049
-39.063145	350.01709	11.809814
-39.063251	349.57529	11.81958
-39.062054	347.80804	11.829346
-39.060787	345.86185	11.839111
-39.061558	340.78165	11.848877
-39.060055	346.5239	11.858643
-39.058365	351.00922	11.868408
-39.05751	353.05942	11.878174
-39.057995	352.10208	11.887939
-39.056194	344.64627	11.897705
-39.055611	345.70706	11.907471
-39.055111	347.88962	11.917236
-39.054218	350.28857	11.927002
-39.053715	352.41629	11.936768
-39.05228	352.74734	11.946533
-39.052124	352.89996	11.956299
-39.050671	348.90903	11.966064
-39.048809	347.08688	11.97583
-39.047993	350.60596	11.985596
-39.048729	354.74289	11.995361
-39.04612	356.19754	12.005127
-39.045883	352.3671	12.014893
-39.045601	350.81271	12.024658
-39.04454	352.01004	12.034424
-39.043617	353.99799	12.044189
-39.043358	353.44504	12.053955
-39.041466	355.65753	12.063721
-39.041595	357.01077	12.073486
-39.040295	355.3812	12.083252
-39.039669	354.65466	12.093018
-39.04039	350.15012	12.102783
-39.03788	354.97092	12.112549
-39.037506	358.41486	12.122314
-39.037022	356.08759	12.13208
-39.036533	357.65326	12.141846
-39.035648	356.12259	12.151611
-39.035015	355.30051	12.161377
-39.034069	355.09088	12.171143
-39.031406	357.13754	12.180908
-39.032528	360.43115	12.190674
-39.031075	362.93118	12.200439
-39.029236	360.54663	12.210205
-39.029068	355.33771	12.219971
-39.027699	355.34167	12.229736
-39.027164	361.28928	12.239502
-39.027317	361.14142	12.249268
-39.027344	363.08884	12.259033
-39.024025	362.73773	12.268799
-39.024193	358.9425	12.278564
-39.023636	358.05911	12.28833
-39.023655	356.70984	12.298096
-39.022461	362.91519	12.307861
-39.022243	367.31039	12.317627
-39.020332	365.34048	12.327393
-39.018772	360.5491	12.337158
-39.018341	358.44434	12.346924
-39.018112	360.40204	12.356689
-39.017956	364.28622	12.366455
-39.01688	368.84348	12.376221
-39.014935	367.60165	12.385986
-39.014172	365.70261	12.395752
-39.014431	361.58521	12.405518
-39.012955	360.85132	12.415283
-39.011303	362.87033	12.425049
-39.011368	369.10669	12.434814
-39.0107	370.67996	12.44458
-39.009712	365.15826	12.454346
-39.008026	362.75537	12.464111
-39.008076	362.94977	12.473877
-39.007717	364.10175	12.483643
-39.005871	370.81403	12.493408
-39.006229	368.24915	12.503174
-39.004829	371.81363	12.512939
-39.003639	368.04187	12.522705
-39.004131	363.96292	12.532471
-39.002068	365.57877	12.542236
-39.001572	368.53015	12.552002
-39.001007	373.7114	12.561768
-39.000324	372.34558	12.571533
-38.999607	367.74051	12.581299
-38.998081	367.12717	12.591064
-38.997276	368.86127	12.60083
-38.997849	372.16699	12.610596
-38.995956	372.66113	12.620361
-38.995689	374.3735	12.630127
-38.994629	374.45834	12.639893
-38.993797	372.72809	12.649658
-38.991779	368.64572	12.659424
-38.99202	371.4523	12.669189
-38.991848	372.64227	12.678955
-38.991203	377.42383	12.688721
-38.989178	375.72333	12.698486
-38.988098	373.27115	12.708252
-38.988335	374.85797	12.718018
-38.987373	372.89645	12.727783
-38.986752	372.16861	12.737549
-38.986271	375.88181	12.747314
-38.983456	379.92422	12.75708
-38.983612	379.40363	12.766846
-38.982952	375.20419	12.776611
-38.982483	370.61469	12.786377
-38.980862	375.97095	12.796143
-38.980419	378.49799	12.805908
-38.980186	377.95001	12.815674
-38.97916	381.15997	12.825439
-38.978703	378.43372	12.835205
-38.977604	376.29126	12.844971
-38.977173	374.50259	12.854736
-38.976166	373.51797	12.864502
-38.973866	382.51373	12.874268
-38.974617	383.95575	12.884033
-38.97298	381.6308	12.893799
-38.972733	376.43646	12.903564
-38.971424	375.06973	12.91333
-38.971771	381.1113	12.923096
-38.970432	381.215	12.932861
-38.968452	386.59738	12.942627
-38.968761	383.6109	12.952393
-38.968117	381.0723	12.962158
-38.966614	378.92297	12.971924
-38.966183	374.05585	12.981689
-38.964619	380.9725	12.991455
-38.964378	386.31311	13.001221
-38.963284	385.02176	13.010986
-38.963051	382.84503	13.020752
-38.962196	378.52066	13.030518
-38.961388	378.65338	13.040283
-38.960224	383.37976	13.050049
-38.959885	386.66672	13.059814
-38.958271	386.89069	13.06958
-38.956551	387.63495	13.079346
-38.956226	383.88104	13.089111
-38.956921	380.20892	13.098877
-38.955345	383.21201	13.108643
-38.954517	389.19205	13.118408
-38.953506	392.30176	13.128174
-38.952408	387.21631	13.137939
-38.952282	383.29199	13.147705
-38.951019	382.6543	13.157471
-38.951138	385.39261	13.167236
-38.948822	388.64459	13.177002
-38.948895	388.82422	13.186768
-38.948536	391.09888	13.196533
-38.947205	389.82196	13.206299
-38.946529	384.33054	13.216064
-38.945663	385.64935	13.22583
-38.944256	385.09518	13.235596
-38.943367	392.45395	13.245361
-38.942539	391.8046	13.255127
-38.941742	388.74243	13.264893
-38.941719	388.71185	13.274658
-38.941216	389.48923	13.284424
-38.939461	387.85046	13.294189
-38.938648	390.06146	13.303955
-38.937149	392.05414	13.313721
-38.936932	395.08859	13.323486
-38.936634	390.78757	13.333252
-38.936043	389.14099	13.343018
-38.935452	388.19989	13.352783
-38.933945	390.67816	13.362549
-38.933445	394.99216	13.372314
-38.932919	393.19525	13.38208
-38.931362	393.41141	13.391846
-38.931335	393.39822	13.401611
-38.929684	390.36826	13.411377
-38.929653	390.36707	13.421143
-38.929047	392.70844	13.430908
-38.927982	397.04425	13.440674
-38.926262	399.20438	13.450439
-38.925747	395.63824	13.460205
-38.925198	392.80002	13.469971
-38.925018	392.64056	13.479736
-38.922493	394.32715	13.489502
-38.921684	396.29395	13.499268
-38.923195	398.72897	13.509033
-38.921036	397.07458	13.518799
-38.920719	395.95233	13.528564
-38.919743	392.65497	13.53833
-38.919369	393.2713	13.548096
-38.918278	398.52637	13.557861
-38.917007	401.53281	13.567627
-38.917305	401.35709	13.577393
-38.914997	396.04092	13.587158
-38.914421	393.33362	13.596924
-38.915298	398.00662	13.606689
-38.91312	397.36722	13.616455
-38.912682	403.03076	13.626221
-38.911716	401.07932	13.635986
-38.910656	400.67496	13.645752
-38.908993	398.26297	13.655518
-38.909813	394.13135	13.665283
-38.907696	399.68292	13.675049
-38.907207	402.70596	13.684814
-38.906006	404.56787	13.69458
-38.906681	402.39661	13.704346
-38.904964	395.92981	13.714111
-38.904419	397.28259	13.723877
-38.90451	399.48328	13.733643
-38.902256	403.68076	13.743408
-38.901421	404.58636	13.753174
-38.900734	403.95615	13.762939
-38.899887	402.10086	13.772705
-38.899212	398.15543	13.782471
-38.898312	400.54453	13.792236
-38.897335	402.8186	13.802002
-38.896641	406.88678	13.811768
-38.895458	405.70239	13.821533
-38.89447	402.56845	13.831299
-38.893845	400.47583	13.841064
-38.892982	402.93597	13.85083
-38.892693	404.70337	13.860596
-38.892998	404.71463	13.870361
-38.890999	406.55374	13.880127
-38.890148	408.17255	13.889893
-38.889618	403.96744	13.899658
-38.888615	403.18393	13.909424
-38.887295	401.44772	13.919189
-38.886398	407.54984	13.928955
-38.88604	410.61481	13.938721
-38.885387	407.13211	13.948486
-38.884663	407.71548	13.958252
-38.883804	405.86548	13.968018
-38.882057	406.24551	13.977783
-38.881748	405.866	13.987549
-38.880737	406.21356	13.997314
-38.880726	412.00266	14.00708
-38.879211	409.96381	14.016846
-38.880268	407.33386	14.026611
-38.87809	404.36914	14.036377
-38.877483	406.23108	14.046143
-38.875862	411.29584	14.055908
-38.874409	411.44067	14.065674
-38.87336	410.42798	14.075439
-38.874084	410.43277	14.085205
-38.872894	407.06839	14.094971
-38.872883	407.07266	14.104736
-38.872749	406.37833	14.114502
-38.870411	411.73743	14.124268
-38.869335	415.73517	14.134033
-38.868061	412.40527	14.143799
-38.867935	407.01477	14.153564
-38.86676	407.23938	14.16333
-38.866165	410.06787	14.173096
-38.865768	412.50821	14.182861
-38.865459	415.29001	14.192627
-38.864006	413.06628	14.202393
-38.862659	412.21494	14.212158
-38.862911	410.13049	14.221924
-38.86232	408.42572	14.231689
-38.860107	414.04605	14.241455
-38.859444	419.7897	14.251221
-38.859608	419.17706	14.260986
-38.857937	412.086	14.270752
-38.858673	409.21725	14.280518
-38.856541	410.56531	14.290283
-38.855553	413.95532	14.300049
-38.855103	417.51816	14.309814
-38.853931	416.6557	14.31958
-38.853943	416.64966	14.329346
-38.851879	414.33182	14.339111
-38.851452	408.823	14.348877
-38.851505	414.26978	14.358643
-38.851166	418.64832	14.368408
-38.849281	420.82013	14.378174
-38.848572	420.40479	14.387939
-38.847446	414.582	14.397705
-38.848454	413.13388	14.407471
-38.846649	414.02142	14.417236
-38.845253	416.71933	14.427002
-38.844433	420.11377	14.436768
-38.843857	419.5336	14.446533
-38.844482	419.99451	14.456299
-38.841385	414.69888	14.466064
-38.841141	414.01852	14.47583
-38.840687	416.71851	14.485596
-38.840122	421.95963	14.495361
-38.839218	421.71259	14.505127
-38.838623	420.04297	14.514893
-38.836765	417.6409	14.524658
-38.836651	416.49268	14.534424
-38.835411	419.76279	14.544189
-38.835445	417.79575	14.553955
-38.83345	421.56552	14.563721
-38.83342	424.69205	14.573486
-38.832451	420.71988	14.583252
-38.832531	417.599	14.593018
-38.830853	416.5509	14.602783
-38.829792	420.39261	14.612549
-38.829258	423.59256	14.622314
-38.828278	421.9137	14.63208
-38.827747	423.36365	14.641846
-38.826672	420.71603	14.651611
-38.825146	420.55765	14.661377
-38.823925	418.96954	14.671143
-38.824738	421.17969	14.680908
-38.823193	425.51837	14.690674
-38.822582	424.98306	14.700439
-38.821575	423.66144	14.710205
-38.821861	417.25156	14.719971
-38.820194	419.62421	14.729736
-38.820499	424.96756	14.739502
-38.817673	422.61481	14.749268
-38.817699	427.14777	14.759033
-38.817986	424.51566	14.768799
-38.816113	422.20255	14.778564
-38.815727	420.31793	14.78833
-38.815025	419.18192	14.798096
-38.814194	424.03867	14.807861
-38.813046	429.83102	14.817627
-38.811703	426.78708	14.827393
-38.810566	424.22839	14.837158
-38.810299	419.92621	14.846924
-38.809601	421.12292	14.856689
-38.808624	426.31577	14.866455
-38.808434	428.70798	14.876221
-38.806656	428.64365	14.885986
-38.8055	427.05093	14.895752
-38.805527	422.3511	14.905518
-38.804615	420.61926	14.915283
-38.804363	423.60959	14.925049
-38.80368	430.06778	14.934814
-38.802628	431.7934	14.94458
-38.800602	426.37167	14.954346
-38.800842	422.94788	14.964111
-38.799454	422.09506	14.973877
-38.79911	425.78876	14.983643
-38.79871	429.66104	14.993408
-38.797604	428.60687	15.003174
-38.796074	430.70453	15.012939
-38.796223	428.78946	15.022705
-38.795155	422.46625	15.032471
-38.794697	425.80225	15.042236
-38.793415	427.04736	15.052002
-38.792366	432.54285	15.061768
-38.791565	432.56781	15.071533
-38.792362	425.69107	15.081299
-38.789799	426.05167	15.091064
-38.790337	425.77045	15.10083
-38.788017	428.52856	15.110596
-38.78828	431.03244	15.120361
-38.787399	432.72696	15.130127
-38.786888	432.90405	15.139893
-38.783947	428.29929	15.149658
-38.783806	427.13138	15.159424
-38.783546	429.47803	15.169189
-38.783165	431.73676	15.178955
-38.782341	433.26752	15.188721
-38.780075	431.42551	15.198486
-38.780766	430.65048	15.208252
-38.779678	430.16013	15.218018
-38.779495	428.70313	15.227783
-38.777523	430.8259	15.237549
-38.777351	431.21426	15.247314
-38.775192	434.16165	15.25708
-38.774902	434.39063	15.266846
-38.773991	432.04044	15.276611
-38.773354	426.23651	15.286377
-38.772823	429.2897	15.296143
-38.772766	433.64893	15.305908
-38.771702	434.01663	15.315674
-38.769989	434.26199	15.325439
-38.76952	433.23318	15.335205
-38.76981	431.39532	15.344971
-38.768051	427.54422	15.354736
-38.767288	430.23544	15.364502
-38.7658	434.79129	15.374268
-38.766788	437.63483	15.384033
-38.765217	438.76642	15.393799
-38.764751	429.34357	15.403564
-38.763344	427.95828	15.41333
-38.762569	433.1015	15.423096
-38.761765	433.76385	15.432861
-38.762051	439.17621	15.442627
-38.76054	436.36859	15.452393
-38.760181	433.17252	15.462158
-38.757656	431.59732	15.471924
-38.756569	428.87701	15.481689
-38.756241	433.67551	15.491455
-38.755554	439.46069	15.501221
-38.754578	438.61328	15.510986
-38.754349	435.388	15.520752
-38.753036	429.8974	15.530518
-38.753777	432.94461	15.540283
-38.752632	434.24741	15.550049
-38.75069	438.20425	15.559814
-38.75008	439.22275	15.56958
-38.750835	438.74103	15.579346
-38.748871	433.78937	15.589111
-38.748169	430.54886	15.598877
-38.747414	434.34024	15.608643
-38.746532	437.38257	15.618408
-38.745209	441.2684	15.628174
-38.745155	438.35715	15.637939
-38.742588	433.5632	15.647705
-38.741756	431.76636	15.657471
-38.741295	436.62335	15.667236
-38.741573	437.99945	15.677002
-38.740391	437.09869	15.686768
-38.7397	441.70898	15.696533
-38.739674	437.05002	15.706299
-38.738659	433.16431	15.716064
-38.737183	434.99496	15.72583
-38.737118	435.09222	15.735596
-38.735596	440.5976	15.745361
-38.734428	441.39899	15.755127
-38.733875	436.27585	15.764893
-38.732704	436.96628	15.774658
-38.732239	435.05334	15.784424
-38.730801	437.03571	15.794189
-38.730877	439.06052	15.803955
-38.730434	438.68185	15.813721
-38.729458	442.80408	15.823486
-38.728527	438.99417	15.833252
-38.727097	436.75769	15.843018
-38.725563	435.41068	15.852783
-38.725536	437.40826	15.862549
-38.724663	442.24515	15.872314
-38.723297	439.9379	15.88208
-38.723999	440.66177	15.891846
-38.721493	439.09872	15.901611
-38.721436	437.72934	15.911377
-38.720795	436.45755	15.921143
-38.722015	437.92807	15.930908
-38.720154	440.81921	15.940674
-38.718311	444.74835	15.950439
-38.717999	438.65329	15.960205
-38.716717	435.9534	15.969971
-38.716141	436.98486	15.979736
-38.715378	439.84702	15.989502
-38.713715	441.33234	15.999268
-38.7132	444.80603	16.009033
-38.712955	440.96866	16.018799
-38.711754	440.02496	16.028564
-38.711464	436.02655	16.03833
-38.710304	435.53177	16.048096
-38.710133	441.65738	16.057861
-38.709011	445.27341	16.067627
-38.707706	446.97549	16.077393
-38.707485	440.25366	16.087158
-38.707298	436.19611	16.096924
-38.70546	439.90125	16.106689
-38.704239	441.47421	16.116455
-38.703743	447.59128	16.126221
-38.703701	445.15048	16.135986
-38.702755	444.19159	16.145752
-38.70179	440.50891	16.155518
-38.700417	435.8754	16.165283
-38.700172	443.10931	16.175049
-38.699451	446.42862	16.184814
-38.698414	447.11847	16.19458
-38.697769	445.45419	16.204346
-38.696297	438.59027	16.214111
-38.695652	439.8063	16.223877
-38.695152	441.82617	16.233643
-38.694199	445.43491	16.243408
-38.69331	446.79956	16.253174
-38.692234	445.20377	16.262939
-38.691566	444.24387	16.272705
-38.691406	439.73276	16.282471
-38.690529	440.42694	16.292236
-38.689224	444.76138	16.302002
-38.68816	447.66974	16.311768
-38.687634	447.10718	16.321533
-38.686714	443.69168	16.331299
-38.685707	440.21341	16.341064
-38.685165	441.80609	16.35083
-38.683903	445.38077	16.360596
-38.682991	444.14404	16.370361
-38.683201	448.40652	16.380127
-38.682011	447.77002	16.389893
-38.680443	443.86118	16.399658
-38.680408	441.80637	16.409424
-38.680454	440.61285	16.419189
-38.678276	445.45221	16.428955
-38.678463	447.992	16.438721
-38.676769	446.091	16.448486
-38.675987	445.54294	16.458252
-38.675499	443.98831	16.468018
-38.674225	444.59787	16.477783
-38.673531	443.47614	16.487549
-38.673645	445.30524	16.497314
-38.671104	451.55148	16.50708
-38.671185	446.85867	16.516846
-38.670288	444.36353	16.526611
-38.669598	440.72723	16.536377
-38.668762	443.38937	16.546143
-38.666943	449.82999	16.555908
-38.667427	446.69199	16.565674
-38.666092	448.85263	16.575439
-38.665428	448.10486	16.585205
-38.664848	443.61301	16.594971
-38.664482	442.7988	16.604736
-38.664543	442.39383	16.614502
-38.661156	449.2157	16.624268
-38.661999	451.08478	16.634033
-38.661243	448.28848	16.643799
-38.658928	444.63788	16.653564
-38.659164	441.82245	16.66333
-38.658836	446.1384	16.673096
-38.657673	447.16754	16.682861
-38.656193	450.72791	16.692627
-38.655323	450.2081	16.702393
-38.655064	446.81772	16.712158
-38.654308	443.61487	16.721924
-38.653072	441.50055	16.731689
-38.653027	446.10037	16.741455
-38.651119	449.90091	16.751221
-38.651524	451.67081	16.760986
-38.650558	445.62927	16.770752
-38.648903	442.84174	16.780518
-38.648834	443.43912	16.790283
-38.648159	445.48199	16.800049
-38.647511	450.3342	16.809814
-38.646423	449.71143	16.81958
-38.645615	449.72104	16.829346
-38.644619	447.34317	16.839111
-38.643715	441.19339	16.848877
-38.641895	445.90076	16.858643
-38.642479	448.22833	16.868408
-38.641781	452.72125	16.878174
-38.639839	451.37683	16.887939
-38.640011	443.76956	16.897705
-38.639328	444.56461	16.907471
-38.638062	445.94635	16.917236
-38.637589	447.9816	16.927002
-38.636761	450.58389	16.936768
-38.635391	449.2995	16.946533
-38.634789	451.33496	16.956299
-38.634949	444.18332	16.966064
-38.632641	444.50571	16.97583
-38.631836	448.26151	16.985596
-38.631493	450.29398	16.995361
-38.629566	451.94598	17.005127
-38.630852	447.45374	17.014893
-38.628551	445.40674	17.024658
-38.628189	446.89719	17.034424
-38.628174	446.31494	17.044189
-38.627243	448.53705	17.053955
-38.625942	450.92279	17.063721
-38.624249	450.66501	17.073486
-38.623882	449.84875	17.083252
-38.623753	446.38425	17.093018
-38.623367	444.07819	17.102783
-38.621212	448.22601	17.112549
-38.620712	450.87	17.122314
-38.620892	449.65149	17.13208
-38.619652	450.46561	17.141846
-38.617016	447.86069	17.151611
-38.617218	447.8913	17.161377
-38.61742	445.52423	17.171143
-38.616096	446.02463	17.180908
-38.615635	452.56091	17.190674
-38.615032	452.19046	17.200439
-38.613129	450.45065	17.210205
-38.61261	445.66461	17.219971
-38.612034	446.80923	17.229736
-38.611015	450.40863	17.239502
-38.609955	449.11816	17.249268
-38.609379	453.15433	17.259033
-38.608681	450.76321	17.268799
-38.608124	448.20996	17.278564
-38.6077	444.60165	17.28833
-38.605629	445.44861	17.298096
-38.605553	450.13013	17.307861
-38.605137	453.55231	17.317627
-38.603291	451.09735	17.327393
-38.602974	446.20306	17.337158
-38.602814	441.99738	17.346924
-38.601353	445.30298	17.356689
-38.60004	449.8963	17.366455
-38.60038	451.20151	17.376221
-38.598957	450.81387	17.385986
-38.598469	451.13135	17.395752
-38.597885	446.53259	17.405518
-38.596062	443.00745	17.415283
-38.5966	446.70755	17.425049
-38.595303	452.49203	17.434814
-38.593521	454.56473	17.44458
-38.593468	449.23636	17.454346
-38.592117	445.38962	17.464111
-38.592148	444.43372	17.473877
-38.590855	447.53479	17.483643
-38.590118	452.3952	17.493408
-38.589767	450.67661	17.503174
-38.588367	452.82993	17.512939
-38.587215	449.38367	17.522705
-38.587509	443.80807	17.532471
-38.586487	445.93161	17.542236
-38.585506	448.7287	17.552002
-38.583874	454.74054	17.561768
-38.584404	454.17081	17.571533
-38.583553	447.3819	17.581299
-38.582321	445.69839	17.591064
-38.57943	447.97476	17.60083
-38.581306	447.72473	17.610596
-38.57991	450.20364	17.620361
-38.579372	450.44458	17.630127
-38.57877	452.72083	17.639893
-38.576469	446.56659	17.649658
-38.575623	445.245	17.659424
-38.574802	447.1608	17.669189
-38.574726	451.09348	17.678955
-38.57402	452.63965	17.688721
-38.572842	450.61703	17.698486
-38.572899	448.63394	17.708252
-38.571239	448.19836	17.718018
-38.570171	446.92059	17.727783
-38.568958	447.09531	17.737549
-38.56863	449.8035	17.747314
-38.568367	451.52017	17.75708
-38.567932	453.05374	17.766846
-38.566299	448.78409	17.776611
-38.565884	443.69492	17.786377
-38.565556	446.55325	17.796143
-38.563446	449.49341	17.805908
-38.563515	451.10336	17.815674
-38.562252	452.35175	17.825439
-38.561218	449.88361	17.835205
-38.560749	448.05582	17.844971
-38.559132	444.63074	17.854736
-38.558403	446.04639	17.864502
-38.558231	451.79727	17.874268
-38.557613	452.40552	17.884033
-38.557343	452.42908	17.893799
-38.556561	444.66647	17.903564
-38.555763	444.40579	17.91333
-38.553883	448.5976	17.923096
-38.55386	449.38559	17.932861
-38.552574	454.71725	17.942627
-38.55162	449.72031	17.952393
-38.551094	449.51324	17.962158
-38.550385	447.66147	17.971924
-38.549637	441.2124	17.981689
-38.548672	450.70389	17.991455
-38.548553	452.89832	18.001221
-38.546146	452.71207	18.010986
-38.546589	447.68707	18.020752
-38.543949	443.05353	18.030518
-38.545052	445.70135	18.040283
-38.543308	447.46664	18.050049
-38.542713	450.49045	18.059814
-38.542366	453.42181	18.06958
-38.54179	451.07898	18.079346
-38.539993	445.95789	18.089111
-38.540306	442.84818	18.098877
-38.537491	443.15454	18.108643
-38.537411	451.33441	18.118408
-38.53722	452.03088	18.128174
-38.537506	450.30728	18.137939
-38.535629	445.62912	18.147705
-38.535057	442.72681	18.157471
-38.534538	446.3024	18.167236
-38.533073	448.79333	18.177002
-38.531849	450.38788	18.186768
-38.531242	449.69897	18.196533
-38.530102	449.8078	18.206299
-38.528656	443.65372	18.216064
-38.529411	445.96582	18.22583
-38.52737	446.00052	18.235596
-38.527271	451.88815	18.245361
-38.525581	452.24234	18.255127
-38.526196	446.88425	18.264893
-38.524391	447.17181	18.274658
-38.523502	444.75189	18.284424
-38.524193	447.74579	18.294189
-38.522903	446.43121	18.303955
-38.521755	448.5976	18.313721
-38.521099	452.71774	18.323486
-38.519428	447.7139	18.333252
-38.518982	447.62726	18.343018
-38.518456	444.59314	18.352783
-38.517776	446.81232	18.362549
-38.516926	451.59323	18.372314
-38.51437	448.83032	18.38208
-38.515686	449.65576	18.391846
-38.514626	449.2262	18.401611
-38.513596	443.97836	18.411377
-38.513481	444.68549	18.421143
-38.512108	444.98334	18.430908
-38.510986	452.57303	18.440674
-38.50927	451.60248	18.450439
-38.509853	448.16898	18.460205
-38.508427	442.16159	18.469971
-38.507408	444.64349	18.479736
-38.5079	446.96844	18.489502
-38.505989	449.74762	18.499268
-38.506081	451.04697	18.509033
-38.504395	448.20074	18.518799
-38.502899	447.00531	18.528564
-38.502705	443.02686	18.53833
-38.503014	444.96686	18.548096
-38.501377	447.47885	18.557861
-38.500278	451.26331	18.567627
-38.500652	451.44492	18.577393
-38.499729	443.63644	18.587158
-38.498627	442.4429	18.596924
-38.496643	443.56305	18.606689
-38.49728	446.45502	18.616455
-38.495567	450.89407	18.626221
-38.495125	448.13953	18.635986
-38.494255	449.02185	18.645752
-38.492943	445.0936	18.655518
-38.491772	439.65207	18.665283
-38.491608	445.93427	18.675049
-38.49054	448.92599	18.684814
-38.4897	451.39685	18.69458
-38.489132	449.01129	18.704346
-38.487972	440.39343	18.714111
-38.487167	444.65942	18.723877
-38.486568	445.09665	18.733643
-38.485985	447.44324	18.743408
-38.484764	449.63138	18.753174
-38.484222	448.72937	18.762939
-38.483616	446.19321	18.772705
-38.482334	441.91782	18.782471
-38.480728	441.17828	18.792236
-38.481308	446.55673	18.802002
-38.479954	449.42026	18.811768
-38.479401	450.15768	18.821533
-38.479626	445.44693	18.831299
-38.477028	442.45331	18.841064
-38.475784	443.77182	18.85083
-38.475407	444.22321	18.860596
-38.475742	444.81717	18.870361
-38.474941	449.18073	18.880127
-38.474232	447.7681	18.889893
-38.472446	445.19397	18.899658
-38.471935	442.49338	18.909424
-38.471451	441.82932	18.919189
-38.470352	446.78149	18.928955
-38.469162	447.50992	18.938721
-38.468613	445.03284	18.948486
-38.468994	445.45316	18.958252
-38.467915	441.07675	18.968018
-38.46632	443.31549	18.977783
-38.465244	443.19388	18.987549
-38.465252	445.06262	18.997314
-38.463913	449.89001	19.00708
-38.463558	446.96872	19.016846
-38.462288	443.61792	19.026611
-38.461895	438.85052	19.036377
-38.459671	442.18127	19.046143
-38.460827	448.46674	19.055908
-38.459351	445.19312	19.065674
-38.458214	449.46173	19.075439
-38.457249	444.62903	19.085205
-38.457668	443.72687	19.094971
-38.455597	440.94153	19.104736
-38.454834	439.5769	19.114502
-38.454323	447.06998	19.124268
-38.452389	449.52209	19.134033
-38.453033	446.46976	19.143799
-38.450432	441.9903	19.153564
-38.45063	438.58044	19.16333
-38.449539	443.79703	19.173096
-38.449337	445.16852	19.182861
-38.448055	447.66946	19.192627
-38.447632	447.48605	19.202393
-38.446846	444.91675	19.212158
-38.446236	440.99893	19.221924
-38.445141	439.4689	19.231689
-38.44326	443.44714	19.241455
-38.443642	448.2157	19.251221
-38.441895	448.73853	19.260986
-38.442402	443.46228	19.270752
-38.440125	440.90961	19.280518
-38.440418	440.22406	19.290283
-38.438602	442.73511	19.300049
-38.438847	446.98404	19.309814
-38.437717	446.00446	19.31958
-38.436497	446.13904	19.329346
-38.435677	442.66864	19.339111
-38.435692	436.71338	19.348877
-38.435661	441.47977	19.358643
-38.433994	445.20038	19.368408
-38.432022	449.62503	19.378174
-38.432346	444.67551	19.387939
-38.430927	437.77744	19.397705
-38.430412	440.92514	19.407471
-38.428719	439.87766	19.417236
-38.428333	443.69217	19.427002
-38.428753	444.72415	19.436768
-38.427399	445.26285	19.446533
-38.426926	444.82864	19.456299
-38.425968	439.49625	19.466064
-38.425308	440.16843	19.47583
-38.423183	440.89804	19.485596
-38.423439	445.36346	19.495361
-38.421864	446.59753	19.505127
-38.42094	442.16342	19.514893
-38.421127	440.64468	19.524658
-38.420448	441.20477	19.534424
-38.418579	440.89386	19.544189
-38.41856	442.06143	19.553955
-38.41832	444.66776	19.563721
-38.415352	446.84943	19.573486
-38.415798	444.89032	19.583252
-38.415413	439.90094	19.593018
-38.414124	437.33569	19.602783
-38.413021	443.15225	19.612549
-38.412022	444.06644	19.622314
-38.411804	444.60217	19.63208
-38.410912	444.22397	19.641846
-38.410351	440.39929	19.651611
-38.408585	442.16287	19.661377
-38.408329	438.5976	19.671143
-38.408092	439.86588	19.680908
-38.406864	444.2359	19.690674
-38.406193	444.60898	19.700439
-38.404381	443.49802	19.710205
-38.405357	436.36319	19.719971
-38.403168	437.20883	19.729736
-38.403069	442.0979	19.739502
-38.402622	440.12701	19.749268
-38.400589	445.88025	19.759033
-38.40099	441.15765	19.768799
-38.399361	438.8811	19.778564
-38.398842	438.00461	19.78833
-38.398972	435.39151	19.798096
-38.396938	441.81284	19.807861
-38.396317	445.59546	19.817627
-38.396893	442.68729	19.827393
-38.395294	438.14511	19.837158
-38.39452	435.05231	19.846924
-38.392708	438.85455	19.856689
-38.392628	440.92749	19.866455
-38.390991	443.95474	19.876221
-38.390091	444.76767	19.885986
-38.389351	440.84274	19.895752
-38.389767	437.35611	19.905518
-38.387199	434.53568	19.915283
-38.387768	438.17551	19.925049
-38.385441	444.51602	19.934814
-38.386993	445.36661	19.94458
-38.385136	442.1282	19.954346
-38.384182	437.49091	19.964111
-38.382931	435.11581	19.973877
-38.382904	439.09338	19.983643
-38.381226	441.86914	19.993408
-38.380623	442.36679	20.003174
-38.380783	443.09769	20.012939


Data Header:			0.254_hd_dimension_typeiv_090_r0			Time:	27.570801	s	4/14/2019 12:34:33 AM
Data Acquisition:	Timed
Station Name:	ft40.cfg
Test File Name:	monotonic_0.2540_typeiv_hd_090_dimension.tst
Displacement	Force	Running Time
mm	N	s
-38.380405	441.14966	20.022705
-38.378361	435.87479	20.032471
-38.377979	435.63681	20.042236
-38.376884	439.0087	20.052002
-38.375793	445.10193	20.061768
-38.374702	443.47342	20.071533
-38.375797	436.77814	20.081299
-38.373264	438.84592	20.091064
-38.37376	437.57355	20.10083
-38.37191	439.28922	20.110596
-38.370567	440.35999	20.120361
-38.370171	441.60791	20.130127
-38.369164	443.53979	20.139893
-38.368896	438.26166	20.149658
-38.368706	438.32562	20.159424
-38.366222	438.01443	20.169189
-38.366531	439.34912	20.178955
-38.365849	444.16333	20.188721
-38.363251	439.83807	20.198486
-38.364029	439.08627	20.208252
-38.362228	437.9187	20.218018
-38.362427	436.70963	20.227783
-38.361458	438.27185	20.237549
-38.360687	439.22232	20.247314
-38.359394	441.65228	20.25708
-38.359108	444.59253	20.266846
-38.357574	439.0206	20.276611
-38.356606	436.05472	20.286377
-38.356731	436.03348	20.296143
-38.356106	438.74518	20.305908
-38.353638	441.60416	20.315674
-38.355556	441.75012	20.325439
-38.352428	441.34604	20.335205
-38.35183	436.92578	20.344971
-38.351585	434.75861	20.354736
-38.351578	436.47488	20.364502
-38.349438	440.37518	20.374268
-38.348957	444.08414	20.384033
-38.348415	440.95032	20.393799
-38.347382	435.15744	20.403564
-38.347492	434.49023	20.41333
-38.345737	438.46811	20.423096
-38.345158	438.92911	20.432861
-38.344002	442.89951	20.442627
-38.344837	440.9967	20.452393
-38.343353	437.55261	20.462158
-38.342224	434.94153	20.471924
-38.341797	432.55673	20.481689
-38.340134	438.92627	20.491455
-38.33931	442.37943	20.501221
-38.338028	442.17258	20.510986
-38.337612	437.7894	20.520752
-38.336838	432.96082	20.530518
-38.336582	436.18127	20.540283
-38.33543	436.43283	20.550049
-38.334412	440.22336	20.559814
-38.333992	440.84305	20.56958
-38.333393	440.55466	20.579346
-38.331207	437.25229	20.589111
-38.331146	433.30197	20.598877
-38.330532	434.62384	20.608643
-38.329758	439.77051	20.618408
-38.330193	442.42047	20.628174
-38.327839	440.0322	20.637939
-38.326439	435.09335	20.647705
-38.325382	433.94232	20.657471
-38.324535	436.89822	20.667236
-38.324642	438.43192	20.677002
-38.324184	439.1105	20.686768
-38.32291	442.21945	20.696533
-38.321587	438.98978	20.706299
-38.321491	434.81427	20.716064
-38.32082	434.03162	20.72583
-38.319317	435.34692	20.735596
-38.318096	440.56311	20.745361
-38.318844	439.43558	20.755127
-38.317436	435.35162	20.764893
-38.316532	437.96567	20.774658
-38.31572	434.74496	20.784424
-38.315674	436.05176	20.794189
-38.314629	436.91983	20.803955
-38.313568	438.00452	20.813721
-38.311764	441.25662	20.823486
-38.310795	436.75238	20.833252
-38.31078	436.87488	20.843018
-38.310116	432.0878	20.852783
-38.308762	437.35391	20.862549
-38.309132	440.72028	20.872314
-38.307522	439.28094	20.88208
-38.307327	438.92859	20.891846
-38.306076	437.08823	20.901611
-38.30518	433.42935	20.911377
-38.304272	434.34375	20.921143
-38.305187	434.43842	20.930908
-38.302639	439.40564	20.940674
-38.301205	441.7868	20.950439
-38.301098	437.77359	20.960205
-38.300087	433.24042	20.969971
-38.299633	432.21683	20.979736
-38.297905	437.31454	20.989502
-38.296558	438.50439	20.999268
-38.297447	439.52493	21.009033
-38.296432	438.2926	21.018799
-38.294659	436.82761	21.028564
-38.294319	431.29309	21.03833
-38.294487	431.83875	21.048096
-38.293186	436.5072	21.057861
-38.292118	442.90353	21.067627
-38.290775	440.78568	21.077393
-38.290833	433.53809	21.087158
-38.290504	432.13406	21.096924
-38.287991	433.4809	21.106689
-38.288609	435.25687	21.116455
-38.286961	442.03891	21.126221
-38.286526	437.82773	21.135986
-38.285229	437.28827	21.145752
-38.285095	433.19476	21.155518
-38.284992	429.23315	21.165283
-38.282684	434.96558	21.175049
-38.281696	439.68805	21.184814
-38.281857	442.54382	21.19458
-38.281414	435.90866	21.204346
-38.279552	431.49234	21.214111
-38.278873	433.43005	21.223877
-38.279503	432.73468	21.233643
-38.278416	437.09729	21.243408
-38.276165	438.84903	21.253174
-38.277023	438.45511	21.262939
-38.274948	436.439	21.272705
-38.273643	431.08475	21.282471
-38.273811	433.2337	21.292236
-38.272739	436.36325	21.302002
-38.271984	439.09915	21.311768
-38.271622	438.50586	21.321533
-38.269199	433.25549	21.331299
-38.269279	431.58795	21.341064
-38.268147	433.95438	21.35083
-38.26804	434.78986	21.360596
-38.267159	437.633	21.370361
-38.266396	438.32626	21.380127
-38.265438	436.65234	21.389893
-38.263897	434.75613	21.399658
-38.262733	432.07401	21.409424
-38.261829	431.67548	21.419189
-38.261856	437.38364	21.428955
-38.261173	438.7244	21.438721
-38.260445	436.56366	21.448486
-38.260136	435.86209	21.458252
-38.258556	434.55435	21.468018
-38.258057	435.17886	21.477783
-38.257431	433.87469	21.487549
-38.257256	435.16412	21.497314
-38.255634	439.07373	21.50708
-38.25589	437.00992	21.516846
-38.254311	435.10629	21.526611
-38.25346	429.51089	21.536377
-38.252132	431.79617	21.546143
-38.252483	437.63663	21.555908
-38.251331	436.50717	21.565674
-38.25013	440.23001	21.575439
-38.249081	435.63367	21.585205
-38.247185	433.2941	21.594971
-38.247387	433.09412	21.604736
-38.245193	431.08881	21.614502
-38.245991	437.75351	21.624268
-38.244682	441.05264	21.634033
-38.24472	437.05261	21.643799
-38.242142	432.57605	21.653564
-38.243412	430.90918	21.66333
-38.241825	434.9606	21.673096
-38.242004	435.85687	21.682861
-38.239609	438.83145	21.692627
-38.239079	437.5878	21.702393
-38.238232	435.6427	21.712158
-38.237999	431.74149	21.721924
-38.237404	429.56787	21.731689
-38.235481	433.28345	21.741455
-38.234726	440.02908	21.751221
-38.23407	439.39432	21.760986
-38.233494	435.02762	21.770752
-38.232311	431.88351	21.780518
-38.231979	431.53015	21.790283
-38.230328	433.75488	21.800049
-38.231026	437.81766	21.809814
-38.229019	436.59549	21.81958
-38.229038	437.47153	21.829346
-38.22821	433.45624	21.839111
-38.226879	427.08105	21.848877
-38.226097	431.80557	21.858643
-38.226002	435.59131	21.868408
-38.224358	440.65552	21.878174
-38.224506	436.68576	21.887939
-38.221462	431.22342	21.897705
-38.222729	432.44904	21.907471
-38.220928	429.79028	21.917236
-38.219624	434.20056	21.927002
-38.219383	436.65381	21.936768
-38.218632	435.21609	21.946533
-38.218552	435.86322	21.956299
-38.216911	429.65674	21.966064
-38.215858	431.00439	21.97583
-38.216164	432.43195	21.985596
-38.21497	436.14404	21.995361
-38.213474	436.54541	22.005127
-38.213329	434.42422	22.014893
-38.212826	432.21777	22.024658
-38.212154	431.5878	22.034424
-38.211197	430.96152	22.044189
-38.2094	434.3851	22.053955
-38.209469	435.44565	22.063721
-38.209137	437.05945	22.073486
-38.206505	434.92722	22.083252
-38.206837	430.19196	22.093018
-38.204975	428.98257	22.102783
-38.206375	434.27075	22.112549
-38.204948	435.70349	22.122314
-38.203613	435.49982	22.13208
-38.202015	435.7309	22.141846
-38.202286	431.73419	22.151611
-38.200726	433.20248	22.161377
-38.200493	429.47235	22.171143
-38.19997	432.39468	22.180908
-38.198994	436.42627	22.190674
-38.19828	437.88721	22.200439
-38.197243	433.7944	22.210205
-38.195457	427.45627	22.219971
-38.195412	429.95554	22.229736
-38.19371	434.04468	22.239502
-38.192577	434.20358	22.249268
-38.192471	438.35162	22.259033
-38.192039	434.53217	22.268799
-38.191387	432.70242	22.278564
-38.190651	429.71259	22.28833
-38.189308	427.76855	22.298096
-38.188847	434.68195	22.307861
-38.189281	438.67386	22.317627
-38.186047	436.49585	22.327393
-38.187134	432.97565	22.337158
-38.184902	428.6655	22.346924
-38.183937	432.09348	22.356689
-38.184708	433.82895	22.366455
-38.183334	436.31506	22.376221
-38.181892	437.35892	22.385986
-38.181648	434.36331	22.395752
-38.181576	431.72226	22.405518
-38.178455	426.74997	22.415283
-38.17841	429.85141	22.425049
-38.17841	437.02466	22.434814
-38.177345	437.98203	22.44458
-38.176762	433.27005	22.454346
-38.175098	430.55566	22.464111
-38.175617	429.00833	22.473877
-38.174786	432.41565	22.483643
-38.174061	435.90402	22.493408
-38.172688	434.64417	22.503174
-38.171658	436.36469	22.512939
-38.171997	432.81616	22.522705
-38.170284	427.98737	22.532471
-38.168877	429.30099	22.542236
-38.168537	432.30148	22.552002
-38.167965	437.46536	22.561768
-38.166668	436.68787	22.571533
-38.165585	430.39871	22.581299
-38.164577	430.52029	22.591064
-38.165283	431.95694	22.60083
-38.163769	432.45502	22.610596
-38.16251	433.78006	22.620361
-38.162682	434.49655	22.630127
-38.161449	435.67407	22.639893
-38.160057	430.89279	22.649658
-38.159977	429.56815	22.659424
-38.158012	429.82468	22.669189
-38.157383	433.48648	22.678955
-38.156937	436.25424	22.688721
-38.155949	432.72461	22.698486
-38.155121	432.54938	22.708252
-38.153927	431.75449	22.718018
-38.154167	430.68478	22.727783
-38.152714	432.11258	22.737549
-38.152359	431.65182	22.747314
-38.150894	435.89511	22.75708
-38.150471	436.20901	22.766846
-38.150299	432.39981	22.776611
-38.149334	428.12308	22.786377
-38.14843	429.10599	22.796143
-38.146999	432.81442	22.805908
-38.146652	435.55322	22.815674
-38.14719	435.71051	22.825439
-38.145061	434.56458	22.835205
-38.144402	432.54688	22.844971
-38.143635	427.34262	22.854736
-38.141647	430.04453	22.864502
-38.141518	434.16278	22.874268
-38.140347	438.30469	22.884033
-38.140289	435.60397	22.893799
-38.139809	427.60318	22.903564
-38.138283	428.20361	22.91333
-38.136295	429.90616	22.923096
-38.137043	432.8067	22.932861
-38.136967	438.77258	22.942627
-38.13575	434.41367	22.952393
-38.134022	431.10944	22.962158
-38.133888	430.37668	22.971924
-38.131809	426.30804	22.981689
-38.131657	432.16898	22.991455
-38.13113	435.78326	23.001221
-38.130074	437.07248	23.010986
-38.130577	432.37659	23.020752
-38.128979	426.25598	23.030518
-38.126629	429.86044	23.040283
-38.127125	432.44565	23.050049
-38.126682	433.7489	23.059814
-38.124718	437.05206	23.06958
-38.124027	433.15045	23.079346
-38.124256	431.659	23.089111
-38.123943	426.75467	23.098877
-38.122047	430.22919	23.108643
-38.120358	435.2316	23.118408
-38.12085	436.88016	23.128174
-38.118984	434.61731	23.137939
-38.119122	429.22336	23.147705
-38.119236	427.13229	23.157471
-38.117207	430.77396	23.167236
-38.115753	432.1348	23.177002
-38.115196	433.33252	23.186768
-38.114433	435.42651	23.196533
-38.114361	433.67679	23.206299
-38.112373	430.29382	23.216064
-38.11274	429.44608	23.22583
-38.11237	427.98239	23.235596
-38.110291	435.48376	23.245361
-38.10952	434.41132	23.255127
-38.109619	431.78622	23.264893
-38.108459	429.30017	23.274658
-38.107796	428.54236	23.284424
-38.106308	431.24496	23.294189
-38.104706	430.32513	23.303955
-38.104088	434.51776	23.313721
-38.10368	436.70496	23.323486
-38.103874	431.44241	23.333252
-38.103077	430.20859	23.343018
-38.102215	427.12619	23.352783
-38.100624	430.69638	23.362549
-38.100342	435.91467	23.372314
-38.098896	432.06851	23.38208
-38.09877	434.58545	23.391846
-38.096767	430.84906	23.401611
-38.096603	428.96527	23.411377
-38.096069	430.74448	23.421143
-38.095646	428.20364	23.430908
-38.094296	434.03439	23.440674
-38.093792	436.936	23.450439
-38.092678	431.39554	23.460205
-38.091915	428.6427	23.469971
-38.091446	427.20731	23.479736
-38.090248	431.05359	23.489502
-38.089161	433.69104	23.499268
-38.088707	434.69403	23.509033
-38.087219	433.10104	23.518799
-38.086811	431.07993	23.528564
-38.086372	428.33777	23.53833
-38.086246	428.05963	23.548096
-38.084667	432.63602	23.557861
-38.084469	436.49542	23.567627
-38.08374	436.41473	23.577393
-38.082745	428.71597	23.587158
-38.082294	426.73016	23.596924
-38.080215	428.80264	23.606689
-38.079269	432.12991	23.616455
-38.078674	434.9064	23.626221
-38.078407	433.64801	23.635986
-38.077705	433.12201	23.645752
-38.076118	427.61804	23.655518
-38.075531	425.50803	23.665283
-38.073895	431.57388	23.675049
-38.073578	433.05219	23.684814
-38.073963	436.89496	23.69458
-38.071899	432.42236	23.704346
-38.071198	425.68546	23.714111
-38.071354	429.4137	23.723877
-38.069527	428.52142	23.733643
-38.069801	432.23764	23.743408
-38.068375	431.7403	23.753174
-38.067726	433.32797	23.762939
-38.067451	431.71909	23.772705
-38.064411	425.24203	23.782471
-38.064335	427.52991	23.792236
-38.063942	432.41473	23.802002
-38.063549	434.1601	23.811768
-38.061958	435.54724	23.821533
-38.061806	428.54797	23.831299
-38.060795	427.17703	23.841064
-38.060047	429.04337	23.85083
-38.059597	430.30432	23.860596
-38.058884	429.99146	23.870361
-38.058762	433.91373	23.880127
-38.057335	433.53119	23.889893
-38.056755	429.405	23.899658
-38.056202	426.80258	23.909424
-38.054008	427.32755	23.919189
-38.054146	431.37384	23.928955
-38.052769	431.43881	23.938721
-38.051437	431.94019	23.948486
-38.052307	429.83606	23.958252
-38.049656	427.5101	23.968018
-38.050468	428.22003	23.977783
-38.048832	427.98141	23.987549
-38.047932	430.41031	23.997314
-38.047379	435.58282	24.00708
-38.046749	430.58939	24.016846
-38.045269	429.41663	24.026611
-38.044407	425.38007	24.036377
-38.044113	426.65298	24.046143
-38.04285	432.52682	24.055908
-38.043362	429.91766	24.065674
-38.040119	432.77487	24.075439
-38.04092	429.07727	24.085205
-38.040329	428.07455	24.094971
-38.039219	426.49493	24.104736
-38.037857	426.00644	24.114502
-38.037121	431.26895	24.124268
-38.036884	434.67801	24.134033
-38.035583	431.93005	24.143799
-38.03458	427.94144	24.153564
-38.034782	425.09808	24.16333
-38.03376	428.96765	24.173096
-38.033001	432.45163	24.182861
-38.032104	433.23792	24.192627
-38.031063	431.86136	24.202393
-38.030643	428.39053	24.212158
-38.027939	426.55902	24.221924
-38.028713	424.35019	24.231689
-38.028435	429.22977	24.241455
-38.026035	435.13046	24.251221
-38.0257	433.80356	24.260986
-38.024494	428.91406	24.270752
-38.024933	424.48904	24.280518
-38.023415	424.28656	24.290283
-38.021366	428.69385	24.300049
-38.021248	432.76834	24.309814
-38.020935	430.73743	24.31958
-38.019337	432.04449	24.329346
-38.019131	427.78293	24.339111
-38.018364	423.11481	24.348877
-38.017422	426.26221	24.358643
-38.016796	428.57913	24.368408
-38.016247	433.91876	24.378174
-38.014587	430.65442	24.387939
-38.01495	424.50067	24.397705
-38.013992	425.78168	24.407471
-38.013565	425.70004	24.417236
-38.012913	430.3237	24.427002
-38.011002	430.93063	24.436768
-38.00972	430.01324	24.446533
-38.009968	431.39255	24.456299
-38.008286	424.19617	24.466064
-38.009178	424.77679	24.47583
-38.007061	426.80209	24.485596
-38.006767	431.37149	24.495361
-38.006229	432.52878	24.505127
-38.004234	429.52988	24.514893
-38.003696	424.66809	24.524658
-38.003067	426.9433	24.534424
-38.002476	426.03693	24.544189
-38.001457	428.1106	24.553955
-37.999992	430.25461	24.563721
-37.99968	432.04373	24.573486
-37.99852	431.828	24.583252
-37.997635	425.72995	24.593018
-37.998299	423.68741	24.602783
-37.995956	427.6947	24.612549
-37.995445	431.00778	24.622314
-37.996037	430.44269	24.63208
-37.994389	429.49579	24.641846
-37.994564	425.77457	24.651611
-37.993679	426.86966	24.661377
-37.991199	423.45197	24.671143
-37.990688	427.11377	24.680908
-37.989899	430.58472	24.690674
-37.989918	431.1796	24.700439
-37.989239	429.92093	24.710205
-37.987843	423.99292	24.719971
-37.987896	423.72202	24.729736
-37.986851	428.3364	24.739502
-37.985836	429.44955	24.749268
-37.984543	432.56592	24.759033
-37.984375	429.08884	24.768799
-37.981991	428.00674	24.778564
-37.983063	422.71371	24.78833
-37.980659	421.4577	24.798096
-37.98082	429.24783	24.807861
-37.979622	433.05231	24.817627
-37.978504	431.18707	24.827393
-37.978992	425.93085	24.837158
-37.976551	422.3493	24.846924
-37.976593	423.87836	24.856689
-37.976093	428.52563	24.866455
-37.974216	430.44937	24.876221
-37.973385	430.21411	24.885986
-37.973404	428.05927	24.895752
-37.972469	426.26675	24.905518
-37.971256	421.55289	24.915283
-37.972122	424.65021	24.925049
-37.96991	431.1524	24.934814
-37.969795	431.85605	24.94458
-37.968193	428.07532	24.954346
-37.966988	424.68387	24.964111
-37.966984	422.07565	24.973877
-37.965961	427.40952	24.983643
-37.965294	428.83786	24.993408
-37.964214	427.13824	25.003174
-37.962818	429.4614	25.012939
-37.962715	425.80341	25.022705
-37.961147	422.92059	25.032471
-37.960865	424.18857	25.042236
-37.960461	425.7641	25.052002
-37.959255	431.90625	25.061768
-37.958359	429.08505	25.071533
-37.958328	426.26779	25.081299
-37.95612	423.46082	25.091064
-37.955868	423.7215	25.10083
-37.956039	426.07846	25.110596
-37.953564	425.39227	25.120361
-37.953838	428.82382	25.130127
-37.952484	429.76822	25.139893
-37.951256	423.40756	25.149658
-37.951195	422.95615	25.159424
-37.950768	422.64529	25.169189
-37.949642	426.34137	25.178955
-37.948948	429.09503	25.188721
-37.947903	425.10565	25.198486
-37.946583	424.81534	25.208252
-37.947186	423.37582	25.218018
-37.945232	421.82706	25.227783
-37.945309	424.50552	25.237549
-37.943584	423.78207	25.247314
-37.942017	428.534	25.25708
-37.942009	428.92599	25.266846
-37.941967	422.3847	25.276611
-37.940414	421.36374	25.286377
-37.94051	423.52368	25.296143
-37.93819	425.27975	25.305908
-37.938503	426.46255	25.315674
-37.936832	427.96326	25.325439
-37.936657	425.28412	25.335205
-37.935684	423.78201	25.344971
-37.935249	420.03696	25.354736
-37.93449	421.85687	25.364502
-37.933556	427.33868	25.374268
-37.932934	429.12271	25.384033
-37.931877	427.62439	25.393799
-37.930202	420.55548	25.403564
-37.929935	419.23172	25.41333
-37.929005	422.38074	25.423096
-37.928181	424.9032	25.432861
-37.926964	427.05209	25.442627
-37.925774	425.28436	25.452393
-37.925365	424.0325	25.462158
-37.925446	420.14996	25.471924
-37.924709	417.35358	25.481689
-37.923313	423.64374	25.491455
-37.923279	426.38971	25.501221
-37.923058	427.78812	25.510986
-37.921383	421.6701	25.520752
-37.920383	418.07019	25.530518
-37.920692	418.93503	25.540283
-37.918217	421.2948	25.550049
-37.918221	425.95328	25.559814
-37.916065	425.02228	25.56958
-37.916142	422.1666	25.579346
-37.914555	419.64154	25.589111
-37.914677	415.45746	25.598877
-37.913155	417.97247	25.608643
-37.913406	421.68835	25.618408
-37.912251	424.27463	25.628174
-37.91066	420.492	25.637939
-37.909836	416.0452	25.647705
-37.909569	413.51306	25.657471
-37.910725	416.78781	25.667236
-37.908268	415.78384	25.677002
-37.905975	417.76764	25.686768
-37.907246	415.83008	25.696533
-37.904919	411.80322	25.706299
-37.90538	404.22678	25.716064
-37.903973	395.73474	25.72583
-37.899342	-8.0234118	25.735596
-37.899441	-20.668524	25.745361
-37.899815	-38.871834	25.755127
-37.899288	-47.100834	25.764893
-37.899788	-43.651855	25.774658
-37.89753	-37.685509	25.784424
-37.896458	-42.124607	25.794189
-37.896782	-40.404995	25.803955
-37.895985	-40.19738	25.813721
-37.895172	-35.463402	25.823486
-37.894333	-40.071079	25.833252
-37.894665	-41.536919	25.843018
-37.893284	-45.078053	25.852783
-37.891666	-40.07288	25.862549
-37.892452	-37.446949	25.872314
-37.88929	-39.154518	25.88208
-37.89093	-38.424789	25.891846
-37.88842	-41.216179	25.901611
-37.888954	-43.760201	25.911377
-37.887859	-42.462303	25.921143
-37.886696	-42.102184	25.930908
-37.886044	-36.909367	25.940674
-37.886066	-35.337696	25.950439
-37.883068	-40.160843	25.960205
-37.882603	-43.028862	25.969971
-37.883636	-43.901478	25.979736
-37.880852	-41.480766	25.989502
-37.880939	-38.899864	25.999268
-37.880039	-37.480774	26.009033
-37.879379	-39.733624	26.018799
-37.878178	-40.72356	26.028564
-37.877247	-45.208054	26.03833
-37.874298	-45.241661	26.048096
-37.876015	-41.105278	26.057861
-37.874836	-35.363529	26.067627
-37.874596	-36.505367	26.077393
-37.873734	-43.83651	26.087158
-37.872387	-45.125923	26.096924
-37.872532	-43.05204	26.106689
-37.870441	-39.656837	26.116455
-37.869408	-38.011086	26.126221
-37.870426	-39.426067	26.135986
-37.867928	-38.606842	26.145752
-37.868046	-43.217422	26.155518
-37.867168	-47.360119	26.165283
-37.866497	-41.442341	26.175049
-37.864792	-38.41618	26.184814
-37.864952	-36.211121	26.19458
-37.863525	-38.922073	26.204346
-37.862232	-44.73634	26.214111
-37.861805	-43.698875	26.223877
-37.860847	-43.902168	26.233643
-37.859146	-39.973835	26.243408
-37.860001	-38.383587	26.253174
-37.859577	-38.050938	26.262939
-37.85825	-40.182323	26.272705
-37.856754	-45.355408	26.282471
-37.856953	-44.363049	26.292236
-37.856537	-41.964458	26.302002
-37.855602	-37.071224	26.311768
-37.854202	-35.971661	26.321533
-37.853294	-44.42606	26.331299
-37.852856	-44.706989	26.341064
-37.852654	-41.446629	26.35083
-37.850971	-42.376072	26.360596
-37.848618	-40.560616	26.370361
-37.848419	-39.161976	26.380127
-37.846607	-39.276108	26.389893
-37.847115	-42.517838	26.399658
-37.846279	-44.153706	26.409424
-37.845894	-44.121292	26.419189
-37.844482	-39.504074	26.428955
-37.843964	-38.164059	26.438721
-37.843441	-40.751904	26.448486
-37.842003	-40.753021	26.458252
-37.841625	-43.705067	26.468018
-37.84127	-41.403152	26.477783
-37.840919	-43.404732	26.487549
-37.839069	-41.27803	26.497314
-37.83849	-38.104744	26.50708
-37.838058	-39.114388	26.516846
-37.83625	-40.83099	26.526611
-37.835487	-45.380764	26.536377
-37.835255	-44.219791	26.546143
-37.83411	-38.976559	26.555908
-37.833744	-40.181252	26.565674
-37.833351	-37.594555	26.575439
-37.831646	-41.634277	26.585205
-37.831398	-42.458668	26.594971
-37.830765	-43.647312	26.604736
-37.828312	-46.230541	26.614502
-37.829247	-39.26366	26.624268
-37.828526	-36.734245	26.634033
-37.82708	-39.874092	26.643799
-37.826073	-44.827934	26.653564
-37.825245	-47.031174	26.66333
-37.824547	-42.340889	26.673096
-37.823658	-40.71492	26.682861
-37.821186	-37.120701	26.692627
-37.822495	-38.561787	26.702393
-37.820957	-41.069218	26.712158
-37.820938	-44.045425	26.721924
-37.82016	-44.761086	26.731689
-37.818855	-41.317616	26.741455
-37.819122	-37.545372	26.751221
-37.8172	-35.731102	26.760986
-37.815735	-41.446205	26.770752
-37.815777	-45.475239	26.780518
-37.815514	-44.300102	26.790283
-37.814522	-41.003712	26.800049
-37.813244	-37.726429	26.809814
-37.812119	-37.954494	26.81958
-37.811825	-38.934574	26.829346
-37.809464	-43.474762	26.839111
-37.81102	-46.766266	26.848877
-37.810287	-43.78632	26.858643
-37.808784	-40.394802	26.868408
-37.807549	-36.090073	26.878174
-37.806942	-39.98457	26.887939
-37.806664	-44.842537	26.897705
-37.805317	-45.027905	26.907471
-37.804169	-43.580261	26.917236
-37.804592	-40.144043	26.927002
-37.802723	-38.586533	26.936768
-37.801472	-38.247219	26.946533
-37.801392	-40.839844	26.956299
-37.800041	-45.14901	26.966064
-37.800632	-42.931374	26.97583
-37.798309	-43.446026	26.985596
-37.798157	-40.356472	26.995361
-37.797409	-35.453014	27.005127
-37.796104	-41.840809	27.014893
-37.795216	-42.364185	27.024658
-37.794571	-41.559376	27.034424
-37.794296	-44.577694	27.044189
-37.794159	-41.972054	27.053955
-37.79192	-39.40448	27.063721
-37.791622	-37.696682	27.073486
-37.791206	-38.962891	27.083252
-37.789215	-43.989124	27.093018
-37.787865	-46.60611	27.102783
-37.788136	-40.54018	27.112549
-37.788422	-39.286953	27.122314
-37.786396	-38.916592	27.13208
-37.785038	-38.964142	27.141846
-37.785278	-42.950172	27.151611
-37.784397	-42.257145	27.161377
-37.782837	-44.29953	27.171143
-37.78149	-41.205162	27.180908
-37.782272	-39.592026	27.190674
-37.780655	-37.388443	27.200439
-37.780838	-39.272442	27.210205
-37.778954	-45.727661	27.219971
-37.778526	-44.001366	27.229736
-37.77681	-41.09914	27.239502
-37.776817	-40.665394	27.249268
-37.776031	-36.436859	27.259033
-37.775444	-39.513229	27.268799
-37.774479	-41.45676	27.278564
-37.774075	-43.629299	27.28833
-37.772552	-47.509949	27.298096
-37.771252	-39.812592	27.307861
-37.771847	-36.725857	27.317627
-37.770416	-37.016186	27.327393
-37.76989	-43.596157	27.337158
-37.77013	-47.54277	27.346924
-37.768589	-43.117085	27.356689
-37.767075	-41.272095	27.366455
-37.766403	-37.720608	27.376221
-37.765667	-38.385536	27.385986
-37.764961	-40.400455	27.395752
-37.764263	-43.713074	27.405518
-37.763054	-48.359127	27.415283
-37.762749	-42.744019	27.425049
-37.760639	-38.532108	27.434814
-37.761078	-36.072651	27.44458
-37.759193	-40.001003	27.454346
-37.759071	-44.87904	27.464111
-37.758575	-46.655098	27.473877
-37.757843	-42.121822	27.483643
-37.756901	-39.261806	27.493408
-37.755028	-40.444431	27.503174
-37.75486	-37.259987	27.512939
-37.755116	-40.373436	27.522705
-37.753719	-45.470699	27.532471
-37.752224	-43.891762	27.542236
-37.751568	-42.322041	27.552002
-37.750206	-36.890705	27.561768

